5234580
711834
2601296
874913
2448738
674117
1540654
413340
1390029
404704
1328801
369116
1908834
587291
1525732
518487
1640564
440826
1427311
302552
1431834
369793
1598088
378191
1548326
467882
1426815
335084
1434481
518370
1354734
350798
1316201
439284
1332522
358127
1463784
437682
1348757
363213
1437883
407615
1272694
303509
1362789
383138
1345543
373470
1206958
356487
1305961
333744
1481111
373867
1397874
352308
1449780
419074
1339027
415021
1420276
399561
1320496
429001
1584380
387048
1376325
435716
1422395
383039
1290273
398808
1305338
367232
1299354
416640
1330573
354633
1368589
317839
1379793
365830
1446940
356764
1326133
372525
1235551
372191
1317180
363230
1197211
350798
1271700
351596
1330201
377354
1273630
394639
1193613
303248
1412617
387711
1297662
365317
1622599
463626
1472147
448803
1672236
459587
1519830
545893
1681793
530124
1634483
523762
1690889
474649
1525578
483429
1544136
436655
1398741
408716
1420505
458141
1568063
413154
1504243
453132
1402119
376037
1358515
454880
1859602
459792
1454489
420767
1510418
444921
1793824
443478
1487732
447894
1418978
416057
1892687
477382
1565077
444927
1449011
464540
1437885
449868
1478954
436513
1525090
434535
1806713
428245
1531724
424825
1477375
409791
1374874
445495
1437461
419864
1634926
451073
1386412
454914
1431140
455801
1389889
406226
1997849
481798
1683320
464209
1539165
398699
1425741
375376
1422269
472961
1389576
440202
1435503
438297
1483568
479000
1617490
461862
1511401
482570
1636776
477612
1438586
464448
1469601
437613
1588045
409351
1466732
435432
2179227
525976
1485577
441613
1502671
417752
1381428
429938
1660242
443070
1780942
456752
1733832
482297
1689756
465899
1569341
642759
1823049
639181
1844951
496071
1524915
423165
1403899
425489
1454765
410997
1476879
408439
1510046
425298
1466147
428074
1506880
398696
1486861
482485
1674099
487966
1410728
426632
1326680
403143
1479491
434285
1715827
381517
1483756
452857
1572278
399491
1406860
425066
1455097
428279
1442910
402211
1376663
405739
1372763
407658
1520111
397523
1425476
406609
1821303
359658
1660198
333595
1444102
324763
1687308
359620
1670616
314746
1837460
345481
1785734
337576
1743372
336119
1466125
346832
1827066
331158
1520227
332751
1440138
370862
1397957
264067
1270080
248260
1262313
306726
1434718
323735
1335773
304726
1364605
262212
1450411
369296
1477712
379100
1485298
345541
1384890
306090
1544579
429193
1390238
278431
1288901
402046
1332962
313392
1428810
465483
1547678
346533
1456255
382540
1423409
274381
1325495
390009
1459651
458101
1599470
416075
1504057
421670
1523898
433150
1593296
447122
1682373
493957
1307741
316768
1274230
298536
2286410
427108
1164648
357442
1156157
321032
1239102
304465
1223628
321402
1399535
262592
1284889
338811
1477348
404975
1615479
445983
1543103
438186
1417948
364364
1367772
360523
1947037
446062
1753204
413116
1825097
416849
1548744
388476
1469828
403602
1783296
467016
1699087
451162
1631812
437506
1489122
459011
1478025
464098
1840600
779192
1841436
742961
1668110
789796
1909562
578278
1843650
459390
1647852
452495
1786227
545687
1602270
433200
1669986
463104
1643602
438607
1648118
656810
1728073
456215
1603742
458116
1748556
461645
1638990
454153
1575658
421303
1669414
512298
1671745
453389
1813775
675549
1739989
444682
1758817
462374
1641747
676198
1758242
462655
1579930
437731
1761012
483978
1851672
499399
1739855
674325
1733186
467286
1811150
478953
1724834
516960
1783957
442770
1697369
433455
1893498
666516
1860292
643637
1619193
401087
1580626
411397
1975962
752286
1591105
435891
1624320
464376
1258443
479924
1151351
534155
1366716
570474
1257062
426143
1261872
351795
1208786
372509
1381972
387247
1282238
489320
2178842
729461
2333855
553407
1784991
650955
1862238
471459
1678705
434159
1694615
419419
1628866
417236
1358120
399334
1545824
450078
1538104
518033
1858865
441490
1786501
659492
1786861
449719
1624619
616473
1890183
444259
1598265
470908
1746074
435073
1875720
478153
1858936
445658
1882251
670565
2429335
741786
1882916
713691
2102951
407819
1909010
403618
1634908
434615
1712126
354840
1439647
286951
1841395
296624
1776850
280891
1299612
302744
1622475
365542
1733313
329038
1846426
342606
2441612
515761
1874255
436962
1825610
436034
1893567
560331
1869595
424663
1719699
407146
1727431
408401
1514752
437986
1789397
415041
1517785
423912
1851402
328129
1419128
444542
1927896
330176
1359517
425787
1794062
335494
1329687
403085
1862406
321752
1430137
391232
1746649
364432
1415531
415436
1527023
351803
1878057
462243
1599732
424582
1791840
483744
1570803
602962
1811822
447130
1560283
514194
1564173
497384
1406902
413529
1444535
652480
1530486
586572
1728959
371038
1846409
453997
1807529
435028
1710368
331325
1339666
384471
1678367
330782
1306865
359331
1767719
320316
1325088
352773
1368517
277078
1213775
354149
1906582
364700
2060038
480629
1734143
402836
1774620
422928
1789623
325662
1402032
412653
1739259
317884
1736438
424275
1432977
415173
1827479
429490
1738814
309177
1287692
410906
1589415
312262
1559825
448900
1625498
624798
1661874
585870
1445428
352199
1678029
466139
1786692
427749
1838223
419737
1842441
366292
1382307
441922
1781757
325063
1274768
392980
1297290
330086
1689641
699612
2407934
802023
1944060
683104
2488161
527504
1678245
714375
2216131
718362
2206797
712164
2099958
667268
1765504
480650
1953500
368132
1916699
490644
1819325
582810
1597684
449159
1951871
410589
1772415
454158
1733195
317679
1472550
445222
1837907
292617
1845331
392272
1783817
388180
1794206
468455
1732100
371818
1322950
657045
1723321
578981
1639907
459683
1467905
364579
1739712
486216
1657357
407637
1569667
450480
1760645
420379
1580677
425948
1737705
426841
1775995
480232
1577240
376975
1405255
564601
1888795
431965
1713073
486873
1691536
469377
1783389
456650
1794700
401007
1795526
441367
1785881
440289
2016947
479144
1923152
459722
2063753
469054
2051413
661575
2065057
463040
2028264
668397
1829962
454666
1536033
536726
1917469
615678
1541379
415703
1869227
431421
1967177
427710
1974154
637898
1857516
438793
1614319
467695
1810157
484795
2332216
537147
1899473
562208
1743974
500681
1963936
517955
1921692
505129
1992713
529062
1942129
528175
1840918
502513
1964455
518917
2036059
736090
2019696
566310
2063648
479331
1899656
538776
1911221
615084
1924787
481471
2065053
487727
1877339
617929
1811793
529952
1757764
675931
1814426
470808
1703251
533610
1745722
468688
1913133
539745
1713279
518761
1959320
719149
1910421
497417
1858345
775947
2299673
551432
1668912
491806
2073441
524406
1851656
523877
2069498
525703
1800771
614953
1991618
466497
1722666
492948
1740177
454499
1627388
464706
1716184
414845
1618707
465303
1787507
347263
1558625
412777
1726535
445063
1822888
479147
2061292
483788
1646126
493250
1825594
525871
1654978
476700
1982382
421069
1562627
495003
1699854
449248
1716908
493675
1993034
649097
1898708
497845
1928526
492961
1859330
471320
2253839
689119
1787021
467729
2050362
660874
1758769
520073
1941947
635030
1660169
602483
2193753
511940
1995762
491763
2332843
589043
1773061
695477
2040354
757144
2054923
603505
2122150
767427
2015919
699792
1895348
545258
2085651
495813
1974271
621042
2223627
758840
1942494
460222
1773213
734928
1660411
456715
1582677
470282
1555063
649441
1601786
639471
1922883
593056
1500909
427363
1754577
434915
1542743
490664
1521926
680902
1704267
565693
1873405
731845
1789474
453475
1745712
449284
1671111
717118
1569255
667331
1633749
658000
1656592
661948
1632418
647561
1875046
337789
1748524
415049
1419109
449375
1900053
449568
1863720
363911
1797638
321225
1412885
323609
1485866
556908
1840435
317090
1533527
304752
1656534
360251
1276544
311361
1635697
356414
1436245
310457
1779613
361675
1436681
429026
1776323
478824
1897165
427674
1942130
470018
1711322
346535
1300929
407778
1682612
429635
1545474
444752
1637725
403179
1195159
379223
1855049
443124
1881520
421840
1476513
439571
1451317
416165
1644248
410660
1660489
646140
1573350
651512
1658986
609939
1727041
452416
1769396
453690
1738759
689561
1478796
438726
1609680
484451
1555003
468980
1631979
452514
1720985
403005
2345040
699959
1858285
446946
2197828
487261
1920523
467836
1703258
487361
1764402
473685
1700293
464944
2035373
660817
1629289
735444
2215635
910797
2030723
725652
1971687
464807
2278131
474022
2045617
504884
1907919
452479
1802808
452701
2250402
489687
1853658
637113
1774214
414642
1887243
458919
1699104
414663
1838844
444341
1669072
416346
1968124
425476
1627151
605268
1566858
405144
1702306
384661
1812786
479948
1663431
397038
1491289
597898
1683980
386890
1880292
408389
1440567
394876
1549836
655473
1652032
617294
1480148
434961
1507530
469699
1538878
482217
1544580
245372
1303880
371639
1265952
264123
1433169
240132
1371499
232305
1230952
192866
1102274
204386
1278285
190024
1433140
215285
1161284
343261
1273184
198542
1312981
340705
1386610
218492
1420816
278422
1339546
231801
1203488
238620
1139398
323889
1120150
187721
1365629
220616
1875451
463315
1894569
418423
1853837
500735
2032038
495467
1733538
433351
1689071
397892
1837967
509330
1855489
412258
1823088
585672
1955963
485599
1856622
491377
1932307
462322
1928612
511409
1993982
497847
1866021
415437
1933949
446981
1751922
404662
1483858
388941
1937055
439685
1872965
443474
1880215
386167
1710747
336440
1523990
462026
1941128
353816
1853013
396037
1902329
531147
1860894
324707
1386124
547572
1862030
390344
1922623
424818
2102086
496517
1851626
328644
1844840
525809
1965053
549233
1756943
473745
1843609
439477
1743837
442194
1885194
488997
1828372
461350
1812369
437777
1670371
464772
1973754
473979
1703565
472512
1807760
429535
1733947
451540
1744140
447345
1785446
428737
1686426
456103
1814099
444402
1843377
585666
1593882
437268
1708382
440925
1584575
455960
1879316
601335
1732328
481618
1903323
482724
1737202
516705
2125152
449870
1850410
471996
2458651
697657
1979978
518057
2374264
795633
2020771
802950
2174309
727426
2215255
726847
2089074
504776
1789907
463847
1768134
463194
2421538
754557
2018670
506199
2200503
589210
2224409
802478
2224165
747800
2988894
741046
1866123
438842
1947150
694145
2222449
634871
1365085
373769
2547247
671307
1618021
714915
1857499
484592
1924241
456688
1511455
539977
1792685
472418
2225241
783739
2158500
696881
1633732
411756
1524595
468075
1849852
444616
1778464
499143
1696168
351753
1741453
457244
1858265
394062
1626060
366629
1639359
407714
1718741
441074
1744455
356211
1909042
715288
1646462
490362
1598701
417750
1680463
402795
1786642
465225
1616459
386411
1405669
645271
1752580
379429
1676503
583539
1702564
372302
1619686
440093
1706412
491248
1770680
451786
1826825
405057
1582971
616845
1627179
641320
1851713
430802
1806273
379358
1403153
417699
1858622
430000
1813791
678846
1600576
424208
1775470
415712
1630173
433330
1780781
412387
1810099
418392
1580250
605429
1665157
372357
1810548
396699
1918912
352860
1916598
442215
1845251
588810
2723030
718260
1920132
603054
1640405
362789
1550473
393323
2395113
656035
2039593
455000
1760758
374650
2147427
466181
1357119
242389
1429596
393652
1591830
374881
1515100
375816
1531327
417744
2657721
756342
1850688
400264
2296207
462602
1755701
431022
1773353
386129
1595123
613427
1556704
347945
1844205
370930
1805800
642233
1624444
334166
1807098
375360
2108179
438716
1575137
388486
1465298
366157
1451230
393885
1590643
356725
1985902
426342
1788662
425443
1895282
416997
1773385
401980
1713283
410417
1799299
439501
1588366
408077
1643336
450866
1664268
361187
1725523
435950
1726547
378653
1810638
502771
1667767
371076
1655847
397342
1671278
340783
1721827
455202
1668788
438564
1735698
465546
1904901
433631
1826126
674319
2018180
464163
1912142
492758
2018715
494204
1997951
492957
1762765
456487
2394420
582234
1828237
651942
2255609
745980
1772206
424760
1910510
677401
1841106
367345
2206700
703583
1876313
773401
1840826
687188
2301340
519178
1763197
484302
1911176
432805
2900406
758452
1861625
474398
1852953
561855
2156461
598156
2116057
632147
1911461
457381
1845495
509210
2163589
475409
2053913
394568
2047145
411681
2000285
473228
1916467
417666
1756692
386398
1820585
352907
1558407
427309
1836315
419248
1846188
413963
1933842
402134
1545583
415981
1783639
389005
1945849
436802
1814870
565235
1795827
382527
1878408
437326
1721219
422178
1907422
454378
1666496
355952
1549507
438285
1687983
434074
1793484
456078
1616025
412550
1807208
447156
1766691
389256
1798981
457802
1682209
400203
1785911
410870
1589123
411452
1623540
450327
1778315
363010
1604407
435346
1585967
346352
1757633
414919
1718200
345923
1600948
356093
1612938
320794
1677691
413986
1683071
316801
1560594
437416
1595240
344327
1735610
441772
1680913
413607
1520634
417969
1604170
368929
1801426
451449
1719845
353058
1415606
438178
1553428
370274
1670886
443734
1744297
314988
1494632
1663307
1306269
261019
1600469
414995
1430755
646201
1787819
467368
1643129
644677
1648719
415209
1726239
486366
1704825
624901
2092348
487674
1681997
442885
1761674
422256
1564633
430664
1448045
416888
1748707
458124
1617246
669616
1669558
447709
1838171
457550
1753789
459067
1750237
437984
1688982
409217
1562553
403397
1578623
493423
1787099
495605
1716462
435974
1765398
421742
1607889
462406
1847156
434212
1645158
439229
1759654
429748
1694526
441480
1614944
408886
1670626
399333
1775680
639950
1728358
377928
1641728
446039
1629001
418911
1621675
448003
1385263
416803
1718689
480042
1564425
398784
1656536
435088
1562817
405215
1795249
448006
1555043
398869
1718152
399482
1673756
369814
1467305
566761
1597770
393241
1859005
629619
1786374
473822
1657962
429862
1625460
397570
1560105
470449
1726121
417652
1787308
409092
1681902
389823
1876250
378959
1919164
418101
1395029
304958
1409127
344139
1860950
341331
1450226
392099
1433348
353084
1856417
321008
1439771
322897
1468497
366492
1676914
317139
1707367
305924
1911626
346300
1849880
340809
1401110
302480
1743540
309863
1450376
330005
1730009
319776
1401570
354720
1697852
360876
1714856
337503
1746011
410425
1615803
402400
1678115
390967
1597402
406204
1550980
394843
1821707
447044
1871097
666688
2241286
516068
2280167
543988
1805635
696831
1700037
449205
2151748
726950
1928809
550309
1906721
517723
2516135
827537
2363753
764138
1767041
425497
1317509
434832
1658332
596408
2119406
499978
1856667
432927
1946527
470237
1755253
661940
2005996
447167
2417643
576131
2550985
797012
2029979
671602
1938933
532717
2118770
703611
2023611
563693
2219080
740447
2055811
707803
2102111
696687
2071792
684896
2142444
706510
2103151
712714
2161419
710989
2074616
693849
1994735
540009
2222886
812297
1978307
536077
2041226
564425
2272883
638623
1965108
457668
2185820
541316
2082288
490924
2013934
667754
1984290
691232
2049919
718347
2118677
706187
2170839
655551
2002365
472229
1924525
524029
1934234
522125
1944165
524260
2297780
760896
2182957
847269
2072413
509096
2061446
539393
2045832
509326
2039132
533524
2059313
609154
2016004
681468
2065768
675795
2144554
516806
2168246
599138
2091324
507342
1956867
474804
2218376
451169
1980773
434156
2180711
508210
1933419
433340
2170331
469790
2017134
364326
1945725
391944
