3045
949
3491
1112
3543
937
3495
1135
3493
1145
2713
1125
3463
751
2780
1123
3455
1097
3524
1053
3580
1122
3528
1125
3703
1108
3605
1111
3480
924
3492
1099
3436
1155
3518
946
3403
1108
2634
840
3601
1113
3411
1108
3476
1085
2508
1118
3414
986
2948
948
3460
10095
3374
947
2278
690
2945
1092
2942
954
3441
1095
2325
1091
3453
1055
3511
1093
1517
1062
3458
1100
3481
1095
3473
1113
3504
863
3543
736
3495
861
1890
1113
3603
903
3541
902
1963
594
3443
1019
3403
1102
3302
869
3536
1083
3560
1115
3536
942
3542
1108
3361
922
3410
1125
2956
820
3495
1083
3433
1108
3503
1019
3398
942
1954
633
3465
1117
2985
1110
3696
939
3080
703
3456
1105
3463
1129
3458
1073
3326
1114
3082
1115
2784
1115
3646
1102
3546
1055
3683
1131
3490
1115
2790
1097
3405
1113
3521
1012
3483
932
3426
1106
3628
1125
3528
977
3491
933
3451
1077
3651
1083
3716
882
2909
935
3451
1120
2334
754
3451
1120
3468
1080
3505
1110
3490
1110
3431
11208
3445
1095
3411
1066
3362
780
2857
1145
3686
1101
3446
1122
3644
1117
3485
1107
3571
1128
3408
1130
1982
631
3404
1103
3545
1132
3443
1115
3638
1087
3859
824
2817
1171
3669
1105
3606
922
3480
944
2923
722
3836
1105
3431
1095
3528
939
2021
9654
3510
1010
3606
1122
3521
1080
1882
1097
3401
1120
3472
1123
3552
1077
3558
935
3526
1105
3488
1058
3261
1019
3403
1115
3664
1113
3451
1100
3441
732
2962
889
3488
1135
3516
1100
3733
1153
3515
1108
3471
1075
3512
1052
3666
1117
3626
1066
3485
1075
3306
922
3663
1113
3531
999
3478
1117
3561
1096
3703
924
2944
917
3678
1105
3847
1117
3751
1097
3475
749
3461
1110
3053
1131
1987
609
3544
1120
3573
1145
3558
1128
3699
1112
3421
609
3538
1090
2897
806
3580
1105
3596
1108
2354
733
3618
1133
3026
912
3466
1125
3523
1146
3510
575
3747
1135
2855
868
3398
873
3535
1135
3704
1115
3704
1098
3528
1118
3528
1120
3580
607
3474
1115
3375
739
3982
1149
3491
521
3534
593
3546
1083
3651
1117
3446
1124
3523
1111
4216
1021
3506
1145
3468
1092
3455
1088
2844
927
3398
1095
3496
1098
3585
1107
3590
1093
3433
1120
3546
1090
3708
1115
3543
1105
3465
1113
3636
1102
3503
1093
3581
1073
2992
859
3645
989
3501
1093
3465
636
3586
1079
3634
1223
3470
846
3478
1147
3593
1099
3473
1095
3503
1131
3574
1105
3480
1092
1987
647
3593
1119
3556
637
3530
832
3649
1087
3510
1090
3556
922
3451
1100
3491
990
3578
1115
3005
942
3403
1108
1955
635
3618
1085
3543
1135
3541
730
3355
1110
3367
1107
3458
1086
3442
865
3395
1115
3558
930
3460
1120
3495
1092
3555
960
3441
956
2116
627
3438
1085
2829
852
3599
1088
1862
533
3550
877
2979
1150
3568
1081
3478
1110
3373
1125
3588
9726
3538
1107
3546
1097
3588
944
3739
1122
3481
1130
3410
1115
3438
1111
3481
1092
3633
1145
3511
1095
3621
1115
3466
9951
3528
1126
3523
809
3656
937
3540
1103
3580
1103
3488
1093
3553
583
3588
1091
2864
1095
3508
1088
3503
1099
2027
1109
3344
1049
3398
1105
2728
797
3432
1135
3681
1098
3482
605
3616
627
3002
1113
3530
847
3633
716
3104
884
3380
1088
3671
1129
3631
1127
3571
1088
3553
1095
2215
719
3502
1019
3541
1178
3508
1035
1955
627
3558
1128
3623
1093
3588
696
3503
1087
3555
1028
3424
1143
3613
1123
3438
1105
3498
943
3550
817
3552
1043
3514
1118
3372
1141
3431
1105
3874
1121
3772
1135
3621
1125
3656
1120
3465
1090
3520
1120
3490
1128
3068
938
3540
913
3619
609
3254
1088
3430
1098
3448
954
3586
894
3638
1123
3631
916
3505
945
3476
1093
3420
940
3480
1092
3560
1113
3646
1097
3515
890
3476
1095
3433
1127
3458
1100
3440
1110
3661
1085
3513
941
3424
1021
2806
1112
3425
1093
3551
8981
3754
894
3563
930
3621
881
2902
724
3523
920
3503
892
3495
1113
3611
800
3654
1095
2738
1113
3646
961
2715
838
3558
1119
3631
1115
3498
631
3526
1090
3574
1151
3496
1103
3486
1078
3538
1112
3505
1162
3443
638
3032
1143
3688
1088
3503
1110
3611
1079
3696
1155
3321
10352
3686
1096
3520
1113
3513
1106
3496
1105
3330
1132
3498
1097
3568
1111
3681
1117
3405
661
3556
1102
3516
1087
2927
927
3269
1103
1547
1137
3513
1098
3636
1055
3533
1090
3475
1121
3550
1140
3518
1112
3606
904
2751
874
3653
1117
3440
1118
3555
735
3644
1125
3543
930
3676
1097
3297
1113
2971
548
3498
891
3591
1095
3478
1122
3516
1128
3894
1082
3610
1103
3596
1138
3523
1098
3641
1080
3403
1102
3446
576
3553
1108
3588
1120
3672
1135
3461
1117
3573
1123
3560
1150
3553
1088
3646
1084
3636
1120
2082
640
3573
1100
3444
1123
3476
1120
3640
1103
3435
1175
3583
629
3573
1088
3591
1123
3543
1105
3606
1052
3392
9677
3563
1108
3425
1087
3568
1118
2850
885
3546
1105
3751
962
3693
1125
3530
1155
3530
802
3493
1093
3619
1130
3594
1122
3516
1103
3632
1144
3445
1102
3767
1113
3666
1127
3503
994
3495
1125
3411
960
3328
992
3601
1100
3502
1127
2051
645
3658
929
3696
897
3729
1114
3412
931
3250
948
3781
916
3598
1102
3496
1113
2017
631
1451
1125
3568
1097
3394
928
3506
1092
3616
1147
3464
1103
2643
1050
3458
1156
3426
1092
3576
1123
3443
1102
3500
599
2445
1135
3474
1145
3442
1078
3669
1105
3435
903
3848
1118
3784
1074
3656
943
3510
1098
3660
1108
3561
1102
3644
1080
3455
1108
3435
1096
3573
997
3570
960
3515
927
3068
933
1991
626
3543
1117
3549
1085
3476
10072
3643
882
3555
1060
3433
1107
3480
1150
2437
727
3653
1112
3628
1093
3375
1110
2941
829
3468
1138
3528
1103
3691
1113
3415
1137
3656
1113
3451
1080
3628
1115
2943
939
3425
1097
3560
1015
3513
1090
3402
969
3392
1102
3541
950
3554
1110
3573
711
2925
952
3491
1100
3508
926
3664
1039
3576
1129
2056
627
3495
942
3511
846
3643
1047
3465
1130
3300
1112
3476
965
3545
1107
3422
1118
3598
1123
3491
871
3529
1042
3686
1027
3508
1123
3556
1122
3502
1026
3565
1123
3623
1105
3619
1127
1976
1146
3468
1139
3490
950
3598
1113
2725
728
3568
922
3528
935
3468
1093
2119
9690
3669
1119
3201
1102
3576
1120
3485
1096
2973
912
3488
1135
1982
600
3781
1085
3066
1080
3526
660
3558
1155
3626
1105
3614
1121
3648
1104
3576
1096
3117
832
3538
962
3611
1133
3658
1032
3626
1085
3556
1173
3518
622
3690
1110
3486
766
3658
1118
3503
932
2852
906
3523
1112
3563
1110
3390
797
3461
1095
3693
1070
2609
815
3523
1151
3481
1183
2283
6761
3528
1143
3659
967
3569
1138
3675
1118
3698
1105
3579
1088
3718
1135
3533
1073
3693
1042
3476
1116
3550
1107
3508
1093
3653
1145
3628
1080
3553
1118
3138
1107
3676
1110
3408
1123
3614
1128
3486
1115
3430
924
3701
1133
3556
1106
3606
1092
2128
1105
3593
648
3488
725
3551
1092
3741
892
2048
1093
3606
1108
3511
9577
2607
808
3613
1103
3628
1128
3676
929
3628
1130
3611
1111
3533
1120
3494
1082
2679
804
1955
1026
3589
1107
3688
1110
3623
1115
3586
1092
3718
929
3727
1133
3136
941
3506
1098
3559
1060
3560
1096
2644
842
3578
1097
3588
1108
3593
1102
3556
1137
3538
1095
3500
1022
3570
561
3869
1095
3854
1060
3628
1105
3671
1100
3853
1125
3626
808
2513
798
3584
624
3809
1087
3474
1113
3605
1115
3716
1097
3016
1161
3377
1108
3706
614
3852
1121
3096
927
3839
737
3669
950
2729
835
3636
1040
3628
805
3037
833
3881
1110
2456
1127
3524
1116
3723
1099
3701
1133
3837
1086
3576
913
3972
1033
3849
1020
3676
801
3590
1097
3575
1085
3788
956
1685
1095
3588
1017
2181
637
3716
1095
2124
619
3656
1092
3695
1120
3638
866
3714
1118
3531
1108
3676
968
3438
731
3505
1098
3799
1115
3746
1100
2947
1117
3450
538
3646
980
3430
1087
3534
570
3524
1090
3600
1110
3556
1129
3486
1097
3427
1075
3636
1113
3718
1113
3593
922
3011
1038
3693
1117
3589
1118
3521
1108
3571
1097
3200
916
3540
1103
3528
1100
3666
1095
3172
1095
3083
969
3656
1105
3784
1095
3656
1000
3676
1110
3723
1130
2166
1085
3925
1093
3678
1025
3342
1040
2855
1123
3754
1098
3148
1085
2385
733
3729
1113
3864
1133
3687
1082
3806
735
3511
1105
3552
1110
3491
798
3495
622
3448
1122
3538
1107
3583
587
2737
1085
3573
1127
3728
734
3573
946
3769
1110
3711
1092
3754
1120
3801
945
3561
1120
3997
1117
3809
1080
3571
1120
3573
1092
3659
1115
3716
1118
3621
1100
3877
1105
3578
1125
3882
1105
3642
1028
3699
1112
3205
1064
3866
9850
3485
1090
3668
932
3678
1103
3437
1100
3856
1139
3749
1072
3618
1009
2867
856
3771
1130
3693
1122
3814
1120
3580
1087
2931
793
3218
866
2995
828
3640
1095
3453
962
4089
1239
3809
1088
3049
1100
3611
1107
4057
815
3769
1142
3636
1113
3515
1107
3703
1106
3771
1080
4197
1118
3493
929
3671
1136
3721
1120
3849
1120
3588
1115
3503
1125
3719
936
3783
1087
4142
647
2778
1118
3455
1075
3611
791
3753
1120
3680
868
3561
774
3701
1103
3711
1088
3789
1085
4083
1062
3828
1084
3596
1095
3688
1102
3658
845
3996
1110
3458
1107
2863
893
3732
1125
3777
929
3650
1133
2356
13411
2426
734
3646
1093
3549
837
2981
571
3685
1117
3571
1111
3495
972
3525
1105
3548
1130
3791
1111
3583
742
3490
1120
3433
1115
3711
1076
3468
1115
3720
1100
2977
784
3563
1103
3453
1012
2868
867
2924
1070
3608
1095
4031
1125
2249
1122
3510
1143
3811
1110
3533
1117
3510
1133
3492
1140
2850
845
2027
607
3508
1086
3495
997
3441
1186
3465
912
3671
1085
3410
1103
3668
982
3613
1125
3687
946
3731
1083
3734
569
3493
1147
3639
1107
3605
1125
3516
1121
3814
1123
3506
1101
3608
1079
2799
1088
3638
979
3575
1115
3601
1085
3606
1150
3491
1020
3598
789
3713
1064
1818
485
3443
885
3523
815
3631
1081
3503
918
3415
1041
3433
803
3536
1110
3594
1094
2726
1122
3598
1125
2751
1094
3721
1103
3593
1090
3626
1052
3496
1110
3556
1117
3548
1120
3443
1108
3521
800
3575
1090
3508
1142
3672
1095
3714
1074
3518
815
3727
1100
3523
1113
3676
1102
3563
1113
3555
1092
3503
1073
3578
1105
3433
1112
3548
836
3583
1092
3543
1123
3552
1158
2469
841
3683
1120
3610
988
3440
1145
3486
1130
3611
1130
3480
1125
3576
1107
3245
1115
3809
1098
3438
1092
3698
1087
3551
1040
3590
883
3087
1083
3576
995
3387
1122
3569
911
3327
1094
3689
1145
3665
1116
2399
713
3706
1115
3528
1130
3471
954
3803
1105
3716
1131
3613
1075
3178
776
3596
1105
3538
928
3629
1103
3568
1120
3769
1098
3495
1103
3628
1120
3782
1107
3629
1092
3531
1090
3551
1118
2644
800
3716
1120
3616
1099
3603
1123
3759
1030
3540
1092
3564
1031
2431
732
3704
1156
3743
923
3669
1132
3520
963
3706
1100
3470
872
3555
1107
3773
1090
3543
1005
2848
940
3175
1089
3576
1103
3525
1091
3468
1090
3619
1107
3553
1107
3540
974
