3506
1133
3433
717
3442
1150
3653
622
3513
720
2918
1100
3405
1108
3461
1019
3463
1120
2913
988
3239
1170
2823
1110
1891
902
3503
1100
3426
1112
1912
639
3428
1102
3503
1126
2625
1091
3608
725
3468
1093
3503
1126
3426
1145
3478
1156
3438
1128
3484
1107
2830
957
3486
1118
3649
1108
3366
1103
3407
1122
3442
1113
3716
1065
2331
1142
3453
1113
3463
887
3516
756
1952
633
3490
1132
3558
1142
3528
1108
3426
1170
3468
1163
3452
955
3090
850
3546
1095
3746
1057
3485
1092
3460
1120
3596
966
3476
1103
3556
599
3583
1188
3548
1108
3446
1095
3510
910
3465
1101
3388
1123
1952
1157
3468
1092
3421
1093
3513
1120
3523
1104
3566
1118
3450
1108
3515
745
3457
1093
3556
1102
3610
1098
3433
1108
2318
1135
1976
1080
1660
1095
3514
1082
3468
1121
12228
1090
3506
1095
3438
1117
3446
1129
3398
1007
3516
880
3460
1088
3440
1128
3476
1158
3422
847
3605
1072
2563
1103
3436
1096
3513
1090
3491
1106
3510
927
3501
1085
3636
1110
3516
1138
3443
974
3418
1123
3463
905
3486
1080
2859
882
3438
1093
3545
1108
3400
808
3372
950
3410
1085
3488
1110
2535
811
2956
936
3502
1143
3588
982
3751
1123
3521
1127
3636
1082
3518
1110
3410
1098
3483
945
3796
1133
12278
882
3565
9359
3505
939
3377
970
3450
9590
2748
861
2970
894
3500
1080
3463
1100
3556
1113
2384
731
3494
1088
3661
1130
3586
1098
3314
1038
2949
884
3498
1093
2370
718
3415
1123
3523
1120
2461
756
3851
1122
3598
1115
3578
1118
3458
1105
3416
1120
3614
968
3681
1112
3531
1145
2345
662
3511
1108
3411
1110
3603
1102
3535
1085
3699
1096
3524
941
3704
1114
3351
880
3385
820
3706
908
3540
1082
3476
928
3619
1093
3368
1110
3564
1045
3483
1115
3771
1089
3510
1081
3490
956
3525
949
3096
929
3498
1117
3681
1130
3678
1120
2099
642
2763
819
3578
1108
3551
1078
3649
1125
3596
1107
3150
1188
3516
1115
3650
1130
3741
1108
3604
1118
3578
1050
3649
834
3586
1120
3500
1107
3682
1122
3478
1084
3746
634
3661
9849
3458
1105
3606
1087
3733
1080
3571
1105
1574
9228
3416
1115
3541
1095
3463
1143
3515
1082
3550
998
3021
1090
3493
1085
3500
1120
3467
1033
3553
1113
2589
1157
3520
887
3603
1134
3403
1093
3615
1113
3501
595
2901
1026
3643
1141
2967
954
3892
980
3508
1112
3610
1102
3602
1118
3425
1052
3563
935
3453
1098
2132
603
3834
964
3548
1090
2903
923
2037
625
3520
985
3452
882
3703
820
3321
1070
2966
943
3639
1120
3458
1095
1965
1107
3573
1110
3498
626
3538
1107
3434
1117
3615
1031
3458
1107
3496
874
3585
1143
3468
1095
3503
1102
3625
1030
3438
1127
3515
1095
2850
893
3556
1122
2912
947
3401
946
3465
783
2316
637
3731
802
2948
828
3456
1085
3580
1096
3625
831
2902
1110
3602
916
3576
1113
3160
820
3626
1153
3400
1152
2987
924
3461
1045
3435
1132
3545
1097
3561
1095
3654
1120
3441
845
3496
559
3460
1153
3516
1146
3437
940
3411
1119
3484
1117
3060
1120
3498
1173
3446
1137
3458
870
3707
915
3562
1140
3495
1093
3425
1105
3536
1130
3403
1120
3558
1010
3444
1097
3593
1110
3561
1101
3451
1118
3528
1097
3542
1110
3481
948
2849
1120
3501
1072
3679
1095
3478
927
3388
520
3628
1090
1481
483
3721
1095
3408
1145
3539
880
3556
1108
3395
1080
3456
955
3519
1105
3576
9184
3311
1077
3576
1150
3421
1093
2916
1178
3641
1108
3426
1092
3586
1148
1522
812
1988
638
2308
1148
3548
934
3516
1094
3581
1110
3678
755
3554
1090
3493
1133
3508
1135
3691
1075
3508
1100
3453
1110
3498
1053
3461
1107
3480
1088
2879
964
3599
1117
3513
1130
3668
1007
3418
1082
3505
1133
3483
1097
3591
1098
3510
997
3360
1113
3546
1102
3546
1120
3586
1118
3466
1087
3219
944
3553
1107
3484
952
3563
1130
3075
927
2562
1096
3692
1125
2513
1090
3630
1113
3403
1118
2992
1085
3518
945
3586
1094
3473
825
3876
987
3655
1135
3421
1130
3498
1017
3525
937
2955
990
3636
1088
3512
1086
3543
1107
3473
1095
3568
958
3478
1100
3598
1087
3639
1148
3455
1095
3446
1123
3470
1123
3488
945
3458
1105
3471
1090
3456
624
3556
1087
3599
1120
3368
1095
3704
1105
3608
1100
3420
1115
3525
1079
3485
1123
3538
1110
3260
1021
2034
1118
3504
920
2214
1137
3465
1078
3433
905
2985
1128
3453
1097
2981
1103
3628
1140
3668
985
3465
1108
3544
1105
3494
1117
3555
1142
3441
1122
3566
990
3947
1115
2903
1088
3601
837
2014
631
3671
960
3736
853
3541
1103
3451
1126
3456
1097
3438
1102
3779
1128
3704
1091
1991
633
3252
1108
3458
743
3515
1125
3545
1090
1980
634
3530
1102
3427
1110
3450
978
3798
906
3495
1028
3433
916
3476
602
3064
926
3455
1100
3453
1040
3521
1095
3713
903
3486
1133
3433
1138
3445
1117
3526
1132
3485
1105
3481
1105
3771
1102
3533
1122
3629
1047
3543
1077
3609
1110
3556
917
3508
844
2933
932
3590
1102
3706
1121
3609
1135
3588
631
3558
1093
2674
1130
3499
1113
3565
1099
3585
1110
3508
1117
3528
1133
3395
1136
2230
1150
3514
1125
3537
983
3738
1112
3538
1044
3641
865
3551
1115
2062
643
3551
912
3386
1116
3528
1097
2962
940
3623
1099
3446
1118
3458
1100
3603
709
3488
1163
3508
1087
3521
1092
2792
879
3022
1147
3425
1112
3468
1125
3609
1125
2979
1140
3156
1142
3513
1085
3642
1069
3742
1117
3495
1100
3381
943
3764
1120
3458
1015
2318
633
2030
595
3593
1108
3511
1105
2888
1095
3506
1123
3599
1100
3600
1141
3530
1127
2987
903
3468
1123
3333
1035
3488
930
3503
1098
3611
617
3586
1104
3530
1002
2777
630
3490
1110
2882
902
3525
956
3526
1107
3428
1107
3445
1095
3576
1098
3561
1094
2347
673
3543
1107
3473
985
3523
1092
3681
1113
3488
1120
3463
1092
2947
796
2645
778
3538
1115
3511
1120
3541
1113
3480
1130
3395
1073
3653
1182
3443
1120
3570
1125
3250
1095
3554
1098
2653
847
3320
1124
3488
1085
3481
750
3586
1125
3488
1106
3473
1083
3573
867
3605
1115
3543
833
3646
1093
2024
1082
3039
933
3636
1130
3492
1098
3579
1090
3470
1100
3571
860
3606
1075
3578
1120
3466
1105
3576
928
3473
1095
3591
1085
3525
1127
3563
1105
3598
1100
3593
1039
3400
1125
3468
1107
3413
1107
3448
1110
3570
1087
3566
987
3698
1140
3490
1128
3500
960
3731
1140
3280
1068
3714
886
3432
1117
3551
882
3651
1087
3398
1159
3443
1088
2042
9296
3434
1082
3568
1109
3488
1102
3009
933
3417
982
3491
1086
3711
1108
3462
1088
3531
1103
3706
1083
3593
1090
3608
465
3573
554
3531
647
3448
1093
3600
1128
3491
1122
3586
1102
3764
1057
3728
1085
2663
832
3556
906
3575
880
3611
922
3488
942
2858
859
3620
1092
3726
1117
3746
806
3634
10177
3676
1117
3395
1118
2912
812
3530
956
3579
1013
3686
1092
3576
1110
3596
1115
3502
932
3447
1095
3643
1067
3481
1085
3591
1095
3916
920
2218
1095
3694
1113
3290
1077
3801
1080
3503
10053
3623
1107
3558
1105
3543
937
3585
1093
2639
626
3485
1083
3475
1110
3566
1105
3804
1093
3724
1080
3403
1145
3664
948
2769
883
3713
1100
3538
1025
3735
1115
3548
967
3678
974
3603
995
3674
1110
3518
1108
3526
1102
3515
1119
3608
1128
3461
935
3781
1053
3463
1098
3583
1100
3631
1115
3199
939
3642
1090
3621
1003
3629
1113
3630
1085
3694
1130
3651
1125
3625
899
2056
1043
3508
1107
3472
1118
3596
1080
3516
1090
3531
1088
3726
1092
3696
1100
3811
1097
3609
1108
4044
1115
3626
1138
3663
1123
3631
1115
3565
1104
3513
937
3476
1100
3805
894
3926
914
3554
1082
3804
940
3672
1133
3806
1088
3626
731
3779
1105
3495
1107
3743
1082
3646
1080
3776
1107
3630
852
3786
1127
2731
1108
3636
1177
3869
1118
3073
1105
3526
808
3716
1095
3593
1060
3674
940
3581
1115
3721
947
3841
1125
3640
645
3793
1073
2264
630
3518
967
3548
1080
3483
898
3521
1078
3618
1095
3498
928
3891
1127
3530
1075
3658
1140
3571
1054
3656
1104
3871
1109
3623
1080
3789
1120
3605
1123
3734
1132
3572
950
2885
712
3631
1103
3869
925
4094
1100
2549
586
2544
740
3624
1095
3683
1135
3704
1077
3727
1118
3736
1093
3497
1095
3681
1094
3535
998
3566
1083
3902
9632
3461
1098
3716
1000
3664
1135
3501
1092
3616
1137
3691
1105
3751
1111
3639
1110
3764
1098
3856
934
3856
1057
3587
1024
3653
904
3640
942
2150
628
3886
1143
3626
1079
3708
1103
3601
1113
3781
1082
3641
1112
3671
1099
3684
1128
3776
1083
3668
1093
3806
1081
3694
1112
3937
1093
3500
921
3655
997
3776
920
3534
1106
3721
1110
3947
1085
3714
1047
3726
1153
3590
924
3668
938
2211
635
3633
1092
3516
1107
2637
856
4032
1143
3495
1024
3836
1116
3651
988
3751
630
3538
1098
3586
1113
3746
1110
1692
1047
3618
1100
3563
835
3684
1110
3876
1087
3591
1120
3683
1108
3651
1082
3526
905
3781
1120
3759
1102
3589
1122
4084
1120
3911
1080
3683
1105
3763
9830
3695
1100
3824
1100
3634
1097
3716
1093
3434
1165
3377
974
3417
1107
3980
1083
3558
1108
3618
1067
3588
844
3461
992
3536
1120
3576
1110
3538
1107
3808
1128
4007
1145
3929
1092
3265
1082
3581
1103
3526
1125
3591
872
3383
1110
3623
1095
3506
1105
3673
930
3368
1026
3598
1070
3645
1117
3784
10034
2974
925
3631
1142
3428
1093
3516
1097
3496
958
3825
1122
3591
1092
3433
1093
3468
1088
3466
1107
2298
1107
3498
523
3667
10225
3453
1090
3486
1095
3589
1095
3849
1123
3498
1093
3711
1100
3626
1107
3553
1135
3646
1098
3548
1090
3496
9563
3062
9931
2156
644
3524
554
3522
1108
3648
1080
3595
1107
3552
930
3586
641
3456
1105
2454
1073
3633
1110
3676
1083
3518
858
3753
1082
3598
1105
3472
935
3548
934
3588
1130
3566
1093
2140
620
3703
1110
3031
1112
3418
1110
3340
806
2963
922
3535
967
2857
874
3570
1128
3849
1093
3065
849
3433
1148
3534
1095
3593
1135
3713
926
3533
1115
3571
1096
3483
1100
3548
1015
3671
1078
3051
830
3518
1131
3801
1093
3403
826
3616
1095
3924
1110
3786
947
2019
655
3508
889
2423
747
3619
1130
3445
1137
3119
918
3764
957
3606
1110
3473
1106
3986
1111
3554
1112
3492
1130
3470
1095
3480
1105
3718
819
3585
1098
3716
1115
3776
940
3629
1160
3676
1095
3425
1118
2930
936
3611
1002
3561
1146
3636
884
3598
9765
3584
892
3741
926
3535
1182
3475
1092
3571
1095
3401
1019
3458
1104
3899
1088
3589
920
3641
876
3456
1033
3533
1107
3841
1127
3560
1113
3598
1132
3698
1098
3408
934
3723
992
2707
645
3875
1145
3694
1103
3653
1095
3648
1103
3605
947
3523
1095
3458
1113
3575
1088
3526
1103
3558
1077
3605
1137
2946
920
3744
1066
3550
1088
3666
838
2969
934
3596
1082
3498
1043
3754
1110
3598
1088
3739
1054
3400
612
3738
894
3713
1123
3589
928
3506
866
3842
1121
3666
1106
3887
1128
3626
934
3624
1100
3716
1095
3641
1155
3717
1115
3716
955
3739
1085
3640
1085
3664
1127
