3710
1180
3448
722
3463
1222
3513
629
3460
1142
3433
1108
2048
615
3505
1095
3578
1135
3683
1092
3478
653
3560
1151
3472
1128
3397
1082
2859
935
3463
9562
3363
1074
3481
1135
3475
1110
3589
769
3457
1123
3571
1173
3456
952
3583
1085
3445
1128
3448
1088
1957
631
3528
1120
3545
1025
3470
1150
3488
1105
3436
1121
3295
980
3368
833
3589
1115
1981
602
3383
1102
1962
1110
3460
1145
3456
1105
3461
1092
3488
1110
2500
789
3639
9811
3501
842
3466
1100
3061
1123
3482
1141
3488
9727
2876
956
3513
1153
3490
523
3455
1135
3525
1094
3433
1075
3521
1090
3438
922
3422
1103
3549
1002
1914
616
3510
9787
2924
924
3405
1120
1891
608
3508
1092
2737
734
3390
1090
3543
1105
3433
1091
3869
1083
3473
1100
3588
616
1648
906
3478
1098
3494
1125
3521
9978
3857
1108
3473
1110
2950
1100
2777
1100
2915
939
3458
1085
3483
1161
3475
1082
3418
1106
3588
902
3513
1123
3470
1066
3488
1105
3378
1095
3461
1123
3481
1100
3573
1138
3448
1107
3579
940
2307
739
2738
935
3500
933
3550
927
3505
1233
3656
1090
3453
922
2004
944
3431
1132
3560
1113
3645
1090
3573
1117
3382
1105
3606
1085
3503
794
3528
1117
3628
1110
3475
1107
3518
1110
3496
956
3443
1100
3530
1090
3433
1107
2580
1021
3508
1110
3471
907
3393
1115
2798
868
3408
1040
3601
1158
3621
1143
3430
1130
3540
1105
3717
1100
2980
1118
3457
1076
2399
735
3636
1145
3511
1100
2750
817
3649
859
2662
730
3629
1105
3575
1093
3563
1110
3496
1113
3273
962
2040
1093
3410
1082
3458
1082
3560
711
3484
1105
3151
1104
3568
1103
3799
1103
3608
10119
3633
924
3651
1113
2990
799
3550
1173
3531
1105
3430
9512
3039
920
2363
1092
3435
1123
3639
1075
3621
1122
3388
658
3724
1092
3536
1100
3596
1110
3563
1117
3381
1085
3708
1087
3615
1105
3513
1113
3814
1106
3351
905
3596
1105
3669
1123
3613
1103
2972
1130
3626
1104
3756
1033
3841
1142
3588
1133
3179
783
3528
1098
3483
1120
3688
1095
3656
1120
3601
1122
3613
977
3793
1077
3525
1105
3609
1121
3656
1113
3633
1118
1472
1130
3543
605
3578
945
3503
1143
3586
802
3616
1069
3684
1079
3456
1080
3651
913
3603
868
3689
1090
3500
729
3526
1097
3443
1073
3016
783
3446
1102
1786
1127
3478
1042
3595
1105
3558
1133
3883
1026
3608
935
3626
1152
3779
1123
3719
964
3523
950
3667
1080
3610
1080
3585
1116
3485
1091
3543
1095
3628
624
3621
900
3455
1067
3470
914
3443
1085
3601
1106
3370
1118
3423
1098
3503
1110
3683
1108
3585
1140
3634
1080
3663
1127
3481
1080
3576
1112
3483
1080
3480
992
2597
809
3438
795
3116
758
3521
1097
3568
1083
3485
942
3498
1141
3531
726
3605
1108
3408
795
2170
621
2861
816
3370
1111
3595
1105
3622
1145
3490
1100
3475
1095
3533
1106
3498
1110
3684
1120
3406
869
3495
1113
3231
1090
3403
1083
3488
1083
3408
1108
3704
1087
3573
545
3522
842
3566
860
2751
842
3585
1087
3481
1128
3480
1113
3436
972
3696
815
3422
1093
2122
629
3578
1098
3608
1122
3486
1093
3616
1107
3441
928
3448
1118
3470
1095
3720
1085
3569
1125
3450
1113
3496
1087
3442
1084
3422
1110
3428
1115
3412
1110
3443
1115
3398
1105
3492
1110
3579
1109
3508
964
3585
1087
3323
389
3518
1099
3540
1084
3721
987
3608
1103
3568
1120
3461
1090
3426
1097
3559
1155
3511
1033
3486
1092
3425
1080
3478
1117
3505
1080
2616
824
3478
914
1826
935
3691
1113
3717
1120
3581
972
3500
1093
3598
872
3441
1127
3475
1102
3437
1097
3428
1095
3703
1100
3463
1132
3483
1093
3652
1027
3435
935
3465
1085
3525
1092
3602
1100
3553
1165
3814
940
3441
1095
3651
1130
2311
1100
3595
1110
3426
1095
1981
1090
3546
1108
3503
1091
3470
644
3471
1135
2882
833
3543
948
3488
1100
3631
1030
3011
979
3543
1083
3053
1137
3536
1112
3538
1025
3683
841
3488
941
3538
1090
3668
1095
3221
630
3193
835
3609
1044
3555
1108
3561
1120
2082
1132
3568
1125
3458
995
3465
1095
3510
1102
3506
1082
3413
1082
3493
1123
2562
786
3590
633
3696
1115
3551
1080
3590
1100
3615
906
3581
1108
3473
975
2381
757
3538
1072
3591
1110
3606
1092
3688
1092
3528
1122
3519
1160
3549
1115
2108
1135
3510
1107
2134
877
3518
1103
3741
1097
2022
584
2948
1129
2772
1145
3082
920
3451
1083
3406
926
3678
10033
3634
1128
3508
1135
3575
1025
2391
1120
3513
1102
3471
1110
3471
1080
2830
763
3020
882
3606
924
3633
641
3576
1057
3628
937
3436
1105
3513
823
3606
1094
3382
1100
3578
1095
3598
977
3511
567
3552
944
3483
1095
3613
1097
3063
1108
3493
1090
3638
1085
3683
1113
3363
1023
3505
894
3484
1012
3441
1105
3653
1110
2950
1074
3551
1108
2073
624
3648
990
3548
1117
3570
1110
3417
1110
3478
1133
3433
1073
3506
1108
3491
1092
3619
1077
3448
1103
3629
1110
3525
1085
3603
939
3994
1107
2849
686
3458
1020
3558
1071
3470
1080
3561
1122
3506
1117
3586
916
3491
1122
3491
1132
3485
1117
3443
1107
2975
1107
3506
1120
3566
924
2120
1107
3641
1095
3759
1040
3639
1165
3653
1090
3445
1105
3551
1138
2005
1113
3661
768
3629
842
3593
962
3639
936
3665
1075
3437
1103
3528
1088
3471
1042
3493
1112
3384
1081
3579
1010
3405
1117
3478
1090
3474
1109
3563
1108
3540
1122
3536
1083
3433
1115
3433
943
3534
1118
1997
604
3451
621
3608
1095
3596
1128
3486
1097
3518
1100
3994
1115
3435
1082
3493
1128
3596
1113
3458
987
3445
1127
3515
1049
3348
957
3498
1113
3463
1091
3488
997
3182
937
2914
1093
3467
572
3548
934
3406
1108
3456
1090
3498
1135
3710
1010
3536
1131
3703
10495
3473
1078
3531
1090
3528
830
3583
1077
3576
673
3428
1100
3569
1113
3679
1121
3701
1088
2040
642
3450
832
3491
1090
3564
810
3410
1122
3660
1180
3463
1122
3448
1103
3437
1108
3558
1075
3492
1096
3508
1095
3594
1062
3528
1107
2641
1108
3518
1080
3553
1092
3488
1093
3566
1091
3491
1077
3531
1092
2056
632
3420
1107
3483
935
3342
1026
3579
1100
3548
1113
3007
929
3463
1118
3534
1128
2347
723
3456
1090
3516
1093
3544
1108
3502
880
3428
782
3606
1092
3639
1095
3520
1118
3571
1067
3435
952
3523
1103
3416
1100
3327
1104
3444
1090
3548
1107
3498
1136
3536
933
3706
1088
3691
1093
3529
973
3453
1097
3624
1119
4235
880
3488
1080
3655
1117
3578
938
3528
1100
3581
990
2278
638
3648
1090
3528
1101
3853
1100
3536
1120
3831
872
3423
1083
2852
1098
3591
1023
3543
1125
3781
1115
3578
1110
3440
625
3616
1110
3764
1097
2017
1102
3691
1083
3516
1100
3520
1123
3799
1105
3674
1095
2036
839
3626
1130
3618
1125
3616
856
3609
1098
3532
1083
3598
1097
3648
1103
3572
865
3708
1150
3473
1112
3453
1092
3578
920
3463
1093
3693
1105
3470
990
3600
1093
3456
1140
3542
1095
3483
1105
3490
1077
3641
1110
3302
10236
3460
1115
3556
1100
2228
676
3679
1085
3651
1014
3668
1100
3575
1113
3787
1115
3608
1125
3611
1080
3447
872
3531
1126
3455
1075
3488
1155
3641
1135
3683
1127
3669
943
3809
1102
2878
10179
3398
1100
3432
1090
3721
1123
3593
1102
3744
1113
3934
1025
2316
669
3678
1120
3610
1052
3741
1005
3513
1105
3922
1093
3731
1147
3683
1097
3606
980
3664
1083
2466
739
3625
1105
3545
1107
3771
1092
3809
1106
3623
1120
3447
1005
2987
10196
3649
1095
3604
1097
3448
1123
3558
1127
3603
8751
3638
912
3620
1110
2918
785
3666
1085
3684
1090
3671
967
3593
1108
3437
1113
3511
1080
3788
1150
3072
875
3603
1103
2599
741
3769
1077
3648
1076
3576
932
3594
1103
3553
898
3822
1111
3573
1095
3619
1107
3523
1090
3709
1098
3556
1141
3585
926
3680
1130
2185
634
3683
1125
3774
1102
3636
760
3573
899
3757
1087
3598
1005
3812
1118
3572
922
3645
1119
3736
836
3708
1076
3465
627
2011
1116
3081
935
3523
1064
3540
1087
3479
957
3580
1108
3694
1150
3731
1019
2202
603
3027
1118
3734
1133
3468
1117
2848
823
3648
1095
3600
1113
3701
1127
3601
1138
3804
1105
3062
952
3664
1122
3673
1107
3786
1102
3656
1113
3111
645
3596
1105
3626
1103
3490
1136
3731
1128
3701
1079
3681
1105
3719
1097
3650
924
3601
1100
3871
1085
2117
639
3713
1103
3796
1135
3591
1087
3590
1125
3707
1095
3582
1115
3076
932
3136
852
3576
947
3631
1110
3519
1064
3706
1037
3744
1100
3626
632
3916
1130
3864
1207
3795
1113
3656
1095
3723
1103
3646
1075
3713
1155
3680
1068
3809
1103
3624
1093
3628
1106
3696
955
3636
1047
3493
1090
3596
1131
3751
1098
3696
1112
3618
1079
3543
1123
2510
723
3039
943
3603
1113
4012
1108
3651
552
3681
1080
3581
1143
3833
1113
3737
1018
3163
1056
3659
1117
3726
1097
3714
941
3536
1135
3613
1098
3586
1093
3789
1073
3721
1105
3658
832
3799
1037
3679
1102
3659
1118
3762
994
3576
1113
3698
998
2971
1131
2126
661
3480
1105
3676
808
3926
1095
3669
1138
3764
1130
3370
1110
3543
1122
3751
1077
3869
1103
3646
1075
3611
920
3766
1093
3907
1115
3625
952
3460
939
3663
1145
3274
781
3814
1113
3534
1122
3558
1122
3543
1135
3586
1130
3475
1137
3763
1110
3443
1100
3526
1077
3663
1108
3051
1112
3566
1100
3656
1088
3646
1124
3403
1016
3578
965
3650
1123
3719
1138
3478
1095
3533
1077
3174
1107
3538
1122
3704
1068
3764
1100
3523
1128
3528
1109
3548
1093
3771
842
3526
1095
3591
610
3495
814
2992
772
3521
1085
3633
1108
3748
1070
3548
739
3448
1063
3495
1077
3442
1097
2225
1132
3454
1087
3661
1095
3518
950
3686
612
3601
1098
3493
1110
3139
1112
3568
1102
3013
820
3669
1108
3478
1099
2903
741
3591
1090
3523
1125
3534
892
3556
1136
2615
824
3601
1098
3646
932
3508
1110
3533
1108
2104
1114
3531
1116
3618
1105
3551
1178
2047
1155
3548
969
3608
1115
2784
1113
3711
1100
3686
1097
3526
1101
3141
1133
3516
1097
3716
1095
3684
859
3556
1113
3535
1132
3788
1095
3560
1060
3651
975
3511
1106
3716
1123
3553
1203
3566
1132
3646
1155
3783
1077
3415
1012
3618
1077
2984
1035
2921
924
3574
950
3075
929
3702
1095
2861
772
3721
1115
3576
1111
3839
1115
3564
1145
3422
1110
3663
1127
3430
1088
3488
740
3721
937
2361
635
3604
1007
3914
960
3704
633
3500
1105
3550
1092
3493
1105
3699
1067
3531
1056
3490
1147
3679
1118
3015
952
3611
1145
3708
1103
3666
9546
3836
1097
3564
1105
3611
1079
2511
1160
3666
1137
3754
1133
3323
898
3806
1120
3889
1147
3728
1110
3601
1167
3423
1093
2189
1148
2885
554
3007
1121
3661
1072
3639
967
3671
1142
3593
1137
3756
1092
3610
958
3450
1105
3879
1102
3503
1095
3468
1098
3801
911
3649
1088
3480
1113
3573
1120
3581
1126
3731
1138
3491
1080
3580
1107
3604
1105
3653
918
3614
601
2050
638
3668
1100
3678
1075
3515
844
3793
1122
3325
1105
3669
927
3568
1130
3548
1108
3586
1057
3054
915
3679
1105
3668
902
3664
1101
3430
1110
4232
1098
