3698
1082
3390
762
3436
1115
3628
742
3586
1100
3528
1115
3488
1073
2641
1140
3491
1089
3468
1105
3401
863
1924
1110
3458
885
3428
1093
3422
1128
3447
1093
3513
1118
2003
656
3428
949
3515
1100
3435
1158
3388
987
3505
1091
3520
1090
3438
1085
2984
1108
3005
605
3414
1092
3475
1125
2308
1130
3445
1106
3486
1145
3472
1030
3458
924
3438
1142
3374
1125
3514
1105
3508
530
3451
1070
3411
1103
3443
920
3518
1002
3428
943
3408
1108
3538
1118
3736
1092
3446
1162
3425
1093
3500
897
3422
828
3461
997
1951
615
1993
595
3383
1018
2608
787
3445
1093
3350
1085
3440
1135
3513
977
3351
9918
3453
957
3548
1110
3896
925
3658
1092
3475
1093
3371
962
3438
1097
3462
1167
3540
1123
2169
1145
2437
1054
3538
1075
1537
1090
3555
1095
3455
1100
3507
1127
3581
1077
3454
1103
1958
952
3378
791
3468
1073
3457
1128
3470
1020
3426
998
3461
1105
3287
1105
3425
1128
3390
1108
3641
1107
3413
1095
3518
1122
3501
979
3483
1090
3430
1092
3356
1087
2260
741
3355
1103
3410
1110
3618
736
3406
1007
2034
1120
3476
1098
3462
605
3530
1087
3410
1059
3568
1088
3456
944
3365
1092
1568
990
3451
1112
2193
723
3631
1035
3488
1115
3598
1117
3583
1095
3656
1120
2311
739
1952
634
3613
1040
3698
1133
3648
1101
3526
1123
2858
1130
2740
1125
3761
1095
3718
1101
3505
960
3816
1110
3846
1087
3505
1105
3436
1059
3498
1069
3451
902
3458
1095
2674
794
3468
1130
3466
673
3536
1120
1987
1110
3526
854
3583
9287
3430
1057
3569
1012
3518
1121
3550
930
3666
1116
3526
1107
3153
1114
3456
1087
3538
1132
3746
1110
2800
946
3709
1017
3417
1093
3292
988
3806
905
3473
1137
3907
967
2144
599
3595
1042
3483
1095
3523
1163
3407
630
3573
1103
3501
1093
3465
1085
3476
1113
3563
1116
2140
1090
3814
1098
3460
1110
3776
1085
3645
734
3485
1097
3426
1107
3733
1110
3571
933
3556
1101
3661
1043
3600
947
3534
1014
3456
982
3598
1120
3481
1132
3719
933
3051
1084
3610
964
3548
634
3663
1118
2979
1138
3654
1097
3498
1077
3538
1150
3589
430
3553
1123
3531
1151
3370
1118
3616
924
3573
1031
3716
1100
3633
1105
3485
1102
3438
878
3758
1101
3486
726
3544
1100
3432
1107
2880
1088
3450
1021
3523
1080
3548
1080
3731
9199
3538
1012
3353
917
3576
1115
3526
1135
2703
821
3413
1133
3722
954
3548
1104
3718
1074
3485
900
3382
1122
3521
1098
3569
1112
3658
1105
3510
1095
3545
938
3413
726
2056
660
2037
1178
3564
1118
3566
1088
3546
1110
3395
1125
2895
1113
3586
1107
3430
1117
2941
969
3514
1098
3530
1127
3513
1111
3450
1117
2973
1040
3413
1127
3485
1100
1986
1037
3631
1093
3531
1128
3491
1101
3574
810
2067
660
3500
817
3574
1165
3495
1113
3546
1140
3639
1105
3533
1145
3513
1108
3243
986
3670
1098
3488
1087
3400
1120
3581
1085
3558
1108
3506
1130
3450
1055
3458
1053
3474
550
3450
1090
3646
1095
2746
852
3485
1110
3586
1103
3575
1080
3633
1105
3573
705
3456
1138
3737
1125
3606
1112
3561
1117
1936
9384
3592
940
3504
1098
3704
1100
3558
1145
3575
1117
3726
1097
3573
1090
3510
1110
3513
1153
3635
1120
3401
970
3536
1082
3414
1115
3423
998
3518
1079
3480
1092
3011
954
2946
813
3438
933
3595
980
3593
1068
3536
933
3654
1080
3636
1105
3478
1095
3478
1092
3495
1108
3443
1040
3538
1107
3426
1091
3518
771
3582
1110
3483
1080
3543
855
3536
1115
3471
1163
3550
1105
3699
1105
3493
1095
3427
1107
2916
1100
3476
923
3531
1107
3696
1117
3633
1110
3573
1125
3033
968
2593
1150
2933
1127
3583
1108
3518
727
3668
674
3689
1093
3274
1132
3634
1133
3594
1090
3678
1105
4049
1130
3420
1005
1959
1103
3621
1095
3608
1135
1976
645
3561
1105
3463
1100
3620
952
3551
1082
3488
1112
2931
933
3356
1077
3539
1125
3631
1109
3559
1045
2853
864
3480
1080
3427
1111
3167
1115
3343
1115
3528
732
3539
1113
2859
748
3619
1024
3545
1023
2040
639
3613
1112
3483
1111
3505
1097
3490
992
3566
1108
3495
10218
3476
1115
3465
1095
3613
1102
1974
1087
3523
1100
3403
1003
3706
1140
3518
1083
3568
762
3646
1090
3510
1095
3540
1110
3598
1165
3688
1109
3405
1122
3603
1123
3675
1127
3565
1123
2043
644
2357
795
2024
631
3623
1107
3603
1142
3465
1085
3558
1000
3681
1089
3085
932
3716
1135
3486
926
3528
1114
2061
627
3518
1117
3563
1075
3520
632
3013
933
3681
1125
3610
740
3603
950
3588
1093
3533
1125
3613
1100
3464
1116
3384
631
3372
982
3458
1100
3433
1100
3523
618
2017
611
3485
1130
3445
1111
3646
1145
3816
1118
3589
1043
3601
1113
3456
1098
3401
1127
3640
892
3348
1085
3445
1108
1909
615
3318
945
3573
1037
3766
1098
3578
884
3478
1105
3104
1142
3538
1093
3543
1083
2094
635
3425
920
3466
1088
2887
936
3548
1114
2539
1105
3631
1115
3466
972
3674
1095
3561
869
3545
1102
3511
1087
3563
9880
3568
1100
3610
1116
3388
1110
3461
936
3540
1122
3483
1114
3541
1120
3478
1158
3684
1099
3395
1107
3874
876
3030
835
3809
1115
3656
1110
3769
984
3764
1079
3478
1108
3413
1085
3606
892
2975
808
3533
1105
3528
1107
3662
1125
3847
1110
3608
1100
3506
1095
3476
1090
3494
1079
3588
1040
3518
1118
3564
1112
3438
1108
3411
1110
2191
1086
3601
1117
3300
1097
3593
1105
3681
1093
2022
622
2010
1130
3549
1080
2758
1132
3481
939
3421
944
3513
910
3551
1037
3562
837
3625
1133
3496
922
3496
1075
3483
1098
3561
942
3613
1131
3678
1123
3550
1095
3653
1088
3087
1085
2161
629
3472
964
3523
1103
3601
1130
3421
1112
3691
1095
3546
962
3573
1075
3526
1098
3481
1102
3423
1083
2798
880
3498
1072
3506
1119
3548
1095
3077
1110
3726
1085
2125
641
2983
680
3271
965
3646
798
3568
1105
3410
924
3426
1075
3540
825
3516
1075
3428
1103
3468
1108
3455
1108
3445
1112
3447
1107
3463
1140
3480
1129
3633
1098
3566
960
3475
1110
3525
1100
3541
995
3722
1097
3422
1105
3684
1122
3581
1135
3653
998
3679
1112
3474
1123
3583
1150
2021
1075
3420
1095
2985
730
3701
1106
3572
1153
3611
890
3568
1092
2062
1073
3478
1111
3321
1028
3558
1168
3446
1112
2053
1128
3456
1087
3471
1135
3491
1088
3591
773
3498
1103
3548
1122
3696
1107
3641
1147
3733
1101
3498
1118
3736
1128
3845
1165
3408
1115
4192
955
3129
1058
3603
1092
3588
1085
3561
945
3678
1098
3437
1080
3669
1097
3571
1105
3476
1022
3540
1117
3666
1100
3471
1085
3673
1103
3568
1145
3536
1130
2053
9809
3531
1110
3676
922
3528
1131
2706
897
3551
1095
2796
846
3726
1107
3796
9655
1997
1128
3410
1092
3660
1122
4334
1110
3581
1093
2287
1119
3726
1125
3561
1033
3478
844
3896
1077
3761
1093
3646
1027
3362
1075
3498
1108
3561
1110
3480
1078
3531
1105
3493
1090
3708
1104
3518
1085
3914
1092
3445
1112
3442
1118
3571
1107
3570
1103
3666
1098
3761
1093
3876
1095
3615
1112
3570
1094
3613
1133
3921
1115
3448
1123
3701
814
3061
764
3515
1078
3641
907
3982
1188
3659
1140
3546
1085
3611
1138
3576
1092
3636
1085
3431
1111
3121
954
3902
1092
3591
1125
3633
1113
3759
677
3707
1105
3653
1098
3643
1102
3523
1095
3593
1078
3505
1097
3954
1104
3525
1113
3501
1095
3493
877
3703
1093
3575
821
3847
1095
3596
859
3644
1145
3746
1129
3719
1125
3585
1088
3551
1117
3634
1112
2133
9451
3851
1125
3796
1088
3501
993
3691
1105
3811
1092
3713
1155
2115
1058
3654
1115
3558
1130
3613
1098
3876
1103
3588
997
3709
1107
2583
739
3578
1091
3768
1078
2247
614
3606
1152
3859
1156
3570
1103
3709
1125
3603
1119
3606
1133
3689
1082
3673
882
3752
1143
3573
1096
3342
1110
3584
1083
3714
962
3794
1105
3390
815
3548
1108
3698
1093
3543
1116
3600
1132
3652
827
3688
1078
3661
958
3653
600
3796
1097
3849
1085
3558
1107
3576
1121
3726
1050
3686
974
3789
1113
3505
1042
1850
602
2773
842
3699
1130
3498
1110
2936
987
3486
1148
3548
1107
3626
1082
3747
1105
3601
1115
3674
928
2160
1123
3681
9710
3744
1143
3501
1163
3518
757
3761
1110
3528
1123
3573
1097
3713
1085
3887
1095
3789
1097
3676
1110
3516
928
3751
1090
3586
1133
3746
1167
3791
1090
3608
1106
3556
1095
3603
1110
3553
1110
3689
1108
2765
797
3573
1143
3731
852
3734
1092
3458
1110
3929
1088
3741
1120
3374
636
3816
1107
3803
1105
3675
1090
3658
1100
3851
982
3797
1130
3566
1067
3485
1125
3719
1104
3737
1080
3689
1120
2973
836
3656
1124
3503
985
3592
1051
3829
1133
3701
970
3676
1103
3571
1117
3546
1108
3303
943
3656
1012
3684
885
3696
1032
3643
1100
3604
1180
3694
1115
3370
1092
3523
952
3739
1120
3646
980
3766
1102
4037
1097
3721
1075
3508
1105
1768
1080
3869
1113
3478
843
3581
899
3603
1112
3768
1115
3987
1105
3599
1097
3661
1121
4004
1117
2425
615
3573
1098
3485
1073
3696
970
3776
908
3828
1118
3372
1090
3974
1080
3698
842
3902
1035
3691
1088
3972
836
3688
1130
3817
1072
3811
1117
3524
1005
3543
1080
3661
1083
3578
1007
3440
1077
3756
868
3576
970
3693
1087
3854
1080
3495
1077
3488
1080
2996
818
3573
1064
3536
1128
3886
999
3518
1101
3686
1195
3071
940
3573
1097
3588
9650
3513
969
3576
1102
3501
1098
3571
1108
3628
1128
3706
1125
3651
1080
3649
929
3646
1122
3505
1135
3618
1115
3551
1090
3490
535
3387
744
3493
1127
3530
1090
3591
1108
3761
1163
3508
745
3677
651
3561
1115
3483
1091
2141
633
3461
1118
3488
1122
3493
982
3494
1130
3494
943
3540
1093
3656
1087
3594
1093
3606
1103
3666
1107
3461
1100
1952
628
3827
1100
3991
1102
3783
1120
3633
1113
2158
837
3516
1093
3465
1085
3035
808
3538
975
2221
1183
3666
1090
3401
1097
3623
921
3490
788
3565
932
3644
1100
3530
1142
3882
1115
3556
1130
3611
1118
3508
1121
3490
1090
3337
1062
3606
1125
3405
1100
3530
1095
3550
1115
2022
1057
3531
929
3669
1065
2555
720
3784
1091
3511
1098
2534
811
3911
1095
3660
1101
3528
838
4297
1102
3591
1105
3576
902
2993
939
3650
1138
3769
1105
3463
1100
3240
1115
3686
1098
3530
1108
2579
787
3549
1095
3583
1098
3571
1126
3631
1103
3520
621
3619
930
3535
918
3906
920
3495
1095
3490
1132
3535
1113
3533
1158
3616
1106
3548
948
3588
1093
3655
1095
2747
776
3899
1137
3710
1103
3615
1135
3525
1090
3672
1143
2230
631
24636
1120
3794
1083
3481
1100
3947
1099
3629
855
3693
1115
3626
1099
3423
9827
2054
645
3478
1118
3666
1093
3679
1105
3611
977
3583
1030
3591
1100
3465
1120
3631
1088
3543
1138
3563
1132
3413
1158
3502
1115
3736
1107
3651
1107
3498
1125
3721
1130
4020
1118
3598
1135
3511
1049
3417
1004
3495
1115
3796
1102
3638
1093
3736
894
3719
1110
3535
1063
3560
1108
3057
1125
3608
1101
3669
1110
3744
939
3450
1122
3385
809
3616
1077
3643
1108
3531
1107
3578
1169
3518
1113
3634
1123
