3493
1052
2332
728
3431
1100
3581
1118
3444
1035
2994
940
3405
1116
2401
1070
3496
1137
3511
1160
3483
673
3425
1155
3488
1100
3486
1102
1890
606
1971
620
3503
1123
3480
659
3486
1145
3045
920
3410
817
1924
608
3558
1122
2167
622
3498
1118
3415
1100
3493
1165
3504
1155
2811
866
1971
1090
3382
1123
3516
939
3418
1103
3481
1168
2771
1128
3483
1077
3462
1112
3448
1117
3514
1146
3448
1127
3631
1080
3493
942
3488
827
3486
1102
3027
1115
3500
1085
3447
978
3468
933
3496
1137
3414
1104
3435
1110
1907
652
3432
1112
2863
1053
3603
806
3481
1100
3424
1100
1888
621
3383
1106
3420
1153
3629
1088
4523
1113
3724
1107
3406
610
2792
887
3735
822
3554
651
3474
1090
3650
1108
3779
1067
1943
1168
3563
1080
1548
1085
3621
1102
3613
1190
3525
1082
3558
1092
3428
1095
3426
594
2802
896
3412
1107
3490
1123
3531
1104
3578
1123
3508
1115
3435
1118
2954
1082
2888
1101
2301
734
3398
1137
3535
1085
3371
920
3436
1113
3570
1088
3498
894
3493
1128
1970
650
3446
1105
3528
1100
2752
896
3636
1097
2021
605
3548
936
3445
902
3504
1101
3681
1158
3447
982
3563
1110
2602
822
3468
956
2369
588
3701
953
3418
1107
3515
1138
3445
1063
3558
610
2587
1107
3458
1115
1897
623
3408
1122
3461
932
2877
1097
3573
920
3541
1101
3661
1148
3561
572
2734
1106
2513
736
3595
982
3568
932
3626
1110
3505
1118
3465
1117
2055
605
3578
1117
3433
1122
3129
962
3596
931
3656
1095
2957
890
3468
1112
2052
1110
2533
1108
3688
1131
3623
1102
2895
1085
3661
1117
3641
1105
3731
1121
3540
1113
3508
1098
3739
1067
3729
1147
3575
1108
3568
947
3382
1043
3466
1140
3688
1129
3556
1123
3525
1120
3648
1130
2918
1118
3243
642
2470
752
2907
849
3462
618
3502
1103
3696
1147
1995
594
3626
1100
2104
1101
3438
1135
3654
948
3596
1135
3675
1120
3186
878
3569
1110
3655
1095
2541
1107
3026
1237
3566
1012
3558
922
2342
733
3438
1125
3598
1125
3656
825
3521
1133
3538
1133
3438
1078
3450
1175
3656
746
3566
1080
3608
664
3598
1102
3523
1158
2935
1122
3521
707
3476
1097
3658
1072
3450
954
3663
1106
3596
1095
3726
831
3683
1085
3488
984
3506
1125
3405
1125
3561
1090
3736
1107
3466
1107
3518
971
3700
916
3551
908
3789
1083
3590
1105
3463
1028
2027
616
3569
1100
3079
776
2517
1112
3601
1120
3466
1130
3444
1195
3566
1087
2052
1112
3541
766
3666
1097
3628
1050
3471
937
3646
601
3522
1097
2893
889
2164
1092
3551
988
3461
1143
3508
1113
2154
580
3494
1090
3436
1111
3478
1115
3496
1098
3651
1057
3483
1090
3538
1098
3430
1128
3456
1090
3452
979
3453
1040
3411
892
3603
836
3576
1113
2158
647
3430
1125
2939
952
3553
1080
3603
885
2602
787
3501
800
3621
931
2152
1103
3674
1120
3721
1087
3393
947
3478
1040
3598
1118
3671
1127
3541
1105
3533
1167
2076
1060
3513
904
3475
1113
3740
965
3581
1113
3543
1102
3694
1126
2515
1087
3553
1120
3583
1097
2320
746
3460
1095
3586
1115
2040
1068
3570
1135
3024
792
3560
943
3590
1087
3610
1145
3407
1122
3510
937
3468
1147
3575
1103
3588
1105
3551
1097
3591
1098
3583
1113
3636
1055
3377
955
3508
1079
3435
1141
3679
1095
2897
951
3606
1035
3458
1080
3478
1127
3530
1211
3594
1130
3486
1108
3691
1075
3676
1083
3545
1081
3426
1093
3611
1085
3709
1115
3468
1100
3448
1158
3433
1050
3646
1088
3586
952
3749
1108
2038
1201
3426
1098
3475
891
3595
1110
3471
1120
3525
1103
3503
1090
3350
1113
3586
916
3583
1077
3416
1095
3478
1112
3611
1102
3440
890
3422
960
3496
1131
1990
648
3686
1186
3580
1111
3503
1103
3486
1095
3595
1117
3524
1107
3330
1094
3536
1113
3583
1120
3528
1100
3398
1100
3606
1087
3458
1102
3441
867
3405
1130
3536
1108
3688
1105
3539
1090
3771
1107
3658
1082
3514
1106
3546
1078
3598
1045
3441
1092
3611
1098
3591
953
3523
1145
3478
841
3987
1107
3608
1117
3478
977
3544
1122
3506
1097
3609
919
3480
1113
3561
1130
3371
1110
3748
1121
3518
1093
3484
1065
3466
932
3631
1105
3643
1153
3520
1141
1967
606
3646
1081
3508
1113
3538
1106
3544
1092
3478
1119
3481
1083
3473
917
3621
1092
3493
1117
3541
1107
3536
1122
3443
1088
2960
1130
2975
928
3478
1120
3538
1128
2128
642
3643
946
3441
845
3501
964
3555
1110
2006
736
3486
1100
3447
1128
3433
1090
3470
1019
3176
880
3786
1123
3420
954
3488
962
3524
1113
2975
926
3658
957
3467
1123
2850
937
3470
1115
3576
1108
3631
894
3536
1061
3593
9338
3508
1092
3530
1095
3458
1082
3616
891
3676
1152
3559
1093
3551
544
3599
940
3196
1031
3193
875
3421
1100
3749
1140
3508
1113
3452
1087
3417
1105
1972
1105
3540
1125
3496
1047
3285
1133
2124
1047
3426
1105
3616
10038
3528
1049
3808
1103
3620
730
3676
1168
3603
1082
3698
1093
2925
707
3465
1105
3445
1123
2878
710
3568
1093
3576
928
3488
1108
3424
1128
3438
10215
3621
1105
3423
1110
3558
1131
3543
1115
3425
1112
3651
787
3563
1155
3616
1078
3826
1102
3475
764
3464
1098
3438
1095
3461
1097
3506
1113
3448
1090
2641
861
3465
1092
3529
1110
3471
1118
2162
607
3576
1100
3390
828
3583
1105
3450
1097
3619
1111
3533
917
3475
1117
3455
1093
3624
921
3481
1155
3558
1090
3485
924
2099
9879
3596
1100
3611
1095
3575
1137
3501
1080
3418
1107
3505
1045
3638
1080
3661
1130
3536
1140
3418
1113
3468
1108
3476
1068
3596
1042
3465
1095
3455
1125
3070
937
3493
1101
3724
10151
3492
972
3663
649
3102
1133
3649
1117
3640
1105
2231
635
3538
1183
3606
952
3460
1115
3561
1110
3264
1055
3397
1107
3448
980
3525
1105
3447
1110
3508
1105
3219
930
3611
1122
3545
1100
3556
1096
3402
882
3613
1102
3600
1097
3392
1112
3501
965
3548
1115
2322
777
3576
1108
3423
821
3661
1108
3545
963
3548
826
3413
1087
3473
1077
3252
1031
3491
970
3473
1080
3488
1108
3629
1111
3508
1098
3593
1088
3721
630
3406
1042
3105
911
3403
1095
2986
968
3500
1030
3521
1125
3556
927
1527
1105
3431
1093
3544
980
3403
1080
3578
1108
3436
634
3636
1125
3515
1110
3623
1093
3393
1095
3465
1090
3551
1142
3509
1120
3516
1078
3433
743
3515
1120
3523
1133
3769
1101
3529
1145
3816
789
3624
1077
3502
928
3706
1107
3664
1103
3608
1098
3729
1136
3521
1151
3445
977
3839
582
3591
1103
3473
1106
2010
814
2851
1108
3416
1110
3588
1105
3555
1100
3573
1096
4355
1160
3548
1130
3652
962
3490
1115
3494
1113
3592
1097
2885
1110
2892
900
3556
1110
3506
1098
2754
1148
3812
944
3690
1120
2853
924
3523
1092
3764
1153
2544
799
3538
1117
3622
1120
3575
914
3528
841
3530
1107
3493
1095
3613
1090
3543
1191
3595
1086
3508
1100
3516
1095
3448
1130
3574
1135
3430
1106
2865
946
3660
1108
2729
1115
3619
1120
3498
1140
3695
1093
3733
1103
3703
749
3721
1103
3606
1138
3768
907
3609
1105
3066
924
3566
1093
3533
914
3877
1088
3427
1118
3666
1125
2801
14021
3641
1110
3541
1083
3631
1133
3641
1097
3716
1126
3470
989
3626
930
3606
908
3713
914
3726
1120
3583
1125
3573
1125
3691
1102
3798
924
3626
1095
3578
1098
3682
1075
3603
884
3631
1085
3641
931
3661
1111
3568
850
3852
1115
1997
617
4095
1120
3751
1120
2957
752
3719
9627
3656
1095
3446
1107
2744
835
3695
1098
3546
968
3601
1122
3604
942
3460
1143
3822
1108
2817
1108
3568
1130
2114
629
3561
1077
3603
1095
3671
1160
3801
1093
4112
1118
3596
930
3738
846
3512
1093
3663
1133
3784
1153
3465
1128
3734
1092
3758
1112
3661
1105
3776
821
3651
956
2135
644
3388
1082
3621
1165
3584
1107
3634
1077
3949
1092
3646
1115
3541
1111
2145
636
3723
1125
3806
1135
3641
820
3536
1110
3734
1097
3646
1132
3368
1193
4047
1114
2656
1125
3691
1145
3746
1105
3553
1072
3642
1135
3711
1113
3742
1124
3654
1095
3656
1125
2189
656
3571
1120
2856
866
2168
607
3631
1090
3403
1125
3716
1108
3736
1097
3626
942
3768
1118
3679
1095
3799
1100
3648
1088
3779
1171
3761
1108
3595
9587
3510
1068
2440
750
3676
1096
3515
1082
3566
1117
3599
1125
3859
1097
3724
1113
2107
1122
2052
640
3393
1121
3714
882
3759
1128
3632
1080
3774
1098
3723
1123
3450
1120
4122
1156
3576
1090
3711
1150
3478
930
3536
1095
3600
1124
3719
1088
3622
1135
3996
1126
3651
1047
3774
1105
3753
1110
3843
1075
3603
1120
3588
930
3742
1147
3533
1088
3498
1120
3598
1145
3739
1115
3561
1178
3807
1088
3949
1135
3560
1113
3681
1047
3570
1075
3655
1102
3681
764
3711
1108
3566
1085
3719
1130
3986
1130
3724
1145
3871
1090
3701
1073
3558
1136
3613
1107
3666
1010
3694
1098
3603
632
3558
1113
1884
1077
3666
1015
3689
1093
3648
1118
3591
1113
3751
1123
2544
9922
3821
1095
3540
1112
3847
1148
3583
1093
3741
1105
3531
9605
3724
1105
3223
1039
3673
1110
3848
1123
3752
1101
3734
1093
3844
926
3791
1152
3899
975
3621
9442
3545
982
3893
1085
3568
1108
3441
1093
3718
1143
3726
920
3829
1110
3723
888
3931
1094
3656
1139
3565
1100
3581
885
3404
978
3231
1107
3478
1085
3455
1102
3588
1130
3516
1100
3097
1113
3523
1079
3624
1080
3631
1090
3598
1093
3490
1113
3508
1095
3490
971
3526
1120
3483
1106
3596
997
3588
1090
3576
1092
3746
9675
3628
1093
3679
1097
3586
1138
3659
830
3581
1103
3605
1093
3779
1195
3757
1113
3574
1112
3498
616
3541
1074
3683
869
3668
902
3373
1127
3512
1105
3505
9359
3486
1106
3470
1112
3794
1082
3741
1142
3603
1102
3588
1140
3418
1113
3448
1105
3613
1105
3623
985
3603
1098
3638
926
3498
1092
3566
1085
3643
783
3516
1113
3532
1105
3599
777
3445
1163
3571
1098
3716
1105
3609
1105
3991
1093
3555
1217
3488
1080
3518
1122
3363
1061
3521
1127
3611
1118
3581
1130
3658
1112
2033
1105
2816
786
3744
1095
3418
969
3560
1101
3478
950
3588
1095
3510
1100
2056
622
3694
1115
3579
1083
2722
11771
3069
918
3613
1193
3548
1140
4116
820
2553
793
3178
930
3043
819
2599
849
3656
1092
2845
772
2999
1125
3727
1123
3620
1110
3508
891
3636
531
3636
1095
3608
1094
3521
1092
3661
1112
3455
1070
3753
995
3468
1095
3600
1072
3782
849
3375
1025
3443
1087
3887
1087
3599
957
3575
1070
3684
1100
3716
795
3796
1100
3636
1147
3260
898
3579
1123
3588
1105
3660
1097
3458
1135
3863
1100
3867
793
3718
1112
3196
929
3168
819
3572
1095
3514
1107
3736
1135
3530
1098
3646
1119
3058
1115
3708
1110
3651
1105
3828
1082
3428
1115
3666
939
3555
1108
3523
1100
3550
1112
3634
741
3518
1101
2178
642
3576
942
3643
1133
3626
968
3891
1115
3785
1158
2170
622
3755
1115
3556
1112
3631
1058
3588
693
3806
1092
3604
912
3566
1080
3761
1087
3541
1102
4042
1082
3882
1098
3715
970
3796
1080
3478
1092
3583
1108
3546
1111
3633
1108
3678
1103
3148
920
