3505
1105
3531
762
2324
734
3626
1095
3445
980
3468
1119
1897
606
3518
621
3426
1022
3453
980
2728
916
3536
1181
3511
1083
3441
1123
3416
889
3405
580
3415
1102
3643
551
3458
1127
3491
1112
3554
1122
3396
1112
3426
1113
1892
608
2899
539
3491
1122
3425
1093
3433
1095
2915
1122
3666
1145
3486
1107
3391
1100
3483
1093
3481
1182
3481
1075
3512
1113
3440
1120
3458
1121
3430
1100
3493
1130
3554
1114
2751
1103
3546
1083
3629
1168
3515
671
3548
1158
3677
1120
2978
936
3515
1093
3483
1102
3443
1228
3554
610
3542
781
3467
9674
3531
1087
3538
1113
3388
985
3408
611
3468
789
3418
1107
3511
1090
4363
1090
3579
1118
3703
1092
3438
1087
3415
1110
2609
611
2169
787
2981
872
3566
1132
3756
1125
3553
1083
3616
1045
3460
886
2985
1082
3513
1120
3568
1077
3420
929
3514
565
1919
600
2837
1113
3500
1112
2536
748
3466
1110
3599
1098
3516
1123
3415
1082
3573
1107
3458
1130
3473
1098
3498
1095
3446
1089
3559
1080
3493
1126
3413
1073
3468
1195
1967
1138
3438
1109
2580
831
3485
1077
1976
1093
3576
591
3533
1104
3674
1085
3574
1145
3523
1168
3473
1135
2773
10020
3485
1142
3463
1125
3731
732
3428
975
3435
928
3461
1115
3473
900
3550
606
3425
1107
3378
1127
3455
613
2298
1120
2311
723
3529
990
3786
1116
3503
1130
3646
1112
3481
562
3548
1140
3593
1118
3613
9709
3576
1125
3556
1048
3498
1105
3498
1097
2214
847
3401
1128
3505
1105
3706
1145
3925
978
3500
1108
3543
1123
3796
1165
3646
1082
3463
1017
2965
734
3641
738
3604
1110
3575
1107
3686
875
3538
1075
3553
1087
3548
1120
2733
1085
3611
1153
3721
1095
3453
1083
3460
972
1949
1120
3483
1100
3288
1107
3354
1062
3659
1087
3498
1075
3827
1103
3576
1098
3492
1082
3744
965
3478
1115
3636
1105
3545
601
3543
1089
3566
625
3548
611
3498
949
3719
1105
3726
1110
3089
785
3436
957
3757
1093
3616
1095
3473
1027
3732
1066
3441
1097
3611
1095
3560
1077
3572
1120
3644
1105
3441
1115
3543
900
3285
1037
3521
1072
3505
1110
1972
1100
2677
809
3749
1128
2435
1112
3503
1082
3400
807
3513
1138
3521
1100
3019
1080
3634
1087
3724
1047
3691
1098
3529
1087
3378
1016
3502
930
3640
1118
3630
10070
3458
1159
1866
1098
3548
952
3611
1118
3433
1113
2979
830
3583
1112
3836
1113
3481
586
3488
1113
3538
1075
2478
834
3619
940
3618
8483
3596
946
3458
924
3588
1085
3516
672
3738
1100
3578
1082
3446
1121
1961
623
2967
1093
2726
937
3583
1097
2061
1050
3628
1015
3573
1122
3563
1098
3581
1092
3473
1035
3558
1111
3450
1073
3472
1107
3586
1120
3463
965
3360
1102
3462
1120
3599
1105
3433
970
3433
1106
3548
1000
3413
1110
2176
659
3636
1102
3406
1005
3593
1090
3546
1057
2523
930
3646
849
3455
1118
2248
685
3285
952
3470
1020
3561
1090
3711
924
3448
1100
3481
1143
2539
1107
3579
1123
3593
1107
3423
1108
3734
1108
3533
949
3593
1095
3445
1082
3398
1110
3473
915
3388
1092
2625
1031
2281
720
3558
1118
3498
1093
3578
1105
3558
1115
3713
1038
3581
1100
3578
1075
3518
1097
3478
1082
3035
934
3586
1070
3541
1128
3608
1088
3420
1113
3504
1131
2858
1131
3538
1100
3581
1133
3476
1077
3588
1149
3518
1110
3443
1110
3348
1116
3066
930
3440
1102
1982
630
3523
1121
3466
1081
3096
1142
3641
1119
3519
1125
3484
932
3558
1133
3546
918
3443
1140
3491
1108
3836
1113
3550
956
3693
1110
3523
1095
3663
596
3471
1105
3569
1140
3604
997
3621
1120
2885
1113
3526
1111
3533
1105
3669
1105
3540
1061
3423
1090
3583
1100
3676
1082
3465
929
3556
1125
3432
1125
3445
1090
3535
1087
3488
1103
2501
1097
3044
926
3052
1100
3473
1090
3601
1014
3879
1080
3468
1100
3651
1107
3473
1013
2865
887
2940
757
2824
905
3566
1132
3502
1091
3593
1120
3623
1105
3726
1123
3603
1088
3158
829
3817
1100
3644
1135
3505
1133
3432
631
3471
1117
3486
736
3503
1125
3483
1083
3511
965
3591
1110
3470
1132
3443
1095
3485
977
3446
1116
3651
1132
3403
1123
3180
920
3630
1130
3410
1100
3528
697
3654
924
3543
1105
3491
1105
1942
9823
3689
1083
3538
1092
3506
1002
3450
1095
3481
1063
3445
1115
3423
1108
3570
1107
3453
1098
3565
1180
3600
9798
3500
1052
3428
922
3450
1115
3553
1128
3423
935
3581
640
3391
943
3396
1099
3383
1098
3598
1105
3701
1093
2034
1108
3468
1097
3536
1095
3764
1100
3508
1118
3623
1145
3576
1080
3524
647
3834
1118
2989
924
3687
1122
3473
872
3563
1120
3403
1076
3455
1132
2053
1110
3610
1117
3430
1100
3442
1040
3686
1108
3535
1098
3436
920
3564
988
3521
1114
3546
628
3452
1083
3533
1035
3463
1121
3483
1110
3566
864
3621
1135
3473
907
3569
1095
1966
631
3521
1097
3460
1123
3546
967
3586
1092
3425
1106
3704
1025
3813
1023
3603
1086
3560
1097
3573
1080
3386
1103
3549
10121
3540
1128
3152
942
3550
1110
3465
1083
3646
948
3668
1143
2958
1145
3501
1110
3471
1120
3650
1148
3483
1085
3445
1108
3445
1098
3461
1116
3689
937
3965
1120
3513
1130
3718
1105
3657
1019
3629
1110
3576
960
3455
1070
3628
962
1804
1123
3528
1168
3636
1118
3451
1100
3410
1097
2093
605
3526
1089
3415
1117
3476
1105
3530
1098
3834
1120
3536
1128
3491
1102
3545
1014
3578
936
3413
1113
3564
1152
3548
1125
3510
1125
3792
1040
3538
1106
3673
1122
3458
1105
3458
916
3533
1080
3478
1084
3691
1103
3398
1125
3406
595
3430
1095
3568
1110
3456
1102
3013
1130
1951
675
3036
926
3498
955
3739
1140
3523
906
3461
1088
3475
733
3486
1080
3678
1120
3735
645
3566
949
1992
1052
3501
954
3581
1095
3425
1071
3448
1138
3513
948
3630
1117
3485
1123
3558
920
3615
682
3503
1130
3691
1125
3559
1092
2770
918
3604
1130
3461
1108
3416
1128
3510
1093
2996
1093
3436
746
3521
1064
3393
1113
3403
1082
3478
934
2933
944
3599
1119
3561
1092
3403
1105
3603
1083
3460
929
3611
1107
3191
956
3578
1113
3541
1075
2487
719
3586
1088
3466
932
3403
1192
3471
935
3625
1082
3596
1033
3553
1118
1540
8699
3693
1117
3463
918
3542
1098
3496
1098
3395
1095
3553
1083
2697
848
3496
1102
2956
933
2868
768
3456
1097
3595
650
3478
1090
3488
735
3378
1115
1974
1110
2147
632
3858
1082
3140
1092
3616
1123
3736
1110
3688
1074
3512
1082
3723
1100
3621
1110
3516
1122
3546
1105
3710
938
3418
957
2745
9752
3599
796
3868
1075
2978
755
3578
1095
3593
1113
3687
1185
4303
1077
3288
1026
2876
978
3646
1087
3609
1110
3703
1093
3525
1107
3483
1105
3594
1102
3548
1116
3434
1128
3732
873
3580
1090
3630
639
3470
1107
3481
402
3441
797
3508
1175
3579
1088
3586
1155
3836
844
3450
1075
3598
1073
3498
1100
3586
1091
3450
1127
3693
9840
3495
1095
3809
944
3414
1087
3546
794
2979
915
3781
1117
3626
1115
3478
1175
3560
561
3643
1138
3623
1098
3901
1093
3538
1103
3593
972
3758
1113
3789
1117
3623
980
3508
1110
3448
1113
2969
1125
3631
1087
3583
1138
3686
1118
3525
1108
3090
793
3706
1082
3781
1105
3964
1147
3523
1145
3062
1103
3664
1116
3736
1127
3540
1080
3804
1112
3525
1095
3635
1136
3689
1100
3712
1148
3643
1112
3759
1108
3561
1092
3604
933
3541
1093
3563
1140
3764
711
3451
1145
3641
882
3859
1104
3276
928
3704
1090
3553
943
3789
1108
3468
1095
3659
853
3922
1125
3568
1113
3618
1148
3087
840
3763
1103
3621
1130
2995
1126
3741
1109
2039
662
2873
842
2236
632
3744
1118
3601
945
3744
1110
3565
1094
2515
712
3600
1076
3909
1092
2099
634
3774
1088
3809
908
3138
964
3569
1093
3531
1085
3521
1193
3719
1098
3654
1018
3055
821
3550
1073
3636
1115
3481
1087
3762
954
4067
1118
2291
1112
3646
1098
3756
1075
3750
1117
3585
1092
3671
1110
3455
1095
3656
1087
3729
1080
3814
1127
3834
1004
3693
1077
3703
691
3623
1108
3674
1110
3729
1102
3496
1091
3538
842
2094
635
3616
1113
3531
1092
3705
1152
2154
629
3513
1100
3631
1110
3704
1043
3636
929
3539
976
3532
990
3751
1092
4032
1132
3616
1097
3654
1120
3934
1102
3565
1125
3738
595
3796
1098
3526
1095
3443
1098
3741
9464
3001
1093
3538
942
3536
1108
2355
609
3818
1080
3648
1110
3725
1093
3506
1130
3576
1092
3591
1128
2092
628
3571
1125
3653
925
3747
1122
3608
1100
3736
957
3466
1112
3711
1098
3576
1105
3766
939
3716
1093
3831
1100
3658
1084
3774
1095
3678
1087
12313
982
3611
1115
3763
1108
4053
1143
3576
9750
3596
909
3573
1095
3716
1130
2566
752
3576
853
3573
1122
3616
1097
3786
1138
3661
877
3573
1103
3821
1100
3726
1099
3821
1090
3638
940
3091
918
3591
1123
3788
1088
3548
1113
3623
1113
3504
1148
3712
633
3706
1115
3669
1117
3613
1122
3696
1110
3696
1098
3722
1086
3604
1148
3588
1077
3806
1122
3468
935
3553
1117
3793
1107
3811
1115
3714
1112
3458
1095
3744
1042
3613
1047
3658
1111
3673
1097
3731
1090
3531
1111
3741
956
3734
1099
3516
1097
3851
1136
3631
1103
3613
1090
3636
1120
3759
1115
3606
1130
3480
1085
3336
885
3801
1128
2973
761
3658
1103
3620
802
3223
825
3844
1095
3633
1085
3543
1132
3696
1087
3588
1148
3430
1120
3892
1123
3488
1115
3561
1125
3450
1145
3684
1115
3395
952
2927
936
3613
1111
3599
1123
3628
1128
2906
920
3481
1115
3561
1128
3045
1093
3581
1132
3541
1140
3580
1143
3719
1126
3581
1117
3661
1103
3528
1080
3540
1107
3413
1158
3623
1105
3531
1123
3814
1050
3447
1085
3410
1095
3528
1095
3578
1068
3485
927
3376
1112
3714
1110
3453
1115
3701
985
3456
1080
3526
1098
3495
1083
3583
939
3971
1128
3073
753
3375
1122
2095
1116
3540
1085
3169
949
3618
1129
3678
1107
3475
1107
3520
1093
3495
1118
2937
924
3535
1115
3626
772
3488
1107
3721
1130
3603
1060
3503
1095
3554
1002
3461
1118
3051
1110
3433
1123
3534
1112
3501
1103
3590
1097
3753
1110
3490
892
3942
1112
3455
1115
3442
728
3881
1128
3588
1107
3506
1085
3684
1113
3521
1179
3566
992
3945
1098
2910
719
3621
945
3445
935
3641
1143
3553
796
3797
1020
2770
1065
3854
1080
3611
1120
3586
1135
3453
1090
3936
1132
3490
831
3611
1108
3634
1121
3628
1141
3586
1102
3784
1112
3623
1130
3623
1120
3476
1028
3009
912
3663
1088
3608
1140
3127
1118
3613
1108
2584
811
3631
11236
3069
1110
3079
812
3686
1103
3643
1115
3621
976
3510
1092
3603
1108
3736
956
3929
1108
3623
941
3433
809
3796
1113
3585
1084
3431
1102
3528
1097
3747
1113
3663
1130
3713
1136
3505
1096
3508
949
3638
1120
3598
9763
3542
1052
2971
1098
3414
1133
3726
1090
3548
957
3614
633
3458
1108
3538
792
3030
916
3574
1094
3757
967
3598
625
3616
1095
3570
1083
3847
1143
3673
889
3698
1110
3874
1004
3723
1112
3185
1100
3556
1139
3668
1128
3768
1127
3661
1092
3737
1122
3508
1077
3520
1113
3561
1140
3485
1112
4021
1110
3573
987
