3500
1090
3448
1138
3886
1153
3530
1081
3493
1095
3424
1098
3441
929
2767
829
3426
1173
3548
1130
2277
774
3764
1102
3501
1110
3417
1115
3583
1079
3563
1108
3455
1100
3432
959
3478
1096
2886
914
3523
1100
3408
930
3502
1122
3420
610
2347
763
3431
1114
3591
1100
3548
972
2375
740
2022
1100
3383
1113
3599
1163
2775
867
3471
926
3513
1120
3498
806
3403
1135
3400
1138
3456
1180
2887
875
2718
1112
3461
1078
3478
912
2038
608
3413
810
3668
1101
3710
1118
3452
832
3521
1117
3445
729
3231
986
3540
1003
3596
748
3523
1125
3436
1138
3438
1105
3649
1155
3472
1118
3549
9823
3551
1099
3512
1097
4334
1117
3510
854
3573
970
3502
1130
3478
949
2300
757
2921
632
3533
910
3688
1085
3505
1090
3407
1118
2422
1105
3485
885
3586
1117
3555
937
2813
803
3410
1105
2892
1080
3440
1098
3468
1170
3219
1112
3413
1027
3494
987
3453
1098
3483
1103
3530
1085
3521
1110
3513
1115
3571
1102
3417
1110
3490
728
3530
1080
3413
1098
1933
608
3618
843
3418
1075
3382
1108
2706
872
3613
1045
3538
1105
3528
955
3563
1093
3555
1115
3536
1120
3480
891
3485
1113
3453
1095
3484
1111
3809
1107
3596
1107
3623
1095
3533
1132
1947
1113
3448
1092
3413
978
3425
1101
3446
1097
3453
1121
3544
863
3578
1112
3498
945
3513
953
3651
1107
3468
1107
3473
960
3528
1125
2254
627
3611
1097
3486
1088
3604
1102
3406
1111
3618
980
3558
1090
3418
1107
3666
1127
3726
1066
3623
1155
3614
1097
3498
906
3365
1059
3400
990
3536
889
3501
1115
3361
1127
3475
628
3486
1107
3580
1090
3581
1123
3458
1137
3075
895
3720
1132
3360
1057
3692
965
3484
10248
2965
712
3418
1110
3525
1098
3603
1090
3638
9636
3534
1113
3605
1100
3531
1120
3407
684
3573
905
3551
1087
3463
1115
3615
1137
3445
1146
3539
1118
3513
1123
3547
1043
3623
574
3622
1115
3586
1095
3696
1095
3533
641
3748
1112
3739
1098
3650
1101
3590
1100
3681
1125
3681
1093
3645
880
3057
1125
3455
1060
3583
1113
3722
968
3595
795
3559
1093
3546
1160
2131
1121
3618
1102
3448
1108
3531
1130
3531
1277
3508
934
3508
1057
3526
806
3511
1085
3521
1113
3601
940
3143
1097
3839
1128
2655
839
3493
1137
3456
1080
2993
1123
3473
599
3181
894
3473
1105
3505
9985
2763
844
3092
937
3458
1045
3852
1047
3571
981
3458
1110
3553
811
3561
1140
3195
1092
3585
1099
3538
1127
3550
1115
3123
817
3505
1130
3678
572
2909
1175
3473
1153
1911
613
3520
967
3460
1100
3488
1112
3450
1008
3511
1109
3511
1075
3461
1133
3237
1088
3458
967
3280
1108
3658
1092
3108
930
2963
1094
3448
1032
3524
1100
3421
1105
3442
1132
3538
1093
3428
1083
3495
1078
3493
1115
3493
1103
3468
1090
3558
957
3716
1077
3488
1033
3495
1093
3510
1105
3564
1082
3403
1108
2521
1092
3109
748
3634
1113
3702
1118
3496
1105
3456
1110
3596
1116
3573
1090
1935
602
2002
619
2961
929
3471
1120
3596
1087
3579
1120
3605
1098
3666
1094
3525
1133
3453
1122
3594
1095
3584
1114
1888
602
3583
1082
2777
844
3493
1090
3441
1095
3593
634
3616
984
3676
1077
2887
954
3505
1024
3493
1145
2726
1110
3438
1002
1995
633
3636
787
2914
1103
3465
1107
2353
729
3049
1004
3471
995
3608
621
3478
1091
3638
1119
3628
1108
3803
1107
3602
1105
3721
1100
3588
1108
3460
1108
3508
1105
3504
1125
3425
1115
3496
934
3452
1085
3506
1095
3751
1178
3458
1101
3183
1115
3478
1121
3626
1150
3515
1127
3543
1061
3674
1107
3806
855
3621
1040
3423
1075
3340
1097
3641
951
3415
1151
3636
1102
1923
619
3563
1125
3505
1076
3445
1112
3575
1092
3663
1123
3461
1076
3405
1097
3609
1097
3526
1095
3704
1000
3405
915
3638
1135
3470
1110
3576
804
3501
1158
3523
1121
3604
931
3559
1092
3546
1092
3538
806
2553
879
3648
1120
3521
1160
3438
1153
3478
1087
2924
1138
3633
1135
3578
1118
2981
1136
3551
1111
2090
651
3621
739
3618
1092
3438
863
3588
827
3774
1120
3596
1115
3423
1108
3561
1121
3618
1110
3666
984
3679
1143
3485
1098
3569
1080
3473
1131
3393
1130
2899
904
3531
726
3500
1138
3639
1105
3734
1115
3287
872
3636
1115
3458
1122
3565
1110
3511
1075
3488
1107
3506
1107
3543
1128
3219
1093
3563
916
3498
1108
3576
940
3425
941
3468
1135
3433
1108
3605
1110
3743
936
3410
1115
3415
1053
3652
1113
3534
1040
2031
1110
3565
1108
3483
1030
3578
973
2668
1112
2179
637
3648
1082
2091
1097
3508
1089
3475
841
3848
1012
3808
566
3581
1110
3475
1105
3475
839
3513
540
3536
1002
3433
1105
3418
990
3596
1099
3458
1100
2026
7152
2653
1110
3975
1124
2186
623
3595
1132
3466
1080
3423
949
2066
1123
2587
650
3516
1097
3521
1080
3508
1054
3485
1111
3671
1102
3386
1125
3513
1128
3536
1110
3571
1105
3656
983
3748
1109
3746
1110
3548
1096
3545
1082
3445
836
2053
1103
3480
1108
2914
818
3345
1108
3593
1080
3430
1125
3435
1110
3526
937
3513
1088
3475
1123
3535
1096
3558
1140
3562
1093
3466
1063
3631
944
3523
1080
2524
758
3704
1115
3430
634
3751
1021
3435
1117
3493
1103
3648
1110
3450
1120
3436
10710
3496
1122
3466
1141
3526
1097
3378
1127
3586
1100
3518
1100
3636
922
3598
1147
3510
1120
3435
1110
3510
1023
3458
1143
3410
1127
3443
1072
2414
736
3501
1112
3486
1123
3580
1103
3540
1109
3698
1180
3801
1103
2961
1090
3498
1098
3589
1117
3601
1117
3103
1148
3556
1112
3556
865
3453
1120
2874
1107
3508
1064
3516
993
3528
1140
3689
1118
3656
1118
3604
1100
2970
896
2606
845
3518
1042
3578
1092
3818
1150
3693
1102
3781
1123
3569
1062
3678
1120
2138
1117
3581
1102
4002
1113
3455
1103
3463
1123
3513
1102
3761
1105
2093
1107
3468
1117
3614
943
3503
1117
3476
920
3388
1105
3204
1098
3518
1122
3403
1105
3734
1140
3443
742
3609
968
3456
1122
3698
1087
3525
1096
3456
978
3560
1125
3551
1093
3578
1105
3465
1103
3400
864
3533
1088
3564
1141
3043
931
3591
1090
3619
1107
2528
1092
3606
1023
3530
1098
3453
972
1963
1091
3375
1100
3506
1097
3466
1111
2505
1169
3623
938
3636
1084
3568
1118
2116
614
3621
932
3446
848
2068
1096
3511
1107
3441
1118
3458
997
3543
1107
3323
1138
3532
1054
3458
1070
3478
622
3747
627
3502
946
3718
1095
3791
940
3913
916
3538
960
3554
1108
3370
906
3533
1175
3526
1108
3578
1080
3596
978
3446
583
3513
893
3496
566
3456
1095
3556
1085
3515
1107
3481
1138
3588
9614
4282
1095
3781
1049
3293
1095
3719
1092
3546
1106
2937
1117
3423
1133
3431
1162
3656
1094
3558
904
3482
1120
3195
1125
3520
1095
3511
749
3050
909
3896
1047
3430
1137
3692
1118
2361
922
3513
1118
3722
1123
3481
1115
3556
1095
3486
1027
3464
1108
3495
1095
2725
1103
3638
1152
3578
1100
3529
1093
3022
814
2334
743
3571
1104
3571
1097
3599
1130
3776
1117
2110
1113
3025
1142
3821
1123
3653
1105
3674
1101
3639
1100
2506
733
3535
1120
3533
1099
3715
1016
3513
1095
3408
1095
3623
1080
3808
1139
3523
1097
3480
1038
3618
952
3540
1108
3649
1102
3408
1060
3676
1113
3812
1093
3559
1110
3678
1077
3658
914
3891
1140
3570
920
3525
1113
3674
1115
3714
1108
3526
1111
3651
1102
3320
946
3673
1120
3558
941
3556
1098
3574
1079
3548
1137
3062
902
3606
909
3619
1138
3708
537
3671
1108
3538
1121
1988
829
2085
631
3997
1110
3698
1105
3751
1100
3534
1095
3042
1108
3661
992
4004
964
3555
858
3554
1080
3801
1110
3737
941
3441
967
3949
1108
3756
1112
3553
738
3543
1093
3746
1075
3679
1110
3679
1118
3776
833
3488
1098
3641
924
3816
902
2148
1123
3542
1012
3534
1037
3120
951
3556
804
3716
1121
3731
1097
3151
924
3703
1130
3808
1102
3653
990
3492
1097
3608
9388
3650
1090
3704
1122
3538
987
3831
1110
3704
641
3508
1120
3736
1127
3691
1080
3661
1120
2823
760
3060
798
3619
1088
3623
1118
3612
1109
3633
1103
3709
1110
3844
1111
3500
1097
3381
942
4006
1133
3641
1083
3435
550
3682
1087
3801
898
3596
1093
3598
723
3583
1108
3503
1115
3726
1123
3971
1111
3786
1067
3670
744
3873
977
3688
1095
3536
1115
3694
1120
3774
1092
3680
1097
3665
1133
3751
629
3521
1128
3603
1122
3672
918
3639
1095
2961
920
3777
1035
4102
1095
3551
1110
3498
1083
3204
950
3799
1095
3616
1140
3683
1110
3683
1127
3297
931
3926
1017
3721
1125
3553
1000
3538
1121
3789
1097
3773
1102
3701
1085
3616
9507
3522
1097
4107
1108
3575
1111
3661
808
3564
1110
3526
939
3701
1095
3853
1120
3684
1107
3708
1120
3658
1083
3896
980
3644
1094
3064
1120
3631
1095
3736
987
3528
918
3528
1133
3570
1100
3874
1115
3892
980
3503
1153
3528
1029
3971
1115
3681
1093
3844
1054
2571
727
3676
1079
2456
653
3761
1125
3691
1067
3726
878
3616
1106
3997
1105
3594
1118
3686
1103
3523
1122
3841
1171
3656
1183
3676
1093
3616
1105
3606
1107
4087
1095
3736
628
3530
1075
3682
1044
3596
941
3694
1108
3614
1073
2102
641
3526
1147
3570
1078
3498
1138
3767
1143
3505
1092
3667
1107
3959
1090
3700
1110
3495
1100
3659
1132
3576
1122
3731
1112
3578
1110
2644
817
3145
1132
3676
1135
3568
1120
3459
1050
3498
1113
3579
975
3339
1073
3506
1113
3560
1098
3485
1100
3311
1119
3480
1130
3608
1128
3579
1150
3463
1082
3771
1095
3625
1136
3420
1110
3631
1122
3907
1015
3458
1125
3869
1087
3151
1107
3646
1117
3608
614
3470
1100
3432
1108
3568
1094
3285
1026
3608
1118
3628
919
3368
992
3458
1145
3437
1085
3749
1108
3608
1100
3553
1087
2175
636
3402
1097
3528
1112
2840
833
3531
1113
3726
1042
3059
816
3574
1105
3615
1090
3569
931
3360
743
3621
1093
3742
764
3285
1075
3530
1106
3661
1120
2986
945
3495
1009
3793
828
2062
980
3698
1134
2537
820
3763
1100
3420
1095
3628
1020
3508
1097
3904
1035
3578
1102
3446
1102
1941
611
3563
1098
3699
914
3565
1107
3485
1122
3611
632
3543
1092
3480
1120
2536
732
3716
1038
3538
1100
3598
1098
3787
1105
3598
1055
3731
1105
3558
1130
3415
1040
3711
866
3403
1101
3568
1070
3919
1105
3536
1093
3584
1120
3498
1118
3646
1110
3659
1105
3734
1118
3581
1105
3559
1113
3678
1064
3519
1130
3513
1101
3568
1108
3698
1138
3727
1116
3493
1088
3668
1085
3563
1085
3604
1112
3614
1108
3643
1093
3598
1082
3668
1128
3670
1072
3441
1020
3069
924
3501
1122
3603
1150
3644
1105
3606
1105
3451
1112
3676
1015
3608
1110
3620
1062
3385
1017
3521
1093
3633
1079
3611
1030
3561
1118
3598
1160
3661
959
3663
1118
3510
1103
3470
1095
3809
1050
3851
1077
3676
1112
3721
1123
3684
625
3528
1088
3728
1098
3523
1088
3721
1088
3886
1100
3551
1113
3716
1085
3604
1115
3678
1090
3673
1080
3709
1093
3869
1106
3670
1115
3713
1142
3855
1104
3588
1128
4006
1106
3436
1105
3831
977
3501
1085
3631
1085
3525
1100
3711
1118
3538
1093
3665
1083
