2901
933
3380
1125
3658
1123
2971
982
3426
952
3651
733
3463
1127
2738
843
3380
9123
2738
744
3224
1066
3490
802
1944
615
3508
1108
2780
876
3531
1163
3633
1098
3548
1056
3508
1110
3528
1092
1952
615
3413
1092
3496
1092
3438
1107
3383
747
3435
1119
3403
1092
3596
1167
3418
934
3398
1078
3418
907
3485
1007
2721
905
3663
1118
3498
1093
3435
9795
2886
936
3370
1089
3420
1075
2764
792
3465
1110
3493
1111
3273
1052
3864
610
2786
795
3518
1045
3559
1145
3514
954
3461
1098
3413
1120
2047
1013
3463
1119
3418
761
3496
1198
3633
910
3335
1128
1988
603
2990
988
2320
737
3568
1103
2816
907
2994
1090
3589
965
2705
727
3423
1128
3538
1100
3466
628
3624
1106
3405
1085
3471
1107
3498
1138
3652
1123
3867
1058
3481
1093
3536
1135
2833
894
3752
1118
3503
1077
3450
1083
3528
1105
3576
791
3455
807
3428
931
3500
1121
3578
1113
3390
1112
3603
1100
3473
1097
2912
932
3446
1128
3390
1110
3525
1077
3500
1105
3490
1133
3412
1108
1966
875
3433
1107
3511
1138
3505
1119
3418
1103
3616
1042
3546
1050
3558
1135
3458
1122
2059
1130
3625
956
3473
1092
2885
1072
3564
1127
3709
931
3533
1146
3438
1105
3686
1120
3503
1103
3438
1105
3417
1113
3390
1107
3490
1145
1928
619
3556
793
3573
1133
3460
1087
3488
1113
3601
918
3528
926
2095
624
3586
815
2091
630
3580
1102
3914
1108
3499
1114
3518
1120
3464
925
3525
1105
3478
1108
3047
924
2935
1145
3548
1107
3445
1122
3378
939
3613
1026
3518
1130
3480
1103
3786
1090
1988
614
3468
645
3613
1105
2506
1095
3936
1107
3448
1123
2128
1085
3017
933
3224
1057
3716
1137
2300
1081
3502
1100
3394
611
3578
1103
3157
946
3591
1108
3460
1100
2844
933
3636
1120
2336
1075
3378
1112
3555
1115
3573
1201
3726
1072
3521
1123
3518
1103
3525
912
3261
1073
3711
1093
3619
1103
3601
1105
3600
1123
3001
842
3804
1061
3505
1095
3601
1107
3536
1052
3680
1130
3701
1131
3495
1145
3711
1185
3495
922
3640
1107
3525
1128
3448
1101
3606
1117
3481
952
2062
1092
3002
918
3538
1035
3606
1113
3471
1100
3452
1088
3015
928
2599
815
3515
1090
3592
1103
3765
940
2993
9983
3673
1115
3420
1097
3516
1068
3613
1085
3471
1117
3435
1105
3485
954
3533
1127
3558
1097
3636
1118
3616
1117
2964
932
3358
1107
2969
1168
3516
1120
3693
1080
3478
1092
3693
1106
3530
1115
2892
724
2123
639
3799
1138
3511
1100
1955
615
3661
1100
2007
634
3438
1057
3629
1087
3503
9669
3592
1057
3681
884
3584
1091
3583
1125
3498
1123
3440
1077
3472
1055
3603
1085
3420
1117
3606
963
3433
1095
3425
949
3001
938
3508
1115
3468
1108
3546
1135
3558
1115
3626
1097
3455
1115
2727
1132
3576
1123
3425
964
3558
1083
3618
1080
3703
1105
3528
1115
3623
1055
3604
1120
1922
668
3431
1115
2752
894
3503
1175
3533
1112
3516
1105
3541
1133
3618
865
3531
1143
3511
630
3478
1100
3438
1047
2443
750
3558
1090
3332
920
3423
1000
3583
1105
3453
1092
3558
1105
3822
793
3493
620
3844
1147
3501
1118
3466
1095
3576
1060
3545
653
3483
634
3613
1106
3555
975
3435
1098
2861
848
2719
747
2934
918
3438
819
3534
1091
3611
1092
2901
935
3633
1095
3593
935
3196
882
3271
1132
3563
1080
3506
1119
3473
1100
3556
1092
3591
1108
3504
1135
3498
942
3540
1122
3591
1089
3491
1100
3613
1133
3541
1153
3464
1121
3633
1130
3721
950
3430
1118
3873
1132
3757
1125
3596
1128
3472
1093
3470
1043
3636
1037
3606
1140
3576
1125
3411
1101
3405
1117
3481
929
3274
9552
1962
630
3383
1082
3528
1143
3398
937
3455
1057
3601
1130
3508
1137
3478
1097
3631
1082
2989
1085
2531
809
3556
1152
3465
1105
3675
1110
3455
1115
3631
1131
3698
1080
3513
1113
3543
1075
3629
1095
3490
1105
3390
1090
3448
1105
3564
1112
3596
1087
2734
772
3498
959
3504
928
3503
1145
3675
931
3328
1030
3924
1128
3521
633
3393
1110
3512
1122
3426
907
3510
842
3719
1100
3876
1102
3639
1093
3511
1120
3534
1128
3217
822
3661
1118
3495
1125
3676
1093
3453
1085
3393
1095
3546
1100
3446
1107
3486
1108
3484
1099
3608
1095
3234
955
3508
1098
3504
1105
3581
1113
3450
1076
3373
1076
2819
793
3533
1122
3646
1107
3658
1098
3503
1095
3466
1082
3598
1115
2690
854
1964
613
3436
1105
3189
869
3646
1122
3573
1036
3486
1110
3089
942
3437
1112
3490
982
3135
926
3682
945
3541
1035
3472
905
3629
1048
3538
1112
3466
1092
3473
849
2979
920
3781
1125
3322
1029
3582
1088
3443
839
3041
920
3523
1115
3304
951
3541
1095
3590
1090
3581
1125
3581
1103
3463
1090
3488
1107
4593
529
3671
1080
3446
1085
2765
880
3455
1123
3611
847
3466
1096
3575
1104
3525
1105
3588
1110
3460
1112
3510
1103
3613
1097
3485
1105
3771
1085
3593
1082
2991
920
3754
977
3689
924
3646
1145
3566
918
3854
630
3610
1097
3455
1118
3568
1116
3403
1087
3626
1078
3478
1198
3542
941
3436
1106
3493
1085
2931
930
3500
1097
3668
1102
3506
1087
3749
1168
3252
1131
3440
1083
3423
1112
3551
1125
3576
1035
3443
1120
3478
1117
3899
1102
3381
1120
1870
1084
3443
733
3576
1098
3526
952
3005
819
3636
1102
3490
1123
3433
1120
3492
1105
2586
805
3398
1093
3625
1103
3503
1108
3435
1085
3440
879
3475
1118
3528
1077
3553
1097
3448
1017
3694
1118
3555
967
3456
1087
3444
1103
3470
1093
3428
1118
3533
1100
3451
1110
3620
1183
3570
1141
3402
1083
3465
1085
3957
1040
3522
1092
3470
926
3463
935
3578
980
3532
1103
3488
1082
2704
825
3558
1135
3465
1131
3538
1102
3605
1097
3649
1121
3508
1122
3611
1097
2143
1098
3504
1107
3389
1103
3415
1122
3464
1146
3641
1105
3869
1080
3543
924
3520
977
3520
1130
3498
1078
3754
954
3526
984
3633
1105
3450
1092
3478
1098
3724
1109
3519
745
3571
978
3444
1093
3458
1095
1941
644
3726
1104
3501
1085
3554
879
3496
1085
2030
633
3510
948
3427
1087
3594
1095
3055
940
3656
1120
3524
1098
3523
1094
3593
661
3616
1101
2910
804
3498
1157
3562
1128
3400
1113
1452
890
3456
666
3051
1107
3572
1090
3580
1115
3426
1120
3483
1092
3525
1098
3453
1110
3500
1100
3435
1107
3548
1120
3456
1113
3516
1088
3511
1113
3428
1110
3606
636
3584
1115
3241
1090
2296
1090
3656
931
4026
952
3606
1019
3566
1105
3887
1035
3561
997
3480
1117
3068
940
3100
1005
2491
939
3520
872
3586
945
3636
1095
3475
1058
3590
1118
3658
1030
3408
1080
3801
1080
3945
1026
3525
1111
3380
1095
3653
1080
3104
1135
3385
903
3441
980
3483
1128
3611
1130
3614
1097
3728
1127
3533
1107
3453
1090
2986
939
3866
1020
3548
1123
3563
903
4087
14377
3764
952
3546
1110
3621
1112
3724
1077
3591
1120
3546
884
3443
1135
2987
1125
3543
1091
3839
1118
3626
1078
3573
1055
3681
738
3482
1107
3633
1110
3513
1107
3495
1109
2244
1107
3518
945
3844
1100
3782
1159
3424
896
3508
1110
4002
640
3458
1137
3546
1105
3678
1118
3506
1103
3470
1098
3568
1135
3508
1108
3611
1103
3731
1150
2061
614
3588
1116
3701
1223
3592
1088
3606
1108
3575
1130
3442
1125
3795
1005
3595
1112
3543
1075
3561
922
3658
954
3741
1084
2328
633
3701
1135
3098
946
3661
1108
3560
1131
3583
942
3767
907
3684
1100
3604
903
3551
1143
3746
1100
3756
920
3485
597
3446
1103
3591
1125
2010
846
2266
907
3788
1075
1995
1123
3498
1108
3644
1098
3501
1107
3580
868
3653
1115
3515
865
3641
1090
3568
1122
3518
1109
3670
929
3764
1091
3706
1017
3658
746
3818
1095
3716
1095
3629
1105
3696
1093
3288
1047
3438
995
3604
1106
3628
1110
2101
630
3536
1045
3545
1117
3721
936
3656
1110
3794
950
3501
1097
3743
1095
9476
809
3528
884
2280
1113
3696
1097
3495
932
3655
1076
3659
1099
3466
1038
3675
1123
3721
1146
3578
805
3669
1118
3836
1112
3660
1075
3250
958
3609
1118
3781
1110
3756
1113
3777
1098
3727
1097
3961
1107
3161
960
3747
1078
3067
1054
3702
1113
3656
1026
3583
1052
3785
1125
3047
764
3495
1092
3620
749
3641
1078
3756
1077
3521
1110
3644
997
3666
1145
3039
826
3689
937
3698
1115
3574
1103
3715
1120
3696
1123
3575
1068
3778
1103
3584
1131
3806
1087
3416
1129
3701
842
3712
1110
3538
1104
3511
949
3714
1115
3750
1098
3688
1132
3570
1097
3661
1080
3649
958
3538
1100
3786
934
3805
1080
3586
1061
4095
1099
4044
1138
3668
1118
3603
945
4020
1130
3877
1095
3703
949
3615
1110
3455
1100
3505
1082
2261
816
3543
1120
3736
1035
3703
1120
3608
1110
3806
1020
3716
1093
3483
935
3483
1060
3994
920
3574
1115
3616
998
3949
1090
3823
1142
3767
1110
3664
1085
3826
1122
3809
1107
3982
1133
3636
10202
3624
1101
3739
1093
3721
1092
2391
734
3070
920
3878
1111
3788
1117
3583
976
3646
1110
3550
1125
3656
1115
3716
1015
3725
1118
3610
1133
3849
1090
3630
1125
3548
1085
2754
828
4030
1115
3564
1132
3685
1088
3636
1121
3591
1122
3773
1111
4109
1148
3651
10070
2231
1133
3804
1047
3769
1100
3673
1115
3542
1066
3608
1115
3683
1125
3937
1086
3901
1095
3599
1105
3857
926
3561
1130
3664
1057
3636
1095
3799
832
3495
1080
3500
1061
3321
1121
3508
1109
3380
1125
2621
1088
2086
637
3535
1128
3593
1019
2987
938
3799
1108
3438
1092
3519
1120
3471
1127
3510
1105
3515
9663
3554
1093
3748
1105
4022
982
3949
880
3538
1092
3410
1095
3545
1078
3588
1102
2010
1102
3417
1090
3430
1095
3596
1098
2955
1123
3568
1107
3591
1130
3468
991
3997
915
3593
793
3604
1090
3731
1102
3721
1130
3508
636
3593
992
3481
1090
3468
1093
3580
1108
3701
1085
3673
1043
3630
1095
3598
1105
3468
960
3485
1090
3500
1115
3749
952
3624
1066
3393
1072
3669
9916
3540
1102
3518
914
3032
1118
2235
630
1562
480
3609
813
3766
1118
3679
1112
3639
1098
3538
1087
3599
1073
3463
1161
3342
1101
3732
1090
3425
1028
3717
1123
3649
1095
3618
1112
3711
894
3551
1085
3511
955
2431
737
3662
1130
3522
1093
3579
1085
3666
1110
3576
1090
3728
967
3498
1095
3578
972
3804
1055
3771
1099
3839
1059
3652
1119
3586
1102
3598
1095
3719
1130
3615
1108
3742
1110
3616
1118
3491
1113
3473
944
3626
1105
3448
1115
3532
915
3573
9577
3437
955
3626
1175
3528
1091
3596
1113
3594
1128
3498
1095
3530
1007
3714
1110
3056
909
3721
1080
3666
1094
3578
912
3583
942
3458
1067
3563
1112
3596
1092
3694
1127
3580
1107
3663
1107
3649
1122
3573
1133
3443
1107
3621
1090
3651
1112
3618
1190
3521
1088
3590
949
3623
910
3576
1110
3498
1112
3515
1098
3856
1145
3540
1135
3646
1117
3634
1085
3699
634
3491
789
3556
1116
3600
1107
3538
953
2349
681
3658
1117
3457
1120
3793
1106
3496
1115
3746
1130
3523
1083
3774
1082
3616
1113
3631
9417
3536
1081
3621
957
3569
1108
3475
979
3596
1052
3576
1102
3608
1042
3545
1080
3630
1118
3719
1125
3673
1120
