3628
1118
3464
945
3543
1102
3616
1058
3405
1113
3664
1152
3418
737
3568
902
3438
963
3414
1117
3425
1145
2495
1102
3465
1080
3621
1083
3501
1106
3505
1130
3510
1105
3375
1128
3428
1108
3401
1123
3435
1163
3501
1095
3471
1082
3643
1118
3501
1112
3663
947
3430
1141
3503
1148
3481
1130
3603
1083
3676
933
3541
916
2900
938
2029
1120
3360
1107
3365
1113
3426
928
3501
1095
3428
1147
3526
1153
2841
744
3410
700
3463
1115
2950
942
3549
1035
3546
9537
2466
1059
3455
1147
3441
847
3540
9221
3525
1107
3480
1105
3591
1090
3653
1050
3575
1133
3591
1115
3648
1076
3548
1110
3463
1093
1861
667
3455
618
3508
1130
3500
848
3568
1052
3633
934
3470
918
3451
1094
3456
1105
3709
932
3662
1158
2764
1117
3508
1110
3608
1125
1996
612
3664
1092
3428
1077
3420
1100
3546
1102
3041
947
2026
1093
3538
1080
3362
1118
3560
1120
3520
1100
2914
929
3578
1092
3523
1128
3350
1098
3510
1099
3413
1135
3556
1102
3608
963
3648
1122
3540
1093
3403
1056
3468
1113
2648
802
3618
1095
3658
1095
3495
1108
2468
1108
3430
1115
3531
1170
3533
951
3415
640
3498
1110
2784
868
3430
1073
3483
1118
2537
1100
2773
902
3498
1089
3538
1087
3601
1097
3473
938
3543
917
2279
730
3455
1125
3533
645
3428
1125
2557
1115
3731
930
3541
579
3478
1095
3495
1125
3706
940
3252
926
3548
1115
3425
1010
3433
1105
3603
1117
3638
1145
3476
1060
3425
1182
2843
1093
1986
635
2163
631
3708
1108
1988
1132
3466
1110
3586
1107
3571
1150
3591
1085
3541
1265
3503
1055
3488
937
3483
1230
3703
633
3711
1095
3067
1113
3560
890
3568
1135
3759
1110
3576
1128
3478
1095
3001
816
2103
1097
3496
949
3483
1093
3472
932
3598
1133
3585
943
3553
1098
2666
1081
3430
1127
3452
1138
3433
1090
3523
727
2791
1093
3503
1092
3490
1125
3658
917
3528
1092
3544
508
2787
877
3610
1066
3686
1131
3485
1098
3884
1112
3967
1120
3591
1123
3822
610
3091
933
3659
725
3535
1120
3558
1085
3679
1110
3440
1138
3453
1137
3421
1093
3578
1093
3548
1102
3626
1098
3443
1064
3478
1145
3468
948
3273
1054
3430
1069
2700
685
3636
1102
3520
1090
3386
1052
3438
1110
3532
1085
3560
1095
3445
1115
2034
1102
3555
967
3568
1095
2600
1038
3544
1127
3565
1035
3671
938
3654
1123
30044
1110
3688
1030
2824
1097
1923
605
3491
1073
3094
1077
3591
1095
2037
10165
3445
1125
3387
1088
3460
985
3563
1101
3041
928
3530
1095
3534
801
3848
1099
3524
867
3365
894
3433
1113
3418
637
3723
1113
3641
950
3596
746
3558
1078
3448
1066
1882
616
2988
967
3347
1015
3674
1115
3456
1122
3633
1093
2748
866
3404
1042
3616
1072
3495
1073
3481
812
2779
1030
1691
542
3159
892
3593
922
3573
1087
3491
804
2022
1147
3578
753
3548
1140
3428
1242
3636
1110
3645
1105
3516
1103
3448
1054
3463
968
3609
1135
3601
1090
3398
997
3155
1138
2902
932
3628
1110
3408
780
3693
1108
3448
930
2609
793
2759
885
3570
1098
3505
1150
3593
1107
3588
1107
3719
1093
3638
1120
3520
1025
3548
1127
3711
1085
3468
1175
3604
995
3423
567
3536
807
3438
1115
3756
1109
3568
721
3541
807
2661
802
2984
945
3518
1095
3427
1089
3373
1105
3463
690
2998
901
3436
1107
3437
870
3468
1140
3405
1129
3498
1093
3711
738
3531
943
3543
1095
3581
1110
2777
1100
2778
875
2854
914
3518
1070
3754
1150
3445
1095
3553
823
1920
960
3435
1097
3503
1110
3055
937
3206
1125
2857
965
3080
1095
3397
1120
3670
964
2993
880
3458
564
3441
924
3436
1113
3488
951
2762
889
3608
1005
3448
1108
3540
939
3504
1150
3432
916
2798
1103
3568
1117
3505
1112
3508
1087
2878
917
3457
922
3558
1117
3534
1087
3653
1085
2988
966
3701
1107
3591
1105
3382
1085
3649
1118
3410
1092
3525
922
3423
10088
3661
812
3611
1173
2314
1093
3481
910
3623
939
3518
1073
2920
868
3586
1088
2728
843
3385
633
3505
1068
3435
566
3638
1105
3571
1118
3371
1008
3485
1113
3478
1115
3744
1090
3508
1113
3648
796
2027
644
3424
1113
3713
1107
3548
1097
3605
1084
3543
1108
3727
1125
2053
1098
3427
1105
3601
1023
3453
989
3560
926
3568
1136
3596
1002
3626
1098
3428
1098
3543
1105
3425
1133
3457
1099
3538
1092
3568
960
3460
9290
3939
1112
3444
1117
3112
1092
3541
1122
2818
924
3644
1113
3546
1153
3573
1117
3608
1123
2600
829
3505
1099
3586
974
3686
1026
2756
881
3490
1115
2025
1112
3641
1098
3501
796
3431
1135
3438
1080
3514
1133
3551
1097
3643
1073
3580
914
3541
951
3478
1095
3398
847
3496
1140
3501
1093
3425
1128
3510
1098
3541
1110
3546
1103
3393
978
3591
1093
3412
823
3481
1103
3506
1110
3438
972
3578
1117
3528
1117
3719
1110
3468
1098
3478
1080
3583
1120
3586
1096
3666
1106
3488
1095
3738
1118
2122
1083
3553
1105
3426
1145
3493
1103
3638
932
3396
1100
3598
1006
3889
1140
3435
1087
3709
1092
3411
10024
3719
1110
3603
1125
3456
1120
3520
950
3678
869
3664
1042
3478
1085
1938
633
3372
624
3444
927
3858
1103
3681
1101
3347
1092
3633
1085
3576
11731
3581
1107
3436
1095
3465
639
3412
1150
3558
1118
2972
946
3316
1026
3498
1143
3551
1108
3524
1078
2938
903
3558
1092
3626
1093
3548
1131
3416
507
3603
1123
3558
1100
3483
1120
3544
1110
3463
1128
3655
1120
3426
1105
3706
914
2080
602
3629
1108
3549
1105
3566
1085
3721
1125
3436
1110
3388
1102
3546
936
3505
1133
3001
1036
3629
637
3478
827
3412
1095
3506
1125
3430
975
2048
631
3546
736
3453
1119
3586
732
3425
895
3586
1077
2582
829
3769
1072
3515
1106
3673
1067
3572
1099
3523
1099
3693
1135
3516
1119
2889
905
3490
792
3463
1111
2708
725
3741
1119
3629
1115
3405
954
2945
946
3553
1090
3576
1133
3543
929
3444
1107
3435
1090
3520
1133
3699
1122
3630
1095
3441
1130
3641
8858
3516
1098
3513
1085
2903
924
3488
1093
3488
1100
2924
910
3430
1093
3408
1120
3571
1103
3370
1031
24516
1087
3450
1115
3588
1102
3683
1155
3573
1103
3470
1135
3426
1094
2788
882
2759
965
3514
855
2463
729
3651
1080
3485
1118
3458
1038
3458
1105
3578
1115
3705
1102
3626
999
3536
1074
2923
1105
3534
1090
1978
1105
3480
1075
3525
1133
3516
1115
3539
1098
3876
1112
3513
949
3736
1111
3804
817
3927
1065
2184
643
3634
1095
3436
1142
3608
1070
3428
1100
3064
504
3623
1076
3538
1118
3536
1131
2805
762
3681
818
3478
1047
3434
1096
3583
958
3660
1097
3601
1130
3661
692
3354
1106
3501
1112
3671
635
3600
1158
3556
1127
2116
632
3689
1095
3548
1115
3876
1105
3707
809
3535
1018
3618
1078
3059
1115
3623
1105
2035
1097
3621
945
3698
1028
3704
1147
3475
1100
3540
1102
3451
1100
3483
1100
3446
1120
3473
1092
3538
1110
3525
1107
3596
952
3593
1110
3601
1128
3423
661
3498
9707
2929
737
3523
1106
3851
1105
3562
875
2716
798
3573
902
3564
1090
3431
950
3852
1087
3123
900
3728
1158
3535
1115
3638
1085
3488
1133
3446
1091
3571
1109
3673
1120
3651
1117
2703
1135
3719
1110
3125
920
3435
1103
3548
9241
3846
1080
3578
1090
3618
1112
3626
1103
3666
1129
3696
1098
3698
1143
3623
1123
3661
1170
3576
9712
3679
1092
3543
913
3646
1092
3628
1122
3689
1087
2003
623
3688
1102
3381
829
3729
1118
3754
1100
3618
1168
3551
1095
3581
1117
3568
1105
3656
945
3543
930
3174
732
3794
1090
3546
838
3816
884
3809
1135
3691
1095
3605
1088
3621
9269
3628
1105
3679
1087
3436
992
3579
1120
3829
1110
3716
1040
3776
1080
3588
1082
3621
937
3661
1155
3628
984
3661
1042
3651
1092
2145
629
3511
1116
3541
1133
3536
1078
3501
1098
3514
1109
3723
1075
3629
1082
3638
1105
3636
724
3589
972
3674
1127
3634
1100
3062
1102
3018
557
3804
1108
3679
956
3735
1118
3446
1095
3125
944
2944
941
3781
1098
3699
840
3629
1118
3533
1085
3558
1095
3618
1117
3732
1094
3583
1085
3570
1095
3646
1017
3691
941
3563
1092
3734
1090
3641
1100
3588
1090
3558
926
3623
922
3738
1095
3689
1100
3732
1087
3678
1117
3684
1107
3614
1047
2742
1138
3638
1117
3051
1123
3669
1098
3140
1122
3805
1111
3513
1093
3638
1088
3631
1235
3538
1102
3656
1073
3556
1095
3797
1062
3651
1040
3551
1097
3464
902
3591
640
4092
1110
3676
1115
4062
737
3676
1000
3563
1098
3616
1085
3694
1108
3724
1138
3551
1147
3746
1080
3568
910
3656
1145
3706
1113
2340
619
3688
1092
3550
1110
3523
1115
3852
1134
3794
1090
3583
965
3681
1109
3679
1022
3591
1107
3644
1090
3731
1115
3841
1108
3623
1125
3755
1088
3776
920
3858
1108
3701
1153
3396
1108
3618
1127
3134
801
3646
1107
3609
1120
3749
1102
3511
1025
3648
1105
3368
952
3701
1112
3849
1095
3776
1093
3444
1090
3755
1070
4011
1131
3648
1182
3443
1036
3638
1042
3270
10488
3779
1110
3581
1118
3753
1115
3578
1102
3694
1112
3744
1093
3613
1038
3774
844
3821
1115
3680
1118
3012
1135
3951
1110
3621
1095
2792
686
3684
1112
3719
916
3764
1098
2632
1105
3486
1146
3924
1035
3518
1110
3526
922
3821
1024
3599
1100
3731
1098
3804
1110
3536
877
3664
1157
3536
1059
3693
974
3709
972
3592
1107
3648
1120
3066
925
3545
630
3781
1113
3593
1111
3574
1090
3483
1115
3581
1115
3664
1100
3636
1087
3400
1110
3664
1095
3558
1133
3476
1093
3496
781
3603
906
3398
1132
3713
1089
3648
1090
3782
1105
3521
1107
3525
1090
3778
1085
3426
945
3523
1093
3553
1102
3530
1101
2764
910
1979
612
2020
638
3570
1097
3549
857
3442
826
3525
1123
3771
1113
2203
1115
3573
910
3609
917
3592
1105
3553
1122
3595
892
3823
1095
3565
1102
3591
1030
3485
1111
3540
1073
3478
1113
3716
1040
3654
1094
3874
922
3494
1084
2880
1112
3616
1090
3596
1045
3570
1125
3593
1059
1924
523
3531
794
3483
1097
3809
1092
3558
1121
3786
1118
3598
1123
3303
928
3633
1119
3823
1103
3531
1089
3566
1007
3833
1107
3618
1090
3593
1082
3700
1115
3536
1095
3501
1105
2805
842
3453
953
3581
1128
3602
1120
3643
1098
3285
1088
3650
949
3759
887
3616
1092
3758
957
3603
1088
3671
1072
3375
1113
2198
661
3526
1105
3475
918
3606
1100
3591
1093
3689
1103
2500
805
2938
804
3578
1168
3480
1107
3568
1092
3608
1105
3582
1128
3628
1142
3676
1064
3739
1095
3533
1123
3523
942
3563
1115
3952
1110
3671
1116
3784
915
3553
1038
3658
1138
3412
1113
4007
1080
3163
859
3644
732
3719
1105
3761
1130
3598
916
3511
1102
3774
877
2238
657
3633
944
3861
1105
3623
1095
3543
886
3631
1098
3862
1112
3628
1120
3521
1119
3614
1088
3671
1093
3586
1125
3515
1092
3415
945
3618
1087
3644
1115
3615
1088
3618
1134
3518
1105
3608
1056
2457
717
3836
1100
3677
1102
3689
1093
3588
1097
3931
923
3566
1092
3999
1100
3536
1130
3556
1045
3606
1076
3536
1025
2852
1097
3504
1080
3351
1061
2078
1102
3651
1096
3781
1011
