3566
907
3501
1135
3504
1100
1895
617
3498
1093
3440
1133
3799
1115
3473
1130
3663
1086
3456
1143
3545
1085
3455
9997
3586
1105
2885
728
3468
1133
3472
607
3443
1223
3462
1115
3478
1107
3506
1102
3596
980
3432
1138
3500
1116
2908
939
3470
918
3473
1102
3488
1122
3433
1156
3619
1120
3036
1103
3437
1110
3238
1135
3428
1094
3421
834
3541
1073
3508
1105
3548
1103
3448
1085
3416
1113
3516
1118
3422
1140
3613
1100
1886
9632
3649
1153
2005
1127
2355
1064
3435
707
3481
1098
3233
1035
3651
1096
3588
830
3544
1125
1951
1120
3448
1100
3408
1080
3608
1098
3470
1098
2887
577
3596
1135
3495
1108
3613
1108
3543
944
3486
1093
3335
990
3445
1095
3456
810
3589
1112
3546
1110
3463
745
3481
931
3708
1114
3465
1088
3441
1107
2672
836
3460
1088
3405
1107
3548
1101
3503
960
3719
1093
2023
729
1917
1126
3478
1094
3586
1098
2926
10170
3541
1111
3498
740
3508
1085
1964
634
3566
1100
3523
1113
2101
689
3516
930
3442
1113
3443
959
3511
1108
3549
833
3443
1150
3408
1109
14358
622
3558
1097
3659
1118
2457
728
3533
1105
3648
903
3624
756
3531
928
3468
1123
3486
1120
3458
1050
3653
1121
3573
1103
3629
916
3445
1128
3478
1088
2945
1083
3491
1137
3400
894
3862
9774
3558
1128
3452
1105
3650
934
2464
742
3518
1097
3615
1095
3493
909
3591
1135
3591
1097
2646
749
3735
1113
1912
603
3568
940
3485
998
3511
1077
3562
1133
2948
870
2564
780
3792
1127
2084
1138
3458
1077
3709
1108
3533
1110
3508
1085
3571
1122
3425
1145
3448
595
3516
1098
3535
1093
3431
1098
3578
1080
3629
1111
3465
1140
3711
1115
3018
909
3495
842
3443
1092
3593
1110
1964
1103
3210
1121
2831
879
3545
1095
3736
9795
3559
1097
3443
890
3626
924
3393
879
2049
1100
3628
1087
3581
1112
3430
1107
3513
1019
3589
1118
3641
1080
3583
1120
3506
1101
3821
1105
3606
739
3636
1112
3510
1120
3558
1082
3521
1085
3664
1115
3488
1120
3485
1117
3554
1120
2046
1115
3541
983
3508
1123
4174
1132
3535
1130
2981
1105
3210
1103
3510
1105
2141
615
3759
1092
3483
1105
3456
1140
3498
1088
3536
815
3634
1137
3438
1093
3561
1110
3746
1122
3641
1120
3556
1072
3504
1120
2893
1080
3549
1090
3425
1042
3484
716
3665
1092
3524
1098
3821
868
3576
1093
3653
1110
3438
1085
3585
1078
3616
1097
3446
1120
3593
1102
3523
1098
3529
1078
3688
1095
3591
972
3766
1120
3555
1084
3390
1115
3706
1080
3661
1140
3578
1044
3656
1173
3367
1117
3521
1142
3493
1088
3552
1077
3586
9555
3500
1105
3483
1142
3516
1117
3535
954
3480
930
3468
1104
3536
1004
3491
1120
3408
836
3598
1085
3812
1120
3541
980
3565
1025
3514
1135
3794
1105
3365
1115
3550
735
3535
1095
3601
948
2775
795
3089
1096
3639
1088
2973
938
3661
1077
3520
1015
3593
1125
3503
1015
3574
1020
2924
1115
3669
932
3516
1070
3431
1113
1997
601
3423
1110
2389
1178
3526
959
3588
1115
3408
1145
3368
846
3395
964
3443
927
2971
1098
3492
1138
2327
745
3570
1080
3624
1135
3436
1057
3513
1108
3559
1123
3538
874
3089
920
3566
1147
3294
1100
3461
1107
3383
1098
3473
1104
3464
562
3554
1088
3523
1105
3461
1090
3443
1103
3706
1103
2922
969
3217
1120
3446
1130
3437
1107
3530
1093
2693
1102
3536
1121
3450
1070
3659
1120
3596
1122
2141
1023
3694
856
3481
1095
3473
1168
3396
1100
3586
1090
3580
1105
3531
1136
3559
1029
3711
1130
3546
878
3578
1105
3492
1123
3691
1098
2980
1145
3000
812
3548
1105
3646
1058
3563
1132
3568
1093
3486
1112
3728
1147
3756
1150
3420
1107
3555
1103
3561
1130
3678
1107
3297
1025
3393
1107
3586
1153
3545
1128
3541
633
1961
1103
2997
942
3602
1100
3413
1110
3405
573
3536
1021
3370
903
3506
1105
3508
1111
3453
1112
2681
859
3465
1102
2069
618
2022
7174
3609
1105
3814
1120
3533
1110
3548
1036
3643
932
3436
1099
2863
868
3574
1109
2860
1118
3481
1103
3505
1136
3446
1095
3516
923
2107
1110
3562
1018
3530
1100
3451
1092
3596
1134
3573
1110
3391
1138
2246
1093
3650
722
3440
1108
3443
999
3581
1072
3578
1108
2635
1155
3398
1103
3558
1075
3533
9855
3680
1110
3658
1098
3448
824
3600
1058
3430
1107
3534
725
3649
1103
3400
1130
3418
945
3533
1055
3533
1099
3417
1123
3473
1100
2943
1105
3475
1098
3584
992
3528
1118
2038
1074
3526
1094
3445
1115
3495
1098
3500
1105
3420
1195
3551
1102
3526
1098
3556
1094
3591
572
3653
1093
3426
1112
3453
1054
3172
1083
2265
934
3553
887
3511
1130
3463
1135
3473
880
3536
1125
3468
1097
3519
1098
3649
1087
2815
892
3518
756
3476
1142
3518
943
3427
1097
3468
1090
3553
1132
3686
1100
3538
1113
3678
1095
3418
1102
3455
1082
3496
1100
3546
1097
2180
1102
3578
1087
3420
1128
3626
1064
3706
1093
3570
1092
3651
1097
3523
1117
3671
616
3436
1080
3611
1093
3583
1093
3466
1095
3533
964
3576
1094
3573
1110
3630
1098
3683
1110
2035
604
2076
1110
3556
1135
3066
1125
3478
1102
3503
1141
3569
1107
3743
1098
3228
899
3651
1102
3806
1105
3654
1147
3608
1108
3586
1090
3530
1115
3739
1041
3686
1097
3498
1080
3463
1110
3570
1098
3444
1107
3371
1002
3604
1130
3636
932
3425
1097
3691
1118
3408
1111
3568
1120
3551
1132
3451
1105
3620
1096
3493
1107
2070
644
3546
928
3023
751
3696
1161
3593
1095
3486
1098
3656
1083
4026
874
3608
1103
3518
1034
3470
1082
3606
1095
3446
1050
1977
1106
3656
1155
3759
1112
2817
902
3511
1085
3508
1128
3624
1030
3464
945
3523
1072
3398
1138
3501
1025
3471
1111
3836
1108
3626
958
3125
1107
3588
931
3437
910
3500
1103
3658
1098
3448
1118
3643
1127
2079
636
3410
1047
3554
797
3396
1063
3391
1107
3508
978
3611
1121
3563
1077
2819
875
3659
1093
3516
1083
3474
1090
3604
1115
3604
944
3065
916
3463
1087
3472
1113
3403
1122
3475
1100
3455
1105
3528
1123
3488
1115
3533
1103
3638
1140
3653
1103
3561
1123
3395
1103
3554
1120
3490
1090
3396
1135
3451
945
3526
1085
3378
1090
3867
1117
3536
1115
2620
1090
3382
1087
3425
1128
3554
1115
1998
617
3432
1099
3515
1068
3463
874
3398
1133
3819
960
3626
1075
3626
561
3606
1107
3430
1075
3549
1120
2669
804
3576
930
3553
1143
3663
1097
3591
934
3465
806
4037
1090
2269
641
3651
958
2952
1152
3416
1093
3149
924
3744
1072
3385
890
3742
1135
3799
1054
3518
1106
3611
1123
3721
1115
3468
1110
3638
1085
2272
607
2019
611
3646
1123
3558
1030
3553
1102
3463
1031
3453
1108
3533
1138
3540
890
3049
1128
3634
1090
3465
1085
2943
952
3466
1205
3581
635
3636
1148
3503
1108
3590
1100
3501
1155
3413
1105
3709
1125
3016
1145
3749
1103
3683
769
3463
1110
3543
1088
3399
1118
3129
944
3601
1055
3676
1146
3766
1110
3714
1122
2829
887
3954
1080
3385
1123
3496
931
3433
1092
3595
1118
3555
1078
3403
1069
3743
891
3478
1100
3523
1102
3528
977
3624
1053
3719
1088
1891
1122
3378
1095
3578
1095
3508
1120
3508
1131
3558
1143
3653
1147
3586
1123
3756
1095
3738
1118
3878
1128
3674
1102
3648
1118
3500
1125
3588
1112
3643
1102
3591
1140
3110
1044
3974
815
3406
1086
3529
970
3788
1085
3584
952
3543
1083
3726
1120
2053
609
3683
1114
3558
1100
3458
937
3663
1101
3479
1030
3568
1117
3614
1230
3543
1121
3503
1112
3380
1049
3538
1095
3628
1083
3846
1113
3511
1098
3663
1108
3440
1100
3636
1110
3633
1108
3778
1147
3512
1133
3553
1085
3483
1117
3089
916
3588
1135
3748
916
3616
1092
3545
1084
3781
1092
3616
1098
3681
1115
3711
1128
3621
1140
3663
1100
3687
982
3757
1155
3724
922
3558
1104
3726
964
3550
1120
3646
1123
3664
957
3638
1117
3516
1065
3600
1107
3827
1120
3580
947
3485
1115
3838
1105
3781
887
3544
1135
3495
1133
3741
914
3803
1098
3756
1103
3144
772
3646
932
3533
1135
3701
967
3737
1132
3513
954
3626
931
3726
873
3877
928
3493
1125
3344
848
3678
1131
3776
1083
3643
1058
3626
1110
3699
1098
2790
758
3695
918
3633
1075
3533
1024
3500
1047
3511
1097
3159
1110
3452
1093
3726
1024
3586
1080
3769
1103
3726
1103
3758
1093
3929
1115
3771
1102
3651
941
3678
1107
3571
1093
3664
1183
3779
1107
3686
867
3119
789
3566
987
3934
1108
4300
975
3681
1088
3526
1115
3666
1112
3834
1098
3781
1118
3683
1123
3588
1139
3717
975
3586
1100
3809
1102
3533
640
3862
1094
3768
988
3992
1100
3591
1085
3555
1068
3623
1097
3921
1105
3932
1128
3731
1113
3708
935
3874
1095
3578
1145
3580
1107
3411
1105
3601
973
3733
1082
3797
1102
3989
1094
3591
987
3641
1085
3674
987
3606
1090
3491
1108
2971
926
3694
1102
2578
776
3575
1106
3590
1120
2420
730
3696
1118
3494
1110
3717
1095
3565
1137
3538
1070
3838
1135
3462
1105
3538
1108
3731
1130
3732
1099
3708
1177
3024
787
3243
776
3844
1010
3643
1138
3801
842
3774
1097
3671
1071
3661
1111
3757
881
3628
1012
3649
1165
3774
1125
3739
1087
3573
1103
3671
1085
3541
1095
3636
1134
3549
9789
3506
1112
2217
609
3721
1097
3784
941
3853
1114
3601
1133
3590
936
3602
1132
2381
680
3185
979
3654
1097
3814
1080
3166
1126
3631
1107
3543
1103
3621
985
3646
1098
3789
1095
3676
1054
2419
744
3594
1115
3619
1092
3644
1128
3588
1083
3630
1080
3433
1103
3564
1113
2899
879
3779
1120
3495
1112
3496
1023
3843
949
3611
1122
3581
1101
3807
1127
3543
1110
3608
975
3492
1080
3492
1093
3511
1083
3658
1065
3486
1118
3616
966
1953
616
3564
1105
3420
1108
3534
1110
3448
1103
3731
1103
3704
1108
3789
1072
3621
1095
3702
1123
3651
1044
3488
1070
3646
1105
3561
920
3701
1095
3480
965
3687
1094
3548
1109
2780
746
3538
1095
3684
1120
3491
1135
3492
1090
3402
990
2924
1120
3621
1090
3534
922
3540
1120
3907
954
3480
1007
2609
837
3480
1100
3468
1180
3596
1123
3578
1108
3564
1102
2971
924
3483
1115
3494
1105
3498
1078
3526
837
3503
1095
3683
1098
3608
1083
3476
1103
3468
8611
3675
1065
3699
1163
3653
1135
3588
1088
3448
1093
3684
1089
3102
918
3477
990
3628
1085
3614
1113
3488
1102
3574
816
3365
1115
3551
1080
3644
1122
3531
933
3672
1115
4007
1110
3799
1112
3842
1140
3448
1085
3546
952
4035
815
3706
1090
3686
1047
3578
896
3463
1108
3623
947
3335
939
3678
1100
3652
1043
3515
1080
3483
1093
3678
1070
3739
960
3693
1125
3936
1090
3621
1123
3495
1141
3635
1095
1642
1118
3586
1148
3496
1111
3656
1130
3558
1075
3171
782
3666
1105
3611
1082
3536
890
3633
1131
3598
1120
3438
1095
2813
1031
3664
1072
3678
1087
3621
1100
3483
976
3569
1088
3566
1088
3089
8802
3603
1080
3538
1097
3751
584
3654
968
3503
1120
3909
1114
3418
1108
3638
1078
3548
1105
3629
1083
3618
1131
3698
1095
3633
1150
3812
1058
3465
1077
3408
932
3717
1107
3566
1103
3864
9629
3638
1146
3614
1085
3691
1088
3683
1113
