3462
1125
3431
1111
3465
1118
3388
565
3445
1140
3520
1073
3573
1141
3478
1105
3496
1047
3468
1107
3488
1080
2392
931
2999
1117
3375
1100
3456
1082
1967
618
3879
1083
3505
1155
3445
1080
3490
1106
3528
1090
3453
1107
3553
1150
3418
1100
3556
652
3444
1110
3443
1139
3493
990
3458
1100
3521
1150
3511
1097
2857
1141
3448
1108
3542
1095
3420
1123
3412
1091
3546
1175
3571
970
3484
1108
3450
1105
3533
1163
2874
922
3445
920
3718
673
3666
1090
3584
1133
3426
734
2435
735
2291
741
3568
1110
3244
863
3483
1117
3348
1098
3418
1110
3518
935
3512
1068
3484
1105
2821
896
3468
1146
3516
742
3458
1116
3483
759
3947
1093
3480
1117
3538
1085
3584
1100
3462
1108
2354
742
2256
733
3445
1100
2707
895
3729
1033
3648
1120
2652
838
2817
875
3483
1093
3473
1085
3450
1152
3523
1075
3490
1090
3464
1098
3500
1110
3526
512
3432
1077
3505
1095
2878
646
3488
1113
3438
1102
3433
1092
3415
935
3470
1143
3480
1123
3481
1110
3448
841
3694
976
2656
846
3502
753
3466
1128
3493
1110
3551
1125
3565
1118
3496
1095
3618
1018
3726
965
3024
914
3415
1147
3463
1096
3635
1095
3481
1108
3535
1065
3553
885
3395
1158
3513
1128
3512
1102
2921
926
3530
1093
3410
1121
3538
1103
2269
1120
2900
1123
3435
1107
2912
746
2814
890
3451
1118
3551
1074
1992
1112
2307
760
3749
1105
1892
605
3808
924
3529
1127
3420
1127
3466
1067
3626
920
3455
1080
3466
1108
3623
1088
3398
946
3508
1102
2881
1092
3488
1088
3701
951
3549
1108
3801
1099
3434
615
3508
1107
3013
1123
3535
1070
3683
1099
3443
1118
3428
1097
3739
1130
3455
931
2965
949
3513
911
3408
920
3629
1107
3599
1100
3591
1117
3593
1092
3590
1080
3528
1127
3576
875
3701
1103
3481
1040
3512
557
3525
1123
2558
1095
3546
882
3441
717
3774
1153
3753
1090
3744
979
3475
1138
3714
1129
3486
882
3590
1037
3744
1030
3618
1104
3610
1175
3069
1128
3818
1105
3515
1113
2042
620
1901
1108
3706
1132
3430
1130
3682
956
3475
1110
3551
1110
3463
942
2951
980
3518
890
3666
1115
3421
1155
3613
1105
3408
1083
2603
1115
3638
1123
3085
922
3521
946
3754
708
3671
1101
3458
1110
3601
1105
3390
1024
3453
1118
2748
1145
2027
632
3421
1095
3694
1155
3664
1122
2948
1084
3443
1110
3516
1115
3546
1107
3523
1106
3390
1128
3635
1000
3470
1095
3581
1108
3503
1097
3590
555
3516
1098
3564
1083
3566
965
3231
887
3718
1085
3609
1096
3608
1128
3610
1087
2708
877
3466
1118
3533
1048
3494
1120
3530
1112
3408
1090
3456
1090
3626
1090
3506
958
3516
1126
3613
1098
3558
1095
3555
1067
3525
1109
3629
1123
3508
1136
2699
833
3418
1110
3741
1092
4788
1112
3734
781
2826
880
3554
1042
3493
1120
3565
1120
3460
1060
3596
659
2075
1168
3588
1108
3731
1090
3468
9800
3478
964
3633
1165
3470
1121
2045
624
3420
1083
3604
809
2545
1118
3513
1105
3516
1108
3337
1030
3488
1081
3593
833
3538
1106
1983
610
3614
9492
3594
1080
3502
739
3704
1120
3701
1103
3558
908
3445
1127
3018
1118
3508
887
3629
1098
3505
1090
3526
1127
3515
718
3462
1185
3425
1120
3498
1105
3596
874
3471
1111
3721
1080
2813
918
3506
772
3511
1092
3568
1068
3393
1103
3368
947
3403
1123
3490
1110
3423
1152
3593
1002
3550
1083
3463
1096
3671
936
3759
1065
3505
977
3575
970
3583
1117
3566
1105
3280
1033
3535
1049
3508
1097
3528
1075
3777
1078
3505
1093
3585
870
3498
1100
3403
1135
3452
1122
3703
1098
3598
1100
3661
1092
3448
1087
3516
1125
3488
1075
3508
1090
3508
1012
3633
1112
3510
1120
3613
1151
3481
747
3505
1114
2183
636
3671
1118
3596
1092
3518
1115
3610
1078
3465
1040
3693
798
3576
1135
3488
1040
3564
1097
3425
1142
3661
1110
3398
992
3450
945
3559
1117
2703
836
2974
603
3701
1093
3503
1061
3450
1084
2819
863
3575
1097
3605
1118
3666
1105
3525
1095
3483
1092
3540
1076
3598
1105
3387
981
3588
1098
3606
1090
3638
1107
3438
1135
3686
1118
3583
1096
3346
1045
3512
1100
3756
1108
3571
1101
3535
1125
3511
962
3550
967
3423
1120
3581
1123
3019
808
3540
1102
3666
1099
3473
1127
3445
1115
3664
950
3533
1095
3656
1123
3475
1112
3422
1107
3520
1120
3533
1120
3569
1107
3440
1095
3543
1088
3761
628
3500
1082
3596
914
3508
1107
3404
902
3536
1122
3458
1137
3565
1132
2758
899
3556
1120
3633
875
3357
1153
3518
1118
3583
985
3749
1090
2721
1085
3050
677
3425
1112
2625
1173
2962
951
3350
1136
3603
1117
3458
1002
3458
869
3598
1092
2476
807
3594
1110
3534
1103
3723
1087
2284
1102
3358
901
3480
1117
3506
1085
3592
1097
3581
1096
3316
1019
3630
1104
3521
1122
3501
1128
3478
1142
3613
1148
3400
1117
3546
1101
3475
1123
3443
1097
3584
862
3586
1096
3601
1108
3544
1099
2078
628
3054
642
3543
1110
3638
1095
3611
1100
3514
1120
3596
1107
3450
1105
3501
837
3723
958
3591
1083
3428
1160
3643
642
3578
1107
3578
1140
1996
1111
3445
1135
1994
1075
3623
1105
3511
1110
2021
645
3396
1096
3643
1102
3600
1102
3470
1117
3701
1097
3656
1082
3553
1108
3548
1093
3533
1064
2295
1133
3410
1031
3518
1106
3027
920
3546
1112
3549
1097
3538
624
3460
910
3480
1104
3543
1122
3628
1092
3548
1047
3456
1110
3513
623
2786
895
2925
974
3663
1108
3947
1109
3491
1085
3535
922
3087
1118
1973
12392
3571
1105
3648
1095
3425
1050
3433
9655
3623
1126
3430
922
3493
1110
3421
1035
3708
1097
3473
1101
3322
836
3513
1125
3516
1132
3435
1125
3626
1092
3481
1115
3626
1097
3582
1095
3592
1110
3543
1138
3466
1090
3552
1087
3528
1112
3518
629
3421
1098
3490
1151
3646
932
2549
803
3528
1123
3743
1090
3529
1133
3556
924
3658
1097
3441
879
3407
1117
3503
1080
3651
1118
3610
1170
3564
948
3451
1115
3420
1115
3490
1090
3560
1118
3581
1107
3470
1056
3368
1107
3573
1118
3528
1117
3007
1130
3614
1085
3502
1125
3410
894
3704
1100
3551
1122
3501
1112
3716
1093
3518
1100
3355
1107
3626
1116
3721
1087
3388
1075
3475
963
3428
1070
3586
1109
3706
1095
3646
1123
3736
1095
3523
1095
3503
1123
3404
919
3588
1098
3806
1126
2669
854
3445
1123
3478
1123
2650
809
1715
879
3458
10033
3676
1100
3696
1120
3583
1127
3612
924
3648
1102
3604
1130
3478
1102
2194
1152
3721
997
3560
1097
3486
1105
3699
1107
3771
1095
3182
944
3656
1115
3631
1120
3733
1117
3561
618
3636
615
3528
1132
3716
1110
3651
623
3751
1104
3738
1077
3716
1140
3546
1128
3576
1100
3576
1092
3353
1124
3480
1127
3648
1012
3563
1103
3402
1092
3829
1115
3551
1100
3466
1063
3728
1137
3428
1111
3704
1115
3491
1088
3553
1093
3673
1117
3618
1128
3458
1102
2948
914
3613
1116
3483
1108
3626
1104
2984
1012
3142
1130
3711
1128
3508
11123
3551
1079
3593
936
3566
625
2895
821
3611
1100
3513
1103
3646
846
3666
1090
3731
1121
3704
1110
2712
823
3589
1100
3430
1095
3636
1118
3043
1103
3475
1095
3662
1098
3448
1139
3769
1081
3515
1103
3708
942
3697
1093
3824
1118
3681
1105
3511
1092
3702
998
3731
1106
3698
1160
3761
1100
3621
1110
3007
806
3731
1121
3980
1138
3789
1117
3638
1099
3605
1105
2143
1095
3600
982
3688
1145
3721
1095
3786
1113
3757
1098
3766
1078
3540
9685
3481
1101
2140
599
2843
887
3554
1098
2810
878
3757
1115
3596
1083
3832
1093
3493
1082
3528
1097
3650
1044
3511
925
4280
587
3746
829
3646
1093
3530
1100
3468
1080
3618
1031
3585
746
3653
1120
3829
632
3618
1133
3658
746
3646
1097
3767
1113
3480
946
3666
1103
2948
960
3562
897
2113
619
3561
1092
3714
972
3541
1097
3828
1132
3579
1120
3709
1098
3701
1125
3709
1113
3498
1101
3113
945
3811
1093
3548
1043
3448
1028
3681
1074
3753
943
3415
1035
3751
1003
3643
1123
3388
1000
3600
1111
3768
1115
3669
1091
3711
1097
3834
775
3638
1087
3703
1107
3726
1032
3508
1095
3641
979
2192
667
3874
1087
3728
1061
3734
1110
3756
1125
3463
945
3673
1107
3586
1088
3586
1017
3465
888
3089
1105
3591
1097
3611
884
3690
851
3651
1095
3734
1042
3646
1126
3807
1113
3716
1100
13646
918
3801
1147
3681
1083
2989
640
3669
1018
3609
9792
3626
8537
3797
1131
3613
1105
3877
1075
3159
943
3616
1118
3563
1100
3661
1108
3723
1100
3513
1095
3548
1093
3704
1130
3616
1085
2913
902
3566
1140
3772
597
3670
1108
3638
1110
3751
1078
3703
1000
3706
923
3759
1108
3738
1130
4006
1088
3633
1118
4132
1135
3636
1132
3622
1090
3571
1087
3548
992
3628
928
3659
9707
3594
1127
3756
1120
3976
1113
3584
1086
3822
1085
3083
929
3781
1126
3584
1143
3969
1095
3703
1117
3864
1125
3776
1093
3588
1093
3533
1105
3666
1095
3687
1098
3499
1095
3768
1108
3776
1104
3759
1100
3576
1128
3658
884
3738
1133
3827
1120
3663
1023
3101
933
3706
1093
3060
811
3540
9649
3959
804
3831
1074
3488
1123
3927
1123
3616
1117
3145
930
2443
609
3821
1065
3974
1095
3677
1072
3792
1107
3563
1175
3561
1107
3636
1115
3664
872
3484
967
3658
744
3889
1135
3671
1095
3621
856
2486
731
3621
1085
3493
930
3524
1107
3946
792
3568
1102
3540
1145
3676
1107
3707
1118
3763
1099
3606
1095
3548
1131
3588
764
3711
1130
3495
1056
2273
633
3718
960
3563
1062
2732
1113
3613
1103
2908
870
3513
942
3711
1093
3277
624
3631
1135
3471
1186
3570
897
3807
1030
3721
980
3551
842
3596
1088
3749
1113
3679
1092
3626
1108
3578
1095
3448
1098
3588
1130
3548
1163
3553
1092
3480
1162
3904
1120
3876
1128
3626
1100
3633
1097
3518
1095
3768
998
3586
1098
3595
1105
3556
922
12648
914
3558
1109
3656
1093
3193
835
3631
1133
3598
1085
3435
959
2671
789
3432
1112
3528
1115
3380
950
3575
1130
3693
1115
1559
1085
3548
1105
3634
1112
3683
1120
3440
1019
3620
1155
3560
967
3599
1090
3586
1090
3543
1128
3496
1112
3583
1103
3654
1127
3618
1093
3545
1104
3478
1143
3615
1129
3601
1123
3451
1113
3443
1130
3426
1112
3851
1105
3503
805
3391
920
2977
933
3691
1112
3794
1165
3575
974
3666
1102
3613
1095
3571
997
3574
1103
3601
1085
1997
612
3515
1095
3513
934
3560
1108
3644
1090
3726
1188
3688
1107
3268
970
3493
1062
3759
1145
3543
1115
3231
1120
3613
791
3599
1090
3576
1042
3426
1103
3889
1115
3465
1113
3596
1085
3694
918
3713
1157
3664
1125
3759
1097
3724
1152
3534
866
3533
1100
3604
872
3588
1097
3606
797
3488
1037
3495
988
3615
1087
3648
1105
3709
1112
3633
1028
3664
1095
3496
1112
3543
1090
3543
1088
3872
1085
3588
1134
3703
1094
3536
943
3744
958
3411
1083
3485
9532
3624
1080
3688
1113
3554
1049
3591
877
3578
1108
3771
1010
3631
1135
3701
1123
3756
1085
3688
1118
3546
942
3692
1037
3676
1088
3806
1120
3698
1112
3546
955
3478
1083
3686
1142
3621
1097
3611
990
3806
1117
3510
1110
3626
1098
3573
1094
