3471
1113
3561
1116
3451
1170
3210
497
3468
873
3440
910
3503
1108
1929
640
3626
1092
3458
1032
3516
1098
3543
618
2814
1097
3573
1141
3343
1165
3486
606
3683
1105
3612
1120
3450
1117
3553
1108
3406
1097
3594
1185
3481
1085
3464
1125
3498
1117
1932
638
3493
1038
3480
1160
3472
1075
3453
1088
3406
1158
2830
1118
3611
1102
3465
1092
3513
1115
3518
1093
3523
1105
3540
924
2748
899
3483
1118
3494
1090
3555
1099
3483
1091
3559
935
3528
970
3596
10083
3433
750
3634
736
3483
745
3573
1140
3601
1170
3625
944
3593
1108
3493
1119
3541
1005
3486
1095
3508
1101
3585
1105
3406
1140
3490
1100
3481
1095
3638
1108
3601
1145
3460
1111
3466
1108
2264
814
3481
1096
3571
1094
3581
732
3643
1088
3600
1111
3488
958
3473
884
3448
1115
3543
1115
3491
1093
3468
1097
3396
902
3448
1095
3438
1084
3498
1067
3545
1085
3570
1064
3508
1080
3500
1014
2903
663
3533
1122
2987
1098
3455
1110
3455
922
3423
1120
3613
1143
3453
959
3400
1085
3463
1165
3418
1103
3559
1108
3466
1085
1877
945
3633
995
3561
1127
3488
1115
3531
1103
3779
1127
3438
1099
3466
931
3481
1050
3491
925
3408
1014
2879
1125
3017
961
3456
1030
3445
1125
3563
1100
2055
503
3413
1131
3413
1135
3624
1113
3465
1004
3463
1142
3360
1108
3490
736
3551
1097
1977
615
3560
1105
3580
608
3613
1107
2262
1205
1933
598
2066
1100
3588
814
2653
833
3420
1102
3634
1080
3552
1153
3556
1070
3620
1123
2887
1158
3548
1125
3478
1110
3554
598
3606
1132
2875
881
3701
1119
3465
9562
3420
1123
3650
932
3568
1088
3563
1105
3380
1113
3658
1105
3660
1012
3556
700
3511
801
3574
1100
3659
937
2164
1095
3021
1085
3580
1105
3436
970
3569
1173
3603
1103
2977
879
3465
1102
2857
861
3506
956
3538
1109
3498
1106
3488
1101
2728
815
3704
1125
1993
1173
3614
1113
3181
952
3846
1110
2565
679
2458
789
3562
1078
3428
1007
3538
1129
3747
1091
3558
927
3300
908
3464
1100
3576
1050
3566
1127
3568
817
3654
1133
3441
611
3393
1017
3551
997
3736
1112
3611
1091
3423
1080
3428
1113
2528
846
3435
1118
3428
682
3521
1108
3445
1089
2879
8846
3959
849
3794
1078
3482
1108
3498
1095
3425
1121
3809
1120
2873
1113
3636
1088
3521
1087
3543
1080
3538
1130
3593
1133
2893
743
3579
1148
3442
1115
3575
1117
3476
1045
3844
1128
3561
1083
3823
1073
3608
1118
3673
9961
3438
1113
2706
794
3601
1108
3465
1104
3468
1085
3053
910
3536
1128
3473
846
3525
1052
3186
1140
3486
1123
3668
1113
3598
1098
3485
1000
3604
1103
3630
1090
2982
873
3464
943
3676
1105
3448
1090
3721
1153
3553
1110
3669
1108
3493
1085
3829
1093
3534
1087
3741
1080
4100
764
3490
1031
2864
876
2992
951
2090
612
3643
1100
2412
729
3540
755
2071
610
3784
1115
3776
1105
3520
1120
2016
1096
3541
1086
3646
910
3663
648
3390
1135
2903
804
3511
1095
2910
1092
3609
943
3836
1010
3491
1077
3641
1097
3485
1100
3468
604
3565
1080
3636
1093
3450
607
3583
1133
3558
1092
3445
957
3694
1152
3536
1107
3481
1092
3503
1113
3543
1095
3505
1093
3523
1111
3619
1095
3498
984
3548
1110
3510
1122
3448
1120
3568
917
3390
783
2912
8863
3778
1080
3643
1114
3440
1120
3548
1120
3736
1115
3618
1088
3508
1103
3596
940
3454
1095
3417
1105
3511
1101
3831
1103
3518
1106
3596
1105
3767
1095
3522
1102
3501
1085
3401
1092
3438
1125
2745
846
3601
1092
3633
1112
2356
746
3501
8865
3494
1168
3464
1092
2121
623
3573
935
3654
1170
3441
893
3415
1133
3335
886
3458
1094
3583
1106
3501
1107
3486
1103
3533
1102
3508
1079
3422
784
3445
1105
3704
1082
3599
1118
3452
972
3686
1107
2030
631
3314
1023
3570
1115
3287
1051
3391
1100
3511
960
3533
1120
1942
1139
3566
1127
3782
1117
3405
833
3576
1113
3526
1097
2036
1162
3320
960
3513
874
3636
1103
3754
1095
3581
1113
3294
915
3483
1083
3512
1120
3565
1108
3600
1007
3590
1100
3533
1105
3549
1102
3518
955
3819
1088
3538
1093
3548
1088
3533
1095
3606
1097
2554
807
3735
1122
3659
1100
3513
9765
3681
1090
3521
1106
3598
1096
3488
1098
3493
644
3531
1077
3425
1112
3626
940
3518
1100
3470
1120
3488
1062
3430
1111
3415
1120
3471
1090
3578
1076
3448
1095
3466
916
3397
1123
3508
1112
3433
926
3568
1119
3360
1098
3478
1111
2309
735
3644
1100
3694
1088
3593
1113
3521
1090
3561
1118
3942
934
2995
875
3214
831
3726
1078
2410
749
3410
1100
3619
1107
3663
1130
2813
1098
3606
932
2136
9881
3516
1120
3578
1075
3551
1155
3658
1110
3495
1098
3495
1108
3443
743
13122
1100
3501
1086
3435
1113
3490
992
2664
796
3273
1050
3483
903
3551
1074
3521
1108
3543
1110
3319
1115
3543
1097
2825
887
3550
1107
3495
1130
3515
943
3551
1087
3522
922
3583
1097
3553
649
3403
1100
3649
1115
3618
1105
3583
1119
3016
931
3508
1115
1996
634
3488
1100
3641
1064
3182
1093
3219
1045
3541
629
3478
1082
3501
1097
3500
1087
3498
1092
3538
948
3595
1095
2997
938
3566
1128
3791
1117
3962
1123
3664
1105
3451
1137
3821
1113
3498
1078
3443
1165
3516
985
3496
959
3563
1103
3523
1080
3400
1111
3546
904
3516
927
3515
1113
3501
1102
3564
1125
3530
1105
3666
1090
3440
1110
3430
1140
3443
1107
3629
1138
1461
1120
3520
1120
3671
1110
3646
1095
3594
574
3440
1110
3618
1128
1980
601
3573
1130
3584
1095
3319
1040
3752
1102
3601
1096
2895
937
3501
1128
3533
1116
3498
1078
3491
817
3915
1095
3548
1059
3420
1105
3493
1085
3353
1092
3434
1110
3724
1080
3613
1160
3473
1092
3581
1005
3443
977
3686
1100
3498
1100
3506
869
3525
937
3542
1124
3685
894
3398
524
3661
1090
3649
1122
3515
1100
3425
1196
3463
1090
3420
1098
3478
1130
3518
1108
3513
1132
3440
1115
3055
1120
2974
900
3634
1103
3503
1133
3581
9677
3498
1160
2916
1185
3390
1115
3601
1095
3313
1037
3649
1123
3621
1090
3468
1127
3594
1090
3498
1094
3420
829
3508
954
3535
1002
3600
1080
3595
1107
3540
1100
3513
1018
3626
1117
3438
931
3511
1095
3563
1113
3540
874
3531
1078
3521
842
3553
970
3322
1100
3486
1027
3558
1122
3620
1117
2559
835
3604
1116
3461
1092
2675
1063
1432
1120
3483
1137
3428
1128
3553
1118
3510
937
2127
1109
3797
1090
3593
954
3635
1103
3515
1091
2191
1130
3731
812
3643
1080
3578
1113
3794
1080
3752
1092
3488
1130
3583
1085
3453
1115
3603
792
3581
599
3410
1010
3613
1110
3631
555
3543
1142
3455
1130
3549
1105
3558
1165
3681
1097
3609
1120
3538
1109
3072
918
3736
1133
3501
1092
3533
1083
3518
1080
3018
828
3445
1047
3558
990
3516
1070
3588
1127
3763
1009
3496
1096
2969
948
3353
1031
3491
1103
3551
995
3505
1082
3586
1113
3676
9972
3599
1135
3081
1095
3448
1112
3580
1108
3578
1092
3094
912
3528
1119
3441
1105
3719
1103
3586
1077
3636
1152
3551
1117
3628
1125
3708
1107
3550
1119
3631
1091
3999
1200
3404
1107
3979
1093
3468
1118
3714
1120
3717
1099
3779
1135
3656
1128
2410
625
3589
1108
3871
1120
3698
1120
3468
1100
3307
923
2666
816
3611
1112
3586
639
3493
1108
3856
1105
3540
1116
3646
1083
3609
1105
3704
1170
3658
955
3526
1107
3669
1107
3636
1080
2190
647
4105
1097
3641
1118
3641
940
3629
1078
3669
901
2095
633
3676
1092
3556
985
2985
872
3520
1125
3540
1095
3674
1095
3550
936
4007
1128
3633
1073
3603
962
3535
1120
3229
957
3691
1105
3781
1075
3563
1120
3432
1047
3631
931
3636
1109
3250
974
3524
1097
3741
1043
3979
973
3533
1085
3995
931
3756
1035
3854
1112
3658
1112
3496
643
3818
1098
2182
1108
3611
9304
3924
1110
3570
1127
3055
942
3701
1103
3581
1125
3917
1130
3621
934
3556
1106
3656
1095
3684
919
3591
1115
3801
1137
3942
1108
3708
1085
3536
1180
3572
1122
3588
967
3733
1093
3498
902
3977
1104
3515
1069
3671
1125
3568
1130
3267
9809
3701
1108
3791
990
2204
653
3732
1085
3634
1118
3653
1120
3677
1092
3926
948
3894
1110
3584
1130
1969
913
3508
1105
3821
932
3666
1113
3718
1120
3142
954
3827
1104
3676
1047
3545
1115
3711
1110
2959
887
3703
1080
3826
1121
3766
1075
3407
647
3846
1088
3476
963
3561
1133
3813
1083
3680
1072
3791
1103
3526
1118
3548
897
2828
1064
3644
1108
3706
969
3699
1113
3669
1097
3694
9567
3197
891
3701
885
3678
1095
4052
1110
3874
1082
3521
1118
3493
1073
3844
1130
3610
1050
3623
930
2242
1132
3884
1100
3771
1115
3621
926
3279
1109
3676
1087
3832
1123
3663
912
4013
1059
3677
1163
3700
1112
3982
1135
3746
1149
3423
986
3580
1047
3761
1113
3861
1135
3601
1089
3570
1121
3879
1110
3778
1127
2843
845
3560
1187
3867
1123
3763
1103
3526
1098
3596
1105
3695
1118
3653
1115
3899
1126
3648
922
3553
970
3798
877
3703
1105
3538
1030
3649
1098
3653
1080
3929
1118
3653
1100
3699
1103
3743
1098
3676
1099
3849
1115
3777
1105
3586
1129
2177
613
3824
1115
3225
929
3746
1070
3696
936
3643
1073
3501
933
3709
1121
4109
592
3694
1108
3521
1037
3779
1093
4042
1095
3593
933
3611
889
3916
1088
3546
920
3515
1123
3550
1056
3786
1113
3596
9660
3440
9437
3491
1087
3611
1078
3708
1078
3771
1095
3413
1120
3696
1115
3496
1103
3484
1112
3609
1132
3605
1081
3724
1125
3706
1105
3491
1118
3576
1120
3503
1097
3701
943
3626
1080
3446
1108
3448
916
2144
1153
3654
894
3591
1110
3017
906
3525
1120
3593
966
3553
1040
3518
1130
3490
1160
3573
1075
3581
992
3511
1096
3398
1163
3578
1138
3508
965
3556
1118
3477
1048
3492
1077
3521
1077
3829
1108
2493
732
3413
935
3776
1052
3625
1093
2474
1085
3645
1091
3488
1107
3715
1099
2035
630
2559
805
3486
1110
3734
1123
3367
1101
2999
934
3523
1085
1624
900
3463
1004
2857
787
3420
1138
3570
9574
3842
1115
3515
929
3964
1135
3493
1130
3784
1098
3530
1137
3596
942
3772
1123
3494
1113
3604
1130
3455
1108
3779
1113
3596
1097
3718
1029
2795
1103
3556
1090
3503
1138
3521
1162
3495
1068
3483
1133
3721
1120
3576
1103
3596
860
3646
1080
3591
1093
2199
1095
3460
927
3500
1080
2109
581
3764
1089
3471
940
3591
1112
3471
1165
3641
1000
3392
956
3470
1085
3763
1077
3776
1043
3603
1078
3739
1100
3039
935
3634
935
3504
936
3535
1085
3483
1108
3533
1095
3640
1117
3147
970
3694
1098
3496
1113
3879
1093
3778
1095
3711
1108
3106
1080
3498
1146
3491
1143
3428
1135
3601
1038
3420
1110
3578
1100
3546
1129
3593
992
3506
1047
3636
1100
3656
1117
3496
1092
3645
9835
3403
1057
3656
1092
3656
1097
3546
892
3684
1115
3541
1118
3678
1092
3737
1129
3909
1093
3501
1074
2885
705
3632
1103
3596
1141
3619
1105
3497
1002
3646
1080
3581
1115
3777
1042
3638
1090
3861
1112
3606
1113
3024
898
3531
1125
3528
1092
3485
1085
3613
1076
3560
1118
3488
1113
3827
1135
3626
1110
3475
1008
