3521
1158
3468
1110
3476
1093
3441
564
3435
1130
3454
1102
3634
1093
3519
603
3421
1007
3593
1150
3422
1116
3478
930
3619
1115
3466
1133
3493
982
1981
646
3418
1156
3422
9529
3553
1100
3485
1111
3525
1105
3443
1083
3513
1110
3463
1125
3424
609
3440
7016
3470
1080
3412
1135
3390
1138
3423
1183
3443
1148
3468
1089
3383
1130
3488
900
3576
1143
1881
9539
3594
1103
3447
1002
3456
1168
3518
1092
3500
1133
3502
1113
3478
1118
3526
722
2622
937
3418
1073
2890
755
3661
882
3528
1152
3501
1105
3496
1099
3443
1103
3520
736
3613
1143
3646
733
2477
1121
1876
622
2927
1132
3461
1102
3436
1095
3430
1105
3520
1118
3450
1098
3531
1000
3478
1102
3443
1082
3526
1037
3558
1123
3721
936
3610
1081
3016
910
3508
957
2508
835
3508
1083
3458
1084
3574
1113
3520
1135
3478
1103
3579
1104
3595
1080
3869
1150
3511
997
3525
1058
3445
1095
1892
1105
3478
728
3476
1098
3428
667
3548
1141
3446
1015
3646
1108
3430
1108
3450
1155
3408
1113
2871
1120
3475
849
3549
1087
3436
1110
3418
1107
2877
798
3754
1198
3646
1178
3510
1095
3423
1115
3503
1152
3455
1108
3430
1118
2907
883
2062
644
3470
1108
3506
1007
3468
1110
3535
1070
3543
1082
1862
606
2564
1128
3453
1110
3448
1100
3460
1060
3609
1107
3433
1100
3376
640
3549
1112
3435
615
3701
1106
3493
521
1574
1113
3681
1118
3451
1115
3699
1142
3488
1082
3408
737
3401
1097
3550
1093
3628
805
3759
1110
3594
1112
3435
1112
3491
1077
3425
1125
3628
610
3616
1160
3538
876
3764
1072
3486
1097
3463
1100
3618
741
3686
1100
3203
1118
3784
1095
3731
1093
3063
795
3561
1171
3650
927
3301
1042
3475
797
3472
1066
3425
1123
3886
1090
3583
1000
3561
1125
3508
862
3618
1112
3514
806
3360
1085
3468
985
3603
1105
3603
1095
3551
1100
3390
858
3516
1115
3441
1100
3774
1125
3711
1110
3854
1115
3633
1096
3741
834
3775
1106
3466
1118
3792
1035
3561
1112
3525
1115
3586
1113
3674
732
3771
1130
3520
1095
3146
844
3622
1128
3423
1104
3636
1100
3531
1082
3620
1150
3618
1118
3525
1120
3428
1098
2695
768
3480
1100
3018
882
3478
1112
3740
675
3510
1105
3706
1125
3528
1118
3570
1121
3448
1098
3596
1080
3485
1117
3510
753
3531
876
2653
850
3621
1086
3653
1095
3551
9800
3452
1155
3636
886
1999
648
3595
1097
3418
926
3728
896
3809
1113
3536
1082
3530
1098
3568
660
2062
623
3427
1054
3518
1095
3461
1115
3602
1118
3674
987
3536
1093
3630
896
3474
1138
3408
808
3443
918
3574
1114
3599
1092
1969
1133
3673
1102
2868
1102
3496
1123
3453
952
3526
1110
3663
9597
3516
1130
3533
1110
3576
1123
3543
1108
3548
846
3461
962
3565
1241
4586
1191
3598
1033
3570
1128
3115
825
3612
614
3536
1123
3418
741
3466
971
3590
1107
3729
1036
3551
1120
3388
1000
3483
960
3525
1088
3991
1057
3549
581
3516
1101
2423
739
3508
1098
3543
1121
3723
1100
3531
1105
3528
1100
3468
1102
3525
1122
3583
920
3516
1088
3568
1116
3636
728
2950
920
3401
1113
3455
1117
3040
907
3606
1097
3623
1170
3618
1082
3391
1051
3530
1054
3420
1115
2834
895
3536
1110
3496
1112
3440
1097
3415
1094
3483
1110
3514
898
3691
1087
3532
1100
3362
1120
3662
954
3694
1121
3448
1093
2365
782
1988
1040
3441
1113
3549
1102
3669
1075
3418
9725
3057
1128
3668
1100
3420
1117
2995
1088
2511
815
3468
1097
3530
1049
3513
1100
2845
828
3824
1125
3580
1097
2913
746
2946
8205
3490
896
3545
1092
3494
1097
3011
1031
2927
940
3600
1125
3473
992
2644
1167
3478
1145
3485
1092
3443
1105
3633
11520
2848
894
3583
1109
3593
1127
3488
1102
3598
1085
3505
1091
2721
1097
3513
1115
1970
642
3496
1095
3481
9657
3571
1093
3656
1136
3450
1134
3543
1156
3423
815
2681
746
3513
9540
3535
761
3483
589
3598
1125
3666
641
3629
1095
2760
871
3535
1104
3043
924
3480
1125
2716
1140
3463
1084
1976
639
3365
967
3458
990
3588
1114
3514
927
3709
1103
3588
1148
3608
1105
3710
1100
3665
1107
3586
1120
3638
1095
3518
793
3658
1111
3686
1095
2931
1092
2743
839
3460
929
3399
1078
3626
1128
3259
960
3455
1133
3528
1140
3558
1103
3528
1108
3583
975
3478
1163
3696
1077
3490
1003
2897
924
1958
647
3616
844
3003
888
2005
631
3502
920
3508
1137
2037
626
3413
1113
3435
1143
3560
1095
3849
1102
3771
478
3616
1110
2987
1103
3828
1108
3227
958
3566
885
3523
1130
2870
1099
2439
721
3550
1097
3480
1120
3536
1133
3646
793
3031
935
3327
641
3513
1087
3452
1138
3555
1092
3520
1128
2977
1098
3513
1119
3420
1114
3473
1109
3430
1097
3643
1113
3548
1033
2601
802
3506
1081
3621
924
3530
1100
3679
1103
3563
1231
2991
990
3056
929
3466
1135
3591
1093
3465
1121
3450
1010
3435
1125
3591
1098
3405
1099
3463
1117
3809
1110
3624
1100
3709
900
3568
1100
3150
921
3470
1120
2038
639
3441
1137
3494
1123
3403
1093
3490
1117
3666
1122
3472
1047
3573
1084
3463
1090
3628
1112
3465
621
3588
992
3624
1117
3440
829
3611
1107
3594
1107
3578
1108
3600
1115
2045
632
3493
1107
3466
1093
3453
1085
3481
1125
3436
1100
3525
998
3506
1120
2950
715
3656
1072
3344
1112
3460
1097
3854
1095
2839
1105
3525
1105
3581
1098
3375
1106
3545
1000
3633
1127
3480
1110
3523
1138
3628
1112
3170
942
2957
818
3533
1110
3671
1097
3360
610
3640
1120
3625
1085
3636
1073
3512
1093
3688
1083
3573
806
3743
1074
3566
945
3598
965
3619
1053
3756
877
3568
1133
3451
1111
3576
1102
3563
1083
3485
859
3728
1105
3641
1102
3558
1105
3642
879
3538
1100
3418
1092
3285
1087
3573
877
3671
1115
3538
1077
3030
1106
2533
800
3513
1080
3707
1102
3488
1112
3478
988
3440
1045
3401
1092
3703
1130
3653
1103
3596
1082
3412
1075
3528
1135
2895
935
3606
1074
3531
1112
3603
947
3515
1092
2957
1096
3546
999
2835
1085
2983
846
3658
1143
3526
1113
3483
1106
3615
1120
3556
1135
3460
1092
3490
1110
3403
1110
3690
1155
3453
803
3653
1128
3486
1105
3533
1095
3427
1038
3610
1115
3041
766
3768
882
3510
1088
3448
1092
3541
1110
3495
1089
3656
970
3000
1103
3443
10244
3515
1115
3636
1105
3468
1125
2626
1097
3515
1128
3611
1130
3430
1103
3776
1030
3618
1098
1922
1110
2091
625
3759
904
3493
1118
3611
1115
3711
636
3493
1100
3508
1115
3318
1086
3693
988
3482
1112
3623
1115
3543
1095
3721
1097
3245
700
3446
1118
3473
915
3543
1125
3606
640
3531
1092
3520
1095
3561
1125
3630
864
2990
934
3582
1098
3641
1117
3486
1133
3541
1103
3596
1093
2662
796
3854
1097
2733
1113
3691
916
3560
931
3455
1096
2241
628
3939
1128
3831
1103
3569
823
3560
1072
3456
1108
2903
1138
3452
1117
3609
1103
3570
1050
3688
920
3643
1118
2562
798
3544
1045
3708
1120
2982
905
3504
1112
3485
915
3720
1102
3604
1123
3631
1140
3784
1082
3576
1080
3648
1082
3544
1080
3796
9690
3575
1020
3518
1093
3606
1120
3393
1128
3453
1117
3528
1108
3586
952
3666
1090
2257
634
3749
1125
3571
1102
3616
1106
3533
1093
3834
1108
2124
602
3603
935
3666
1125
3699
1108
3613
1094
3483
1115
3711
1123
3635
1108
3576
1107
3721
1125
3787
1095
3756
1135
3706
1118
3715
603
3653
1080
3639
1115
3703
582
3512
1085
3596
1107
3664
1105
3613
1066
3021
832
3506
1115
3779
1111
3593
1097
3806
1186
1994
653
3495
974
3629
1040
3696
932
3533
1061
3917
1080
3771
1105
3666
1098
3673
1097
3704
1170
2513
1080
3481
1132
3669
934
3626
1107
3859
1054
2080
1177
3766
1110
3729
1100
3622
1132
3576
1070
3536
1150
3769
981
3254
946
3821
1112
3646
1150
2031
629
3593
1165
1968
971
3879
1122
2220
619
3563
1115
3993
1135
3560
1058
3337
1128
2780
735
3819
1095
3616
1080
3628
1064
3819
1125
3461
899
3574
1133
3703
1127
3501
1128
4065
1105
3498
1097
3691
944
3634
1123
3719
1102
3023
1145
3603
1099
3603
915
2098
599
3683
1113
3461
1110
3511
1095
3641
1044
3626
1135
3798
1050
3731
1097
2035
616
3490
1094
3535
1108
3899
1127
3518
935
3756
1121
3772
1098
3302
1135
3455
1098
3796
1091
3633
960
3744
1095
3127
983
3844
1096
3606
924
3701
1113
3626
1067
3766
1102
3744
1080
3533
1064
3541
9677
3698
1092
3875
1169
3919
1079
2469
782
3769
1085
3532
1113
3671
1085
3648
910
3753
1093
3133
874
3641
1077
3974
1117
3786
1062
3584
1137
3737
1078
3774
1095
3901
1095
3758
1120
2337
616
3751
1105
3708
1092
3538
1195
3455
1105
3323
1061
3759
1022
3524
1057
3869
1093
3851
1135
3593
1100
3766
1103
3834
1140
3142
1088
3786
1093
3623
997
2665
745
3548
1113
3779
1082
3726
1133
3706
1072
3655
1125
3748
1108
3510
1085
3848
1075
3653
1095
3631
1100
3733
1105
3764
1100
3646
1107
3573
1112
3671
1107
3683
1125
3795
1117
3241
1084
3601
1122
3576
1115
3788
1102
3799
1088
3826
1097
3574
1111
3683
1088
3985
1025
3889
1075
3491
1080
3717
1113
3658
1093
3661
1123
3806
1129
2984
880
3583
1106
3809
1052
3467
1110
3087
1103
3991
1002
3491
1105
3698
1102
3774
1133
3794
939
3724
1140
3801
922
3518
800
3766
1115
3720
1100
3894
1098
3696
1108
3503
925
3631
1125
3506
1093
3599
1095
3545
1130
3542
1096
3573
1077
3626
1127
3565
928
3641
1113
3649
1108
3598
780
3498
1117
3629
1115
2935
1087
3473
1105
3566
1110
3533
932
3463
1140
3463
877
3630
975
3586
1108
3466
1028
2905
916
3573
1085
3498
1111
3509
1110
3443
1102
3555
1110
3029
954
2780
809
2196
632
3510
1087
3488
1120
2174
1115
2945
1118
3644
1105
3558
1105
3897
1085
3621
1135
3514
1088
3561
924
3596
1101
3666
1108
2356
727
3508
1085
3595
932
3799
1100
3505
977
3616
1128
3724
1118
3450
1135
3470
972
3653
1141
3704
1097
3695
1024
3564
1068
2139
883
3601
1087
3450
857
3865
1118
3556
969
3391
1082
3435
1116
3704
1112
3639
1015
3781
1105
3585
947
3560
1098
3259
931
3478
1115
3476
1096
3553
1126
3832
1122
3685
1140
3523
1138
3702
1138
3531
1059
3619
1113
3656
1102
3583
1105
3606
1107
3629
1118
3821
1107
3585
1078
2161
639
3494
1102
3558
1108
3538
1073
3540
1110
3478
924
3626
1122
3502
1095
3869
915
3624
1173
3504
1107
3515
1123
3536
1087
3452
1102
3726
1107
3508
840
3093
1073
3541
1085
3580
1110
3696
1090
1971
643
3636
1138
3872
1105
3656
1100
3530
1077
3508
1093
3668
1108
3614
1118
3681
920
3571
892
3554
1105
3611
1104
3837
1095
2800
1146
3703
1095
3555
972
3311
1023
3656
1088
3941
997
3612
1085
3700
1107
3586
1080
3889
1080
3271
891
3623
1098
3534
922
3596
952
3708
1119
3704
1105
3640
1110
3495
865
3503
833
3759
1110
3709
1093
3513
1120
3595
1122
3626
1067
3599
1083
3625
1120
3636
1024
3051
865
3628
1083
3731
1111
3591
1145
3518
955
3646
1078
3453
1118
3784
1099
3586
964
3646
1136
3671
932
3631
1119
3761
928
