3552
1128
3473
1097
3431
1122
3580
890
3445
1093
3462
1088
3508
1130
3564
1064
2562
912
3456
1080
3400
1123
3463
1098
2881
1102
3438
1090
3466
1128
3506
1113
3538
1115
3533
1019
3425
1080
3506
1098
3410
1087
24546
1114
1879
1099
3465
1128
1917
605
3152
601
3415
1122
3415
975
3491
1110
3460
1090
3457
1155
3345
1093
2924
908
3493
1128
3481
1095
3455
1135
2865
890
3608
1105
2819
890
3458
1082
3466
839
3529
1117
3478
1136
3423
723
2610
926
2988
1120
3468
915
3478
638
3516
1098
3471
1096
2498
818
3253
1023
3579
1088
3460
1020
3473
1111
2363
728
3443
1193
2776
1077
3543
1106
3552
1173
3633
1147
3566
973
3768
707
3473
1090
3445
1087
3458
800
2843
911
3468
1148
3666
923
3544
1108
3038
904
3659
1057
3749
807
3548
1087
3436
1130
3471
1095
3472
1095
3438
1098
3451
872
2936
9020
3480
1105
2768
689
3392
1115
3460
1100
2562
612
2788
722
3404
1097
3558
628
3461
1095
3425
1090
3470
9753
3456
1115
2351
1090
2677
1103
3434
1130
3604
1100
3623
972
3410
897
3465
1125
3558
1132
3658
1065
3501
1120
3437
1095
3508
1100
3488
1082
3609
734
3531
840
3466
942
3593
942
3746
1092
3595
1106
3563
951
3343
1117
3744
1090
3513
1100
3636
1060
3514
1095
3403
9507
3420
990
3403
978
3493
1095
1913
666
3471
1075
3433
1125
3541
976
2083
615
3412
1082
3621
1113
2877
922
3395
1052
3395
1105
3485
1113
3516
930
3486
1095
3620
931
3211
941
3696
1113
3451
1111
3424
1110
2701
1103
3684
1104
3533
771
3540
882
2983
782
3436
1115
3521
858
3643
741
3872
1138
3498
1092
3375
1115
3593
1102
3528
1102
3500
1097
3461
1102
3300
1047
3062
939
3067
945
3581
932
3621
990
3073
968
3654
1090
3476
1095
3458
1090
3480
1105
3638
1111
3588
1098
3646
1120
3521
1125
2952
935
3368
721
3563
1130
2450
621
3964
1105
3666
1107
3651
1105
3568
1080
3413
847
3854
928
3524
993
3683
1096
3380
1152
3891
1110
3503
1105
3431
1099
3425
927
3472
1098
3746
1128
3530
1105
3451
934
3623
1107
3583
1137
3510
1110
1950
836
3483
1092
3526
1085
3518
802
1996
642
3392
882
3538
1163
3446
807
3471
1088
3649
1063
3633
1097
3546
1085
3679
1116
3631
937
3430
1078
3714
1098
3428
960
3656
1090
3634
1093
3793
1125
3611
1094
3623
1129
3644
733
1980
626
3450
1132
2951
1115
3440
1004
3634
1083
3568
1095
3576
1093
3260
639
3611
1130
3686
1123
3468
1096
3496
1127
3541
1132
3588
974
3551
1140
3891
1115
3528
1080
3458
942
3448
1090
3638
1105
3656
1115
3443
1095
3578
1095
3435
1131
3468
932
3410
933
3492
1105
3455
1100
3573
1105
3490
1080
3445
975
3516
1120
3476
1095
3475
1110
3751
1155
2324
515
4001
1095
3806
1090
3581
1082
3532
930
3691
1092
2352
1110
3412
1121
3445
1180
3866
540
3588
1095
3513
1108
3393
1133
3569
1118
3695
913
3599
1203
3578
1092
2293
1095
3693
947
3488
879
3726
1123
3588
1120
3444
1113
3375
1118
3570
982
3508
1147
3450
1110
3711
1120
3636
745
3540
1197
2149
617
3402
927
1660
1119
3563
1098
3701
1128
3598
1110
3438
1148
2142
1118
3464
1110
3505
743
3421
1122
3657
1123
3624
1095
3508
1090
3595
1048
3420
887
3513
933
3464
1106
3436
918
2932
933
3392
1092
3555
1100
3438
1112
3445
822
3548
1098
3373
1105
3530
1105
2912
916
3816
1107
3565
1102
3595
1170
3566
1082
2531
8009
3703
1090
3516
1100
3718
852
3704
1107
3684
1128
3307
1097
3501
1095
3511
859
3485
1045
3694
1099
3583
1108
3668
970
3478
941
3541
1115
3470
1120
3400
814
3510
1085
3596
1093
3264
1092
3536
1045
3518
1092
3521
1000
3528
1085
3538
1110
3573
1125
3516
1088
3574
844
3581
1145
3452
942
3551
1103
3543
960
3455
1118
3465
1042
3481
1112
3573
1148
3653
939
3545
1135
3488
1110
3613
1035
3568
1095
3701
1085
3009
800
3430
793
2800
887
3553
1083
3500
922
2648
726
3586
843
3463
1105
1993
621
3528
939
3483
1047
3643
1105
3553
1133
3651
1086
3574
1085
3465
1100
3731
1103
3365
1107
3693
952
3649
1122
3592
1130
3849
1075
3443
960
3676
1123
3534
829
2068
1095
3583
1105
3531
1118
3596
913
3363
1082
3604
1102
3678
940
3492
1095
3431
1007
3398
1125
3606
1092
3480
950
3646
1100
3483
1098
3616
964
3448
1114
3580
600
2953
830
3485
9687
3561
493
3741
1087
3698
1077
2941
924
3533
918
1898
502
3881
1095
3543
1093
3586
977
1878
599
3037
890
3706
994
3572
1080
3689
1080
2025
633
3455
1077
3440
1088
2915
901
3458
935
3058
632
3799
1155
3480
1074
3623
1130
3701
1075
3070
1107
3488
1134
3538
1125
3438
1110
3664
939
3556
1090
3456
1130
2697
1090
3418
1100
3007
1090
3561
1100
3488
1037
3448
1113
2914
858
3744
1113
3466
1112
3606
1082
3496
1092
3535
1097
3498
1146
3782
1078
3601
1137
3481
868
3585
1130
3078
1098
3598
1097
2114
642
3530
1130
3656
1093
1954
621
3719
1017
3466
1100
3465
1017
3653
1143
3601
1107
3502
1087
3546
1113
3506
1113
3546
1090
3636
1115
3681
1093
3526
845
3551
954
3541
740
3643
1111
3468
992
3525
1100
3686
1110
3774
1153
3551
1105
3435
1106
3498
1083
3609
1097
3589
1021
3516
1027
3529
1107
3473
1097
3706
1123
3596
1021
3498
1098
3560
1105
3464
1091
3608
1092
3492
1081
3461
835
3566
1105
3503
1105
3664
9081
3741
1104
3398
1093
3478
1080
3542
1140
3866
1097
3578
1108
3521
1090
3586
1092
3417
1087
3464
1100
3686
1114
3585
1075
3531
1120
3528
984
3513
1100
3506
941
3591
1035
3511
1157
3659
1135
3561
1104
3590
1088
3518
1108
3661
1100
3556
1101
3427
1114
2836
889
3755
1122
3550
1098
3558
1117
3520
1105
3545
1110
3603
1133
3473
1116
3545
692
3706
933
3580
1097
3408
972
3535
1085
3461
1103
3549
1097
3595
1105
3448
1112
3891
1088
3555
1118
3588
1090
3308
8809
3680
1097
3498
1095
3020
912
3431
1135
3443
1101
3460
805
3523
1092
3663
1085
3536
1082
3214
1080
3468
1095
3562
1103
3418
1115
3555
1125
3476
1135
3233
1112
3505
1087
3503
805
3629
1107
3445
1117
3737
1120
3458
1090
3503
980
3528
940
3493
805
3818
1100
3500
830
3616
1200
3391
1117
3518
933
2056
1093
3416
1120
2662
833
3533
935
3448
1108
3432
936
3561
1097
3081
1155
3536
1115
3561
1095
3766
936
3813
1107
3498
1133
3673
9578
3456
1110
3666
1107
3208
832
3909
1097
3669
1115
3791
1108
3558
905
3764
1107
3661
1108
3571
1115
3453
1090
3566
822
3418
1078
3435
1000
3561
1145
3721
1110
3556
933
3634
1092
3598
1115
3598
1088
3036
909
3791
1128
3576
1100
3568
1122
3659
1110
3514
1090
3535
1100
3406
1035
2992
851
3734
1077
3418
1103
3521
1098
3548
1105
3759
1075
3613
1108
3443
908
3538
1003
3511
1098
3565
1097
3623
1114
3595
1118
3518
933
3646
1098
3611
1047
3481
1102
3543
1020
3539
1117
2064
611
3528
1112
3501
1135
3741
962
3585
1085
3528
1093
3575
1110
3588
1028
3926
983
3839
1112
3706
1072
3516
909
3503
1107
3568
1090
3456
939
3486
1125
3588
1100
3626
952
3141
1098
3709
1088
3654
1092
3613
1124
3899
976
3606
1107
3631
970
3589
640
3413
1108
2328
650
3653
1084
3650
1096
3633
1148
3285
854
3826
1080
3523
1090
3690
1132
3495
1120
3715
1095
3491
922
3682
563
3668
1218
3753
1096
3831
594
3581
1057
3861
1118
3999
1133
3576
1145
3706
1098
2865
860
2238
631
3610
939
3480
685
3696
632
3663
1142
3769
898
3802
1099
3589
899
3712
1098
3917
1092
3769
1125
3668
1101
3594
1141
3675
918
3771
1092
3530
985
3723
1100
3925
1105
3641
1107
3526
1119
3716
1106
3553
1105
3658
1110
3583
1123
3701
1110
3701
918
3598
1137
3744
1103
3546
629
3526
1125
3578
629
3483
766
3633
1122
3590
1095
3778
1120
3689
1097
3546
1083
3065
854
3651
1031
3490
1085
3431
958
3894
1106
2980
1103
3614
1093
3518
1165
3681
1113
3483
942
3673
1116
3498
1118
3718
1092
3628
1123
3679
1061
3520
1082
3603
1115
3791
1110
3806
1101
3638
9783
3888
1094
3666
849
2115
1123
3635
1120
3593
1110
3716
997
3683
1100
3571
1107
3703
1110
3502
1123
3665
1085
3463
1107
3726
1168
3516
1105
3491
995
3293
804
3885
1107
3206
1122
3658
1101
3440
897
3629
1137
3669
1098
3666
1123
3335
1014
3701
1107
3498
998
3006
862
3688
1113
3798
1045
3684
778
3651
1120
3826
1120
3481
1103
3773
922
3648
1120
2970
880
3488
1105
3576
1103
3729
1113
3548
1112
3748
1080
3661
1105
3660
780
3691
1058
3511
1076
3926
1035
3620
1112
3529
1078
3508
1026
3635
1055
3491
1108
3548
1090
3638
989
3636
1092
3558
1095
3653
1106
3940
938
3774
1110
3631
1097
3521
1088
2671
720
3603
1110
3676
1090
3779
1077
3628
902
3878
1100
3664
1105
3491
1107
3771
1142
3483
1106
3728
1180
3653
1111
3793
1093
3899
1102
3656
1010
3546
1090
3488
949
3821
1125
3990
1072
3806
1129
3586
1110
3696
1093
3603
1107
3641
1110
3406
992
3520
1095
3716
1061
3764
1013
3993
9732
1953
649
3484
1080
3832
1100
3683
1108
3681
913
3626
1115
3655
1113
3641
918
3828
1095
3737
1115
3618
1181
3588
1107
3589
1098
3591
948
3821
620
3621
1064
3493
930
3540
1092
3530
1108
3754
1130
3816
1097
2625
1090
3649
1105
3575
1082
3719
1087
3524
1122
3590
1100
3482
978
3468
1117
3609
1110
3588
1097
2974
874
3781
1148
3589
1110
3580
914
2927
1095
3438
1130
3368
953
3628
1102
3462
1100
3606
946
3583
1069
3473
1115
3498
1120
2876
938
3580
1088
3518
990
3496
1120
3523
1080
3578
1102
3502
1062
3018
744
3553
1023
3616
1122
3666
1098
2095
1115
3603
1097
3595
11284
3453
1101
3588
1107
3754
954
3643
949
3591
1107
3621
1198
3621
1095
3611
1136
3661
1100
2945
767
3606
1118
3471
962
3443
798
3621
1138
3714
1105
3428
810
3606
1110
3630
397
1499
925
3524
1092
2824
653
3663
1095
3543
859
3668
1097
3595
1120
3609
1118
3523
1087
3833
1107
3749
1138
2041
604
3610
912
3646
1109
2679
880
3899
1133
3503
995
3826
1115
3506
1089
3668
1125
3638
1090
3970
1089
3616
1055
3663
1107
3518
970
3570
1109
2764
671
3589
972
3565
1103
3593
1108
3560
618
3588
1096
3563
1103
3418
1127
3616
1100
3488
934
3646
1037
3726
1112
3643
1090
3478
1113
3535
1096
3824
1097
3511
1088
3633
1105
3658
1135
3542
1077
3731
1133
2893
1022
3590
1108
3631
1160
3504
560
3669
1103
3618
1105
3688
1105
3739
1097
3969
1100
3651
1087
3639
1093
3590
990
3566
1130
3658
1165
3521
1100
3729
1123
3466
1133
3558
1082
3591
922
3708
1117
3576
1064
3748
954
3753
1112
3523
946
3664
1102
3436
1107
3654
1104
3657
1128
3490
1085
3661
1125
3561
1131
3565
1077
3651
1110
3429
840
3503
906
3726
1123
3575
1113
2391
731
3576
1110
3613
1123
3801
1112
3719
1102
4040
1097
3583
1105
3598
1115
3512
1100
3610
1109
3464
1128
3135
1108
3751
1087
3648
1114
3609
900
3588
1105
3558
1042
3498
1108
3734
1078
