3395
937
2398
731
3493
1073
3414
1115
2923
1090
3596
1152
3435
768
3601
992
3483
1106
2287
730
3413
1115
3694
1095
3460
1113
3488
1010
3520
1153
3534
1115
3530
1109
3432
1119
3503
918
3636
1103
3392
1120
3550
1102
3532
1092
3578
1122
2934
922
2855
1120
3475
1077
1898
610
3436
1120
3511
1088
3468
942
3538
10227
3638
922
3679
1122
3513
1122
3505
1097
3782
920
3398
1142
3530
890
3511
1098
2894
940
1888
1140
3416
1097
3471
944
3488
825
2989
966
3493
999
1965
611
3559
990
1924
1097
3383
836
3586
1132
3624
1085
3428
1032
3443
652
3288
995
3485
1087
3472
1113
3518
1113
3464
1089
3000
1097
3533
678
2331
689
3085
920
3395
1133
3466
796
2806
872
3730
1126
3491
922
3633
1093
3668
932
3485
975
2981
810
3495
1097
3461
1086
3458
1104
3490
997
3585
1095
3639
886
3503
914
3523
1094
3492
952
3493
1090
3553
918
3528
1118
3430
1095
3410
1095
3470
1095
3422
1158
2639
1121
3714
922
3591
1118
3560
1078
3325
1098
3395
930
3475
1153
3442
1120
3440
1120
3478
1067
3631
1090
3526
1118
3616
1090
3513
1107
3709
989
3451
1113
1916
616
2723
840
3436
909
3593
1120
3533
1082
3513
1107
3561
1095
3646
896
3440
1105
3480
1094
3446
1132
3426
1120
3390
1100
3491
892
3445
1113
3480
1095
3538
611
3610
1112
3453
1063
3536
947
3585
611
3588
1090
3420
1105
3839
1161
3410
1121
3541
1097
2677
834
3420
1068
3252
1103
3612
1105
3626
951
3759
1080
2927
1123
3579
1097
3829
1172
2088
612
3436
870
3796
1178
3600
1113
3618
1120
3538
918
3726
1090
3706
1145
3444
1110
3590
1123
3633
922
3641
1131
3686
1115
3521
997
3616
1004
2975
942
3452
1042
3406
1128
3568
603
3518
1077
3478
914
3521
1118
3525
1105
3585
1106
3528
1120
3523
1118
2146
607
3458
940
3408
1100
3606
850
3686
1087
3541
1074
3571
1075
3323
890
3195
934
3521
1118
3444
1043
3618
1105
3390
1142
3686
1120
3610
1135
3668
736
3600
1095
3433
1098
3703
1097
3513
1126
3957
1105
3739
992
3558
1108
3403
1118
3560
952
3751
1110
1969
1088
3510
1088
3435
1105
3465
1078
3538
872
3461
1090
2966
1125
3525
798
2929
1133
3573
842
3541
945
3420
1127
3443
1095
3699
891
1924
571
3588
1087
3438
1082
3611
1099
3551
573
3741
930
3530
1098
3681
1201
3643
738
3564
640
3423
1133
3438
1098
3678
890
3505
1105
3458
1112
3068
1080
3585
640
3620
1125
3458
1090
3580
934
3570
1156
3604
1098
2722
1128
3651
1092
3643
1059
2047
1171
3500
1088
3402
935
3565
1118
3643
1108
3422
1112
2916
817
3269
1066
3465
1101
3470
908
3581
1118
3553
909
3378
1090
3486
1118
3811
1140
3511
1098
3405
1085
3425
743
2902
964
1658
529
3466
1090
3741
1022
3493
1130
3476
1031
3546
1087
3633
1111
3513
1133
3478
1108
3478
617
3773
10099
3485
1102
3636
1130
3458
1135
3578
1131
3513
1113
3809
762
3583
1095
3555
1118
3443
917
2477
813
3458
1105
3683
1136
3568
960
3568
1105
3620
1118
3508
1102
3533
1135
3506
748
3679
1117
3731
1060
3468
1093
1609
1092
3568
1097
2880
948
3661
1077
3455
983
2091
621
3706
997
3686
1117
3533
1103
2240
640
3483
987
3473
1100
3590
1109
3410
880
3505
1065
3493
1102
3483
1090
3418
1103
2971
828
3467
1092
2817
1118
2071
914
3511
1080
3385
1104
3460
1020
2983
1135
3573
1092
3515
1165
3427
1095
3533
1107
3656
1118
3566
1107
3543
1120
3511
1100
3668
17217
3837
1085
3741
1093
3611
1123
3526
916
3370
1129
3463
1093
3518
1117
3119
950
2042
604
3505
1115
3546
1104
3698
1105
3534
1102
3005
825
3411
1130
2033
627
3729
1106
3461
758
3490
1153
3561
875
3696
1110
3498
1095
3488
819
3513
1115
3402
799
3548
1080
3538
928
3468
1108
3625
1095
3420
1078
3578
1033
3406
929
3554
1107
3450
1133
2596
1132
3749
836
3561
1107
3462
1095
3167
892
3488
872
3596
1092
3446
910
3491
1055
3576
1105
3455
1081
3395
1127
3433
1093
2916
922
3593
1078
4119
1143
3443
1095
3488
1098
3562
1078
3564
1100
3511
1093
3478
924
2567
803
3544
1108
3539
1107
2919
1093
3583
1085
3663
1105
3480
636
3538
854
3646
1120
3548
1050
3455
1099
3613
1110
3488
1113
3500
1100
3468
1110
3485
1073
3744
970
3566
1042
3525
1110
3498
1097
3596
1150
3481
806
3418
1120
3549
1098
3560
1123
1988
1103
3465
1107
3310
929
2374
956
3829
1098
1604
487
3568
1108
3405
1095
3656
1120
1907
499
3421
876
2811
1105
2076
1113
3599
935
3689
1100
3433
1080
3578
1121
3630
744
3510
1126
2628
625
3600
1110
3438
1092
3448
1077
3460
930
3414
1120
3518
1121
3252
1021
3621
1077
3591
1120
3426
1102
3488
1123
3739
1145
3508
1111
3691
1108
3458
493
3423
1120
3553
1098
3490
1103
3410
941
3646
1127
3486
1120
3538
987
3398
1123
3628
1079
3831
913
3633
1102
3664
918
3513
942
1895
1105
3829
1135
2103
589
3724
1102
3581
1100
3542
671
3548
1133
3556
1087
3531
1123
3558
949
1669
1045
3480
1088
3596
907
3568
1135
3563
1100
3598
942
3591
1097
3483
1135
2978
939
3363
755
3598
1093
3561
964
3674
1095
3541
1122
3483
907
3481
1075
1747
879
3614
1117
3623
1095
3646
989
2744
1097
3453
1111
3436
1117
3598
1108
3591
814
3651
1093
3628
1123
3490
1107
3609
1101
3506
1120
3543
960
3063
1113
3556
939
2967
878
3538
1042
3402
1115
3578
1100
2096
623
3478
1101
3633
1103
3380
1092
3836
1092
3734
1117
3500
1112
3634
952
2968
929
3570
1100
3541
1113
3651
1081
3525
954
12069
943
3639
1080
3421
1045
2969
928
3521
1083
3475
1130
2094
1097
3491
1112
3407
1133
3475
1115
3470
1103
3558
1086
3435
894
3611
1123
3621
1092
2068
643
3523
1085
2833
679
3510
1143
3506
1108
3475
1121
2838
868
3508
1116
3523
952
2749
846
3483
1110
3531
1080
3585
1092
3605
1105
3496
875
3563
1095
3413
1107
3593
924
3380
1123
3475
1100
3521
1117
3648
1093
3513
1123
3485
889
3200
1112
3466
1108
2049
621
3478
1113
3616
1108
3508
1117
3538
1095
3631
1073
2699
794
3824
9770
3361
987
3546
803
3536
1108
2909
906
2677
1005
3538
852
3390
1106
3562
795
3631
1100
3513
1085
3578
856
3548
1123
3551
1115
3496
1116
3448
927
3440
1122
2927
908
3413
1108
3518
912
3758
1165
3542
1100
3734
973
3486
1110
3490
1092
3520
1004
3651
1013
3786
894
3656
1093
3650
1087
3503
1115
3624
1152
3728
1108
3616
839
3516
1115
3538
1092
3501
1004
3634
794
3526
1115
3485
976
3508
1080
3163
1110
3563
838
3483
1018
3543
1083
3528
9328
3633
1108
3645
978
3511
1093
2565
838
3488
1098
3503
1090
3433
1032
3568
1122
3535
1117
3641
1102
3754
1120
3511
1080
3571
972
3709
1183
3515
1133
3505
997
3523
1165
2674
842
3516
1086
3435
1113
3499
1113
3485
1145
3591
1127
3701
587
3514
1125
3538
938
2986
798
2098
635
3631
1123
3538
1123
3631
1054
3746
1077
3578
967
3523
943
3342
1100
3578
945
3581
973
3442
1123
3603
1107
3483
1092
3551
915
3611
915
3488
1098
3428
1113
3709
1142
3578
1078
3862
1110
3047
1080
3661
1120
3513
1113
3679
1097
3709
1130
3689
1117
3544
1068
3751
550
3535
1108
3641
1135
3457
1028
3689
1040
1975
613
3616
1112
3645
1102
3723
1097
3791
1095
3256
962
3887
613
3844
1160
3854
1064
3597
483
3713
1085
3500
1098
3431
808
3535
1122
3264
1102
2867
870
3748
1088
3786
1085
2737
747
3639
625
3440
1092
3748
1092
3055
1115
3737
1078
3661
1120
4054
944
3643
1100
3516
927
3658
970
3746
1086
3591
1085
3767
1105
3558
1098
3747
1095
2093
1140
3721
910
3825
886
3649
1128
2198
639
3566
1152
3524
915
3526
1129
3498
641
2460
720
3596
850
3733
1110
3658
946
3555
865
3476
888
3964
1109
3676
1115
4010
1105
3907
1140
2028
634
3578
1095
3724
1097
3578
1105
3686
1055
3608
887
3616
1116
3710
1110
3533
1133
3728
1130
3801
1035
3829
1100
3625
1108
3619
1142
3767
1118
3874
1112
3520
957
3629
918
2767
1120
3488
945
3463
1110
3601
902
3525
1119
3693
1090
3746
1085
3618
909
2921
793
3791
955
3816
1095
3581
1127
3584
624
3573
1098
3626
1125
3450
1135
4150
907
3072
893
3771
1113
3568
1122
3245
835
3514
842
3441
1117
3526
1093
3508
1112
3801
1100
3500
1135
3741
9328
3751
892
3708
1110
3548
1052
3558
744
3484
1227
3568
1106
3570
1085
3606
1106
3634
1127
3416
10056
3363
1085
3554
1138
3709
1110
2317
605
2146
1122
3668
1013
3961
926
4039
1028
3589
1083
3600
870
3944
1110
3605
1124
3311
1097
2205
657
3592
1109
3541
1103
3591
1102
3926
1107
3704
1120
3375
1080
3669
1105
3688
1097
3638
1073
3656
1108
3488
975
3796
1107
3774
969
3714
980
3621
1093
3745
1092
3931
1112
3690
1096
3566
1042
3670
1101
3849
1092
3794
1107
3543
1093
3652
1087
3763
943
3498
950
3568
1133
3505
1115
3754
1074
3531
1105
3733
1097
3636
1098
3621
1111
3550
955
3879
880
3550
1080
3573
1148
4024
1115
3717
1123
3475
630
3646
1022
3726
1085
3784
1080
3358
910
3562
1120
3788
1117
3565
1142
3802
1082
3590
1123
3904
9780
3620
1104
3555
1110
3496
1095
1902
1145
3749
1044
3575
1112
3473
974
3047
958
3758
1121
3648
1092
3510
1127
3531
1097
3528
1108
3688
1110
3505
1138
3691
985
3625
1095
3450
1082
3618
1115
3634
1087
3650
1137
3588
1149
3703
1100
3553
914
3716
1102
3518
1121
3618
1107
3488
1080
3526
1073
3573
1091
3716
1103
3596
998
3569
1038
3377
924
3119
1123
3426
1075
3498
1083
3500
1093
3683
1097
3769
1105
3691
755
3506
786
3585
1060
3568
1105
3861
1033
3600
1143
3533
1123
3588
1077
3043
928
3799
632
3528
1050
3648
1112
3799
1150
3568
1125
3307
932
3337
1040
3476
1110
3510
1111
3480
1120
3470
828
3746
1115
3784
1115
3648
1102
3593
1097
3608
1102
3546
476
2171
638
3876
1098
3724
1081
3653
1120
3466
1133
3620
967
3463
1082
3668
1113
3677
1106
2706
815
3560
897
3811
1111
3643
1100
3460
1027
3716
1108
3583
1135
3657
967
3646
1092
3568
957
3773
1019
3524
1100
3526
1123
3611
1120
3403
1128
3658
1105
3476
844
3526
833
3536
1086
3929
1107
3691
1099
3453
1115
3726
1092
3495
1082
3744
1095
3694
1013
3608
1105
3573
1102
3045
842
3630
1128
3481
1108
3796
1105
3626
1116
3619
1139
3580
1140
3393
1008
3051
934
3466
1105
3689
957
3540
1076
3443
1119
3596
1087
3631
1092
3583
1105
3636
910
3638
1135
3786
1115
3889
993
3649
916
3475
1121
3510
1117
3435
1132
3144
945
3671
1135
3744
1108
3508
942
3613
1125
3563
1105
3518
815
3518
1125
3731
1153
3751
1146
3744
1097
3436
985
3708
1122
3799
802
3563
1105
3630
1093
3531
1088
3839
1031
3613
1120
3570
1047
3556
1083
3971
983
3684
1167
3571
1135
3641
1102
3711
1095
3609
1105
3636
1080
3508
1092
3656
1087
3548
1093
3583
1125
3463
1093
3513
1120
3435
960
3599
1145
3300
1052
3613
1087
3599
1088
3554
1128
3679
1177
