3398
1118
2940
916
3011
893
3440
1141
3502
1156
2282
737
3551
1100
3448
616
3490
1044
2890
896
3422
1072
3510
1060
3731
1070
3440
1133
3528
1153
3397
1095
3458
1098
3550
1078
3433
1195
2908
1095
3382
1098
3498
1117
3438
1096
3498
1091
2994
914
3056
932
3440
1118
3498
1165
2177
692
3031
9702
3413
610
3436
982
3463
1113
3581
1112
3591
1143
3458
1133
3488
939
3421
942
3455
1106
2303
788
3491
1120
3468
1080
3460
590
3492
1113
3490
1108
3484
710
3468
1085
3623
1115
3486
1112
3431
1097
3475
1131
3428
1032
2918
930
3473
1044
3455
1097
2505
1110
3478
1152
3408
1107
3523
968
3611
962
2606
856
3676
997
3523
1007
2917
918
3510
862
3510
1093
3396
1115
3425
1112
2974
940
3556
1092
3554
1110
3503
1055
3400
1079
3591
1193
1906
1123
3493
935
3408
1092
3500
1033
3418
902
2845
820
2893
1095
2823
1123
3596
1088
3410
627
3628
1098
3496
842
3433
1120
3528
1046
3428
1117
3503
1100
3435
1145
3493
1098
3580
1002
3440
1095
3447
1113
3562
816
3538
1161
3440
1096
3433
1112
3520
907
3420
1132
3809
859
3508
1128
2068
618
3496
1110
3306
1047
3651
1075
3618
1093
3626
1190
3480
1102
3480
9865
3721
776
3030
938
2358
724
3633
933
3221
10469
3450
1106
3709
1080
3503
1108
3578
1145
3503
1103
3545
1134
3423
1103
3581
1100
3152
1102
3523
1027
3533
932
3876
1145
3609
1095
3483
1105
3415
1108
2594
851
2967
835
3536
1120
3578
629
3656
1129
3460
1128
3491
907
3508
1118
3613
527
3573
1092
3508
1105
3646
1133
3458
920
3383
1017
3741
896
2993
791
3837
1129
3711
1087
3561
1100
3550
1159
3754
811
3703
1127
2808
747
3580
1120
3676
1082
3478
542
3630
1098
3556
1141
2898
780
3763
1123
3039
922
3528
1082
3551
1108
3430
1097
3513
1012
1968
1098
3636
1098
3624
1106
3482
1093
3615
968
3708
1120
3443
1128
3746
1122
3678
1090
3563
1079
1963
933
3962
1109
3894
1106
3761
833
3518
1121
2909
703
3533
664
3643
1127
3676
1080
3535
1111
3804
1105
2040
636
3427
912
2023
641
3490
1108
3030
1135
3465
1088
3525
1073
2939
851
3466
1098
3415
1118
3526
1040
3731
1108
3566
1101
3445
1103
3591
1100
2155
632
3443
1095
3478
1110
2930
909
3475
1152
3580
1117
3470
1167
3670
1037
2006
629
3839
795
3621
1027
2677
1113
3591
1089
2960
938
2986
1095
3634
1093
3546
1090
3516
1100
2130
847
3461
1095
3488
616
3471
1035
3506
1107
3381
894
3442
902
3448
1106
2648
1083
2721
863
3411
992
3508
1107
3458
1132
3400
1130
3475
1125
3387
792
3448
1115
3486
1102
3548
1101
3493
1110
3551
1012
3563
1123
2650
1115
3453
1099
3596
1125
3505
947
3051
794
3453
1092
3380
722
3480
1116
1766
519
3456
1125
3608
1128
3581
1095
3613
1103
3511
1079
3603
1120
3551
1110
3516
1093
3511
1068
3679
1090
3438
1113
1984
641
3440
1113
3470
1130
3639
1100
2361
740
3565
1097
3378
1105
3583
1066
3554
807
3516
1095
3402
1095
3708
1053
3859
9880
3430
1110
3654
1052
2721
1205
3526
1120
3631
1115
2117
1120
3385
1132
3554
1178
3658
918
3658
1090
2110
641
3524
1097
3475
1092
3711
733
2406
734
3480
1092
3606
628
3460
632
3613
1107
3708
1168
2769
752
3591
1105
1975
1115
3267
1031
3488
1108
3506
1127
3428
1092
2029
643
3491
1085
2216
1033
3488
960
3405
1128
3472
9567
3656
944
3461
1118
2980
1108
3666
1108
3465
1107
3581
1108
3596
1117
3573
1082
3739
997
3678
1133
3601
1100
3599
1079
2787
691
3556
1130
3726
1123
3798
1094
3018
924
2022
605
3632
1095
3523
1088
3428
1101
3646
1133
3485
1097
3435
1092
3403
1093
1954
635
1988
626
3382
1113
3608
1111
2153
627
3486
1105
3483
1092
3563
1150
2858
1093
2944
768
3560
1100
2905
1105
3512
1136
3420
1107
3739
1128
2035
1118
3443
969
3620
1097
3728
609
3508
831
3478
1108
3430
1005
3523
1115
3603
1085
3609
1129
3528
1133
3456
1120
3071
1055
2114
7004
3598
1148
2164
630
2044
641
3576
1122
3613
1108
3501
1095
3521
1087
3503
1092
3884
1030
3563
1105
3556
971
3819
1093
3668
1118
3358
1142
2879
1117
3643
1092
2883
1128
3941
1105
3733
1112
3600
1092
2559
1120
2044
1114
3774
1112
3403
1110
3461
1087
3458
943
3716
1133
2830
955
3561
1107
3460
979
3390
939
3446
1105
3411
835
3473
1112
2853
752
2743
896
3514
1135
2048
614
3478
1095
3759
1145
3641
1095
3731
990
3533
1112
3678
1135
2036
1130
3407
953
3468
1118
3013
797
3593
1110
3526
1088
3849
922
3643
1102
3481
1079
2994
1085
2934
1115
3491
733
3546
1002
3555
1082
3605
1113
3435
930
3430
1112
3794
1079
3869
628
3493
1113
3536
1140
3422
1141
3540
1096
3373
1093
3438
1108
3593
502
3032
1107
3558
1088
3523
1158
3553
1113
2997
1112
3641
1165
3453
1141
1994
627
3593
1163
3742
962
3643
936
3483
1072
3458
1118
3847
1086
3588
1090
3418
1142
3583
1123
3573
911
3668
1105
3453
1130
2063
1128
3560
1112
3659
1107
3420
1123
1436
1073
3701
1123
3473
1009
2974
913
3240
1059
3545
1014
3450
1140
3386
1115
3551
905
3588
1102
3581
1088
3458
1042
3678
1115
3578
1098
3598
1143
2917
1097
3448
1060
3468
1085
3002
945
3485
909
3574
1105
3443
887
3418
1100
3498
1133
3523
1101
3568
939
3550
1110
3535
629
3668
1088
3570
1105
3506
1103
3426
1089
3370
899
3551
1077
3620
1090
3887
828
3522
1097
3491
1120
3510
1080
3508
1045
3836
1103
3412
917
3448
1112
3506
1127
3629
927
3716
1074
3435
1056
3566
1094
3433
928
3713
1105
3323
936
3581
1107
3653
1083
3468
1112
3496
1096
3590
1103
3588
10306
2956
942
3521
1145
3558
1020
3573
1105
3484
1135
3614
1056
3671
1138
3445
1140
3543
632
3646
942
3548
865
3525
1097
3576
1133
3480
1105
3430
1117
3478
1095
3536
1128
3510
1090
3515
994
3438
1075
3524
1120
3534
945
3424
1103
3520
1095
3417
939
3676
916
2312
1120
2977
973
2547
799
2889
1108
2979
941
3496
1028
3548
1114
3691
875
3501
1123
3440
1170
3731
1125
3318
937
3488
1092
3524
1019
3366
1036
3624
1190
3498
1126
3583
1105
3000
913
2933
941
3496
1097
3554
1098
3626
1117
3697
1097
3573
1102
3683
1096
3576
880
3704
1107
2817
904
3458
1100
3555
1085
3468
1115
3755
918
3473
1098
3468
1110
3596
9464
3679
1102
3598
1113
3178
1110
3651
1103
2995
922
3568
1140
2818
902
3706
1087
3833
1095
3558
1118
3656
748
3643
1104
3565
943
3544
1089
3436
1115
3480
1097
3421
1082
3466
916
2870
749
3514
1267
3244
903
3656
1120
3553
1120
3521
1107
3656
1132
3626
1152
3460
1107
2043
9680
3624
1089
3445
643
3721
1116
3609
1079
2029
626
3370
990
3478
1107
3510
960
3578
1100
3103
1081
3646
1103
3511
1102
2275
664
3546
1085
3573
855
3639
1118
3463
960
3521
1098
3488
1133
2948
927
3633
1035
3511
1135
3653
1075
3555
941
3651
7067
3466
725
3395
1107
3831
1155
3601
1095
3736
1093
3575
1108
3630
1143
3524
1140
3576
1100
3525
1080
3578
1095
3560
1125
3578
1145
2210
649
3584
926
3756
1110
3708
1145
3648
896
3678
940
3746
9898
3696
1140
3646
1088
3630
1088
3508
1091
3598
1094
3620
875
3095
1098
3612
1116
3749
1101
3545
1113
3834
934
3809
940
3804
1082
3568
22347
3786
1145
3461
939
2923
1080
3648
650
3674
1090
2224
1115
3472
1078
3691
1007
3445
1140
3601
1100
3546
1110
3797
924
2192
626
3601
1100
3794
952
3626
840
3506
1130
3826
1108
3608
1178
3752
809
3731
1133
3518
1100
3559
1012
3658
1113
3598
1057
3498
644
3530
1110
3643
1100
3592
1105
3824
1075
2043
1135
3575
1112
3566
1125
3666
1103
3841
942
2284
640
3642
1108
3184
956
3068
728
3656
949
3603
1035
3668
1108
3651
968
3921
978
3603
1103
2422
1067
3573
1112
3756
1095
3746
1111
3639
1123
3588
638
3598
1103
3608
1130
3771
1123
3538
1113
3450
1080
3420
1123
3807
1103
3501
8931
3691
916
3600
1112
3173
1095
3699
1090
3631
1100
3919
1108
3694
1092
3473
1015
3716
905
3872
905
3932
1110
3588
1105
3674
1100
3468
1055
3701
1055
3716
1098
1617
1135
3513
1130
3633
1117
3711
1132
3636
1092
3600
747
2823
808
3759
1105
3636
1070
3589
1130
12523
650
3011
1097
3501
918
3664
1093
3731
1120
3465
1103
3709
1125
3718
1135
3714
1140
3613
1105
3616
740
3837
1092
3659
1103
3526
1118
3744
722
3231
913
3591
1112
3753
1098
3523
1125
3845
1108
3448
1105
3595
1102
3844
1105
3796
1132
3789
1115
3863
1113
3620
922
3568
1103
3819
1100
3460
898
3678
1140
3987
1093
3548
1105
3649
1105
2114
617
3491
1120
3588
1110
3711
1156
3953
1059
3626
1105
3724
1094
3584
1000
2752
849
4298
1092
3686
1125
3551
1142
3671
1080
3297
1040
3655
934
3969
1110
3580
1092
3677
1035
3839
1080
3715
835
3806
1127
3972
1115
3719
1095
3103
914
3523
962
3576
1018
3744
666
3769
902
3662
1093
3710
1094
3525
1110
3731
1107
3603
1120
3641
1105
3774
1090
3563
914
3736
1113
3628
1098
3514
1056
3700
739
3851
1092
3671
1090
3475
9471
3535
1130
3703
1143
3789
970
3488
1117
3558
1113
3781
1142
3618
1118
3734
1122
3751
1085
3618
1113
3646
1079
3601
1097
3653
1095
3779
943
3684
1103
3528
601
3560
1102
3698
1115
3525
1102
3696
1035
3535
1102
3718
1122
3598
1127
3590
1083
2948
828
3428
1125
3451
1113
3571
1093
2820
1103
3471
1115
3799
1105
3498
1108
3441
1110
3584
1090
3478
1125
3470
1092
3606
1078
3453
1122
3570
1130
3641
992
3400
990
2062
1135
3495
1112
3430
1000
3403
1120
3598
1085
2077
1103
3556
1010
3443
912
3654
1107
3596
751
3722
1170
3626
1097
2977
1087
3566
1115
3604
1130
3699
937
3605
633
3622
1156
3717
1170
3654
1067
3601
1108
3508
1105
3245
1047
3461
1113
3548
1113
3781
962
3630
793
3704
1138
3570
1094
2444
736
3608
1017
3644
1009
1907
469
3523
542
3481
1117
3511
921
3594
1055
3513
1140
3551
684
3440
1110
3508
1240
3754
1101
3500
1029
3473
975
3468
1070
3799
1120
3596
842
3481
1100
3633
1142
3630
1141
3789
1147
3027
935
3651
1080
3533
1108
3681
1140
3733
1158
3568
1108
3556
1090
2158
9792
3843
1121
3478
1100
2195
1107
3713
1115
3705
965
3417
1095
3626
1080
3733
1090
3686
1120
3613
1110
3540
1028
3769
751
3026
976
3546
1108
3443
874
3583
1107
3438
966
3583
1152
3659
1108
3606
916
3766
1030
3590
1120
3463
1143
3674
1087
3618
1093
3631
1082
3749
1107
3721
1108
3450
1130
3641
1120
4004
1133
3654
922
3097
735
3538
1128
3766
1087
3766
1125
3651
1181
3586
1105
2955
1098
3548
924
3580
1082
3608
1137
3614
1135
3674
937
3616
920
2361
623
3708
1093
3686
915
3513
797
3655
1110
3554
1114
3531
1094
3744
948
3694
1022
3598
1100
3508
1102
3664
1116
2440
739
3127
958
2946
1103
3799
1092
3548
1115
3914
887
3633
1040
2944
1133
3492
1090
3556
891
3606
1115
3689
1105
3635
1097
3611
1097
3706
1105
3683
1038
3628
1090
3689
1128
3684
1085
