3564
1125
3540
1136
3582
595
3433
871
3473
938
3413
1115
3495
967
3553
1090
3443
1175
3442
1117
3539
926
2355
1072
3520
962
3490
1100
3406
1101
2977
917
3649
1080
3440
1110
3510
1195
3405
1153
3478
1152
3438
1148
1900
1145
3418
1136
3445
1125
3001
946
3553
1112
3398
1160
3470
1113
3413
1097
3591
1090
3571
940
3356
929
3446
1140
3538
939
3501
1110
1979
595
2876
744
3539
1110
3463
1120
3370
620
3415
1037
3605
1113
3475
1108
3498
1123
2251
1132
3573
1095
3654
1100
3526
1112
3428
1108
3416
887
3405
1080
3701
1040
3581
995
3505
829
3478
1109
3528
1100
3397
876
3502
1140
3454
1125
3570
1090
3427
1123
3518
887
2702
837
3458
1120
3513
1115
3598
1107
3433
1133
3553
1087
3648
944
3594
940
2831
892
3508
1055
2255
730
3441
1192
3430
1080
3438
1123
3498
1112
3490
957
3560
564
1936
606
2904
1107
3613
1110
3368
1123
3363
1137
3060
1110
3481
1104
3461
1038
3438
907
3536
1071
3451
1186
3651
1135
2986
1101
3528
1110
3388
1112
2641
1132
3460
1119
3430
1100
3453
1110
3483
1108
3644
1003
3556
1090
3511
952
3513
1097
2049
1115
3510
932
3484
1093
3463
1113
3465
1140
3616
10036
3626
874
3756
1022
3588
1100
2720
760
3536
703
2335
559
3418
1092
3528
684
2005
1120
3508
1092
3428
947
3453
1168
1909
610
2379
672
3424
1050
3611
1118
3503
538
3415
1101
3548
1105
2019
7127
3047
1113
3611
1108
3433
1108
3766
928
3546
1080
3483
1107
3818
616
3824
1097
2061
1093
3453
739
3425
1094
3583
1112
3231
1054
3383
1038
3565
935
3506
942
3578
627
2206
660
3443
1089
3631
1115
3484
1112
3143
914
3596
1105
3603
1095
2879
824
3392
942
3576
879
2432
920
3578
1160
3525
1082
2530
741
3568
1132
3520
957
2374
1120
3460
943
3669
1088
3464
1036
3704
1138
3573
925
3431
1102
3541
802
3538
769
3533
1119
2865
1143
3508
1105
2084
1113
3506
1088
3626
10339
3644
1115
3079
1105
3849
1095
3728
1135
3555
1085
3586
1025
3493
827
3591
1085
3516
947
2377
663
3884
936
2130
674
3583
1126
3495
1115
3174
934
3598
1037
3530
1100
3531
926
3501
1132
3458
592
3561
970
3526
1087
3619
1127
3550
1085
2944
1110
3505
1143
3431
748
3546
1099
3598
994
3591
1093
3751
1077
3807
998
3605
978
3606
958
3493
1115
3781
968
3528
1143
3553
1107
3578
1135
3556
1105
3385
1112
3703
965
3645
1155
3731
1072
3506
1121
3544
1083
3525
1143
3133
993
2136
1035
3516
1105
3543
1117
3109
937
3541
1130
3506
1113
2074
1122
3561
1090
3508
1137
3432
1101
3608
1123
1931
1128
3425
1138
3453
1115
2129
585
3491
1107
3693
1112
3448
1107
3600
1129
3538
1130
3568
1115
3483
574
2759
1120
3506
1127
2726
783
1809
575
3633
1117
3520
1128
3523
1045
3443
940
3616
958
3425
1135
3190
942
3503
1122
3538
1118
3465
1093
3635
1092
3416
924
3455
1090
3548
975
3443
1096
3530
1102
3609
1102
3471
935
2801
1082
3448
813
3731
932
3416
1093
3521
1088
3525
1145
3490
1105
3488
836
3402
1089
3606
1135
3605
1077
3636
619
3491
1059
3598
1097
3614
1098
3610
920
3486
1100
3641
1123
2904
969
3413
1120
3543
1108
2932
862
3574
739
3603
1097
3468
1056
2626
1040
3478
1080
3491
1150
3440
1133
3689
937
3420
1110
3576
1100
3503
821
3668
1117
3575
1113
3573
1083
3636
952
3531
995
3626
1057
3445
1132
2751
1100
2952
1128
2893
960
3453
1178
3613
1118
3626
1098
3538
1137
3648
962
3701
1117
3528
941
3520
1103
3650
1103
3412
1130
2940
846
3486
952
2174
1102
3413
506
3394
1082
3536
1045
3555
1110
3428
1095
3366
1123
3615
1089
3508
800
3646
945
3481
1092
3706
1127
3475
1108
3694
1085
3490
1095
3510
1122
3430
1103
3470
943
3461
1115
3581
1120
3455
864
2900
842
3629
1119
3007
1110
3395
1090
3526
943
3732
1135
3463
602
3551
1095
3446
1121
3529
902
3491
1088
3556
1102
3410
1115
3596
1057
3538
1105
3523
960
3721
1167
3432
1130
23881
1120
2945
1133
3520
1061
2752
711
3566
1095
2453
721
3503
1080
3518
1100
3437
1113
3671
1175
3460
1120
3475
1120
3428
1105
3441
1102
3685
1132
2573
822
2076
634
3463
1099
3501
1112
3513
1096
3586
1075
3523
842
3468
924
3533
1097
3611
1084
3638
936
3659
1097
2351
743
3458
922
3633
806
3551
1127
3535
1137
2209
634
3556
1127
3458
1111
3630
1087
3623
974
3578
1065
3697
897
2034
1098
3478
1128
3490
1119
2473
1105
2035
1120
3097
909
2636
846
3590
1059
3508
1112
3734
1087
3492
1047
3465
1105
3683
1040
3441
1073
3261
1054
2939
1103
3375
1108
3494
914
3087
920
3266
1026
3453
1085
3553
1115
3511
1113
3490
1116
3483
1102
3583
1118
3035
1098
3608
1122
3443
1135
3475
1098
3523
1115
3495
1082
3495
822
1905
1099
3435
1085
3592
1085
3396
1125
3505
1098
3650
1093
3659
1122
2957
677
3690
1112
2090
9764
3493
1133
3641
1087
3071
922
3546
1132
3588
1088
3470
1115
3483
1152
3112
788
3533
1097
3368
1105
3434
980
3636
1115
3521
1102
3623
1112
3621
1133
3648
898
3591
1110
3506
958
2152
632
3784
1058
3496
1107
3600
1165
3571
1059
3621
1109
3554
1020
3678
1107
3253
1105
3538
1087
3576
1090
3023
1100
3475
1088
3588
1112
3465
916
3769
1078
3543
1128
3144
1095
3550
1100
3456
1165
3458
1030
3619
1085
3471
1106
3561
942
3466
1028
3468
1125
2278
654
3563
1108
3571
1135
3556
607
3603
1108
3600
715
2059
1128
3656
1050
3368
870
3575
1092
3523
1095
3540
1110
3605
1055
3478
649
3593
987
3456
1082
3619
1173
3541
1102
3541
920
3656
929
3519
922
3599
1123
2095
1105
3470
1100
3540
801
3649
1098
3495
995
3490
1112
3643
1098
3498
1120
3428
1142
3656
1098
3521
1153
3543
1125
3490
1055
3495
1073
3490
1097
3671
1115
3388
1092
3420
1123
3484
1042
1959
638
3530
1110
3534
1135
3411
1112
3470
1118
3631
1105
3441
1105
3500
1107
3546
1115
3436
1085
3503
1095
3513
1133
3039
887
3505
952
3619
1100
3533
1105
3538
937
3673
1117
3533
1033
3554
1108
3621
1119
3463
1130
3518
1095
3519
805
3696
976
2814
880
3110
1092
2019
877
3581
1106
2423
916
3591
1110
2086
645
3463
1040
3546
1092
2978
1093
2915
1092
2728
1110
2080
640
3490
1132
3430
948
3698
1095
3744
1110
3503
1110
3525
1125
3693
1087
3896
1145
3636
1100
3513
1106
3639
1110
3635
967
3620
1091
3706
1090
3665
1125
3543
1100
3416
1130
3626
975
3363
1099
3568
1096
2016
616
3528
1087
3709
1118
3461
1132
3421
1108
3387
992
3163
800
1909
598
3839
828
3405
1140
3565
907
3626
650
3679
1074
3548
1110
3553
667
3483
1122
3700
954
3523
1133
3651
1120
3491
1090
3463
960
3719
858
3470
1095
3533
1115
3673
960
3781
1090
3546
1093
3661
1093
2609
1153
3786
1140
3626
1105
3541
1140
3476
1120
3579
1100
3598
1095
3516
969
3846
1105
3576
935
3576
1113
3550
1115
3029
1107
3578
1088
3485
1122
3658
1095
3685
1093
3629
1088
2903
922
3613
928
3030
776
3834
1123
3493
1115
3714
1111
3484
953
3486
1130
3403
1112
3853
1140
3756
1189
3661
1092
3588
1085
3538
1123
3676
1123
3453
1110
3543
1113
3099
748
3658
1103
3616
1100
3609
929
3721
1105
2808
704
3461
1094
3543
937
3518
1068
3438
1103
2369
622
3573
1142
2283
614
3586
877
3854
1050
3797
9456
3561
1102
3175
787
3498
953
3646
1100
2175
635
3669
1122
3500
1048
3618
1085
2777
726
3393
939
3839
1128
3650
1095
3584
1173
3181
1060
3613
1117
3834
1085
3713
1093
3480
1100
3616
1077
3771
1103
3947
1026
3735
1102
3761
1112
3649
943
2701
800
3661
885
3615
1034
3628
1112
3774
1085
3583
882
3618
1098
3432
1066
3729
1093
3536
1108
3611
931
3590
908
3561
1120
3839
1093
3531
1100
3617
930
3731
1113
3717
1128
3656
924
3975
1133
2151
1095
3533
1113
3849
895
3568
1140
3468
1110
3578
1138
3596
950
3719
946
3694
1108
2972
939
3786
1087
3601
1014
3241
940
3508
1098
3549
730
2730
13403
3528
1125
3514
1036
3520
1103
3643
1110
3629
1108
3481
1093
3555
1108
3491
782
3641
867
3600
1099
3638
1113
3548
1095
3696
1097
3691
1098
3618
984
3721
1100
3683
1108
3654
1082
3854
1125
3636
1088
3754
1123
3736
1102
3684
1102
3748
1125
3646
9635
3949
1110
3839
1115
3508
1115
3565
1090
3640
1105
3556
1093
3586
1078
3563
1102
3591
1122
3721
1100
3671
1015
3733
1038
3516
1087
3506
616
3844
1108
3731
1102
3576
1110
3901
941
3749
1082
3635
1110
3420
572
3663
1092
4079
1015
3839
639
3753
1148
3799
934
3655
1117
3887
1130
3588
1103
3731
1112
3543
1080
3586
1103
3751
1103
3478
1093
3498
1128
3573
1034
3749
1102
2826
744
3586
1125
3608
9409
3681
1125
3615
1113
3604
1097
3616
818
3638
933
3058
1088
3643
954
3666
1115
3638
920
3683
1083
3639
1090
3619
1100
3579
1122
3836
1108
3879
1045
3528
1143
3553
1017
3764
1035
3884
951
3741
1097
3498
1093
3521
1022
3626
1085
3854
1064
3176
942
3906
1103
3959
1183
3613
1083
3879
1082
3512
1095
3839
1120
3691
1074
3593
1100
3554
1107
3530
1118
3399
1103
3358
1105
4236
1117
4117
1135
3563
1105
3737
1105
3701
1123
3708
1210
3508
1117
3704
1090
3494
1100
3723
1083
3894
1100
3631
1092
3540
1022
3640
1112
3581
625
3696
1110
3684
1135
3468
1087
3488
9622
3586
955
3498
1105
3438
1098
3558
1113
3595
1120
3757
1098
3613
1090
2685
836
3480
1100
3536
1165
3697
1085
3564
1141
3654
1100
3508
1093
3818
1105
3420
1111
3428
925
3486
1087
3683
1107
3526
1129
3533
1003
3485
1103
3656
618
3666
1122
2954
934
3501
1107
3989
1120
3613
1070
3545
1050
3465
960
3516
1126
3426
1098
3384
849
3708
1043
2923
1110
3311
1066
3624
1055
3503
1006
3455
1120
3534
1121
3744
1120
3578
1223
3490
1086
3893
931
3656
1108
3762
1133
3679
1223
3548
1108
3096
793
3801
1083
3609
1050
3709
1103
3698
1135
3466
1130
3759
1084
3463
975
3773
1097
2652
914
3668
1085
3576
945
3544
1112
3220
1102
3763
1102
3796
1145
3583
1105
3668
1108
3563
1094
3666
797
3756
1100
3624
928
3595
1097
3611
1108
3528
1110
3420
1076
3626
908
3902
746
3726
1101
3674
1111
3615
1126
3563
955
3456
571
3451
1090
3909
1125
3516
1130
3699
1160
3924
1113
3729
1010
3395
835
3626
1097
3508
1090
3493
1135
3538
1115
3468
1097
3486
1097
3629
1108
3608
1082
2986
1102
3511
922
3528
1109
3074
941
3791
1085
3731
1121
3486
1100
3558
1095
3606
1105
3751
1118
3150
956
3929
1105
3706
1110
3656
1043
3433
925
3041
931
3550
1116
3709
1102
3518
1128
3515
933
3491
921
3744
1107
3571
1088
3568
1100
3493
987
3829
1115
3674
1110
3475
1085
3365
1100
3693
940
3570
1103
3434
1047
3817
871
3028
766
3706
1112
3300
1125
3553
972
3546
1115
3613
1112
3482
1105
3649
1095
3628
1080
3598
802
3869
1180
3696
1080
3614
1118
4233
892
2771
774
3531
958
3531
1097
3550
1102
3586
1043
3669
1061
2215
653
3608
964
