3583
1125
2313
638
3556
608
3554
856
3388
930
1919
1085
3558
942
3382
922
1867
1153
3553
1052
3404
838
3355
875
12326
1143
2714
835
3405
1106
3355
917
2792
882
3466
925
3523
1112
3470
1094
3501
1142
3558
1096
3471
9645
3586
1120
3467
1107
1917
654
3453
1093
3443
1105
3440
947
3460
1130
3463
1020
3565
1092
3408
1123
3463
1085
3528
1123
3433
506
3538
601
3470
1098
3608
1138
3396
982
3410
745
3463
1120
1909
1117
3518
1125
2677
648
3531
1165
3368
1117
3545
1156
3413
631
3579
1103
3411
880
3515
1105
3576
1179
3493
1108
3420
1085
3500
1110
3481
1113
3481
1105
2805
922
3526
1099
2537
827
3804
1080
3643
1115
3535
1110
3403
1143
3473
1158
2169
1116
3440
960
3736
1114
3679
947
2885
1145
3515
874
3769
1030
3480
567
3545
1100
3626
1161
3428
1100
3382
1088
3440
1057
3333
952
3441
595
3427
1088
2740
1123
3523
1080
2832
884
3576
714
3591
612
3440
1078
3496
1120
3458
1085
3405
957
3546
1098
3145
1100
2682
1115
3528
1115
2706
650
3495
1126
3482
1102
3526
1052
3531
953
3453
1082
3516
1142
3668
916
3516
1110
2759
857
2291
744
3508
1101
3388
1121
3508
1092
3433
1110
3450
1092
3491
946
3505
1137
3545
784
3506
1108
3658
1110
3445
1083
3486
1100
3334
1040
3544
1117
3588
1043
3448
8555
3558
1105
2478
751
3356
1052
3518
1123
1971
602
3556
1099
3580
1108
3416
544
3480
1030
3538
1112
3593
1080
3485
1112
3468
1106
3488
1092
2083
597
3726
1095
4141
1117
3468
1127
3413
1127
3724
1094
3431
1000
3548
1133
3603
1097
2082
1127
3581
574
3698
620
3681
1113
3823
1092
3468
1067
3306
939
3633
1062
3543
1093
3539
1102
3461
1015
3556
1118
3508
988
3939
856
3506
830
3518
1095
3683
1102
3349
955
3510
1141
3393
918
3616
895
3481
975
3113
1095
3167
912
3528
1112
3395
803
3523
947
2067
633
3703
1107
3709
1140
3678
1133
3562
1123
3003
1080
3620
1115
3689
928
3786
1107
3671
1020
3691
970
3591
1102
3651
1102
3663
1088
3520
1105
3864
631
3756
1105
3478
1235
3491
1059
3636
1105
3681
1145
3548
1137
3508
1100
2984
914
3476
1097
3503
1095
3563
1166
3306
1118
3628
1090
3530
1078
3691
1125
3505
929
3523
1000
3611
1107
3596
1093
3515
1088
3555
1088
2770
880
3578
1107
3536
1123
3570
1088
3836
1043
3018
948
3561
1096
3641
1115
3561
1092
3442
1097
3222
1108
3505
1097
3530
1107
3711
1088
3541
1126
3590
1125
3650
985
3586
1047
3513
1100
3476
1100
3741
1115
3467
1110
3049
1108
2060
1112
3342
1036
3523
1090
3544
1110
3668
1107
1917
1125
2925
980
3505
1135
3651
597
3488
1119
3779
1105
2851
1132
3593
1126
3533
1080
3555
1130
3501
1128
3576
1095
3473
1107
2706
836
1915
541
3598
1090
3344
929
3405
1093
3526
1108
3448
1113
3443
1133
3681
848
3535
1102
3047
827
3663
1135
3611
1120
3463
1133
3538
1105
3443
956
3458
956
2042
1115
3041
943
3428
935
3654
1132
2107
650
3583
953
3579
1130
3425
933
3575
925
2879
1085
3495
1120
3484
9730
3540
1103
3626
9432
3051
532
3590
922
3328
1157
3759
1105
3538
1110
3490
910
2030
631
3460
929
3140
840
3626
1115
3458
1107
3594
1088
2102
645
3548
1142
3481
963
3529
1103
3819
10244
3458
1125
3398
1125
2949
867
3455
950
3481
1130
3566
1110
3546
1142
3727
1097
3483
920
3506
1106
3510
1102
3443
913
2737
1093
3586
1107
3498
936
3488
1135
3774
1095
3663
1118
3541
1191
3767
1063
3701
1108
3478
1088
3535
1108
3563
827
3520
1092
3492
1058
3508
1108
3613
1115
3510
626
3465
1145
3491
967
3016
1103
2724
1102
3328
1115
3473
1117
3254
1125
3460
918
3540
1072
2937
916
3433
1085
3415
1130
2898
1107
2908
887
3563
1093
3583
1115
3498
1105
3676
876
3501
851
3545
847
3561
1090
3681
820
3414
1123
3506
1140
3472
1095
3543
1120
3725
1183
3468
1117
3574
936
3678
1115
3513
974
3594
1089
3566
1148
3531
1095
3611
1118
3385
978
2892
930
3609
902
3538
932
3581
1127
3684
1125
3556
1112
3646
1128
3570
1173
3686
1080
3666
1087
3563
1110
3663
1105
3584
1100
3521
595
3450
1117
3506
1107
3433
798
3049
1083
2194
634
3554
1111
3535
889
3703
1085
3425
1135
3475
1141
3388
1090
3664
1115
3436
907
3641
1088
3356
730
3541
733
3494
1112
3472
1103
3438
906
3618
634
3947
1083
3400
1097
3613
1080
1989
626
3065
1045
2350
754
2051
624
2524
1107
3505
1105
3559
1145
3416
1130
3678
892
2706
1118
2781
897
3691
1100
3518
1145
3256
920
3468
1137
3691
1097
3463
1135
2943
937
3448
916
3574
1098
3468
1123
3609
1118
3503
1095
3600
1118
3553
1095
3821
1109
3536
1108
3701
1120
3681
1175
3515
1107
3502
1112
3442
1115
3458
1105
3736
756
3410
1108
3037
840
2868
904
3591
1110
3525
1095
3433
1120
3573
1111
3636
1097
3498
1087
3754
1123
3538
1120
3574
1100
3558
1100
3556
1109
3580
824
3476
1117
3719
1112
3447
1135
3559
1119
3606
751
3436
1093
2824
1092
3475
1156
3568
1165
3706
988
3499
1115
3533
1087
2937
1106
3611
828
3701
1100
2004
625
3841
949
3475
1110
3716
833
3721
1089
3438
1074
3723
1042
3616
1098
3473
1115
3514
1243
3238
896
3574
1077
3441
1092
3443
1105
3579
1102
3556
1087
3594
1123
3578
1110
3560
1113
3533
1115
3521
998
3433
1128
3453
934
3500
1103
3576
1105
3400
1146
3694
815
3764
1067
3746
1107
3523
954
3476
1113
3481
1092
2104
640
3553
1170
3586
1108
3416
1113
3460
1108
3460
1118
3666
1126
3643
615
3043
926
3590
1135
3448
1105
3475
939
3620
802
3533
932
3609
840
2742
1123
3488
1097
3653
1106
1495
1110
3556
963
3382
1128
3606
1117
3576
1101
3558
1100
3398
1117
3508
1132
3641
1096
3565
913
3692
1125
3488
1100
3490
1105
3586
1105
3555
1095
3380
1096
3422
1056
1962
612
3418
1140
3600
1022
3461
1115
3464
1052
3581
1115
3461
1070
3781
1100
3471
1090
3636
1112
2937
1110
2014
1082
3611
1080
3463
1062
3534
1112
3456
1103
3426
1130
3731
1115
2938
941
3671
1012
3573
945
2045
616
3508
1110
3759
803
3719
1141
3443
1100
3468
1060
2072
901
3686
1123
3568
1087
3553
1097
3640
624
3473
1082
3556
1103
3488
1110
3463
1093
3510
1047
1946
639
2853
941
3511
936
3461
942
3564
1115
3473
1098
3480
1080
3794
1130
3593
1102
3628
1106
3691
1095
3353
1117
3653
905
3478
1113
3707
1085
3922
1087
3702
1115
2335
742
3704
930
3513
1125
3599
1128
2038
637
3523
1107
2881
787
3488
1087
3544
1097
3483
964
3468
1097
3483
1110
3601
914
3603
1117
3679
1008
3541
624
3651
931
3556
1046
3386
1123
3719
1125
3100
846
3538
1105
3530
1108
3608
1137
2057
1120
3625
857
3538
1142
3821
1105
3621
8365
3595
1125
3568
1108
3593
953
2614
1131
3498
1118
3649
1090
3516
1145
3535
1162
3503
1105
2763
834
3565
872
3481
1080
3618
1116
3511
869
3495
1122
3222
1120
3545
1112
3630
1043
3758
1100
3636
9111
3581
1122
3490
1150
3643
924
3490
1075
3606
900
3669
1137
3501
1115
3458
851
3418
1095
3651
1109
3611
1105
3591
1083
3491
920
3490
904
3681
915
3551
1128
3563
1193
3418
1110
3673
1103
3771
1112
3558
1131
3744
1113
3784
1100
2007
1101
3606
1083
3823
1075
2401
1098
3999
966
2298
1139
3478
1112
2166
626
3503
1105
3814
9592
3678
1117
3658
1095
3586
1131
3742
1113
3594
1093
3744
589
3212
914
3430
1168
3613
1138
3797
739
3776
1115
3565
1095
3596
924
3433
1086
3683
927
2907
892
3666
1073
3724
1088
2495
730
3646
1143
3516
1107
3703
1090
3746
1095
3648
794
3768
634
3593
1127
3636
1093
3718
1108
3726
1107
4039
932
2151
641
3640
1105
3636
1093
3836
922
3257
1135
3616
972
3924
880
3769
1064
3788
1070
3586
1087
3615
1143
3799
1112
3864
1107
3580
1099
4019
1133
3678
631
3634
1082
3610
1094
3639
10292
3525
1123
3666
1153
3766
1105
3608
939
2073
1095
3694
1147
3581
1103
3485
1093
3674
1092
3610
1098
3784
755
2280
634
3594
1115
3809
1075
4057
1155
3869
965
3611
1095
3701
1090
3513
1117
3075
842
3556
1102
3834
1145
3611
1110
3914
1118
4026
1077
3794
1123
3599
1040
3578
1092
3803
1135
3709
804
3676
1118
3718
1126
3491
989
3731
1140
3802
1153
3636
1114
3648
823
3536
1072
3693
1135
3544
1131
3673
918
3593
1138
3506
1092
3450
1077
3673
1118
3590
972
3689
1045
3670
1095
3606
957
3791
1115
2133
606
3626
1127
3543
1038
3605
1096
3721
1100
3599
1102
3310
863
3683
634
2996
808
3626
1138
3817
1056
3451
1146
3949
1088
3784
1115
3643
1111
3628
1141
3521
1120
3533
1106
3530
1110
3721
1158
3781
1105
3478
631
3855
1203
3944
1088
3650
1110
3622
995
3605
1102
3894
1088
3459
850
2964
1122
3684
1052
3742
966
3701
1020
3701
1095
3533
9164
3573
1045
3922
1100
3606
1121
3651
1111
3628
1110
3744
1110
3738
1052
3709
1185
3744
982
3654
1120
2885
1123
3571
1107
3836
1093
3525
1101
3568
962
3738
1128
3883
1102
3582
1110
3586
1087
3684
1133
3761
1115
3583
1100
2958
933
3601
1123
3701
1105
3505
1135
3584
1101
3473
1083
3755
1114
3656
905
3696
1121
3836
1108
3811
1104
3799
1141
3563
1107
3862
1099
3318
1075
3508
1128
3581
1096
3656
1071
3536
1127
3658
1110
3490
1083
3621
636
3575
932
3578
1083
3490
1093
3456
9707
3498
1115
3541
1085
3483
1098
3603
1112
3623
1095
3515
1119
3671
1100
3618
1084
3488
1137
3530
1097
3653
1120
3596
1098
3644
1028
3516
1122
3777
1120
3523
1095
3448
922
3608
1093
3671
1132
3551
1123
3628
1107
3578
1075
3476
1128
4077
1063
2952
1130
3679
1097
3690
1123
3663
1112
3641
922
3471
1129
3505
1121
3500
1102
3811
1113
3606
1092
3425
1103
3330
1120
2756
714
3626
1098
3674
937
3508
1103
3545
1105
3683
1072
3618
1110
3884
1125
3591
1081
3518
1132
3811
726
3375
1031
3553
1109
3420
1018
3490
913
3493
1000
3466
1107
3656
1098
3660
1129
3759
1110
3528
1105
3480
1093
3711
1075
3631
873
3486
1084
3563
1097
3733
1077
3594
1128
3589
1017
3518
940
3431
1108
3606
1106
3683
1155
3826
1016
3646
1165
3658
1125
3421
904
3605
1085
3628
1098
3481
728
3601
1093
3483
1097
3644
1130
3514
1104
3611
636
3451
1098
3673
1077
3759
1093
3524
1088
3569
1108
3580
899
3727
1067
3102
952
3368
1108
3548
1098
2981
935
3500
1120
3596
1087
3518
924
3509
1040
4011
915
3500
1093
3786
1136
3385
953
3528
1102
3003
950
3377
1123
3680
966
3516
1165
3636
1105
3641
1107
3553
1101
3638
979
3745
1151
2896
938
3623
851
3641
1095
3646
1102
3653
950
3546
1105
3512
1120
3545
950
3781
1090
3610
1094
2979
786
4074
1109
3649
1130
3599
1080
3738
1110
3663
905
3563
1125
3486
910
2469
756
3575
1045
3661
1002
3601
1107
3606
1133
3536
1133
3601
1108
3748
1130
3626
870
3676
1129
3584
944
1953
591
3332
1052
3498
1094
3074
880
3548
846
3600
939
3521
942
3696
1106
3636
1107
3415
1115
3621
626
3553
1158
