3601
1133
3528
735
3516
605
3438
1160
3395
1100
3493
1100
3470
1040
3568
1037
3575
1100
1915
1015
3480
1105
3490
912
2371
1105
3402
842
3390
1110
3405
904
3546
895
3436
1109
3432
1168
3545
1080
3427
1117
3470
1115
3548
1156
3473
1085
3546
1105
3428
632
3441
1092
2682
1093
3541
1139
3085
1050
3543
900
3493
1095
3427
1107
3422
634
3413
872
3466
1133
2541
505
3422
1100
3535
1112
3443
1132
3388
960
3473
1125
3460
1122
2937
1112
3526
873
3611
1075
2276
1100
2954
1120
3468
749
3528
878
3515
1106
3418
1081
3472
1095
3516
1103
3425
1117
3570
1085
2796
1085
3558
1125
3688
771
3453
1073
3458
953
2935
981
3666
977
3548
1120
3461
1138
3461
1122
2070
597
3564
1097
2810
868
3005
952
3442
1088
3666
1120
3939
1080
3571
1152
1947
611
3496
1127
3599
1115
3340
922
3506
1127
3259
995
3440
1092
3559
874
3506
1093
3508
1122
2940
956
3743
789
2726
1120
3464
1110
1901
1090
3468
1118
3533
1100
2338
719
3438
1083
2876
947
3656
1140
3435
960
3534
1150
3496
1110
3528
1130
3400
1128
3473
1105
3525
857
2969
924
3460
1145
3562
849
3458
1052
3588
1120
3493
1119
3554
985
3417
1125
3588
1109
2986
1083
3491
1107
3458
1125
3496
1096
3593
1083
3481
1120
3236
1100
3274
1118
3650
1097
3448
907
3453
920
3561
1096
3448
1111
3531
1071
2832
1057
3596
1105
3591
887
3498
916
3586
1103
2043
1105
3596
646
3488
938
3493
997
2995
924
2301
726
3824
1135
3596
1106
3581
1123
3503
916
3569
784
3673
983
2384
1105
3621
907
3573
980
3626
639
3665
1092
3624
1125
3726
1108
3580
1092
2656
1115
3766
954
3068
931
3148
1118
3483
800
3453
1122
3573
1135
3470
1097
3492
1125
3516
1107
3488
1089
3157
962
2051
18898
3433
1100
3731
1055
2948
1095
3475
1105
3108
1101
3518
1115
3564
1095
3478
1115
3583
980
3681
1050
2872
1158
3586
1114
3684
1072
3492
1105
3591
1085
3593
1108
3755
1092
3769
1102
2110
633
3776
850
3465
793
3531
990
3644
960
3492
1085
3612
743
3520
1122
3518
1030
3483
761
3613
1127
3714
1002
3576
1100
3448
1109
3598
1128
3493
1097
3372
958
3581
1098
3611
1105
3578
1086
3578
1065
3526
1078
3510
1173
2761
820
3621
1100
3524
1095
3513
1118
3560
1107
3478
957
2069
1087
3523
1125
3468
1147
2105
639
3539
1105
3135
1100
3511
1092
3523
1122
3355
1107
3490
1090
3405
1130
3538
1123
3561
1135
3566
1115
3390
922
3683
1066
2097
657
3485
1123
3535
1145
2885
886
3643
1151
2919
922
3588
1128
3553
1029
3511
1108
3418
1116
3142
738
1902
1105
2900
923
3448
1100
3440
987
2951
1140
3609
809
3445
1113
3653
1135
3672
1086
3400
960
3002
938
2861
1108
3423
1140
3521
914
2146
489
3533
987
3628
962
3468
1083
3342
1111
3488
1100
3613
1100
3699
749
3704
1178
3508
1117
3841
1083
3532
1136
3480
1112
3513
1105
3438
962
3580
1105
3438
1110
3591
947
3781
768
3563
1040
3609
632
3516
1095
3494
1145
3456
922
3589
610
3490
1110
3571
1113
3425
1125
3471
942
3594
1122
3606
1118
3684
1106
3263
920
3514
1080
3533
1103
2121
1097
3483
977
3584
931
3520
1143
3643
1100
2991
938
3453
1090
1975
602
3571
1082
3608
1101
3586
1010
3450
1098
3402
1109
3453
1098
3415
13940
3531
900
3428
1145
3526
1135
3613
1077
3623
1092
2362
723
3673
1095
3548
1115
3569
914
3501
992
3483
1138
3622
1129
3465
1165
3473
1100
3580
1077
3588
1137
3608
1092
3704
1116
3746
1094
3625
1117
2618
1140
3672
1108
3593
1087
3558
789
3410
955
3453
608
3408
1105
3471
1149
3606
1100
3591
1098
3520
1150
3594
1095
2468
1097
3468
932
3461
1098
3491
952
3526
1109
3558
1094
3558
1097
3483
1088
3515
846
3483
922
3478
1100
2909
1101
2990
851
3525
1100
3563
1129
3566
941
3430
1102
3954
1087
3493
1092
3686
1115
3523
925
3493
1052
2975
821
3709
1117
3611
783
3528
1102
3475
1075
3538
916
3490
945
3641
1110
3621
890
3824
998
3076
798
3759
1138
3570
1095
3570
1090
3005
1100
3544
1103
3543
1145
3440
1130
3558
1083
3460
1108
3523
1130
3598
1165
3565
1133
3666
1102
3525
1002
3621
1125
3544
1088
3561
955
3588
1080
3616
928
3523
1106
3531
1098
3556
1110
3561
1098
3440
1103
3498
1103
3606
673
3553
1102
3611
822
3405
922
3485
1120
3353
1096
3648
1095
3982
1146
3606
1095
3545
620
3455
1093
3451
1100
3388
1087
3448
1123
3614
1103
3596
1095
3526
954
3628
1128
3746
997
3566
885
3656
1108
3478
970
3586
948
3483
1083
3656
1110
3414
1094
3521
1090
3200
964
3548
1082
3536
1100
3433
525
3506
1178
3638
1095
3586
842
3668
1082
3538
1100
3676
1118
3546
1107
3443
1092
3626
1112
3465
1097
3410
1113
3438
1098
3531
1104
3578
1114
3560
895
3471
1143
3661
1137
3377
1010
3495
1131
3533
1115
3636
1100
3593
1097
3585
1107
3741
1135
3689
955
3503
1103
3663
1077
2062
630
3408
1093
2878
924
3573
1009
3410
1115
3606
1128
3596
1137
3438
1150
3448
1067
3475
1098
3544
1079
3476
1105
3453
1090
3686
1123
3544
1098
3573
1092
3603
1097
3611
1030
2965
812
3646
955
3462
1110
3811
1100
3513
1133
2929
922
3472
1110
3565
966
3564
1078
3390
989
3482
1105
3548
1097
3538
1077
3498
1118
3518
1053
3646
1085
3453
1138
2928
1086
3518
1078
3445
1110
3626
1092
3536
1120
3393
1125
3764
940
3873
1105
3516
1118
2781
726
3621
1064
3385
1117
3518
618
3560
1119
3632
975
3546
1110
3506
1110
3224
1050
3553
1095
2013
1132
3774
811
3551
1142
3554
1105
3561
1090
3052
1115
3683
1100
3087
946
3433
1117
3638
1118
3654
1107
3533
1096
3498
9552
2139
1130
3556
1005
3506
925
3538
975
3676
1135
3108
938
3556
1113
3498
1107
3523
1118
3410
1130
3433
1089
3600
1105
3442
1105
3428
1093
3485
1029
3618
1092
3482
1151
3666
1113
3520
1120
2822
1113
2516
733
2734
1115
3466
1105
3511
1101
3435
1098
3463
1108
3418
627
2697
815
3503
1133
3625
1123
3501
1108
3483
1123
3397
1128
3550
1120
3498
1092
3496
953
2022
1170
3588
1112
3593
1105
3468
1150
3544
1112
3503
1131
3779
888
3536
1095
3581
1125
3651
959
3468
1097
3241
1059
3545
1095
2984
598
3451
1140
3490
1103
3483
634
3047
933
3508
943
3518
1082
3523
1007
3626
1079
3466
1123
3643
1095
3701
1101
3583
944
3793
1111
3646
1110
4506
887
3686
1142
3601
1128
3558
1110
3545
1145
3721
581
3623
1090
3588
1135
3511
944
3460
1148
3543
1122
3570
1090
3606
1103
3516
1132
3546
932
3653
1118
3480
1113
3610
1033
2278
1080
3666
901
3739
648
3775
1112
1950
1131
3613
1095
3788
1110
3655
1108
3719
912
3573
1096
3095
954
3631
638
3583
1042
3468
1073
3083
1092
3703
1071
3595
1090
3605
1109
3680
1028
3613
1100
3163
1102
3649
1127
3601
1126
3619
1090
3654
1110
2589
790
3458
456
3521
1125
3442
1102
3523
1085
3571
1099
23840
909
3464
1130
3586
1115
3029
1106
3488
1059
3533
1095
3043
922
3290
1098
3909
1103
3548
1048
3759
1092
3505
1121
2937
1065
3548
1100
3621
1118
3603
1093
3696
1081
3463
1123
3756
1125
3649
950
3304
1138
3576
1117
3465
1077
3704
1087
3528
1085
2185
634
3500
1090
3671
1115
1929
1097
3717
1125
3959
1087
2430
716
3508
1100
3926
1108
3483
1141
3553
1085
3638
1100
3696
1110
3628
995
3819
1100
3694
1092
3581
1100
3434
1042
3500
733
3503
1115
2933
1095
2655
1098
3689
1100
3511
1095
3668
950
3829
1098
3596
1116
3568
1102
3650
1102
3703
1097
3498
1104
3546
1040
3764
1106
3555
1142
3670
1009
3541
1097
2978
928
3521
627
3576
1058
3681
1107
3586
1155
3673
1092
3733
948
3661
1102
3678
1095
3642
1114
3766
1098
3669
1068
3563
1148
3618
1090
3661
1092
3673
1113
3561
1095
3603
1102
3656
1109
3666
1096
3596
1095
3892
1115
3757
1105
3220
1102
3590
1079
3485
1098
3794
1088
2041
670
3393
1098
3613
1100
3658
10329
3611
1115
3657
1082
3643
1095
4014
1107
3656
1093
3469
908
3879
629
3716
1131
3719
1137
3714
1126
3753
1098
3475
1112
3626
1112
3719
995
3729
1128
3538
1100
3584
1097
2814
1098
3528
1105
3027
918
3869
1097
3901
1110
3746
1139
3639
1130
3574
982
3680
1128
3619
931
3630
914
2009
1107
3624
1115
3794
1118
3668
937
3513
1107
2922
1142
3771
1109
3565
1050
3601
1087
3906
1095
3516
903
3532
970
3553
1130
3774
872
3663
1108
3698
1135
3686
1096
3586
622
3603
1133
3724
1105
3676
1087
3714
1146
3538
1073
3485
925
3633
1105
3523
950
3861
965
3888
754
3593
1130
3746
1115
3610
1120
3603
1074
3811
1080
3887
1125
3801
1080
3651
938
3523
1133
3826
1049
3843
625
3694
1138
3701
1118
3683
1037
3596
947
3741
1105
3595
1133
3778
1082
3907
1123
3754
9111
3803
938
3456
1110
3693
1100
3712
985
3606
1118
3682
1130
3917
1133
3686
1110
3608
1111
3829
1095
3675
1090
3484
980
2677
1050
3701
1088
3709
1075
3801
1095
3643
1043
3725
1083
3623
886
3827
1087
3834
1002
3621
1085
3508
1095
3668
1082
3837
1109
3694
979
3706
1075
3586
1175
3639
998
3628
1070
3836
1120
3520
1017
3560
1092
3804
1098
3867
1095
3359
1031
3711
1095
3634
1080
3571
1130
3626
1100
3448
1086
3609
1090
3578
1095
3648
1167
3591
1103
2826
1096
3526
1112
3794
626
3016
948
3558
1120
3480
1057
3134
1115
3666
1118
3465
1167
3456
1105
3683
1101
3523
1100
3611
1095
3681
1098
3443
1110
3565
932
3028
926
3664
937
3721
562
3481
1108
3456
1130
3580
1102
3461
1105
3496
1116
3536
920
3691
1120
2764
1090
3606
1105
3593
1047
3490
1140
3789
1118
3546
980
3636
1088
3664
1103
3573
1100
3596
942
3416
1120
2544
809
3582
1110
3684
956
3546
1072
3518
1135
3633
1122
3458
1145
3716
1103
3623
1138
3670
819
3555
1092
2686
1086
3619
1110
3769
1095
3691
1110
3481
1107
2386
730
3536
1104
3431
1082
3466
846
3649
1084
3553
956
3455
1096
3441
1120
3533
1125
3566
1123
3538
1087
3593
1098
3681
1113
3528
1118
3518
1095
3484
1098
3460
1103
3699
1052
3447
1095
3623
982
3405
1135
3638
1145
2794
809
3621
1022
3373
732
3603
985
3396
1107
3327
903
3636
1107
3536
1094
3746
1108
3724
1102
3616
10004
3622
1097
3496
948
3571
1092
3680
1088
3904
1140
3100
966
3495
1120
3643
990
3751
1060
3453
1094
3593
1122
3641
1015
3541
1148
3486
1150
3839
9639
3493
1123
3467
1035
3178
944
3533
1105
3593
950
3051
935
3822
1086
2847
847
3576
1099
3606
962
3448
1089
3784
1126
3698
1098
3457
832
3161
1118
3776
1121
3605
1102
3551
1073
3523
9662
3652
1108
3747
882
3548
1000
3574
1108
3674
1138
3721
1116
3618
1040
3548
1131
3801
1118
3700
1110
3746
1125
4027
1113
3148
918
3692
1085
3694
901
2449
725
3476
1120
2897
773
3606
917
3673
1110
3408
1102
3736
1100
3741
1087
3671
1090
2935
1122
3415
1109
1952
599
3435
1120
3631
1081
3678
1028
3604
1117
3788
1024
3551
1087
3498
1087
3546
1050
3531
1092
3581
1093
3553
1094
