3073
933
3611
1123
1944
622
3450
1079
3365
1117
3395
1074
3451
1098
3488
1118
3548
972
3583
612
3501
1124
2763
909
3518
1125
3462
831
3416
1092
3435
887
2942
876
3448
1108
3398
1115
3543
1193
3442
1117
3478
910
3443
1098
3400
1142
3566
1141
2516
1032
3257
1066
2632
1159
3531
1140
3536
1133
2897
1107
3435
920
3383
1163
3461
1172
3448
909
3421
1115
1883
1065
3493
1163
3415
1157
3405
1135
3523
1140
3453
884
3441
944
3526
1108
3558
875
3588
1127
2364
1113
2861
1124
3411
1135
3550
1102
3455
9407
3493
1084
3599
1117
3465
1102
3451
1155
3478
1100
2958
1148
3488
1158
3468
1090
3505
1188
3486
1092
3561
911
3541
1120
2064
602
3438
1100
3546
1093
3633
523
2354
617
3889
1095
3430
1135
3741
1125
3028
1107
3759
1054
3781
1115
2002
615
3588
1105
3644
985
3428
1033
3496
802
3588
1054
3368
1087
3391
1021
3535
1085
3453
8559
3480
1106
3591
1097
2895
1060
3571
1100
1924
616
3505
1113
3278
1113
3403
714
3624
1108
3406
1115
2589
835
2371
747
3418
955
3408
1077
3440
1090
1937
1093
3523
1132
3546
862
3498
937
3486
1020
3466
9645
3410
1079
3428
1097
3448
1059
3526
1093
3436
1095
3628
1128
3919
1000
3636
946
3546
1096
3500
1138
3581
647
3385
1096
3515
1110
3521
1038
3295
1052
3611
1127
3468
958
3418
823
3611
1115
3486
1033
2478
1148
3694
1138
2967
944
2973
926
3133
1077
3378
1087
3400
1022
3472
1122
3573
1095
3428
846
3669
1089
3754
548
3523
1103
3578
1087
3586
798
3545
1077
3478
926
3706
1089
3656
1106
3526
901
3606
936
3666
1110
3659
935
3576
1110
3065
1108
2730
1095
3658
1097
3639
964
3546
1115
3643
1093
3035
866
3558
1135
3456
937
3654
1124
3518
1092
3510
1056
3628
1030
1969
1080
3566
1063
2312
678
2888
954
3047
1113
3613
1091
3504
1100
3679
1141
3473
922
3073
945
3598
1113
3611
1058
3523
1108
3556
1112
3754
1125
3588
1107
3571
1160
3729
1135
3753
1078
3511
992
2814
767
3619
1121
3749
1053
3540
1067
3500
1096
3654
739
3520
1118
3488
914
2017
667
3987
1078
2925
1140
3977
1215
3428
1111
3495
1112
3423
1122
3869
1052
3564
1135
2961
973
3651
1089
3548
1138
3849
1089
3598
1116
3518
1080
3586
1115
3505
1128
3448
1121
3544
1117
3478
901
1518
1115
1928
631
3824
1117
2000
1107
3063
919
3584
1091
3475
1118
3574
1100
3623
1107
3618
1143
3706
923
3636
925
3671
1118
3471
1133
3525
1115
3014
10090
3576
1084
3456
1110
3543
948
3522
1110
3646
1064
3511
918
3658
10184
3502
1150
3087
929
3621
1097
2972
933
2016
1088
3463
1132
3106
1105
3455
962
3515
1099
3624
1045
3522
1065
3531
1115
3468
1083
3483
1083
3731
1098
2973
871
3027
849
2775
1128
1909
557
3633
892
3616
987
3486
1094
3362
1133
2491
837
3563
833
3603
1081
3550
1054
3536
1093
3534
1100
3458
1080
1885
1123
3425
1103
3498
1108
3465
1020
3585
1099
3530
922
3471
985
3466
1138
2485
1095
3505
1083
3516
1115
3498
1093
3511
1090
3624
1102
3551
1033
3501
1131
3601
1103
3591
1113
3440
1036
3546
1080
3633
1083
2064
1118
3526
1108
1989
625
3566
980
2884
934
3422
1153
3463
1089
3516
1110
3377
1090
3391
1115
3604
1138
3505
1088
3798
1117
3591
947
3481
1093
3438
1035
3616
804
3458
997
2038
9900
3598
1098
3708
1082
3453
1140
3410
738
3540
1148
3528
1104
3339
941
3436
1095
3500
1100
3437
1102
3009
9817
2430
741
3486
1093
1595
972
3500
1100
3733
1095
3708
1122
3455
1093
3596
1103
3543
1083
3608
926
3543
1060
3333
1108
3440
929
3576
936
3598
1100
3445
1090
2937
1087
3613
1109
3548
991
3472
1135
2653
856
3516
1125
3468
1151
3639
1092
3506
1118
3610
1073
3478
974
3440
929
3603
1122
3442
1107
3683
1095
3428
975
3471
1113
2788
886
3748
957
3375
1098
3484
1095
3613
1098
3578
1096
2530
829
3533
1080
1961
1083
3668
1098
3595
948
3605
1097
2800
907
3546
794
3593
1097
3538
1093
2982
896
3568
935
3505
1095
3543
1093
3083
879
3679
1100
3646
1103
3601
1105
3596
1080
3711
937
3658
1117
3503
1130
3551
1110
3573
1090
3405
822
3481
1095
3520
1002
3588
1118
3534
1098
3683
1045
3428
965
3698
1092
3590
1092
3473
1073
3426
1125
3518
1088
3521
1002
3555
1107
3541
748
3042
987
3834
912
3491
1078
3496
1123
3438
1095
2852
1133
2922
920
3373
1120
3590
1072
3531
1100
3450
1107
2142
615
2521
801
3455
1123
3521
960
3609
1098
3683
1120
3578
1110
3553
1105
3734
710
3628
1098
3754
1138
3536
1135
3515
1117
3428
1115
3430
1085
3428
1000
1966
651
3591
1118
3448
543
3566
932
3641
1132
3513
1065
3601
1077
3430
1092
3608
1126
3493
1108
3698
1100
3573
1108
3506
1094
3604
1090
3386
1115
3784
899
3500
1101
3600
1115
3448
1098
3461
1095
3613
1091
3544
1178
3573
1127
3581
987
3686
1121
3636
1108
3631
1100
3678
1115
3566
1088
3643
1142
1985
619
3360
978
3486
1123
3064
926
3583
1097
3603
1102
3606
1106
3428
1114
3704
1092
3478
1125
3530
1145
3423
1080
3646
1075
3529
965
3575
872
3704
1093
3894
1097
3941
1108
3541
932
3576
1061
3491
1133
3636
1173
3706
1130
3563
1067
3565
1090
3337
1102
3526
1120
3299
1087
3526
1040
3616
1095
3451
1118
3578
1090
3566
1108
3571
1050
3435
1108
3490
1130
3518
1145
3570
1113
3536
1100
3576
1123
3403
1102
3621
1110
3691
1132
3578
1087
3533
1083
3611
1085
3370
1133
3513
1105
3569
1103
2895
762
3668
1088
3769
1118
3420
1105
3458
1117
3465
1130
2991
1113
3438
1087
3595
1117
3432
982
3443
1105
3670
1134
3916
934
3523
1121
3467
1152
3558
1118
3581
1132
3516
1120
3540
1098
3613
1026
3540
1075
3667
1133
2524
1090
3503
935
3031
870
3415
963
3438
1097
3570
1145
3465
1090
3375
1121
3686
1080
3358
1057
3603
1115
3589
1117
3390
990
3578
1130
3474
1123
2736
1092
2377
1098
2752
1110
3493
1097
3536
1128
3184
1087
3406
1110
3465
1082
3488
807
3510
1110
3525
1119
3480
939
3011
916
3486
1093
3430
1108
3486
1102
3186
935
3501
1130
3646
1100
3542
1121
3546
1115
3590
1111
3514
1112
3693
861
3548
1073
3716
1102
3824
1152
3766
1080
3288
1108
2850
1138
3415
1107
3570
1099
3424
1092
3413
1118
3518
1132
3493
1142
3377
932
3536
1021
3501
1080
3604
959
3738
1139
3488
1106
3543
1092
3819
1072
3514
1143
3784
931
3741
1090
3636
1103
3508
1115
2930
940
2336
746
3841
1100
2985
846
3528
1122
3464
1107
3568
1144
3392
975
3445
927
3536
915
3566
903
3586
1100
3558
576
3634
1032
3856
1110
3546
1112
3022
625
3781
1113
3533
1112
3776
1135
3691
1092
3741
1102
3773
1113
3561
1090
2223
608
15941
1126
3588
1100
3465
1133
3328
1112
3473
1155
3618
895
3703
1100
3584
945
3528
1093
3681
1105
3501
914
3057
842
3625
1107
3461
1132
3055
943
1598
1113
3518
1116
3458
1078
3656
1015
3572
977
3495
1040
3713
1215
2153
1077
3656
1140
3630
1098
3629
1085
3687
927
3694
1100
3641
1115
3630
1007
3498
1092
3836
1125
3616
1114
3153
880
3683
1109
3643
1113
2368
737
3693
1107
3500
1087
3766
1117
3544
1080
3606
987
3463
1097
3560
1112
3488
1115
3553
635
3648
1093
3493
1088
3774
1133
3583
1108
3656
1107
3562
1121
3791
937
3629
718
2726
1115
3535
1108
3059
1135
2304
636
3531
1151
3648
1100
3573
992
3641
1115
3709
894
3560
978
3464
1102
3450
1048
3430
1107
3546
1112
3801
1100
3528
968
3573
1108
3673
1118
3636
1123
3603
1027
3688
1095
3781
1092
3603
1095
3646
1097
3681
1123
3563
948
3699
1093
3823
1092
3621
1125
3219
1135
3603
1118
3846
1098
3468
1109
3556
943
3661
1086
3673
1110
3667
1108
3476
917
3548
1115
3433
1087
3511
1082
3616
1020
3591
1103
3525
1083
3589
1012
3620
1105
3721
1108
3713
1123
3871
1125
3794
1112
3269
1118
2715
828
3781
1168
3201
930
3598
622
3566
1087
3425
1095
3510
1070
3551
1110
3904
1110
3680
1097
3631
1105
3663
1093
3711
933
3491
646
3713
1111
3654
9471
3749
1102
4446
1113
3894
1116
3639
1085
3756
1113
3570
922
3588
1107
3535
1112
3771
1115
3879
1145
3171
924
3789
1113
3646
1035
3758
1138
3556
1133
3611
1130
3073
1098
3711
931
3197
915
3593
1093
3625
1135
3904
1087
3412
1070
3595
1080
2818
910
3671
1095
3598
1105
3576
1102
3817
1100
3799
1100
3550
894
3974
1058
3510
1059
3581
980
3503
1123
3801
1123
3769
615
3824
1135
3708
1128
3571
1101
3829
979
3891
1072
3751
970
3987
1122
2997
824
3726
1098
3799
1125
3704
989
3653
1125
3671
1227
3861
1102
3573
1098
2962
1110
3520
1107
3889
1090
3620
1123
3763
1115
3686
655
3505
1080
3674
1000
3626
1153
3864
1065
3756
1125
3889
1101
3634
1115
3445
924
3174
944
3024
932
3754
1106
3899
1113
3738
1073
2883
833
3429
1054
3668
1110
3744
1098
3586
1093
3536
1108
4066
1096
3701
1133
3548
787
3500
1155
3568
887
3660
1117
3932
929
3588
1023
3653
1072
3738
1032
3678
1090
3584
1107
3673
920
3568
1130
3783
1095
2878
876
3663
756
3603
1121
3671
859
3961
1095
3608
1099
3591
1120
3687
1133
3609
1105
3889
10040
3027
872
3656
912
3618
1117
3514
1090
3720
1133
3389
934
3608
1090
3581
953
3553
1130
3530
1097
3724
1113
3624
1110
3117
945
3503
948
3548
1113
3708
1097
2923
1133
3583
1105
3976
1083
3623
1102
3751
1098
3438
1083
3809
1073
3619
1079
3718
1112
3510
1088
2966
1095
3538
1098
3631
612
3528
1078
3561
1130
3596
884
3480
1092
3426
1004
3433
1085
3584
1150
2960
1117
3463
1185
3488
736
3565
1110
3468
1099
3500
925
3531
1085
3677
1040
3486
1100
3553
1090
3488
1100
3488
731
3444
948
3761
1097
3481
1118
3556
1113
2154
647
3488
1090
3511
1082
3734
1107
3633
802
3971
943
2730
841
3450
1135
3636
1165
3501
1010
3524
876
3472
968
3111
932
3630
1105
3546
1116
3498
1102
3656
1102
3553
1101
3518
1132
3679
1188
3621
1095
3581
1108
3610
1085
3568
1135
3011
1019
3636
9765
3588
920
3530
1100
3734
966
3450
1085
3691
1152
3756
1143
2798
829
3503
12434
3754
912
3565
1173
3599
920
3498
1120
3443
1085
3803
1125
3413
1097
3498
1136
3613
1098
3573
1080
3807
1083
3503
941
3763
1107
3554
1087
3674
1130
3641
931
3520
1130
3847
725
3266
764
3646
1135
3520
1127
3674
1132
3495
1085
3515
1107
3731
882
3495
756
3784
1110
3131
975
3458
1076
3623
1145
3706
1120
3613
1083
3640
1094
3618
1105
3513
972
3491
1120
3542
1098
3503
894
3583
1116
3666
1045
3578
1124
3463
1095
3476
1100
3616
1117
3633
1122
3761
1145
3626
1077
3568
1090
3594
791
3641
1103
3532
922
3478
980
3107
1129
3769
19586
3704
1097
3643
1127
3520
1135
3628
1173
3752
1098
3583
1133
3498
1098
3600
1110
3596
1098
3606
1032
3580
1089
2144
622
3744
1121
3721
1112
3579
1113
2727
837
3758
1129
3736
1095
3543
1135
3624
1070
3496
1105
3833
1100
3047
1122
3531
1092
3736
1096
3633
1048
3463
1098
3495
1145
