3889
1145
2347
1103
3576
604
3420
1102
3493
1075
3476
1113
3393
1100
3605
1137
3721
1090
3321
533
3423
1163
3426
894
3387
972
3448
899
2790
874
3437
1103
3516
985
3410
1095
3446
1110
3033
1021
3549
1098
3525
1225
3534
1137
3596
669
3603
1152
3400
1095
3518
1030
2840
914
3453
948
3500
907
3440
1103
3352
806
3513
1133
3420
948
2714
842
3468
1135
3536
1185
2604
878
3506
1138
3446
956
3580
977
3506
1143
3448
1101
3428
1120
3473
853
1996
606
3438
1197
3405
1089
3342
1128
2964
915
3403
1104
3494
1002
3423
1175
2807
900
3488
1103
2569
1110
3388
1148
3501
897
3525
1105
3003
1125
3450
1128
3541
1108
3603
979
3649
630
3491
1118
3551
1097
2599
1117
3521
723
3674
1095
2798
1067
3430
1120
3638
1102
3604
948
3606
960
3651
613
2871
1120
3506
894
3428
1080
3513
1018
3564
1062
3432
1165
2980
905
3423
1108
3435
1107
3508
1092
2375
752
3428
1098
3548
1100
3302
875
3849
1080
3588
1098
3453
830
3463
1121
3535
9684
2917
935
2305
1125
3418
1115
2181
1111
3396
1115
3561
1120
3603
1092
3483
1143
3538
1123
3488
1120
3318
1090
2693
1100
2309
741
3523
1102
3460
985
2516
1105
3465
1126
3556
912
2828
836
3648
1132
3596
920
3536
1103
3443
945
3445
1132
3558
863
3463
1095
2805
835
3396
944
3845
1073
3540
1093
3460
1108
3578
673
3684
1126
2959
933
3483
933
3503
1085
3799
1090
3494
858
3540
1098
3516
1106
3544
1148
3545
795
3648
596
3511
929
3541
922
3523
1118
3508
1105
3440
972
3510
1095
3791
1122
3426
1107
3496
1115
3749
1137
3661
932
3696
1173
3613
1097
3378
594
3703
1100
3701
1028
3321
1016
2890
920
3534
1040
3069
1085
3601
1107
2237
649
3566
1095
3460
1072
3696
1091
3385
1101
3541
1120
3616
710
3498
1089
3495
814
3566
973
3561
1118
3606
1110
3448
949
3508
930
3589
1085
3513
1153
3628
1097
3581
1100
3579
1115
3606
1125
3723
1074
3554
944
3245
825
3462
1120
3689
790
3571
1115
2195
721
3568
1097
3488
1108
3791
1145
3776
1163
3658
1090
3378
470
3514
1092
2997
931
3701
1151
3450
1111
3351
1066
3533
717
3735
1110
3551
1127
3430
857
3608
1102
3430
1097
3613
1133
3837
1133
3514
1074
3360
1113
3375
904
3470
1146
3791
1112
3491
1197
3631
1102
3423
553
3591
1090
3598
1092
3486
1120
3539
1132
3608
1138
3618
1117
3420
1095
3500
1107
3566
1095
3562
1130
3279
840
3636
1128
3396
1100
3664
933
3358
958
3671
1063
3470
1078
3513
1100
2519
738
3622
1082
3623
1117
3521
967
3616
937
3508
1095
3553
1117
3463
1095
3554
1092
3508
1080
3498
1108
3193
1115
3493
1105
3523
982
2861
827
3534
1126
3531
964
3418
1092
3488
1103
3486
1086
3513
1072
2115
637
3620
1061
3078
1165
3546
1093
3643
1017
3590
791
3544
837
3473
928
3613
1145
3588
1095
3616
1092
3485
1115
3510
564
3628
1102
3523
1125
3420
1133
3596
1098
3570
1092
3501
849
3413
1110
3431
1077
3549
1103
3450
914
3462
987
3608
1130
3458
1105
3518
1108
3578
1098
3574
1163
3600
1123
3786
1126
3633
1107
3503
1120
3384
1132
3531
1133
3531
1015
3613
916
3477
928
3470
1121
3599
932
3634
1103
3518
1128
3446
1047
3496
1108
3488
1115
3435
1105
3478
1107
2036
614
1980
617
3563
8659
3485
1060
3415
536
3603
1090
3594
1043
3734
1100
3526
1127
3512
1105
3635
1094
3560
1135
3440
1092
3553
1097
3478
1108
3224
1042
2394
752
3508
1108
1498
939
3666
1100
3541
1107
3458
1117
3450
1085
2914
932
2028
608
3548
1068
3493
1108
3583
1120
3568
1150
3481
1090
3031
912
3363
842
3483
1140
3438
1078
3534
1098
3471
1088
3599
834
3510
917
3435
1115
2977
913
3466
1089
3701
1105
3458
9358
3468
990
3458
1102
3462
1095
3538
1133
1966
588
3604
1130
3503
1082
3568
943
3486
1045
3706
1090
3634
1117
3629
1123
2697
1140
2967
825
3593
831
3585
1119
3683
1095
3521
1117
3445
887
2704
1083
3510
1113
3656
1120
3575
840
3490
901
3056
1113
3616
1122
3578
1095
3478
1108
3727
802
3596
1105
3610
1092
3428
1088
3401
1110
3451
943
3599
1075
3420
1090
3450
1100
3543
1120
3475
932
3699
1120
3666
1087
3491
814
3372
1109
3590
1102
3584
1065
3528
1089
3688
924
3426
1105
2075
1125
3513
1110
3269
1043
3525
940
3649
1094
3536
1098
3412
1075
3503
1111
3412
793
3511
1075
3525
1096
3613
1037
3534
1087
3398
883
2043
614
3763
962
3382
1097
3656
1120
3516
1088
3538
880
3498
964
3586
1180
3616
881
3498
1097
3598
1151
3538
1108
3528
1109
3558
1103
3563
1117
3549
1080
3589
624
3484
1118
1658
544
3608
1064
3666
1087
3538
907
3260
1120
2662
1108
3665
1103
3494
10104
3463
1100
3013
1092
3510
1105
3424
1031
3355
1108
3498
1075
3621
1093
2599
886
1969
639
3656
1105
3503
1120
3471
1100
3635
1121
3548
1098
3465
1065
3841
1137
3694
1110
3546
1105
3536
1131
3530
1113
2124
1098
3548
1102
3536
1056
3833
1087
3678
1007
3064
790
3779
1108
3645
1090
3521
1095
3513
1103
3219
1120
3483
1090
3658
1085
3533
890
3630
1125
3523
1094
3561
946
3721
1090
3683
1080
3441
1093
3506
1105
3641
1097
3598
1128
3468
921
3638
1095
3470
1108
3428
1137
3483
1097
3504
1111
3638
1101
3451
1111
3553
1094
3798
1117
3511
944
3262
1047
3418
1097
3534
1098
3500
1089
3401
1102
3590
1078
1968
635
3693
1078
3634
1121
3571
1137
2125
1146
3548
1093
3488
1063
3535
1087
3651
1108
3508
1118
3666
1100
3593
1107
3331
977
3540
1024
3161
1087
3558
1086
3508
1105
3564
1054
3373
1110
3416
1100
3556
1130
2018
635
3448
1142
2795
887
2076
616
3435
954
2169
1113
3508
1130
3621
1075
3516
955
3658
1105
3676
1128
3524
1102
3408
887
3543
1100
3212
851
3698
1132
3580
1100
3486
1155
3546
1120
3415
1059
3656
910
3756
9843
3578
903
3503
1088
3280
1117
3428
1093
3436
1098
3531
1127
3670
1095
3295
1045
3498
1116
3435
1080
3646
1113
3455
1107
3433
842
3630
1094
3531
934
3461
1057
3486
1165
3493
1113
3566
932
3496
1113
3502
1095
3872
1060
3533
1092
3603
1135
3621
1112
3433
1183
3568
909
2257
613
3486
997
3676
1107
3620
1130
3436
1100
3370
1098
3510
595
3433
956
3595
1106
3360
1095
3413
1112
3498
1138
3601
920
3450
957
3423
1072
3638
1097
3664
1088
3726
918
2096
637
2859
1067
3403
1085
3543
1102
3796
1115
3724
924
3601
1118
3579
1110
3570
584
3478
1088
3518
1091
3385
1103
3609
1103
3731
1100
3663
1122
1955
12346
3453
1092
3596
1090
3516
1093
3531
589
3455
911
2025
646
2990
859
2941
513
3661
1064
3523
1121
3520
1115
3521
1109
3485
1097
3508
1105
3651
1090
3741
1108
3468
1090
2918
1068
3445
1073
3302
1042
3483
1183
3523
1103
2774
803
3769
869
3518
1095
3739
1092
3525
934
2044
1087
3363
1071
3558
1118
3616
1090
1572
1102
3474
955
3458
1107
3585
1033
3586
1090
3543
1022
3676
1042
2105
1105
3476
1100
4077
1072
3756
1105
2454
724
3608
1111
3513
1103
3546
1097
3393
1108
3548
1110
3468
1133
3639
1106
3781
1091
3466
1095
2464
722
3458
1083
3696
1125
3987
1115
3746
1095
3435
1093
3603
1095
3641
990
3471
1037
3516
1100
3756
1030
3941
1090
3174
815
2877
1020
3608
1111
3636
1089
3681
1083
3706
711
3601
852
3691
982
3613
1097
3701
638
3716
1100
3156
770
3653
1153
3959
952
3688
635
2461
1110
3630
897
3468
1092
3799
1110
3713
1100
3604
638
3674
1115
3533
1104
3618
1107
3603
1115
3326
808
2735
598
3676
1115
3568
1083
3545
1110
3916
1102
3651
887
3655
1120
3287
900
3631
1117
3626
1080
3644
1118
3648
1112
3754
1066
2899
845
3684
1120
3583
1132
3797
1113
2238
1103
3686
1115
3058
828
3629
1099
3493
1125
3628
1103
3553
1085
2763
845
3718
1143
3744
1103
3831
1087
3722
1125
3593
1120
3079
1084
3606
809
3611
859
3874
1117
3610
629
3694
1021
3741
1120
3719
1108
3558
1090
3573
1127
3824
1087
3511
933
3613
1143
3641
784
3669
1122
2040
661
3881
1093
3586
1109
3867
1105
3615
9893
3516
1093
3889
1107
3524
1070
3490
995
3656
992
3631
1101
3307
1115
3646
863
3465
1118
3887
1118
3779
1083
3548
1098
3776
9860
3836
1107
3524
1123
3171
1058
3604
1079
3619
1125
3504
1036
3761
1057
3629
1115
2809
1097
3736
1087
3491
1117
3521
1067
3801
1087
3944
1153
3440
1038
3551
1123
3823
1113
3631
853
3674
1125
3889
1145
3764
1113
3643
1095
3766
1087
3593
1093
3699
1078
3696
1087
3831
1127
3563
1115
3552
1033
3734
1080
3636
945
3648
1120
3751
1178
3804
1070
4052
1105
4062
1088
3664
1095
3939
1077
3889
1093
3466
1093
3049
720
3706
1116
3726
1090
3580
1115
3428
900
2904
1073
3648
1103
3490
941
3538
1095
4052
1095
3634
930
3150
939
3541
1105
3791
1130
3814
1014
3539
952
3667
943
4086
1083
3605
983
3743
1088
3713
1108
3633
1116
3956
887
3267
936
3586
997
3570
1015
3738
1133
3844
1160
3749
931
3726
1105
3530
1148
2418
755
3841
1100
3742
1133
3777
1100
3711
1111
3616
1127
3937
1135
3453
1113
3471
1033
3493
1106
3668
1089
3481
1108
3786
952
3611
1103
3728
994
3766
1128
3664
1085
3623
1110
3170
935
3596
1105
3573
1127
3518
1113
3209
795
3829
1096
3491
1105
3676
1107
3704
1106
3636
976
3568
810
3521
9559
3593
937
3496
1185
2923
795
3784
1105
3546
1100
3686
1100
3591
949
3548
1115
3484
1118
3620
1127
3779
980
3591
1088
3536
1117
3640
1137
3569
1110
3513
580
3588
821
3651
1103
3560
1140
3488
1085
3679
1098
3766
9700
3841
1057
3817
1107
3620
1105
3476
1102
3323
929
3605
1098
3511
9101
3556
1090
3783
1105
3730
940
3586
1135
2910
939
3696
977
3626
1099
3445
1123
2111
635
3316
1045
3779
1083
3112
926
3177
916
2924
762
3658
1105
3538
1118
3669
1123
3598
1095
3494
894
3708
1113
3648
1137
3462
765
3681
1113
3655
1123
3591
1129
3480
1115
3679
1128
3954
1079
3498
871
3518
1138
3448
1113
3500
960
3468
1093
3654
1107
3683
1110
3028
914
3176
847
3441
1113
3821
1133
3826
1135
3558
1106
1961
629
3786
1122
3601
1135
2682
853
3405
1095
3536
1120
3593
1115
3556
977
3596
976
3510
1110
3496
1098
3585
9645
3738
1095
3733
1113
3856
1120
2082
1084
3478
1112
3601
1113
3064
932
2034
1113
3560
917
3381
1025
3528
1128
3578
1120
3710
1115
3207
895
3521
1081
3596
1110
3646
1097
3453
1128
3616
1097
3680
1160
3751
1090
3701
1127
3043
816
3538
1075
3846
1145
3551
1103
3616
1092
3498
1115
3606
956
3714
1128
3570
990
3548
1110
3512
1108
3618
741
3521
1115
3528
1078
3599
1107
3488
1098
3591
1108
3746
1130
3769
959
3801
1128
3718
1075
3804
1100
3028
924
3664
1135
3463
1128
3570
1103
3363
920
3641
1080
3558
1120
3476
1115
3603
1083
3608
1007
2129
616
3703
1103
3422
1120
3560
1106
3515
855
3796
1119
3548
1155
3576
1092
3749
1082
3534
1115
3643
1077
3741
1125
3508
1138
3679
1078
3675
1111
3651
1102
3686
933
