3566
1090
1950
767
3647
620
1998
626
2623
844
3448
1113
3438
1093
3501
1130
3511
1080
3461
871
3420
1180
2846
1120
3426
1158
3483
1148
2893
926
1973
1123
3578
1117
2530
1103
3203
1133
3528
785
3624
1118
3463
1118
3436
1110
3450
1108
3518
1113
2532
1115
2513
805
3001
1002
3536
1072
3340
1109
3420
1145
3433
931
3483
1112
3531
1078
3613
836
3568
1113
2338
1093
3355
1130
3480
1140
2869
957
3560
1118
3455
993
2513
805
3396
1092
2850
829
3613
631
3552
1028
3519
1095
3561
1062
2866
920
3590
1122
3473
603
3420
1115
3581
1173
3435
1152
3513
741
3411
1090
3382
895
1960
600
3323
1108
2511
833
3448
1112
3754
1130
2018
618
3564
1122
2387
749
3403
813
3410
866
3526
1123
3521
1110
3578
1137
2921
830
3729
940
3710
1123
2031
1135
3476
1098
3474
1127
3466
1047
3596
1025
3591
922
3387
831
3496
1120
3456
1097
3490
1130
3718
1082
3488
1145
3471
916
3448
609
3608
1102
2941
1128
3446
966
3438
1102
3554
1125
3478
1113
3414
935
3481
1080
2773
1090
1972
634
3474
1100
3456
618
3551
1133
3492
1133
3565
1085
3001
1007
3410
1083
3561
1162
2960
922
3488
862
3468
1090
3003
932
3556
967
3656
982
2810
1138
3465
1099
3032
1120
3493
1106
3370
1100
3473
1100
2486
1066
3501
1120
3410
1110
3493
1106
3626
1100
3545
1100
3466
1112
2876
681
2399
735
3556
1102
3036
829
2384
715
3526
933
2947
1135
3328
1042
3485
1080
3576
1100
3841
805
3530
1185
3488
1106
3377
1102
3440
1130
3496
1089
3638
1095
3500
1120
3664
1084
3460
1151
3526
1110
3556
1117
3463
804
3491
1085
2881
1112
3693
1045
3353
960
3594
1106
3367
925
3524
914
3651
1108
3561
1075
3498
1092
2098
1125
3380
1113
3480
984
3779
1151
2937
924
3475
1142
2995
656
2878
1128
3588
1037
3563
1130
3628
1123
3596
1108
1933
1103
3744
804
3779
992
3583
967
3706
1130
3623
1122
3541
1115
3548
1080
3491
1093
3849
1068
3474
1106
3749
1123
3726
817
3060
882
2680
743
3445
1075
3495
1115
2517
1093
3611
1088
3538
1135
3628
951
3656
1133
3496
1097
3531
1108
1989
658
3423
1127
2590
1127
3538
1113
3595
1112
2874
1150
3443
1123
3433
1117
3503
1111
3631
1092
3415
946
3575
1102
3418
804
3433
1117
3583
1038
3520
1042
3571
1110
3558
1098
2924
1105
3456
1110
3613
1095
3536
1110
3478
1105
3573
1097
3683
1099
3529
1100
3640
1098
3651
987
3522
1095
3561
1160
3418
1092
2990
977
2874
1117
3533
1101
3578
905
2833
866
3568
1120
3488
1019
2132
1103
3529
1123
3518
650
3443
1132
3505
1123
3963
1110
3548
1107
3638
1110
3569
1120
2595
784
3642
1085
3486
1100
3608
1122
3407
1082
3523
1070
2802
835
3466
1095
3533
1108
2726
831
2027
645
3568
718
3651
934
3380
1109
3518
1044
3693
795
3250
1090
3531
1095
3606
1094
3603
1092
3829
1108
1989
1100
3522
878
3425
1110
3387
1085
3430
1005
3639
932
2697
842
3551
951
1979
632
3491
912
3519
1106
3488
912
3759
916
3553
1102
3516
1104
3432
984
3450
1125
3531
1095
3596
1095
3498
1136
3711
1117
3582
1151
3707
1107
3498
1100
2141
642
3453
1149
3453
943
3481
1125
3729
870
3603
1096
3470
1087
2947
1109
3541
1135
3563
1110
3571
1090
3407
1118
3435
1123
3465
558
1520
1073
2975
1120
3470
892
3493
986
3423
1102
3412
1097
3408
1102
3521
1143
3530
1093
3654
1042
3542
1092
3649
1157
3467
1120
3445
1097
2303
932
3081
897
3604
9479
3396
915
3538
930
3683
1140
3601
1105
2941
725
3679
1147
3455
1126
3568
1020
3481
1017
3398
1088
3380
914
3540
1047
3556
1117
3456
1120
2995
1098
3663
1178
1978
1095
3841
838
3065
879
3601
1122
3646
1093
3518
1085
3638
10205
3470
1093
3378
909
3483
1062
3445
1100
3781
1108
3685
1117
3758
1080
3518
1115
3724
1097
3600
1117
3465
1117
2575
1073
3496
1080
3423
1120
3273
1104
3603
973
3448
1082
1498
1097
3525
1112
3555
1095
3028
1108
1986
1110
3641
1108
3593
1123
3396
1128
3691
1140
3598
1102
3533
1113
3588
1101
3678
997
3468
1135
3433
1100
3398
1090
3501
903
3464
1057
3659
1118
3606
1107
3516
1120
3520
1098
2839
1120
3686
757
3581
1080
3603
1116
3528
1108
3691
1118
3562
1098
3520
1090
2795
1080
3573
1098
2028
639
3518
1108
2037
627
3448
1128
3583
1117
3483
942
3383
902
3443
1092
3485
1095
2960
914
3603
806
3701
1107
3666
1095
3503
1105
3608
844
3496
1080
3566
1123
3426
1100
3723
1085
2746
906
3442
1130
3539
1010
3616
1110
3415
833
3443
957
3413
1110
3609
1080
3500
1115
3508
1101
3653
977
3463
642
3591
1107
3338
1095
3591
1092
3598
1090
1993
1095
3613
1110
3495
1096
3562
1115
3498
773
2946
962
3563
1045
2002
602
3678
1098
3663
1101
3529
1110
3458
1130
3538
1200
3478
1108
3554
1107
3531
1093
3516
1120
3498
876
3666
985
3603
1140
3654
1035
3582
1098
3520
1093
3550
1123
3641
1096
3458
1103
3550
1012
3515
1111
3582
1050
2769
1133
2446
621
3621
1127
3644
1131
3664
1095
3621
1102
3511
1093
3408
1095
3593
1100
3613
1015
3615
1095
3751
1098
2622
805
3859
1108
3105
879
3672
1110
3523
1080
3556
952
3038
928
3421
1107
3460
1107
3525
1075
3466
1103
3573
1138
3598
1137
3498
1013
3556
1093
3538
1092
3674
1079
3390
1093
3390
1103
3454
1115
3403
1120
3684
1102
3521
1105
3019
928
2045
1082
3696
1088
3599
1112
3629
945
3636
557
3149
1108
3528
1105
3706
1064
2049
605
3578
1111
3444
1100
3501
1102
3478
1078
3485
1102
3545
1119
3344
1033
3500
1095
3600
1105
3427
1028
2876
956
3542
1094
3546
623
3422
1120
3420
903
3576
1097
3654
1107
3572
636
3458
922
3709
1105
3376
1122
3608
909
3524
762
3520
653
3488
1080
3318
1093
3605
1128
3548
1102
3623
1092
3586
1123
3751
1097
3493
1107
3508
1118
3593
1115
3658
1105
3420
1107
2902
1120
2947
1085
3415
1112
3418
1125
3446
1115
3476
976
3526
1017
3445
1083
3563
1107
3428
1118
3668
845
3581
1117
3443
947
3363
1117
3466
1107
3463
1114
2961
916
3448
1107
3408
566
3531
1130
3473
1145
3571
1110
3585
1085
3548
1088
3470
897
2091
1095
3555
1095
3565
1105
3438
937
3568
1108
2669
1087
1851
591
3508
1087
3468
1113
3538
1130
3518
1130
3611
1088
3543
1109
3543
1180
3520
1131
3528
1047
3548
1094
3538
1105
3718
1020
3626
1092
3629
902
3591
912
3942
1092
3733
932
3705
1128
3026
1075
3510
531
3556
882
3887
1101
3781
1102
3525
1084
3471
1115
3375
1148
3666
634
3571
1102
3633
1092
2868
1107
3774
948
3518
1110
3670
636
3674
573
3505
637
3591
1096
3595
1092
3721
1100
3849
1083
2984
837
3634
1080
2975
824
2135
609
3591
873
3711
1069
3573
1077
3668
1033
3656
965
2980
1100
2752
1145
3596
1107
3528
1123
3503
1125
3498
1047
3410
863
3951
1117
3401
1122
2380
753
3415
1118
3634
869
3528
1092
3598
1095
3580
1128
3578
1099
3521
1117
3586
1135
3636
680
3977
1117
3774
985
3606
1112
3648
1118
3658
1092
3736
1120
3454
1095
3523
1103
3304
919
3563
1098
3563
939
3929
1130
3448
1118
3691
1110
4072
1092
3530
1126
3511
1095
3578
1117
3451
1129
3719
1128
3699
985
3568
1113
3595
1092
3727
1105
3533
1012
3723
1098
3801
1110
3578
919
3591
1090
3623
1205
3535
834
3784
937
4079
1119
3224
844
3553
1077
3583
1098
3634
8063
3666
910
12251
1107
3493
1000
2076
641
3611
1117
2951
1098
3570
1188
3849
1100
3621
1099
3716
1132
3769
1080
3753
1107
3533
1092
3551
1103
3894
1108
3508
1101
3613
1108
3538
1120
3041
931
3571
1095
2827
1118
3498
992
3667
1097
3628
994
3744
1028
3681
1120
3766
825
3698
1100
3513
1105
3601
995
2164
1097
3659
943
1971
1083
3590
1095
2693
809
3532
1082
3645
1078
3655
835
3651
9682
3729
1103
3721
1095
3613
1112
3541
1117
3845
1098
3802
1119
2215
634
2997
800
3580
643
3576
1107
3733
1098
3581
1098
3552
1100
3556
1090
3585
1023
3243
810
3771
1110
3588
1100
3766
1097
2067
638
2846
10713
3616
882
3571
1098
3582
1110
3478
1095
3691
1099
3852
1038
3914
1120
3511
1101
3545
1112
3818
1100
3729
851
3435
1080
3786
1137
3696
1098
3704
1100
3756
1112
3604
1128
3534
1107
3560
1112
3691
1100
1976
607
2120
1044
3320
930
3666
1098
3506
1090
3974
1113
3540
1115
3691
1110
3736
1089
3697
1102
3593
1026
3578
1108
3997
1105
3716
997
3813
1108
3679
1145
3794
9655
3763
1084
3533
1140
3559
1088
3661
1127
3658
1102
3512
1105
3643
1090
3610
1082
3664
1097
3829
1120
3766
1110
3669
1093
3671
1135
3613
1125
4044
1117
3611
1110
3526
1108
3653
1097
3601
1081
3633
1109
3764
1117
3916
902
2049
635
3538
1011
3608
1107
2979
855
3603
941
3609
1078
3663
1145
3656
1153
3746
1103
3578
1097
3591
1075
3630
807
3839
863
3661
1101
3546
667
3595
1098
3711
1108
3540
1125
3646
945
3698
889
3869
1098
3578
1045
3581
1151
3386
1117
3748
1095
3828
1111
3566
9490
3578
1132
3906
712
3708
1078
3638
1145
3468
1101
3643
1195
3427
1087
3851
1085
3886
1165
3440
1100
3751
1125
3566
1136
3868
1117
2613
1095
3663
849
3621
1089
3716
1130
3854
1117
3706
1120
3591
932
3706
963
3678
1093
3594
1128
3756
1087
3669
1093
3743
1118
3762
975
3548
1125
3626
914
3483
949
3696
948
3672
1100
3458
1135
3423
1128
3681
1103
3515
915
3626
1097
3025
950
3523
1105
3566
1089
3606
802
2062
1113
3043
940
3551
942
3488
910
3646
1110
1963
579
3393
1135
3408
1100
3606
1108
3656
1123
3859
1120
3546
1095
3643
1132
3716
1110
3666
892
3591
1098
2049
622
3575
1110
3505
1047
3533
1112
3566
1090
2134
1113
3576
1168
2961
913
3121
808
3847
1113
3525
835
3704
637
3673
1117
3553
1092
3471
1141
3638
849
3954
952
3456
1005
3579
1102
3480
1092
3498
1125
3606
903
3473
1115
3623
1138
3596
928
3857
1035
3706
726
3425
1100
3392
1114
3476
1135
3108
932
3811
918
3538
1175
3418
1196
3020
952
3413
989
3829
1103
3546
928
3019
924
3701
923
3643
1092
3200
10494
3620
1088
3576
1038
3425
1105
3576
1112
3769
1087
3545
1080
3478
1089
2875
941
3593
1088
3518
954
3501
1112
2488
1080
3452
1073
3801
1120
3571
932
3438
1104
3704
1127
2085
1139
3575
1097
3761
1093
3748
1102
2146
627
3606
1088
3428
957
3450
1135
3896
1097
3555
962
2973
935
2361
695
3849
880
3734
1102
3603
1135
3596
1163
3558
1090
3533
1105
3623
1112
3698
910
3659
1103
3556
1123
3671
1113
3548
1095
4006
1117
3823
1113
3646
1117
3478
956
3481
1072
2095
637
3573
1180
3514
1138
3491
1028
3832
1125
3518
1091
3529
1097
3420
1097
3503
1005
3766
1109
3455
478
3658
1075
3407
938
3553
942
3776
942
3879
1092
3548
824
3681
1107
3636
1115
3628
1092
3608
1150
3558
1150
3758
606
3268
8371
3528
1087
3842
927
3599
847
3949
9911
3664
922
3639
1100
3612
1052
3791
1014
3751
1097
3618
1103
3573
1125
3079
922
3767
1117
3575
1105
3771
1108
