373
278
207
311
267
241
262
313
354
321
286
238
195
227
248
220
271
226
385
199
291
268
264
229
339
310
206
191
257
311
321
310
338
313
213
338
293
208
434
311
320
207
306
333
333
328
259
183
261
278
308
313
363
311
183
171
346
321
221
310
278
329
277
309
200
296
212
281
258
334
393
233
346
271
255
207
231
160
232
298
331
187
458
315
281
246
314
219
210
326
334
274
310
145
296
274
168
110
253
212
374
188
200
153
194
132
202
188
316
217
318
330
220
328
241
208
237
133
350
314
373
222
311
310
375
314
389
328
331
311
288
301
306
293
305
297
396
323
336
311
336
244
277
288
371
137
261
261
209
105
328
164
340
174
187
194
348
298
331
323
306
303
215
313
286
304
235
281
365
298
316
265
469
325
196
214
340
300
331
330
224
202
306
263
283
333
513
273
299
324
318
313
185
216
351
296
323
298
309
161
198
125
244
299
345
323
329
338
303
309
313
313
349
198
315
233
323
160
341
318
324
311
286
311
323
316
304
265
349
301
367
316
351
301
231
323
390
319
285
328
201
163
204
148
360
219
357
318
288
323
333
208
316
201
345
247
308
316
169
335
351
311
317
310
363
323
221
179
271
323
344
237
328
318
345
268
234
164
292
324
219
301
356
298
167
323
181
324
331
132
230
316
268
228
331
248
281
189
280
221
176
310
279
313
295
326
361
191
331
311
321
298
371
310
519
366
279
314
396
311
324
323
336
298
316
325
299
187
511
174
151
328
263
118
346
301
288
274
391
229
304
311
356
326
329
343
331
325
282
313
300
311
351
326
315
163
336
326
356
249
347
184
356
291
369
183
316
311
364
127
268
323
356
217
350
303
300
296
311
311
292
324
228
301
316
323
303
326
333
171
433
161
311
313
351
301
287
226
371
330
194
313
303
307
277
308
282
313
250
195
278
315
363
333
375
209
287
325
234
313
333
266
329
334
320
308
244
346
303
234
316
288
336
311
346
334
295
313
173
311
323
296
379
311
353
171
276
325
207
164
314
311
279
264
298
206
498
328
293
311
358
171
199
199
310
251
230
326
282
323
371
310
341
310
288
323
313
215
353
232
211
208
326
275
338
199
187
311
361
298
368
330
183
299
240
296
344
299
311
326
371
313
324
326
178
113
293
311
220
217
321
172
268
328
338
120
199
313
361
301
166
124
335
307
323
295
326
291
240
209
308
258
188
121
261
321
524
313
307
250
308
326
331
330
219
199
346
331
240
107
354
305
240
226
364
318
356
301
330
349
331
328
323
311
253
311
293
272
301
296
224
219
254
330
316
313
493
315
304
313
424
179
351
146
421
325
222
206
319
290
391
311
317
298
363
259
313
325
343
318
321
298
361
196
291
265
314
306
368
276
358
326
483
250
349
297
371
326
328
301
361
323
321
286
333
226
348
311
296
189
213
296
220
298
316
316
289
339
210
171
246
326
348
324
319
313
233
311
306
326
349
325
333
313
306
306
364
184
381
313
328
160
319
311
340
314
294
326
293
246
334
275
255
296
303
283
195
311
315
311
348
301
328
313
285
313
237
311
283
298
341
300
356
286
373
338
227
190
210
298
326
319
314
301
334
313
326
228
373
311
361
311
336
325
178
306
180
303
313
288
221
321
371
299
331
311
328
311
318
326
599
241
333
310
358
311
289
298
308
326
396
216
358
298
316
326
197
296
316
314
198
326
356
276
297
313
314
297
354
298
225
173
301
358
253
293
316
333
336
311
323
303
340
311
366
264
296
296
317
195
313
202
329
324
169
136
395
296
340
310
359
366
315
249
266
286
300
298
334
241
275
214
169
261
338
323
303
321
339
311
294
288
306
326
281
311
376
276
316
263
293
296
298
290
307
313
303
313
408
237
358
311
308
298
232
158
273
310
295
298
316
310
324
310
271
315
310
223
250
311
344
310
224
357
333
321
220
296
308
305
339
310
286
244
318
306
303
108
257
183
368
275
332
326
213
319
361
199
308
300
311
306
318
266
369
313
403
336
306
298
263
218
324
123
263
283
280
326
316
285
327
177
391
273
308
293
293
250
211
126
254
153
270
141
305
323
464
262
343
275
319
254
169
142
313
326
323
296
363
221
378
228
252
192
335
265
329
313
195
157
331
325
373
311
333
326
255
286
337
339
244
310
261
279
329
177
333
371
272
306
192
121
159
117
161
124
295
298
241
228
393
158
205
179
378
343
195
171
337
239
358
310
357
269
343
314
241
298
229
288
186
135
176
144
316
251
192
136
336
318
431
311
218
328
313
313
385
182
309
297
286
225
306
251
421
351
270
187
234
295
318
310
212
199
218
192
236
321
180
124
319
326
336
321
353
323
384
313
341
298
228
205
316
298
343
304
325
326
272
257
374
311
220
200
202
329
229
313
374
324
401
316
292
151
343
200
326
311
378
323
161
130
356
232
346
122
288
311
286
289
368
324
242
298
274
232
170
192
331
316
356
306
369
208
330
323
398
323
358
311
181
154
351
313
358
318
230
314
311
309
170
132
251
313
346
311
338
256
313
321
270
209
343
354
324
328
209
151
314
248
311
199
363
272
296
191
308
313
321
303
266
238
375
311
504
212
353
212
378
298
171
146
272
310
253
311
331
288
363
303
321
278
318
313
307
264
252
310
296
326
285
305
289
210
341
310
671
313
338
253
341
328
333
326
326
300
367
310
341
259
386
278
318
325
306
310
363
323
333
320
346
340
602
326
397
341
303
269
305
311
279
313
384
313
383
311
381
178
301
313
168
326
316
326
371
318
348
183
275
328
240
326
299
228
358
106
233
183
190
334
335
189
408
261
247
233
246
316
389
310
329
338
306
331
313
308
323
321
266
338
323
310
296
199
183
166
343
283
252
323
321
300
180
176
381
227
323
313
262
325
291
288
225
311
326
313
675
319
383
326
280
283
311
325
308
308
391
313
330
330
283
310
248
323
240
298
350
318
318
311
303
309
356
341
238
326
313
298
242
141
285
251
359
281
285
239
276
348
270
338
302
324
373
298
340
298
308
257
325
326
239
189
308
249
193
311
309
314
345
231
301
323
313
209
289
339
341
320
313
326
158
122
269
298
295
175
376
249
262
326
331
353
308
328
353
310
338
227
316
299
99
310
330
188
252
325
246
311
223
285
223
328
291
224
152
345
306
251
428
325
262
229
326
298
318
311
336
321
268
275
346
237
336
304
276
311
238
313
351
294
229
170
339
298
292
296
214
328
320
316
234
346
550
249
371
283
340
262
319
311
340
311
351
333
503
239
378
326
288
346
295
217
363
267
286
298
281
273
349
298
208
313
276
184
348
311
318
101
283
266
182
344
326
227
283
325
300
279
289
214
295
251
212
298
318
296
230
280
270
295
344
238
559
299
316
138
246
219
194
149
236
301
234
275
242
348
221
157
254
237
348
311
366
313
336
311
354
333
309
270
324
310
263
248
361
276
295
310
255
99
299
301
392
311
326
261
313
311
366
298
208
221
259
301
229
298
274
298
340
341
156
295
297
321
313
326
214
311
191
301
323
200
549
311
381
331
328
298
318
299
272
311
244
320
203
281
333
249
242
280
320
219
349
248
120
138
286
325
154
311
176
308
306
185
163
296
277
325
364
310
326
297
288
167
253
326
209
351
261
321
323
324
319
236
368
237
363
311
286
301
192
281
231
242
275
311
393
333
231
326
278
171
279
323
119
153
232
299
236
329
363
285
181
133
401
313
300
245
264
288
310
281
156
311
311
296
306
313
293
208
161
308
188
311
368
323
319
307
375
310
505
161
359
251
232
164
351
276
195
323
252
311
398
300
250
336
323
328
308
323
309
311
383
321
270
299
320
311
315
298
256
199
355
329
536
323
273
298
350
303
346
201
156
140
286
230
358
313
274
234
338
210
327
194
348
325
302
325
371
170
238
323
179
326
183
311
279
323
338
318
326
257
207
336
207
301
319
248
335
326
341
311
206
314
379
207
245
200
279
298
227
235
136
253
285
296
335
313
566
306
315
227
461
166
315
209
359
311
316
273
215
301
339
311
313
226
298
301
336
326
303
217
290
313
156
298
559
262
325
326
328
306
305
328
331
313
300
311
324
313
263
295
338
314
348
313
323
280
506
323
337
325
200
311
319
326
294
311
363
171
203
163
371
321
295
255
371
298
255
305
147
291
350
298
486
301
331
295
411
331
285
326
326
311
301
326
288
310
232
323
371
298
313
326
291
311
333
260
532
319
416
341
374
296
133
323
283
205
316
191
272
260
361
250
313
323
436
311
269
197
245
237
269
261
216
326
113
140
293
298
233
280
177
311
313
351
281
264
323
323
344
245
333
321
267
299
325
203
457
324
321
285
264
237
166
300
308
311
323
333
325
298
255
305
306
258
293
301
338
328
236
311
346
128
202
229
303
309
242
192
498
247
269
295
335
311
196
298
258
311
349
278
378
323
313
338
307
228
348
228
296
323
298
310
323
273
328
313
394
279
222
326
238
333
334
313
194
301
329
298
311
206
314
228
299
207
339
311
314
291
289
335
299
298
264
310
296
310
273
338
343
248
311
311
290
324
325
326
192
298
281
215
329
295
339
321
343
300
346
154
384
129
300
177
315
313
373
311
349
304
283
365
260
274
309
293
221
314
351
323
251
326
158
99
217
130
242
273
349
298
285
215
604
132
208
192
203
171
396
310
368
318
291
251
240
128
325
323
271
319
326
310
391
285
161
137
275
316
295
336
240
210
304
326
339
300
283
181
318
227
185
172
319
343
328
228
336
311
277
251
321
248
381
256
265
260
375
251
361
326
308
338
336
318
287
271
288
311
328
319
331
324
323
313
195
326
199
310
226
122
348
326
281
169
269
257
356
310
398
311
264
261
255
321
353
298
274
326
313
323
356
280
248
298
185
341
305
339
275
236
136
323
270
266
262
292
309
286
308
293
323
251
337
248
386
190
341
289
306
169
321
296
279
191
358
313
319
313
338
323
265
193
303
314
355
275
281
324
282
313
279
313
272
323
377
299
185
242
336
298
365
321
316
265
333
208
380
299
317
313
320
311
371
310
356
313
316
293
325
313
379
311
511
335
346
249
339
311
298
326
404
311
358
262
321
321
328
314
297
324
290
340
308
274
360
313
328
311
328
308
348
296
340
311
526
309
331
230
350
313
359
311
391
338
325
311
355
187
238
299
365
310
213
249
329
291
296
311
280
244
343
326
230
326
401
311
364
311
348
341
298
301
222
308
313
298
323
301
368
306
375
306
359
319
273
251
306
301
321
326
255
209
368
260
298
298
327
320
274
200
346
311
310
314
389
333
378
266
260
237
216
163
239
310
226
217
428
326
193
133
399
326
186
166
317
311
206
326
291
154
331
297
179
134
374
301
291
202
301
298
353
306
366
226
341
313
351
288
311
318
234
209
350
314
275
348
338
311
333
272
381
306
448
237
230
311
240
324
316
324
366
209
267
311
235
313
336
313
333
204
304
323
273
277
328
326
361
311
548
306
252
296
369
316
198
249
364
311
330
275
283
301
293
325
270
238
349
265
348
311
255
206
244
313
299
311
307
329
398
323
256
137
234
235
263
329
263
225
298
280
239
146
276
280
227
311
311
303
251
171
288
305
218
176
381
299
299
331
261
321
331
338
341
316
351
313
296
298
300
313
247
310
163
301
328
209
379
303
354
246
327
341
379
310
401
313
259
310
344
133
233
299
249
295
343
324
229
314
331
286
351
311
358
196
189
291
155
326
338
256
211
199
293
337
353
279
270
311
210
326
218
305
323
246
373
251
222
273
334
313
171
326
287
249
230
209
344
314
195
298
344
249
371
301
351
310
369
310
209
139
323
176
361
311
289
309
300
275
274
311
244
303
422
311
316
298
337
270
264
274
321
323
497
139
290
205
308
306
328
326
320
311
341
298
296
272
377
313
358
311
621
299
235
238
338
301
371
206
308
263
361
276
321
199
325
272
305
242
346
256
262
189
328
122
313
314
319
305
366
299
204
298
244
305
309
190
330
136
318
350
266
162
346
311
323
275
222
166
261
320
270
311
381
323
328
291
268
251
231
307
368
184
299
286
369
311
264
325
205
295
365
311
268
273
218
292
271
315
264
298
209
152
309
272
379
260
270
326
343
299
294
295
341
310
363
310
280
274
453
323
254
244
313
340
321
328
333
310
186
325
315
170
363
298
287
310
341
286
376
208
220
177
197
125
202
175
223
311
285
329
393
313
308
124
240
331
353
266
326
300
361
329
366
170
366
326
368
293
265
314
171
310
311
323
383
325
318
311
195
275
356
349
328
97
379
313
201
296
417
313
343
202
321
323
366
321
320
331
237
311
277
299
323
313
274
251
366
295
381
314
214
177
366
326
235
323
306
297
207
348
348
311
395
311
277
313
328
306
334
329
341
326
167
311
303
314
338
313
516
238
349
311
343
296
279
323
286
314
374
314
435
227
333
298
336
299
308
335
338
308
193
300
401
311
539
320
341
239
333
323
381
316
354
321
344
311
283
315
343
311
351
273
408
159
359
296
351
295
234
310
266
311
338
316
349
212
341
314
324
318
346
281
381
272
363
265
296
295
282
206
311
296
227
310
291
313
309
325
366
353
351
328
290
338
364
311
379
262
279
311
279
329
318
303
263
298
311
311
374
323
253
310
455
213
375
326
335
311
356
170
354
326
316
311
164
137
288
233
373
206
310
208
371
356
249
320
529
295
167
298
381
205
386
207
293
153
386
117
316
311
301
311
345
326
289
212
298
256
311
323
314
311
248
199
330
310
314
254
361
170
291
329
360
346
281
272
302
313
178
266
341
313
556
270
211
206
311
331
349
296
358
197
301
313
368
319
268
197
313
293
504
246
348
323
268
325
361
311
313
316
346
310
336
328
323
321
320
313
358
311
326
249
303
333
326
298
255
102
371
279
290
339
388
329
311
326
311
140
238
138
290
314
198
98
333
311
364
262
326
189
279
242
250
231
255
326
316
269
333
326
265
310
243
207
338
258
353
328
328
231
341
311
406
201
200
311
313
237
270
341
266
243
351
313
240
237
285
356
326
314
427
330
345
296
297
336
331
314
306
254
178
137
333
326
297
269
305
225
316
310
381
313
338
275
199
120
334
298
282
311
322
331
201
313
224
311
408
326
204
313
210
298
336
318
298
325
210
311
333
306
319
176
306
283
313
270
321
311
264
295
348
313
304
345
314
209
227
339
287
311
169
297
255
283
361
328
301
301
279
125
358
228
355
323
260
201
330
319
323
301
341
299
181
311
275
131
353
296
383
296
376
314
333
299
276
316
359
306
331
311
398
326
411
331
319
320
191
169
191
325
419
311
313
311
341
311
268
325
292
215
349
306
284
246
298
299
475
326
216
311
316
333
237
338
343
241
366
226
187
191
524
287
415
229
320
313
295
313
225
326
287
337
368
304
168
165
391
314
191
156
326
343
285
284
280
310
295
323
261
178
373
315
323
325
358
272
363
259
368
295
345
236
398
264
241
327
316
297
319
295
335
298
541
286
179
146
459
318
231
192
343
315
253
201
281
207
366
334
301
296
295
297
316
295
232
346
220
170
338
353
351
183
310
311
381
311
385
179
232
310
197
326
303
325
421
349
285
274
308
243
186
296
306
264
298
324
356
311
344
288
438
310
293
313
336
314
363
311
419
318
308
306
157
303
331
306
328
313
508
323
254
186
369
301
339
248
318
295
343
280
403
328
201
163
326
298
288
301
323
316
333
271
328
313
316
310
264
339
303
279
244
237
329
249
195
120
326
315
319
313
364
343
341
295
321
306
281
323
289
281
386
311
310
326
368
296
325
298
345
310
263
313
356
311
284
269
314
151
315
311
338
273
341
310
192
299
305
286
264
208
424
328
296
273
278
261
298
311
396
240
351
291
351
238
311
327
373
326
325
205
386
326
428
132
587
296
316
258
313
310
398
311
297
268
343
327
350
264
308
296
341
310
336
279
314
317
404
313
300
254
316
316
282
220
346
311
305
328
311
329
393
231
274
325
335
311
199
161
345
206
374
248
225
113
371
315
374
298
356
286
346
326
268
238
318
303
496
348
270
251
268
226
313
177
369
323
328
288
373
311
314
311
339
311
351
301
268
324
323
313
240
305
383
306
330
262
265
275
321
247
319
241
317
179
233
220
337
314
210
325
309
311
357
296
324
293
368
333
358
286
373
318
209
212
378
326
204
183
333
310
301
311
273
299
262
164
319
310
298
296
200
178
391
296
311
281
227
301
245
313
349
333
262
311
334
175
224
168
336
314
408
326
273
288
381
334
145
311
338
298
419
291
323
311
279
296
373
325
262
262
235
192
265
313
414
298
323
272
313
311
299
310
208
171
318
276
325
328
315
268
305
236
285
339
380
116
241
311
233
346
478
295
486
313
399
330
311
326
388
313
277
296
356
325
318
311
156
279
297
295
258
328
249
326
217
311
263
185
320
325
346
325
313
303
404
311
200
190
374
343
388
300
323
310
313
262
359
306
403
276
333
326
236
318
321
308
343
202
297
316
539
263
346
301
324
253
351
231
333
288
351
175
328
295
314
310
272
291
249
311
323
333
371
313
331
251
421
261
308
298
381
308
237
326
205
301
346
311
323
333
356
311
269
326
434
336
297
311
306
311
319
201
388
313
316
325
315
132
357
305
256
325
343
313
326
261
318
313
702
338
237
215
321
314
294
262
325
298
341
298
373
326
354
311
273
368
251
298
326
326
340
308
229
209
289
221
351
338
296
335
308
227
296
276
403
129
651
311
233
199
245
295
327
326
311
330
353
238
340
259
323
290
504
237
323
311
343
323
339
216
313
314
277
275
252
227
323
298
332
326
343
237
321
306
287
192
166
172
384
329
227
251
271
310
330
354
316
248
219
311
321
343
221
310
299
321
278
308
331
189
296
228
326
328
478
338
390
325
356
285
368
326
324
323
361
299
255
311
334
311
283
335
319
344
314
199
373
303
338
318
297
325
391
307
205
187
321
325
320
308
293
237
300
253
232
208
295
298
361
272
361
338
489
183
218
138
192
145
230
145
