474
340
428
325
346
323
388
326
429
338
279
325
377
323
343
304
315
343
344
343
375
333
386
319
373
298
374
341
257
313
248
333
263
326
224
188
314
316
265
311
196
313
336
339
328
329
347
313
348
331
641
311
373
232
205
207
341
172
271
315
308
167
364
336
245
325
331
313
272
346
272
172
306
186
336
333
228
325
315
311
328
254
387
326
364
323
394
308
188
314
351
341
373
187
388
325
209
125
186
218
218
147
250
144
357
330
346
328
319
328
361
336
273
346
294
259
266
249
368
334
345
316
345
313
361
340
355
220
311
228
315
263
341
328
316
351
320
314
311
333
374
232
331
323
310
310
365
166
300
313
279
242
398
303
321
160
270
172
200
363
263
218
272
224
207
249
167
155
355
275
285
225
449
333
256
340
274
310
259
196
193
292
310
325
229
160
388
135
421
325
411
326
314
310
350
264
309
323
368
275
206
189
388
275
336
259
308
178
241
331
335
321
223
153
353
263
326
230
396
325
313
329
369
319
336
248
331
311
302
300
308
244
386
306
366
343
386
326
313
235
231
155
364
331
371
255
282
234
316
313
328
323
222
316
386
326
207
180
344
344
200
235
306
326
363
223
346
324
298
266
317
338
318
328
367
251
318
341
255
254
346
323
296
308
303
226
13495
341
226
326
345
340
282
341
281
263
215
135
363
328
229
227
386
275
313
313
371
310
373
326
368
252
177
341
437
338
359
346
370
290
261
311
378
318
290
336
371
272
218
346
357
341
346
349
344
178
323
328
331
311
232
311
234
321
316
281
371
326
329
235
223
137
333
323
346
278
329
326
274
259
350
326
351
348
356
325
227
326
369
182
328
331
491
351
308
251
263
339
379
222
283
313
427
334
325
294
287
311
313
313
274
326
282
326
320
323
339
324
381
323
363
323
333
340
223
291
401
323
348
338
363
325
326
326
368
326
271
250
243
217
363
311
324
268
371
328
352
326
353
310
204
281
351
310
321
310
336
339
236
324
380
323
316
326
419
280
408
331
13045
226
346
296
339
338
286
339
259
216
303
333
192
326
336
311
346
350
351
341
356
341
344
343
221
351
237
331
272
345
543
339
222
287
297
326
275
235
361
247
298
348
321
351
279
326
338
313
237
338
348
169
309
333
343
326
304
326
468
212
381
333
373
334
373
341
354
326
268
256
318
316
173
338
214
316
331
338
327
325
351
327
343
180
574
255
339
316
660
184
240
180
516
339
353
333
359
245
492
246
208
196
321
326
361
309
346
326
374
298
213
323
393
334
350
281
359
243
363
348
309
311
341
311
381
341
376
339
358
326
388
336
316
170
321
160
237
285
361
328
256
239
281
262
591
323
336
338
310
336
269
236
329
306
287
324
271
288
481
333
306
341
308
229
373
325
328
313
209
142
564
275
323
293
348
339
358
194
301
338
334
339
201
157
301
323
349
325
351
339
345
314
219
339
393
343
333
356
363
339
328
326
356
353
401
313
163
160
353
202
256
321
386
348
249
177
323
338
341
338
300
235
331
157
343
220
282
207
277
272
338
338
361
309
331
336
366
285
254
311
331
288
350
338
678
219
321
338
293
207
212
338
171
239
373
328
374
338
353
308
331
310
312
347
441
303
353
326
338
325
366
301
370
326
308
336
341
300
288
338
353
324
386
348
348
325
277
341
383
341
329
326
366
363
289
325
246
248
360
285
328
323
240
290
377
338
346
341
200
189
359
310
401
311
338
336
346
338
306
238
358
341
411
176
366
323
168
323
423
326
262
343
351
323
333
227
349
338
504
323
363
333
434
328
314
316
297
311
369
338
264
195
210
310
165
187
257
334
349
325
331
325
364
237
395
325
343
364
368
345
371
316
245
346
353
353
344
323
197
192
331
324
398
326
353
323
348
339
251
323
433
301
221
165
348
336
258
226
234
301
343
259
368
326
261
328
323
314
261
254
331
318
328
261
334
224
391
325
283
354
397
341
366
348
239
193
348
298
351
338
544
319
259
271
246
368
497
326
414
338
305
328
278
337
484
255
292
337
295
276
344
328
353
353
289
338
363
333
195
208
304
219
216
339
421
341
320
314
316
285
279
286
335
326
338
326
371
324
323
188
229
364
238
326
401
207
338
346
226
351
368
339
283
328
382
223
311
311
351
215
297
324
376
339
354
346
359
356
273
314
259
341
425
146
171
144
178
117
289
168
313
308
326
311
341
341
418
323
252
201
272
311
326
336
338
368
207
334
261
230
218
177
320
192
194
158
373
323
357
328
346
283
323
183
371
338
277
257
326
341
236
358
290
339
318
326
377
326
339
311
253
169
404
324
307
343
353
310
373
328
259
361
269
326
336
320
361
325
245
326
188
131
356
323
338
261
341
326
326
336
347
338
386
346
301
278
359
323
331
313
310
351
394
311
330
230
379
333
309
338
368
339
287
326
358
337
306
313
379
333
298
326
354
218
259
325
375
339
333
346
358
326
331
246
319
356
368
325
383
341
333
199
315
195
354
338
333
256
295
253
300
268
361
333
331
296
418
323
306
341
509
326
349
326
384
328
341
257
393
326
348
339
328
205
353
338
320
303
353
286
365
339
356
323
341
318
293
285
278
305
330
340
418
335
403
338
408
316
323
328
381
278
371
311
437
326
330
313
365
306
349
336
381
187
178
133
368
325
313
311
244
224
274
311
371
341
346
326
414
339
313
316
344
239
346
324
355
246
343
326
364
328
319
271
397
325
211
303
247
180
364
333
326
341
203
187
359
321
325
320
351
316
344
323
354
314
361
254
297
243
481
338
411
326
366
340
398
328
364
257
373
183
338
338
277
251
240
189
301
303
281
224
373
323
325
257
383
328
308
248
371
249
350
300
383
328
331
316
306
314
384
338
612
338
381
326
328
338
361
314
336
338
210
338
494
331
347
323
361
150
353
292
375
325
364
326
359
323
318
347
321
264
399
269
341
323
375
339
652
326
341
155
258
311
348
361
313
343
375
313
297
275
381
335
263
346
343
335
256
338
390
219
316
311
211
199
344
212
344
338
344
326
326
341
351
329
263
326
178
320
200
341
391
349
436
323
12351
140
348
323
378
326
478
325
339
348
316
313
401
242
346
346
289
218
314
313
333
310
331
326
358
323
425
344
324
341
326
260
444
336
329
326
429
330
321
288
346
339
363
313
368
323
267
257
275
237
373
291
368
228
250
167
316
225
356
314
386
338
339
341
275
275
326
129
350
253
335
226
341
335
358
338
334
326
351
326
340
350
200
174
381
333
335
301
227
288
333
311
336
343
354
285
371
326
595
351
358
316
250
336
302
226
293
217
324
227
276
321
254
272
279
253
256
326
363
326
498
256
317
192
314
341
343
316
366
284
388
323
333
311
384
358
406
259
326
324
293
333
353
354
358
328
373
326
346
119
247
326
336
283
338
311
364
341
353
334
369
325
394
295
727
211
486
299
294
341
346
329
385
320
358
247
338
354
311
236
358
340
275
341
249
323
218
316
369
345
297
165
260
343
444
207
211
325
273
303
216
333
221
333
539
323
275
271
333
333
308
311
311
323
304
144
266
331
335
338
351
324
315
338
346
238
379
326
256
311
361
326
335
320
251
210
237
196
316
195
209
138
323
273
238
213
245
328
250
311
341
313
340
339
328
285
258
275
386
246
341
326
626
324
338
338
279
338
301
321
230
212
316
184
287
358
363
326
163
139
355
260
300
326
314
311
183
341
266
358
270
298
391
357
247
311
381
326
323
346
251
132
315
323
340
181
257
326
316
311
308
329
169
338
277
323
289
262
261
256
348
316
361
204
262
325
242
185
329
339
310
325
310
261
328
199
461
331
353
310
335
311
231
338
300
333
359
273
346
319
222
152
261
311
391
324
354
348
356
359
310
222
188
156
238
218
316
310
170
246
303
320
366
292
326
311
328
176
489
178
319
306
226
234
386
320
356
329
426
298
343
153
361
325
368
321
341
313
192
138
302
274
281
261
323
353
381
371
366
328
371
237
366
327
184
161
331
311
368
255
393
326
322
333
491
326
316
237
371
311
304
325
310
326
284
334
344
326
312
313
369
326
208
266
340
237
364
327
294
188
327
321
366
326
345
291
359
307
348
229
323
361
249
217
288
323
287
185
293
329
275
323
171
326
260
351
345
248
371
323
253
235
373
329
326
293
289
326
353
235
356
150
354
310
231
348
351
333
288
230
313
316
277
341
361
328
287
333
176
324
264
326
274
218
374
338
385
311
309
250
363
326
336
311
378
323
373
341
374
341
776
303
348
338
311
266
334
323
259
275
343
304
323
308
220
194
384
343
313
293
252
276
316
348
349
196
354
331
328
333
316
273
326
236
289
270
378
308
378
288
321
311
330
323
354
149
206
301
349
334
321
326
223
168
235
313
229
313
316
311
296
326
207
326
247
323
319
340
268
187
299
341
539
311
351
247
341
243
336
325
177
166
349
187
318
353
316
219
222
146
258
237
371
339
190
178
343
319
359
325
224
158
333
277
398
310
374
323
388
326
285
180
204
326
258
341
324
252
288
331
404
246
225
311
275
251
293
337
270
328
313
348
323
341
358
286
261
321
379
299
369
224
297
250
269
323
314
316
288
217
223
261
606
251
345
349
338
363
281
251
234
206
333
338
381
308
409
103
232
210
217
156
293
318
178
162
358
297
344
310
390
191
329
311
366
313
413
248
158
347
311
274
356
293
346
261
354
248
356
338
286
311
200
149
269
319
384
238
217
340
373
326
301
246
434
315
551
338
270
346
345
326
270
316
371
313
223
174
423
217
349
313
331
338
408
341
271
209
356
323
375
341
328
326
207
324
338
340
326
341
371
314
333
324
360
299
371
325
217
325
230
359
229
314
242
313
336
314
318
313
179
355
234
165
268
212
237
156
269
151
502
305
308
238
233
246
330
151
282
344
408
306
273
323
361
151
225
197
300
336
235
175
242
325
330
319
210
165
291
328
411
326
331
261
333
338
185
326
327
265
333
339
310
259
389
265
306
336
245
341
311
296
305
325
376
254
341
336
311
168
338
339
277
328
467
338
320
341
386
338
238
323
383
325
343
291
383
343
361
334
356
321
293
311
386
338
313
316
183
313
321
318
299
311
376
328
341
323
365
323
346
310
344
331
373
328
358
341
348
311
388
338
333
325
374
326
354
341
321
351
277
273
268
313
350
237
257
311
328
296
353
296
323
341
200
170
328
295
199
321
247
183
446
341
310
313
353
341
335
338
170
346
299
326
311
311
294
326
310
320
328
318
178
201
252
353
291
338
326
336
345
338
338
325
241
328
328
350
494
313
211
325
341
326
338
318
231
313
360
323
331
315
498
259
256
160
363
324
333
238
318
339
309
323
251
339
371
298
355
345
283
323
325
296
329
336
381
326
275
262
354
283
361
323
401
326
331
179
386
187
424
341
373
220
401
326
346
341
331
338
589
323
396
326
376
326
333
316
336
311
373
298
394
217
325
143
335
330
354
329
323
311
255
334
266
313
318
348
599
242
355
311
338
311
343
313
268
346
316
251
252
338
248
242
366
331
349
298
269
326
204
311
320
326
266
250
341
150
363
339
337
323
290
353
232
164
274
335
268
339
230
261
408
260
225
191
231
326
229
335
334
327
190
154
371
311
339
339
321
351
358
328
235
325
348
187
251
195
177
126
261
327
333
325
232
326
341
323
182
189
314
343
336
344
341
263
152
249
301
334
218
158
361
316
351
326
367
172
349
338
376
355
296
248
330
298
356
338
260
339
421
209
346
331
358
328
336
327
361
257
285
326
396
325
369
326
368
351
317
318
361
326
230
316
325
239
335
308
356
310
359
338
366
353
353
323
289
311
213
195
322
278
388
288
306
246
403
333
345
313
371
326
277
326
276
310
224
178
249
189
428
333
263
232
343
331
359
311
383
326
411
359
299
333
343
278
341
324
419
264
358
323
363
230
431
336
368
313
323
313
328
212
319
297
371
340
330
324
341
189
395
337
343
315
441
363
368
341
379
329
369
353
606
166
361
333
383
333
247
273
206
301
338
310
293
305
326
178
343
241
454
329
622
351
326
229
340
326
431
329
251
168
336
333
349
260
296
268
328
318
247
225
309
331
419
338
336
313
314
300
376
262
328
305
378
323
582
326
366
325
183
160
346
176
421
209
368
354
343
339
292
275
319
311
379
293
324
338
338
319
339
329
230
192
524
336
378
273
356
338
264
313
349
284
378
327
381
323
509
324
318
328
331
237
365
274
255
311
323
311
333
295
297
313
205
326
354
211
338
353
383
323
329
326
239
326
164
326
347
326
383
356
386
311
272
325
391
326
232
331
400
288
339
303
326
306
383
336
396
299
254
205
368
328
356
260
353
274
409
235
404
329
203
339
431
325
320
325
389
286
321
338
366
340
411
343
337
314
361
338
399
217
243
341
399
288
370
326
328
346
336
325
354
350
311
323
334
341
306
310
381
338
367
249
459
311
684
339
315
326
204
328
323
341
323
326
207
313
209
355
321
313
381
323
346
326
366
287
389
333
526
343
360
179
376
326
383
326
262
137
333
325
318
311
348
341
539
308
456
336
216
181
343
313
365
348
276
328
331
338
273
339
313
226
333
325
360
326
266
231
340
334
270
348
284
314
210
173
358
248
313
348
346
313
389
325
269
180
329
242
347
257
381
326
279
334
173
336
326
225
194
198
381
272
323
333
286
126
180
135
320
314
185
103
391
338
343
329
498
323
347
326
351
323
361
313
256
325
286
348
374
323
335
338
268
183
426
361
353
326
434
326
366
246
772
235
287
344
351
326
264
335
319
311
483
324
363
323
346
271
213
325
349
341
603
329
334
177
343
349
296
144
333
337
251
173
353
325
356
328
373
255
343
323
359
275
251
295
328
353
399
326
389
325
208
313
256
203
184
328
629
329
225
325
375
341
363
336
362
310
388
325
331
316
275
339
244
249
282
209
331
328
303
321
285
333
651
348
394
311
292
271
258
338
239
345
283
325
290
311
306
338
308
341
302
245
343
323
381
338
401
209
385
328
326
192
325
326
326
326
371
294
329
219
403
311
396
311
327
326
414
311
306
281
287
319
383
306
348
326
245
279
341
310
331
338
398
331
361
336
321
288
349
340
346
331
293
343
287
181
266
326
358
255
323
295
373
326
386
278
325
259
361
283
333
272
389
339
398
343
396
184
237
142
242
171
373
328
169
185
408
381
361
273
266
246
374
333
554
338
446
323
344
318
648
170
514
274
209
333
311
323
305
160
363
319
380
291
235
336
307
325
331
273
164
216
331
325
336
351
316
323
321
167
528
333
321
328
356
270
586
218
303
331
351
351
381
272
393
346
343
321
180
335
312
220
369
326
376
237
503
348
358
326
300
262
306
285
344
323
331
325
398
323
418
314
336
326
570
274
311
326
262
221
421
268
215
175
345
159
479
341
363
344
336
300
216
144
201
335
232
333
302
271
321
328
301
272
406
341
354
326
534
323
281
240
336
231
328
343
366
316
393
323
282
338
220
318
377
236
371
325
394
333
386
190
416
311
335
307
233
346
383
313
338
338
299
257
164
310
341
325
161
310
319
273
376
243
456
275
319
336
321
326
331
280
329
326
331
353
325
339
345
326
404
256
329
285
327
204
313
303
176
176
160
325
659
298
363
237
306
333
301
185
317
236
231
338
316
302
363
294
361
339
280
316
356
319
277
325
363
255
367
260
309
311
269
283
297
302
343
193
355
219
378
333
279
339
377
313
386
353
224
336
338
348
228
348
224
296
341
172
346
275
346
348
354
290
257
338
358
319
361
325
334
323
297
307
329
260
356
331
366
314
345
350
266
221
386
333
364
260
331
326
261
313
282
311
264
207
233
313
309
313
378
325
378
281
272
341
379
339
310
188
274
343
417
326
394
311
325
311
332
331
356
236
221
301
231
239
356
338
361
338
383
208
392
313
378
334
288
328
381
361
336
276
319
264
513
321
346
341
353
325
351
215
366
297
162
333
361
310
379
255
349
316
350
341
349
311
266
259
230
328
285
295
396
329
416
323
287
216
343
325
396
326
376
326
281
328
358
274
371
341
379
326
334
301
286
321
679
333
396
193
335
234
328
271
331
217
291
313
348
310
300
339
359
267
206
289
326
270
368
338
325
341
214
123
434
163
351
166
318
277
639
326
337
307
261
339
334
201
271
291
337
215
376
323
308
330
168
325
592
339
333
339
376
294
220
291
321
282
285
239
351
356
199
178
330
323
328
338
336
196
353
326
358
219
386
333
361
237
246
341
331
308
544
341
338
283
338
319
354
349
259
325
402
338
371
354
339
291
338
188
259
325
351
339
334
328
646
310
300
246
367
348
340
326
246
157
403
211
385
339
343
339
363
339
251
234
361
323
339
328
348
276
371
326
361
334
518
363
333
326
299
310
364
333
331
328
346
340
333
323
277
294
336
291
356
187
356
310
281
328
348
326
353
311
327
341
330
338
368
323
235
323
371
326
316
336
264
263
301
178
335
131
341
265
336
349
339
328
267
353
330
338
338
222
349
220
278
310
321
350
323
323
217
237
368
336
351
256
296
323
295
333
226
311
256
341
231
258
411
323
378
326
261
340
356
335
340
356
371
336
361
301
348
333
458
326
305
335
219
338
444
328
304
357
325
231
359
339
323
239
401
338
303
324
307
326
359
333
384
269
484
326
394
334
441
325
531
328
401
226
344
311
366
329
336
336
403
338
218
338
393
326
386
248
359
311
320
311
345
278
436
293
374
327
251
325
418
285
393
291
276
228
366
341
355
326
401
225
323
316
223
325
341
329
346
286
376
356
211
328
466
363
272
184
406
311
393
338
324
211
375
205
289
224
346
351
300
359
354
307
374
210
259
290
325
274
217
250
324
325
397
345
338
340
393
306
304
311
364
326
571
291
276
231
335
306
388
338
188
326
541
264
256
351
361
270
277
323
220
199
376
335
386
347
344
346
307
326
323
326
371
353
358
328
346
255
318
325
298
226
271
328
366
323
414
326
304
311
248
202
358
185
264
259
309
293
179
161
207
174
280
164
