391
346
297
289
406
338
326
233
261
345
391
283
346
323
358
353
343
323
246
150
290
189
241
207
361
270
399
336
387
351
215
194
326
318
343
336
551
351
372
288
296
348
196
329
352
336
346
189
274
333
287
191
446
351
399
187
385
224
366
348
380
246
207
348
508
350
241
353
409
129
253
348
403
368
248
343
288
239
296
253
261
229
339
311
245
227
291
245
368
336
374
333
246
192
199
321
188
135
302
233
231
173
388
145
263
351
386
236
311
353
383
224
349
336
351
336
348
335
304
339
341
292
370
354
371
313
334
333
237
321
371
349
453
351
358
323
388
260
373
222
381
336
650
189
314
235
384
164
406
338
321
351
270
355
257
180
294
336
298
351
279
320
338
354
207
325
181
152
256
346
261
295
424
348
328
338
313
318
255
348
233
333
254
320
243
207
366
180
501
378
381
348
281
244
383
361
404
338
224
336
285
189
338
288
271
232
551
291
428
173
349
354
398
226
383
348
324
174
439
336
407
380
323
336
361
297
401
345
308
154
351
257
406
283
300
252
335
171
350
151
267
201
379
266
289
358
396
351
237
333
363
298
338
321
406
277
355
305
378
356
421
351
389
244
340
360
459
158
338
338
235
335
371
255
413
328
406
355
366
358
203
146
331
315
416
232
361
334
351
347
211
336
396
323
339
320
219
187
308
191
366
283
413
336
363
361
423
319
356
329
414
341
396
343
378
339
517
303
423
336
431
266
297
238
359
344
421
347
259
323
301
357
397
283
396
329
401
296
368
349
346
231
358
333
463
348
240
191
376
348
358
328
436
316
386
336
365
348
329
365
248
215
582
336
249
293
371
298
378
341
338
206
318
147
383
349
272
334
436
328
383
338
351
321
215
168
431
335
644
339
198
114
491
333
277
321
413
208
324
328
168
297
460
361
364
374
411
336
398
436
415
224
373
276
401
333
419
180
355
321
378
211
424
142
649
338
319
323
211
363
413
333
394
333
340
333
371
351
360
328
280
224
261
307
393
354
391
353
218
178
368
336
312
348
375
336
315
222
251
233
388
361
331
320
221
172
403
350
338
323
343
320
332
293
404
348
383
343
286
348
393
358
294
162
363
357
285
323
353
258
396
253
373
365
307
184
409
243
361
348
383
245
416
321
421
349
374
349
230
336
286
309
409
348
354
223
364
339
269
253
361
321
364
341
393
336
245
333
436
335
363
341
248
191
339
346
399
334
291
324
324
358
394
361
394
321
406
333
308
219
426
346
656
338
291
199
421
326
274
338
409
326
411
321
203
183
383
371
363
323
357
283
394
306
247
180
120
164
399
346
426
328
288
343
377
249
389
345
444
344
383
336
398
333
413
232
353
336
364
361
363
348
371
326
346
321
336
142
325
349
403
323
373
325
566
258
206
170
555
258
438
241
386
336
350
333
416
153
401
366
361
349
378
370
388
291
395
349
398
336
343
346
406
333
343
333
380
270
417
348
321
331
292
336
421
336
296
366
664
361
221
334
221
356
409
273
365
348
249
371
383
349
436
348
370
356
341
278
417
321
243
223
341
321
381
363
226
350
358
344
396
369
305
208
524
323
228
193
447
338
261
309
337
296
416
336
428
244
286
223
339
269
438
349
378
335
389
351
318
336
350
253
657
276
397
336
351
324
337
329
244
338
399
335
323
300
308
363
292
313
364
333
429
364
329
202
379
335
399
274
376
335
297
346
403
349
368
320
351
207
391
333
343
349
401
201
361
335
327
227
376
346
371
241
270
351
258
354
326
349
391
343
396
365
308
228
339
343
461
368
444
348
376
335
327
349
369
333
441
343
344
336
423
343
389
335
328
338
418
351
439
246
451
336
339
321
449
358
259
346
389
359
368
350
379
333
222
336
381
336
383
335
333
363
303
257
338
346
275
220
323
336
343
323
218
193
378
336
409
291
325
318
365
266
376
351
399
333
374
336
408
336
417
349
222
335
454
157
220
340
439
336
436
335
380
348
393
224
512
345
399
330
354
301
411
323
356
220
375
180
379
335
368
301
391
265
321
321
313
376
435
257
351
286
396
208
207
146
403
351
383
318
416
339
365
296
251
14114
346
227
596
336
419
191
318
323
275
231
338
331
421
194
513
266
304
234
375
328
408
293
267
191
361
224
299
333
234
351
413
267
325
186
265
336
334
302
335
338
199
171
211
151
173
156
391
353
396
348
389
222
373
254
299
246
373
328
314
204
258
351
405
350
222
188
386
148
540
333
437
345
396
336
328
201
360
336
394
255
368
321
496
333
293
334
416
269
346
245
234
360
343
336
373
336
396
338
320
323
320
320
375
336
405
348
363
336
368
334
428
186
200
333
325
336
303
354
404
348
429
369
399
338
398
345
321
328
424
353
354
166
381
326
411
336
439
329
312
346
639
321
388
348
488
338
451
323
383
343
542
341
381
351
371
339
307
306
401
404
403
348
397
301
199
343
221
326
363
344
316
321
419
358
323
323
315
290
572
336
378
277
356
335
426
335
351
178
328
336
386
267
415
348
419
258
551
336
394
232
307
253
341
273
394
351
378
363
324
365
370
305
277
351
366
246
399
336
351
335
250
350
414
358
432
336
328
270
348
321
369
310
369
320
250
351
391
337
540
336
295
333
381
349
348
304
436
366
378
333
373
334
421
346
401
348
245
354
298
277
379
336
368
188
434
345
423
349
411
210
361
295
318
294
272
221
394
291
328
361
393
346
373
307
231
206
409
361
339
363
403
351
376
343
393
331
354
317
393
353
403
339
474
226
370
341
273
346
438
343
353
283
313
333
371
348
284
266
302
251
426
348
423
351
363
335
437
318
418
338
416
358
343
336
327
327
281
348
408
346
431
351
413
351
344
333
330
267
290
321
396
188
373
333
297
324
366
335
373
338
335
339
321
339
270
348
343
269
421
343
421
334
379
358
387
349
327
349
386
335
516
338
326
321
381
329
429
349
612
348
403
336
418
216
373
354
244
348
391
321
277
347
373
330
399
333
433
341
385
363
184
128
366
271
321
336
343
324
340
255
393
149
391
321
376
334
426
335
343
336
272
341
390
323
391
325
551
361
366
325
300
321
350
343
365
308
338
338
366
321
297
333
393
349
260
268
306
246
416
351
379
336
416
340
406
374
368
320
424
348
312
333
326
303
353
333
374
222
499
271
383
346
356
351
413
315
289
335
393
323
353
276
311
278
331
321
265
279
271
203
546
331
301
335
383
316
366
326
439
360
273
262
373
338
458
300
317
324
371
321
363
336
393
328
396
338
606
348
231
191
371
328
293
260
321
293
371
336
377
351
280
321
348
323
371
224
391
320
441
342
404
353
358
324
406
348
334
326
342
195
368
336
475
212
380
331
539
348
336
284
391
338
401
350
355
341
291
229
218
138
368
283
304
249
335
145
398
287
272
337
288
267
341
244
343
328
368
348
445
287
363
348
337
181
353
338
321
336
308
361
418
366
336
275
291
295
391
357
381
323
192
154
383
230
359
270
288
343
286
310
194
208
424
195
333
343
269
183
415
348
401
353
281
320
323
338
363
338
346
321
295
166
316
315
190
336
426
346
371
323
407
199
405
348
146
172
280
341
355
335
295
349
349
321
368
348
456
336
273
336
351
244
183
218
320
336
331
239
383
349
361
333
377
321
354
328
434
351
363
283
331
311
219
333
293
336
411
337
341
333
307
336
400
265
283
320
310
291
321
275
411
335
353
183
246
343
283
306
369
361
175
321
361
348
299
346
258
222
431
363
331
321
343
333
206
324
176
189
757
243
374
241
358
271
302
323
411
346
228
291
346
346
366
348
393
336
427
348
393
308
293
353
397
333
396
333
336
298
283
269
454
374
393
336
388
196
354
351
331
199
371
348
369
321
343
296
400
214
695
265
257
224
391
336
396
281
386
349
337
240
361
351
355
336
263
334
379
363
393
360
381
320
347
349
211
165
374
363
219
208
388
358
386
336
209
191
373
321
411
359
376
335
275
244
421
302
352
348
374
361
358
230
338
343
436
345
359
339
263
163
354
323
392
200
396
149
453
336
241
183
443
356
246
154
418
335
383
301
241
338
373
224
510
344
369
162
348
338
428
269
466
335
375
333
369
333
285
336
115
158
301
343
411
193
300
320
228
252
215
199
376
348
264
209
341
333
389
250
239
283
290
336
376
335
383
347
366
337
360
256
227
199
261
344
361
349
248
361
274
300
403
205
378
340
383
260
309
338
421
369
306
350
302
340
329
320
369
215
369
353
280
296
361
336
179
321
320
333
294
361
264
333
337
326
374
239
371
348
372
321
262
186
223
135
383
213
317
241
297
283
416
335
364
213
371
295
270
336
369
286
284
336
338
343
201
363
376
181
388
343
373
351
384
289
270
263
206
355
356
306
317
302
258
323
176
340
345
364
276
255
254
323
253
336
303
338
386
336
333
285
374
254
413
255
371
244
502
150
302
368
416
376
351
267
292
241
407
351
282
225
353
333
544
349
421
302
242
156
255
333
446
336
375
326
263
254
434
335
368
361
346
321
396
333
279
283
348
348
396
323
396
200
391
280
371
343
411
348
266
337
312
279
357
223
257
157
321
269
404
320
370
374
242
321
266
361
451
310
438
337
408
336
371
336
336
339
356
345
433
324
236
192
363
321
249
163
192
120
329
253
337
171
459
351
222
169
185
134
275
168
371
318
306
339
380
273
230
132
388
316
360
245
393
340
396
333
408
356
429
295
239
333
308
340
481
333
345
351
343
239
239
192
256
321
368
323
366
212
298
336
201
168
401
315
368
338
458
214
381
349
415
237
333
320
379
335
235
336
375
343
301
350
578
269
334
258
417
227
354
270
355
214
389
349
290
308
325
348
384
336
457
336
381
341
349
334
404
336
391
360
353
318
416
341
371
183
274
223
374
279
419
305
377
247
250
151
279
163
346
328
351
150
368
337
359
270
251
350
371
351
286
321
177
136
323
351
371
204
366
351
331
336
216
334
289
348
337
190
393
333
316
267
358
333
264
361
375
263
321
141
414
334
326
324
252
333
361
351
296
348
326
259
336
320
359
361
346
346
342
348
399
341
319
334
323
348
247
336
373
358
386
321
369
351
327
349
371
232
407
149
326
336
428
346
337
336
396
321
335
321
416
338
394
299
360
313
325
323
245
354
376
338
329
321
264
326
376
348
369
296
343
212
363
254
386
353
393
275
350
321
353
338
377
321
366
348
361
338
353
325
346
335
270
357
416
336
431
351
406
336
338
283
331
214
391
301
231
215
376
348
356
274
343
353
286
261
368
349
245
200
451
351
266
348
343
171
289
376
389
336
365
320
307
363
375
357
457
223
389
316
384
320
394
326
390
286
358
205
366
334
401
366
377
316
320
323
181
341
380
336
373
365
328
321
373
346
340
197
231
189
441
270
413
199
378
260
353
345
164
321
444
270
206
335
323
349
371
285
377
337
280
192
396
336
649
243
397
291
404
326
326
226
351
321
386
335
423
335
189
147
378
336
411
309
277
235
338
213
389
239
304
335
336
321
309
290
364
358
335
215
428
368
379
301
399
338
383
336
293
243
256
320
263
336
386
336
394
341
248
318
371
335
328
285
491
336
363
333
474
348
404
201
288
341
304
349
352
364
275
330
398
265
255
333
376
349
389
336
367
349
371
348
424
349
378
342
347
323
351
356
361
341
252
336
315
348
306
337
328
153
340
263
346
220
344
320
361
323
409
268
266
349
379
224
347
323
299
335
375
264
291
323
333
323
421
321
341
159
306
330
321
338
252
177
426
356
429
288
162
323
242
321
286
333
359
336
424
348
318
344
421
336
324
285
373
358
591
323
403
348
401
269
313
215
261
318
200
140
236
195
328
335
517
224
383
343
363
328
226
376
367
162
448
351
318
336
333
303
386
351
369
328
421
335
333
336
313
348
378
358
381
291
368
290
328
340
291
283
371
349
616
323
660
336
407
269
376
364
331
321
325
277
375
278
381
311
333
323
388
348
388
346
543
336
529
398
366
161
436
343
349
353
298
265
356
316
454
296
371
335
318
321
361
253
385
358
335
321
394
256
306
354
370
336
488
189
213
140
403
344
379
338
388
215
311
266
451
351
355
215
391
323
374
285
449
326
417
336
330
190
431
333
335
323
371
333
235
360
275
339
229
304
272
349
406
293
341
336
401
335
356
337
328
237
312
291
481
351
274
209
251
155
406
161
362
338
380
348
338
184
353
320
374
348
357
233
388
349
436
247
308
335
421
267
436
346
389
191
393
310
184
178
346
321
220
183
250
187
346
181
346
311
318
283
329
324
340
349
393
250
411
343
348
356
256
369
323
338
448
349
240
339
348
336
333
321
416
336
217
346
339
158
399
336
270
182
384
331
263
200
377
346
403
336
411
363
423
358
394
336
373
336
494
361
333
328
240
189
354
336
378
336
428
395
338
334
399
285
386
333
559
336
358
323
303
343
439
338
431
349
349
347
609
324
363
364
301
222
229
338
434
334
426
349
373
336
338
336
515
358
409
351
348
346
404
335
443
173
374
321
359
325
366
321
312
348
428
338
231
249
371
301
320
302
222
334
453
311
351
333
376
338
355
314
312
349
252
233
354
348
423
344
389
316
407
349
439
336
411
339
349
345
451
256
253
348
386
333
446
141
301
259
181
180
350
348
248
181
387
326
358
358
431
336
248
183
164
179
235
359
386
348
361
326
372
325
373
323
131
294
578
351
389
335
285
339
404
254
434
335
368
336
363
320
420
351
223
333
262
323
456
341
376
275
261
336
406
253
612
348
334
321
576
313
411
335
258
321
374
164
291
194
568
293
358
348
539
293
378
275
363
320
366
246
308
172
406
349
339
323
308
221
354
306
367
348
321
336
386
361
434
336
330
251
351
336
386
351
414
334
234
326
388
348
426
335
379
374
357
321
473
336
321
321
378
336
469
283
381
350
365
336
371
206
324
353
329
329
313
209
360
199
314
340
361
338
461
336
249
198
394
356
361
323
416
335
391
347
323
356
334
336
360
293
371
351
325
234
508
242
398
345
335
351
429
166
394
295
401
351
250
202
439
191
376
351
352
290
381
333
439
349
381
250
319
270
436
351
330
291
328
321
323
341
361
323
378
217
406
361
274
188
385
360
441
333
444
273
368
356
330
319
179
336
493
336
164
276
393
348
333
321
323
321
303
303
375
323
534
345
347
336
331
351
331
339
386
285
287
340
431
336
408
334
341
321
393
136
435
214
361
358
275
333
294
321
409
351
336
225
401
336
329
282
345
268
321
341
396
199
291
186
284
340
341
346
391
348
250
349
399
335
411
353
262
319
361
336
239
356
479
321
363
336
604
336
348
311
243
198
466
346
326
321
358
343
398
316
354
321
356
320
403
335
320
283
241
197
394
334
373
343
444
324
463
321
403
348
371
224
329
282
359
336
361
336
392
334
401
349
192
149
262
231
411
191
383
354
383
351
404
215
337
281
388
249
269
336
449
336
381
321
405
336
260
349
371
321
388
368
428
333
390
253
376
336
363
294
592
320
250
333
398
338
284
363
643
228
305
321
501
336
234
329
356
348
342
232
313
266
401
324
405
283
320
330
351
348
416
209
406
321
277
351
406
333
396
355
223
323
253
174
318
279
375
324
176
324
282
269
331
348
315
331
228
349
350
256
361
346
240
353
256
343
444
186
317
321
371
335
403
338
406
353
276
316
309
250
351
323
461
336
239
335
401
268
411
333
368
210
383
175
346
323
380
339
335
321
349
330
381
334
398
350
278
321
345
225
319
127
381
353
327
325
336
333
202
333
404
351
391
336
363
331
188
195
421
363
344
240
206
337
361
246
327
218
220
348
376
204
406
318
278
273
361
366
386
348
400
349
294
215
388
296
394
359
304
156
441
348
320
323
211
191
304
336
410
313
358
334
273
224
263
333
386
291
399
219
366
321
321
345
424
305
305
318
351
309
359
344
373
323
313
268
431
301
318
321
350
354
263
366
358
323
426
215
421
361
400
350
294
353
288
190
394
316
417
283
296
181
404
336
323
349
368
338
359
351
349
222
291
343
438
351
301
274
316
346
251
320
252
190
339
202
396
349
439
333
272
232
340
220
262
343
303
365
298
169
592
306
338
351
321
346
420
144
388
184
414
321
348
306
331
255
471
333
463
261
387
273
388
335
268
356
348
335
228
148
350
356
348
343
397
178
248
349
380
208
330
335
454
358
284
335
238
336
331
330
200
150
369
272
364
344
519
341
290
194
373
319
371
284
352
338
378
343
351
346
356
201
245
349
357
333
351
343
218
148
449
266
359
333
336
308
393
335
376
321
274
343
361
283
255
351
353
328
371
358
324
345
241
237
351
346
209
291
338
330
232
321
337
336
263
351
383
336
221
190
406
246
493
335
266
326
461
367
429
361
463
311
320
324
368
268
303
356
408
329
334
339
401
291
391
343
177
323
419
351
368
241
398
347
384
266
438
328
249
336
359
351
170
171
406
335
386
222
328
323
313
366
394
348
386
321
312
200
270
334
241
215
197
146
421
211
446
333
485
331
401
318
239
333
365
348
259
359
388
150
372
336
316
283
333
323
234
358
384
335
296
302
315
284
340
297
376
353
345
333
269
207
323
319
277
336
377
348
353
301
360
378
401
336
276
328
408
360
400
316
347
354
302
335
406
334
368
116
331
175
353
316
421
333
240
183
340
348
346
186
381
361
282
258
401
336
301
359
311
229
275
349
382
205
411
190
384
344
282
320
368
320
431
348
247
336
721
349
426
268
355
188
326
321
355
349
373
182
431
348
330
295
358
321
388
351
304
177
356
321
379
321
215
140
343
305
368
308
313
267
341
321
373
293
383
290
439
351
352
366
371
283
196
144
607
345
418
331
332
260
352
364
259
199
391
348
351
333
454
348
351
274
214
190
305
251
416
379
341
351
318
299
364
336
378
338
237
246
423
291
324
321
356
237
368
334
381
350
408
169
393
351
355
321
346
283
458
336
345
329
261
147
282
324
198
338
484
283
345
349
276
323
436
228
253
179
366
336
243
165
255
171
229
167
