406
346
203
155
380
348
388
267
246
277
340
251
307
379
276
293
371
345
222
158
324
336
381
349
237
336
457
371
353
333
429
346
316
361
333
310
388
361
183
141
335
304
316
393
287
180
386
240
345
298
396
376
185
180
280
335
430
338
388
346
381
181
340
274
259
170
453
348
724
232
381
231
394
253
206
177
388
232
386
346
378
360
415
383
389
346
335
346
415
348
381
344
499
346
247
127
202
162
394
306
203
168
238
190
240
241
391
349
351
333
305
230
279
345
386
358
272
346
374
265
319
371
425
218
273
353
330
335
252
345
241
253
436
348
355
326
330
346
286
199
306
345
406
354
329
333
236
147
325
359
282
371
409
311
266
203
291
331
268
358
302
153
381
132
193
157
347
160
395
220
391
365
284
339
456
381
326
364
334
304
464
368
359
262
434
279
426
262
339
245
423
356
265
345
376
348
391
246
404
349
346
368
388
346
436
361
461
287
421
315
396
291
293
334
321
233
196
150
236
331
372
368
424
364
393
358
423
328
351
255
397
374
276
345
415
240
360
348
264
261
201
131
391
358
368
278
536
373
393
376
118
141
421
346
398
358
401
350
316
346
294
346
376
290
391
346
381
349
299
346
409
347
277
209
376
336
378
351
302
231
328
219
361
276
250
199
341
313
393
346
370
280
341
298
321
361
448
357
334
334
366
336
393
291
338
356
346
346
371
361
394
363
339
346
296
346
285
331
312
237
295
346
348
324
230
161
371
315
378
373
406
346
401
346
409
349
311
336
249
361
423
363
278
343
358
262
241
346
391
367
258
349
479
259
399
346
354
321
361
333
386
346
229
264
385
328
441
361
206
336
345
351
291
356
399
353
361
346
260
371
380
321
260
184
324
336
358
308
399
361
349
346
363
351
393
364
428
287
336
349
282
338
371
364
288
345
326
346
178
341
532
273
349
284
408
348
739
343
387
385
461
346
401
353
461
369
404
223
333
338
312
250
242
199
646
325
396
331
261
208
436
353
354
360
458
356
224
337
398
348
335
319
424
346
310
358
366
361
304
346
408
252
250
336
255
358
421
343
341
331
393
346
401
199
226
343
309
219
191
333
377
341
219
198
371
361
388
356
365
370
428
361
357
302
252
346
401
198
446
346
393
333
446
346
346
222
379
241
414
246
241
182
328
349
391
358
433
346
300
345
378
283
386
350
383
349
386
345
373
348
366
331
341
361
342
349
361
238
427
328
276
208
368
360
290
259
391
353
284
348
411
346
413
334
307
211
341
331
354
198
403
346
329
356
253
346
436
345
391
347
198
177
348
333
348
334
232
196
353
331
286
339
311
351
301
346
443
346
401
349
361
333
406
360
363
334
384
186
237
253
491
358
241
130
266
359
396
358
406
360
314
207
388
373
399
346
291
205
195
150
414
371
381
361
419
351
237
194
425
346
338
183
283
198
418
344
220
336
416
359
189
160
408
341
363
358
391
363
400
349
436
358
421
348
414
345
256
213
416
346
429
346
376
231
398
240
381
333
388
222
317
264
542
348
328
353
358
333
330
346
388
351
408
349
247
177
271
199
332
222
268
258
380
348
328
244
353
356
568
374
411
346
321
293
321
189
295
280
384
348
326
232
269
353
391
359
401
361
391
346
340
336
411
356
341
308
363
346
371
361
344
333
406
340
419
348
313
348
403
369
247
349
386
361
361
349
409
348
433
348
403
346
358
345
346
331
421
348
384
358
376
338
354
346
405
273
483
353
366
337
232
356
406
361
393
347
278
214
350
358
371
348
249
351
306
292
177
331
373
357
426
230
394
391
367
334
366
273
249
351
393
277
421
291
543
333
346
333
396
361
328
348
391
333
231
366
232
246
347
282
373
348
401
360
272
331
250
216
371
303
361
351
371
176
286
334
368
346
211
161
390
343
312
333
418
373
378
345
370
326
365
333
401
361
408
330
709
210
336
336
213
192
281
360
346
335
250
198
396
325
396
349
285
214
189
333
386
325
419
351
281
231
236
211
453
348
398
349
361
361
343
346
358
361
421
230
389
275
170
331
401
222
416
381
250
204
297
373
341
203
368
337
361
361
323
334
401
340
256
333
422
291
343
335
448
371
276
335
306
353
358
314
356
330
391
316
197
170
381
361
409
333
549
346
371
223
394
348
383
320
366
287
276
346
352
359
356
343
331
350
203
160
261
175
287
341
251
232
341
281
651
371
376
349
359
356
241
143
369
333
344
360
368
333
239
303
383
346
398
349
404
346
361
152
421
356
236
358
373
293
414
345
416
346
401
370
356
346
251
211
441
189
381
265
215
206
481
224
414
319
326
276
367
341
424
346
349
345
431
373
368
260
389
361
217
340
368
356
701
351
271
323
256
203
411
489
206
140
419
361
411
346
419
346
388
267
363
13955
453
228
414
346
326
358
243
214
393
334
377
353
426
346
398
359
359
333
411
358
273
346
524
160
381
361
403
248
395
277
381
374
383
346
367
225
363
345
421
390
401
321
418
348
433
386
378
348
356
240
456
361
309
373
403
361
401
336
401
346
251
157
358
345
365
336
262
170
387
361
413
350
401
306
720
330
335
361
355
328
321
295
393
354
323
285
504
348
371
371
398
287
433
151
381
375
409
253
301
204
396
333
421
276
299
333
351
346
351
222
396
292
423
351
351
335
424
294
361
262
421
361
308
289
371
184
325
331
339
333
388
301
361
327
411
360
376
348
325
346
284
346
353
229
426
356
398
360
286
345
410
313
416
331
566
361
384
331
342
348
451
360
451
214
388
358
434
348
449
320
391
348
378
263
330
333
341
190
386
356
363
246
411
331
361
336
348
361
376
333
376
283
277
346
295
280
361
345
381
349
376
366
218
185
403
358
388
349
551
361
341
348
368
346
401
263
307
349
244
358
183
170
270
349
398
361
253
349
411
364
398
358
267
345
346
333
376
347
372
346
401
345
451
373
383
333
403
361
331
341
250
345
345
323
319
348
371
178
359
361
443
371
308
265
290
346
365
379
259
215
253
348
431
369
346
346
329
373
381
273
401
348
379
360
433
348
371
360
426
344
351
350
421
366
338
330
338
356
325
341
389
340
361
342
344
346
591
359
383
341
351
331
340
253
371
237
413
346
273
368
305
234
391
220
381
284
376
361
413
361
348
212
394
198
351
335
453
170
655
348
363
348
456
341
299
361
237
222
393
230
237
346
366
291
383
363
402
222
418
337
469
348
368
348
356
317
371
340
354
328
414
356
376
348
391
281
411
275
428
359
409
349
256
338
423
368
406
349
368
355
325
298
413
363
361
230
409
346
363
181
306
260
391
357
398
348
424
369
211
198
426
346
394
360
459
216
291
234
368
345
366
197
419
343
388
371
307
358
353
340
324
363
529
373
398
361
547
373
186
173
280
206
305
358
273
183
251
321
290
171
217
361
331
361
358
353
396
370
313
333
384
354
353
330
366
264
349
291
456
356
428
275
424
361
353
344
315
231
341
346
308
348
321
345
467
363
265
169
403
193
328
306
397
339
293
331
571
346
216
309
371
345
401
371
387
201
384
291
378
371
389
391
285
334
270
345
441
355
346
235
379
361
403
360
416
346
286
333
239
346
332
389
386
253
238
361
394
404
219
393
288
335
409
266
184
321
339
343
285
333
375
217
373
336
413
143
351
333
345
333
378
359
384
154
199
346
411
361
286
239
363
313
401
319
314
246
340
277
264
339
358
190
383
361
318
357
388
346
220
275
483
241
373
371
335
286
292
234
268
219
306
321
413
320
257
232
377
386
257
331
205
145
305
349
353
218
365
279
270
330
341
333
236
348
217
361
386
306
301
360
361
363
353
243
607
360
378
348
401
289
443
359
256
358
292
361
253
258
376
211
411
361
289
266
369
200
169
198
286
225
140
363
373
333
373
212
348
331
403
349
271
361
343
358
316
341
231
343
493
349
371
348
441
368
226
159
330
364
291
336
391
349
378
359
380
251
437
305
185
139
501
213
401
361
306
231
199
366
409
334
329
262
373
331
286
361
572
262
444
262
419
368
337
336
466
350
414
361
384
343
338
358
254
242
378
361
437
346
316
356
371
360
289
242
541
202
423
310
319
346
375
358
323
351
361
329
429
354
441
346
262
333
343
345
431
182
363
267
317
345
413
348
231
183
335
161
213
121
502
334
441
337
261
260
388
346
341
353
234
186
277
361
305
346
379
281
253
346
553
341
311
265
271
344
385
358
182
358
371
345
404
306
336
349
316
318
359
257
462
158
333
371
343
334
260
345
316
262
333
333
373
346
193
145
364
361
293
361
249
264
375
356
348
311
394
232
376
354
360
346
323
355
419
361
381
338
364
336
210
174
270
364
373
230
203
346
344
333
355
239
411
160
238
210
237
346
255
383
421
345
233
145
378
348
386
239
366
260
368
198
346
333
428
345
165
333
413
277
401
348
398
346
365
229
371
339
244
214
356
336
409
353
371
262
316
291
359
263
433
356
203
335
396
360
381
361
241
182
361
346
319
266
601
215
318
346
391
346
394
373
417
276
388
351
289
277
366
198
354
308
403
360
406
356
366
291
433
386
383
379
356
308
383
374
258
347
364
225
250
341
403
379
476
364
398
361
385
260
439
380
266
232
403
345
393
305
399
346
446
331
261
333
329
351
374
377
180
143
381
359
282
211
312
140
233
195
327
146
371
281
404
374
246
333
406
348
391
360
319
234
391
288
434
331
325
239
675
346
313
325
231
348
449
346
393
316
334
363
356
338
281
333
287
348
389
343
353
270
361
363
193
156
339
376
401
338
401
404
344
279
415
326
240
207
401
336
387
340
325
246
325
346
272
233
323
345
269
161
344
244
370
279
396
349
416
239
391
323
612
363
397
301
431
286
350
349
346
394
414
193
338
291
245
375
253
358
275
346
349
346
326
274
434
333
405
275
388
153
304
276
331
326
363
348
493
339
354
353
361
238
426
326
202
368
398
358
354
147
267
331
413
346
332
361
481
278
349
346
328
336
249
227
385
363
173
155
553
316
253
361
268
265
431
363
393
355
371
361
236
216
429
353
389
356
310
346
399
346
381
336
374
333
408
279
304
334
343
346
348
333
388
347
237
366
416
370
424
349
381
364
212
374
381
345
401
359
358
200
401
361
383
348
333
277
391
345
232
301
596
366
333
363
386
346
373
344
341
343
361
319
386
360
441
146
406
170
381
326
367
291
439
361
311
306
270
222
383
348
399
369
294
343
408
368
263
346
409
201
401
363
333
351
393
358
363
336
413
349
373
345
463
339
456
193
331
336
349
311
418
356
408
348
393
333
559
259
364
348
192
347
273
369
360
345
434
368
394
316
371
348
383
371
604
361
319
199
227
353
381
358
373
371
364
348
335
334
423
339
504
349
401
339
368
346
343
333
396
262
325
334
504
289
376
346
365
331
391
345
270
279
375
348
388
269
309
359
207
343
414
346
379
131
373
348
410
346
395
371
176
333
523
356
423
344
419
358
395
363
379
348
391
210
702
328
419
348
411
358
231
344
328
341
312
295
215
181
468
364
184
140
252
348
202
149
370
374
416
363
391
336
346
346
278
348
239
334
364
343
523
346
423
346
441
290
359
346
438
263
270
366
403
330
368
361
283
291
449
257
413
376
381
343
388
358
232
182
388
256
310
328
368
195
305
274
310
289
358
289
371
346
409
225
400
321
275
201
295
291
411
251
389
361
322
258
462
355
231
146
401
265
389
346
396
231
348
313
371
386
175
146
373
331
395
333
369
346
184
334
369
360
235
264
523
364
368
331
381
293
292
358
234
190
335
174
324
196
265
348
363
359
533
365
441
348
423
266
421
291
371
288
295
333
431
353
454
308
251
178
368
349
312
326
374
336
374
341
292
334
279
349
375
331
471
358
459
210
331
254
314
286
391
348
227
343
389
345
318
313
347
329
380
253
359
240
369
303
191
375
449
326
403
327
246
200
421
351
336
331
369
313
427
361
293
391
417
299
398
335
439
353
445
333
386
331
404
363
363
331
396
214
386
346
444
349
361
303
596
299
242
216
491
348
394
359
296
190
395
361
367
358
338
230
376
373
318
283
391
346
512
346
277
186
338
296
421
358
325
333
375
298
324
363
409
260
383
358
163
190
413
369
184
151
283
289
275
291
334
361
368
343
346
349
371
348
256
341
373
346
374
358
331
291
408
333
367
260
333
348
393
361
361
349
429
333
289
336
369
343
374
355
393
331
240
196
245
348
188
161
300
343
321
198
409
369
365
368
412
366
395
361
377
360
651
176
327
360
238
190
227
150
411
356
380
349
408
360
293
346
395
321
386
348
449
348
291
346
377
346
335
168
375
302
356
336
181
168
436
348
370
330
366
365
338
361
212
153
418
393
408
345
406
361
456
346
386
348
370
348
387
347
290
361
669
364
323
334
438
359
368
359
364
348
431
361
349
373
411
231
368
358
426
361
399
361
359
331
333
331
445
369
409
348
436
348
414
369
512
340
365
329
411
346
491
353
401
326
351
358
416
167
385
345
376
348
241
337
391
333
434
361
359
191
408
386
247
212
408
365
338
366
454
346
311
243
388
291
336
333
198
384
364
347
346
333
376
333
439
346
365
364
366
331
425
285
524
346
228
254
413
174
341
369
414
345
373
291
376
346
335
333
245
356
403
345
306
347
344
333
399
346
424
296
391
251
517
276
348
335
421
346
284
359
259
346
322
349
284
331
325
255
279
208
274
345
299
346
377
348
409
345
417
376
301
350
285
288
321
338
220
166
336
363
335
361
230
185
404
341
226
366
368
356
377
363
391
366
391
221
358
346
320
348
406
361
305
341
390
122
316
291
388
361
667
258
346
345
424
258
355
293
419
280
274
354
376
301
429
373
403
361
396
363
421
333
413
348
498
345
233
178
394
296
391
346
333
376
373
287
366
252
380
304
644
345
403
333
383
368
341
341
253
336
304
306
250
344
371
258
351
348
349
280
361
368
418
315
408
208
399
351
408
346
477
358
396
265
373
346
358
311
244
212
191
346
401
349
394
334
339
363
336
334
257
323
391
363
398
358
398
361
291
334
578
331
391
359
366
330
456
348
374
348
263
360
350
359
697
353
279
215
416
346
429
361
410
243
413
386
426
351
371
232
301
262
368
308
291
363
519
349
371
326
396
346
476
359
372
348
351
265
420
277
229
143
229
161
221
329
431
349
272
345
413
334
373
333
326
351
408
360
414
361
368
361
184
153
403
241
388
358
336
336
408
223
406
359
181
148
339
255
411
365
627
331
383
361
352
346
406
338
288
361
341
334
436
363
286
346
295
373
446
361
373
295
358
356
355
232
411
278
406
348
378
349
461
371
353
346
363
370
388
373
250
187
232
336
381
321
193
361
344
336
423
356
170
351
257
331
426
208
375
349
411
379
383
349
376
333
365
291
403
203
353
274
451
230
310
275
443
222
413
361
413
260
408
259
383
350
358
356
288
345
376
353
383
351
347
331
358
336
395
277
371
349
360
336
411
346
261
163
295
346
428
361
416
205
329
333
436
333
256
314
388
356
371
280
301
214
176
140
289
225
289
274
340
345
219
359
446
386
222
333
374
345
351
166
421
246
358
265
388
371
371
283
243
130
203
191
396
328
328
293
384
361
396
346
353
320
289
237
407
361
409
346
428
364
401
183
286
333
297
238
371
356
341
348
386
291
383
369
383
346
251
373
328
339
341
341
311
276
425
370
281
359
357
358
298
359
323
348
382
361
215
348
314
277
356
368
284
358
213
363
349
356
315
356
225
356
366
348
334
347
283
374
379
348
384
349
378
361
366
349
242
358
451
345
431
348
376
186
308
265
406
278
647
341
361
305
339
259
358
351
649
293
369
343
434
347
338
304
343
301
310
346
413
193
428
348
431
294
346
331
409
264
408
303
424
313
413
340
376
290
341
351
301
360
341
395
288
331
647
345
421
401
388
251
355
341
282
336
359
293
264
194
381
283
414
241
399
349
306
371
393
237
355
193
674
272
188
348
364
346
356
356
651
360
268
346
424
381
326
334
302
247
270
209
282
188
341
296
371
376
318
200
401
361
262
277
358
351
424
346
294
355
411
360
396
348
414
346
318
206
262
359
258
214
281
346
351
306
254
373
401
321
446
361
424
348
251
239
384
338
461
348
416
292
204
398
588
221
180
157
396
346
271
193
398
336
474
238
309
346
413
260
356
334
308
374
379
361
388
357
383
345
304
192
303
279
406
361
368
356
240
373
413
346
612
369
391
361
426
205
351
345
343
210
290
331
237
186
363
364
298
347
385
323
366
194
310
193
358
346
330
222
340
264
347
240
403
373
377
307
193
336
378
231
387
348
381
308
371
341
358
335
350
346
285
204
401
346
413
368
411
348
389
293
351
150
329
333
388
356
250
383
429
369
411
252
366
360
392
361
366
348
273
198
358
398
360
253
313
331
413
345
398
325
408
310
376
345
411
280
206
278
343
214
419
351
283
219
300
345
252
349
321
336
396
348
310
346
357
258
408
360
421
238
408
345
273
348
270
360
415
230
441
309
377
333
253
345
421
401
342
333
381
363
404
199
218
209
331
263
424
374
338
331
314
318
401
373
391
333
331
321
383
349
281
278
331
155
596
293
237
363
220
145
281
251
374
248
406
361
418
361
226
329
421
361
395
350
227
311
404
363
209
346
389
345
417
193
404
358
343
180
325
257
411
346
260
263
431
291
307
338
225
361
260
346
381
355
336
286
361
346
361
361
413
345
354
245
348
329
524
349
408
358
209
321
316
336
404
266
461
345
261
347
403
346
373
361
354
334
358
331
383
356
417
346
434
356
353
338
335
330
361
346
366
264
270
298
415
333
428
358
372
359
256
192
361
339
338
226
375
334
609
221
414
366
278
184
384
219
421
345
404
348
407
368
341
289
357
364
379
368
315
294
315
331
410
293
398
356
315
331
209
333
419
335
351
333
348
347
396
361
329
374
386
333
341
339
418
346
418
380
701
345
431
361
361
391
368
339
187
363
233
361
662
346
363
346
423
356
394
361
248
155
201
188
290
136
257
173
