428
366
348
343
411
374
334
353
237
213
233
164
529
369
378
366
408
366
211
164
391
365
321
339
366
246
406
368
266
246
255
338
373
151
242
368
368
341
433
259
383
366
411
338
345
236
261
199
390
259
439
331
269
184
456
353
312
354
255
351
378
366
399
189
286
340
389
366
339
351
264
354
369
360
202
187
711
323
394
383
467
349
204
356
300
195
329
276
414
363
351
311
404
366
241
360
373
169
200
129
216
239
292
197
283
219
401
361
263
204
348
351
311
283
399
366
378
342
373
394
243
368
270
341
379
339
381
356
451
323
374
357
304
367
388
353
371
341
391
351
343
343
367
375
411
351
206
362
398
298
287
353
394
165
390
358
436
333
369
366
291
366
278
224
349
192
285
239
275
287
514
330
414
351
401
341
446
316
428
273
281
356
251
339
666
366
374
285
394
272
381
354
355
356
451
384
212
248
350
368
403
340
253
202
320
366
257
364
410
309
422
172
493
361
213
226
226
214
374
353
363
378
330
338
552
353
396
286
396
260
380
338
347
338
403
366
335
354
428
239
247
158
345
353
379
365
388
351
256
200
356
366
386
356
401
240
385
201
423
378
376
341
381
366
319
282
344
159
408
297
340
363
411
391
376
323
308
365
383
393
280
238
279
246
248
369
441
200
276
156
759
296
396
340
386
383
373
339
387
353
381
386
366
353
162
356
418
341
288
341
361
308
356
340
386
328
448
277
403
243
495
253
269
353
302
365
436
270
431
351
471
234
444
304
396
336
363
363
361
195
349
338
441
313
428
354
363
346
411
353
232
353
483
365
208
353
343
353
254
346
401
315
399
366
323
195
404
358
429
353
256
353
355
341
260
231
320
277
431
365
236
160
288
257
329
366
348
365
416
212
296
351
230
201
382
368
401
354
453
324
411
278
375
290
347
368
234
353
413
365
242
339
171
338
374
268
396
353
666
324
435
354
376
227
393
351
264
245
389
257
177
339
501
201
411
309
408
294
331
341
297
351
356
368
356
365
261
353
413
333
517
368
277
219
447
363
427
316
244
356
277
207
344
237
433
363
381
354
272
325
224
186
431
265
382
365
388
364
366
191
396
316
396
363
411
336
459
366
369
258
363
338
396
343
338
339
360
218
443
353
214
180
305
333
371
354
408
262
379
262
347
286
336
353
234
193
564
189
261
351
374
353
325
361
383
373
353
338
453
369
388
264
208
275
394
167
421
283
293
353
331
341
324
245
363
351
277
351
421
218
202
325
255
350
398
356
341
366
389
351
348
154
320
266
401
366
498
368
311
300
226
157
320
226
441
341
245
202
270
355
232
368
272
339
192
175
366
253
229
279
273
260
257
239
330
200
391
356
344
353
407
368
341
344
381
225
356
354
413
232
396
364
391
341
342
359
383
336
255
239
349
341
356
351
390
353
418
364
197
348
386
366
326
338
444
353
388
364
366
338
219
365
343
344
383
295
293
316
381
353
454
319
395
351
300
341
326
202
381
231
376
360
333
225
216
298
396
356
356
239
359
351
384
338
368
353
426
369
303
255
301
356
298
355
306
279
675
366
329
284
365
301
434
261
513
353
342
295
367
351
413
333
370
353
451
283
371
373
376
333
323
323
403
369
421
368
489
356
371
356
399
331
382
308
421
356
339
356
290
381
381
354
421
204
396
353
388
321
364
351
306
354
453
361
416
341
434
368
299
225
398
268
321
296
391
353
454
350
337
309
414
202
426
369
408
153
232
331
281
234
406
366
189
338
383
339
319
353
371
341
491
366
353
300
350
356
436
264
411
268
401
353
239
206
343
345
378
357
405
225
384
245
251
333
439
353
375
365
369
368
391
353
369
338
265
381
353
351
388
359
373
359
272
339
409
354
384
355
431
348
357
344
315
277
405
332
347
202
393
363
316
369
383
351
359
338
405
334
196
151
407
250
190
152
346
341
371
358
451
374
343
341
325
339
406
366
272
187
428
200
285
254
434
215
397
174
335
369
421
383
380
356
341
366
491
201
361
267
301
374
396
361
436
353
418
373
431
368
399
359
476
354
429
353
396
381
478
331
408
255
274
281
340
279
361
343
246
202
401
353
355
365
454
297
423
354
249
242
346
341
266
224
394
374
393
313
225
177
388
235
281
376
408
367
349
356
388
368
305
358
436
308
409
333
343
353
351
353
224
156
189
175
353
157
298
270
400
366
307
245
378
353
373
353
351
353
340
359
414
300
373
338
345
327
424
209
393
243
325
172
355
343
267
351
401
203
186
365
339
365
443
307
285
353
281
285
361
351
327
338
376
225
348
268
404
358
281
250
226
371
366
353
242
361
335
297
341
354
305
250
365
353
290
366
340
316
368
260
401
368
332
340
369
306
333
406
202
386
609
369
358
368
454
359
401
355
401
351
707
376
353
354
369
354
396
366
421
353
351
338
366
242
366
231
291
248
436
235
316
345
371
366
305
351
411
236
434
365
426
353
414
353
386
338
389
351
368
353
204
177
353
346
368
353
358
356
336
329
358
361
371
351
341
367
358
340
471
351
335
239
351
351
416
315
276
172
258
353
396
353
388
351
381
313
388
366
306
341
391
366
434
354
360
339
489
366
383
375
257
354
323
264
314
269
394
284
386
364
274
248
406
371
202
338
356
300
398
366
263
204
408
368
394
366
451
359
373
314
280
203
259
350
384
294
396
371
378
348
364
334
426
365
315
341
343
229
446
351
381
330
426
339
388
368
346
351
368
353
399
360
496
355
616
257
343
220
315
318
612
351
409
341
353
226
411
354
414
394
424
376
291
379
381
231
324
294
399
280
381
353
401
340
472
255
383
318
386
356
391
338
343
353
408
351
396
338
294
264
411
358
563
368
389
346
408
257
205
148
276
349
285
338
346
298
374
380
371
368
401
351
301
378
446
394
399
366
294
202
431
353
276
295
304
341
303
351
501
270
378
366
361
236
330
353
383
371
264
365
456
351
342
354
343
354
281
356
438
353
418
364
393
338
376
344
411
358
413
353
357
208
366
193
368
361
411
235
411
368
333
351
356
290
183
338
447
353
289
199
469
256
421
336
301
259
356
354
395
297
429
271
428
356
451
366
218
376
378
216
436
353
354
353
393
298
323
318
401
283
388
348
315
176
391
218
257
151
383
361
368
350
447
368
348
338
339
303
428
229
371
369
247
138
411
307
368
368
338
343
418
333
451
353
336
318
404
224
421
391
384
356
425
351
358
319
242
353
541
340
378
371
377
351
401
383
531
353
359
336
411
369
427
351
278
271
386
271
395
365
393
341
391
353
322
284
252
341
240
215
363
339
414
368
238
159
271
353
248
366
401
266
248
147
304
351
414
361
247
331
360
328
368
353
378
361
475
309
376
350
290
141
444
369
378
338
347
358
266
158
255
330
373
353
245
222
266
348
227
354
307
366
352
353
403
367
363
293
381
338
400
359
531
196
279
294
421
371
288
356
403
366
361
331
292
257
319
259
293
328
306
341
389
360
363
363
414
243
366
148
297
338
433
373
431
391
389
369
396
365
230
338
325
228
260
371
338
351
371
342
276
337
384
344
183
349
249
338
376
272
381
361
273
364
249
274
381
353
401
398
388
189
271
354
323
210
185
379
338
277
356
266
396
218
408
278
310
297
394
344
212
143
380
353
336
380
411
255
408
356
389
354
331
338
381
184
340
358
318
351
371
363
191
350
381
332
395
236
468
224
361
365
246
328
260
361
248
228
335
316
318
356
409
354
356
303
266
341
379
340
359
221
213
356
380
368
571
259
330
351
238
358
310
353
673
356
210
353
188
338
289
368
265
353
329
294
441
339
263
361
354
351
408
353
394
381
344
351
449
166
383
288
401
262
388
376
361
353
394
197
409
374
303
354
393
353
329
341
418
351
371
183
343
323
599
366
378
356
279
201
288
300
386
351
431
353
359
247
369
297
383
153
633
368
274
294
423
368
375
381
418
333
324
380
644
346
401
153
329
351
379
264
509
366
386
368
337
309
396
306
266
356
300
311
342
348
361
363
465
359
346
348
362
211
290
366
343
293
418
368
348
361
192
341
254
353
404
381
330
373
304
353
165
143
298
268
370
339
385
359
434
354
415
361
371
363
349
212
426
339
262
379
312
361
383
152
229
265
336
371
385
366
235
338
308
150
446
354
383
283
296
217
478
225
401
341
356
193
371
353
435
391
428
371
384
314
311
222
421
244
444
364
439
368
279
351
308
331
394
365
347
355
275
282
411
353
488
258
381
377
351
304
374
368
247
156
299
341
379
381
218
369
352
381
290
351
381
195
348
376
166
338
378
341
331
295
301
394
388
355
394
353
624
354
411
255
349
338
388
353
323
261
287
339
537
340
195
203
268
151
408
140
415
277
351
326
273
318
373
365
413
244
406
371
374
339
312
273
404
298
239
358
379
323
433
309
389
367
405
350
334
350
353
305
336
310
420
218
180
155
381
231
391
376
398
335
286
219
381
243
404
236
378
224
344
353
400
353
411
351
448
225
416
396
415
339
298
326
749
179
393
294
311
340
433
308
331
351
251
154
421
295
317
284
366
366
395
366
273
350
366
366
346
340
366
351
338
341
327
353
428
200
395
331
331
262
406
353
355
351
403
353
186
379
286
340
371
368
408
363
324
371
289
207
187
164
351
367
360
366
337
353
416
355
261
194
229
156
282
288
402
338
279
236
262
282
393
353
237
346
406
354
354
338
366
293
367
363
336
358
338
338
386
366
401
270
234
353
398
291
345
339
336
338
316
358
327
351
390
353
309
353
317
165
356
338
158
341
417
368
663
354
244
366
385
202
401
268
576
328
255
356
411
350
408
325
327
215
419
360
403
211
212
349
409
353
385
338
391
188
362
389
301
356
386
274
429
326
363
353
198
285
395
202
311
247
290
360
329
247
302
271
401
353
709
280
399
378
323
268
304
340
317
242
227
194
481
354
353
178
346
225
361
171
451
284
426
318
393
369
251
374
373
153
647
368
243
207
284
351
253
328
310
366
396
343
294
277
369
155
301
331
409
366
391
351
525
250
253
351
356
351
263
189
214
193
436
368
404
339
371
356
401
333
216
340
310
354
391
358
264
241
373
366
446
366
471
351
350
238
373
353
426
353
291
351
374
356
211
177
406
368
374
351
451
338
391
366
353
354
429
354
364
353
401
328
391
365
439
358
291
189
401
385
439
202
254
366
368
346
191
365
418
285
326
358
369
157
383
338
305
268
396
368
385
353
365
351
428
356
398
363
406
366
378
339
407
369
414
356
384
339
314
204
351
280
327
353
314
343
354
353
619
244
379
354
408
286
413
367
295
356
373
353
441
356
319
282
303
353
479
366
423
298
431
227
415
366
388
336
348
221
368
226
474
366
547
369
443
269
238
188
401
354
277
346
374
366
413
417
265
353
179
313
377
194
421
356
396
156
281
208
413
361
381
376
202
158
298
346
310
350
368
341
371
366
396
338
413
356
289
356
308
368
419
350
396
366
194
351
386
366
403
353
403
353
393
351
426
353
369
333
319
354
262
202
337
354
418
279
138
343
301
339
476
378
366
360
351
271
393
366
289
346
489
353
367
201
402
235
366
199
324
354
274
353
446
350
313
354
353
206
386
332
282
288
265
228
394
343
325
307
423
361
290
353
421
366
421
338
433
353
416
242
335
249
328
354
576
338
182
144
495
356
321
353
419
274
270
354
426
355
355
353
401
289
587
353
341
366
435
264
361
256
321
330
424
383
306
381
506
369
366
354
279
341
323
235
379
278
358
354
353
339
379
180
406
366
424
408
323
353
429
366
188
356
393
261
235
369
327
288
406
368
328
353
369
364
280
201
349
198
371
286
428
241
225
193
215
201
328
174
423
152
443
358
224
13042
554
350
479
353
243
151
358
313
187
143
453
354
414
381
437
303
360
338
388
339
365
281
393
343
396
272
426
355
404
326
293
261
417
366
314
381
370
311
419
368
325
353
471
354
299
283
404
354
411
386
421
365
344
341
586
353
425
373
345
368
363
376
374
338
372
273
407
294
359
351
227
384
413
368
373
174
354
275
381
236
376
379
408
356
403
361
423
354
336
345
185
353
406
356
481
343
336
343
882
351
415
374
406
348
253
366
380
339
323
288
401
368
360
351
339
334
383
338
287
240
381
351
421
393
230
202
371
217
389
270
376
250
201
329
409
344
328
296
328
235
210
366
428
351
399
284
406
351
393
217
279
205
276
364
179
340
383
366
201
292
254
353
399
339
428
366
511
366
368
368
411
364
666
331
285
249
546
353
350
326
218
183
397
313
228
172
458
308
366
343
457
236
328
349
423
330
265
354
371
353
230
356
344
308
386
368
289
366
262
353
413
281
225
176
341
353
391
375
376
313
483
354
416
368
381
338
466
366
408
369
381
341
377
335
391
304
481
228
602
340
365
379
401
366
333
367
345
276
393
354
382
395
443
363
391
353
386
366
353
338
421
368
375
341
411
351
506
368
237
366
418
358
406
351
390
151
718
341
453
351
353
339
431
366
372
310
431
296
368
367
279
366
371
341
406
339
469
353
283
198
384
365
307
262
545
366
333
341
406
356
335
297
383
353
416
366
368
354
324
354
388
353
225
145
395
320
274
222
342
248
466
171
357
209
369
339
408
396
320
369
248
360
211
287
325
318
364
341
348
318
263
356
381
338
399
309
444
193
404
367
403
338
400
363
378
295
436
393
381
203
365
249
403
369
339
337
501
371
351
279
341
151
388
353
350
366
399
296
222
318
368
226
318
270
274
366
694
215
201
371
410
388
377
318
381
353
188
339
213
152
282
356
269
201
319
335
381
366
371
353
287
296
431
270
361
367
413
338
331
247
396
15483
267
266
376
29750
253
334
280
344
388
356
384
341
354
353
353
354
388
371
289
346
237
356
393
234
224
259
204
338
228
368
457
353
378
374
426
158
338
379
416
361
385
295
289
253
424
377
336
356
327
360
274
379
419
389
371
341
427
195
431
338
303
340
411
353
416
351
376
339
286
363
396
301
394
355
404
378
354
341
271
210
423
354
249
366
420
363
445
366
331
323
329
267
307
338
321
368
349
338
391
336
259
339
411
358
388
371
426
353
255
219
354
354
413
354
366
363
454
351
351
308
359
268
371
356
351
350
321
319
378
296
364
338
366
353
361
140
371
361
346
343
424
321
311
266
322
354
364
300
252
396
292
351
449
318
394
358
311
363
257
368
458
369
265
239
316
271
343
376
245
366
219
130
427
212
354
363
403
353
377
309
306
368
488
354
424
376
396
297
398
351
319
239
423
353
373
244
401
375
191
339
406
363
284
368
339
341
348
296
327
298
367
356
374
301
409
361
443
366
411
366
358
341
194
353
521
366
305
366
241
354
257
378
349
339
319
368
379
353
338
338
326
287
285
201
389
366
346
323
371
193
350
353
357
369
414
345
464
364
366
242
340
353
454
353
405
242
278
379
397
357
289
225
305
283
423
240
388
343
383
183
343
220
237
358
338
338
414
371
389
278
367
361
427
343
303
245
328
335
307
368
386
353
355
339
339
341
394
343
257
299
278
177
329
384
315
206
404
361
250
366
369
229
236
338
368
318
265
353
429
243
418
353
323
348
256
285
409
354
211
160
242
280
374
351
321
367
396
347
244
371
376
308
361
376
394
308
428
202
330
267
297
323
383
351
406
356
446
351
397
369
307
272
353
341
312
378
378
341
213
356
252
341
358
366
466
354
418
366
346
219
356
270
334
293
426
211
371
320
302
308
283
353
453
336
375
351
203
147
354
378
477
354
335
343
361
339
451
353
384
363
248
339
451
360
337
341
357
379
255
313
359
293
258
215
369
270
384
363
428
331
334
353
313
255
394
210
349
354
459
297
401
339
356
297
371
339
319
363
359
363
340
151
228
353
269
201
369
338
381
361
331
320
451
354
381
391
354
366
408
353
435
201
660
244
401
356
538
366
431
353
448
376
283
350
323
271
175
144
428
311
366
338
313
236
388
351
325
333
391
366
243
148
391
351
431
369
316
286
411
371
392
364
211
147
366
351
418
323
380
226
307
214
337
376
404
346
427
389
386
354
288
340
409
353
406
366
404
354
409
353
388
367
396
301
393
351
374
363
351
356
368
356
391
299
315
356
419
354
228
353
250
341
403
326
408
166
211
359
619
368
335
351
451
356
361
201
388
351
393
341
167
338
300
363
369
359
436
353
239
207
380
350
339
380
371
353
314
227
379
291
359
330
295
318
255
353
393
366
389
333
277
150
441
359
295
353
443
371
324
366
228
193
618
369
387
340
378
338
374
306
305
268
378
290
401
308
378
365
293
351
295
353
468
354
275
338
265
168
388
312
375
157
391
369
257
160
441
220
384
346
232
187
433
320
379
297
213
224
423
373
592
282
414
351
481
353
277
361
381
234
354
297
280
353
438
368
416
353
350
226
363
333
261
348
299
328
384
334
421
224
423
353
236
340
335
363
371
265
338
378
290
361
406
366
539
298
426
235
408
351
230
351
363
196
364
313
361
265
338
338
346
292
310
353
197
338
369
388
375
369
396
353
415
326
295
339
316
381
300
326
408
351
381
354
386
328
365
381
421
365
381
200
423
353
374
273
357
254
285
361
335
353
300
353
293
352
360
386
386
237
366
227
327
279
293
339
312
353
426
361
348
348
371
258
431
239
277
353
373
350
408
367
298
191
384
366
403
336
579
344
416
356
398
295
381
371
411
333
249
155
341
369
423
339
411
363
191
168
441
364
532
351
285
206
413
365
325
310
296
368
388
356
348
341
254
293
401
341
416
309
331
283
434
376
303
369
369
356
291
316
416
353
428
369
368
266
256
349
451
376
378
338
376
333
341
366
364
326
369
339
389
365
464
361
449
282
424
318
328
348
469
381
410
338
456
311
282
377
431
375
391
351
354
165
1667
356
266
356
368
363
363
376
315
306
401
238
337
354
258
366
302
258
368
363
364
301
373
189
413
369
361
319
579
340
338
361
423
336
368
318
369
303
383
270
375
353
397
351
393
255
276
213
391
369
277
178
262
178
208
176
214
152
