331
311
346
144
236
261
396
264
339
310
383
276
331
363
644
311
369
326
323
310
323
249
300
253
193
195
378
184
340
320
346
334
381
301
666
306
325
296
280
323
321
275
321
323
204
313
327
324
310
311
230
273
365
311
195
139
366
119
316
311
220
321
314
323
204
141
181
120
333
311
346
299
341
338
349
174
196
165
357
293
211
184
250
226
292
313
343
164
377
218
282
186
338
311
289
264
259
253
157
329
187
155
393
152
263
207
398
248
288
353
338
323
336
311
368
323
331
297
278
215
189
186
361
310
255
323
321
320
219
206
320
296
173
170
357
311
288
313
356
298
376
235
321
325
340
310
157
126
183
131
271
295
354
277
199
166
226
298
341
296
279
207
271
163
311
253
222
256
277
262
205
299
308
300
350
283
235
313
260
326
346
295
210
124
320
276
336
326
480
301
326
237
308
295
332
209
260
326
411
281
214
161
346
310
249
328
252
311
339
347
353
201
371
257
326
321
376
311
321
346
269
313
324
321
491
321
353
326
269
298
230
288
323
311
281
333
306
311
330
298
349
326
225
193
360
313
336
206
207
175
326
313
241
301
403
313
323
311
315
325
356
303
326
159
260
257
236
311
363
326
359
298
371
313
311
338
323
313
242
323
634
276
371
324
159
296
303
324
205
310
338
323
282
325
358
311
261
295
297
311
325
298
318
298
338
208
326
316
266
326
331
296
316
297
316
319
291
313
503
311
308
303
399
248
334
316
356
239
230
311
343
131
343
324
349
301
592
311
310
311
237
172
287
303
365
313
276
206
378
206
351
217
329
326
331
188
346
307
308
331
328
323
215
182
196
326
379
314
361
207
335
324
286
262
336
311
338
310
261
313
321
325
488
311
353
314
390
313
364
249
376
295
351
178
213
215
361
206
349
300
307
213
316
310
351
325
232
308
315
296
346
339
298
221
300
237
534
316
355
132
266
326
271
274
285
283
348
326
255
140
308
328
311
217
341
313
330
298
356
178
319
295
734
194
369
311
376
311
283
328
310
276
343
254
313
209
338
324
305
313
315
333
210
128
415
311
243
174
334
311
323
323
353
295
321
235
245
258
316
250
313
255
339
299
333
296
308
323
373
340
295
262
198
334
329
298
283
299
275
313
325
244
333
329
355
130
152
323
318
311
270
318
288
271
299
180
334
188
401
313
301
321
370
298
326
311
269
259
313
295
233
323
445
136
348
295
318
226
407
219
331
210
368
256
356
321
376
321
334
314
378
341
333
335
247
313
433
321
666
313
394
335
353
298
229
237
324
311
303
338
326
298
343
310
279
197
166
313
363
311
323
326
311
191
272
169
320
323
388
167
526
298
351
326
237
321
330
258
306
311
351
311
309
311
320
310
268
328
297
311
285
140
371
311
371
314
302
313
364
274
391
324
293
301
318
336
318
295
340
207
343
329
229
335
298
325
461
301
451
336
330
316
321
298
303
311
298
288
304
298
283
323
248
313
313
298
224
176
173
298
180
311
338
313
326
310
321
283
253
245
351
314
318
325
356
236
238
311
275
204
356
326
211
298
216
343
381
298
299
324
358
326
378
313
351
321
308
237
296
345
293
298
359
325
388
300
331
328
288
310
281
173
281
316
186
311
180
326
353
325
341
244
316
325
341
218
331
311
346
299
344
313
341
285
362
314
328
313
325
211
310
310
316
313
202
178
320
275
419
311
298
198
300
340
289
325
363
311
330
323
437
313
417
311
291
333
344
226
300
296
301
303
416
208
369
325
301
261
301
301
200
310
351
308
310
303
299
219
291
325
308
338
516
160
366
261
348
311
430
338
299
311
343
239
539
249
369
310
393
323
344
237
348
310
294
323
353
310
189
177
333
313
279
272
353
311
309
298
294
251
359
313
226
326
239
296
264
273
396
321
386
295
323
263
353
310
361
309
240
299
366
321
331
235
378
311
275
313
386
316
264
260
290
231
363
313
321
349
314
311
285
326
326
311
367
235
343
311
296
191
355
311
361
339
311
273
240
298
356
295
247
171
183
296
313
224
364
278
371
276
336
262
318
251
257
343
451
321
301
311
214
138
291
225
252
170
209
331
237
343
336
286
263
183
316
266
298
305
241
152
361
313
318
183
248
198
278
295
212
163
370
329
255
313
313
283
348
311
197
308
288
321
256
324
293
273
458
339
320
299
204
136
162
160
214
133
311
214
244
298
204
335
308
311
331
310
177
159
290
328
296
301
341
308
316
307
305
295
438
158
211
155
164
150
258
226
299
314
361
201
214
321
333
329
273
273
331
214
316
311
403
288
363
298
291
311
373
225
303
185
316
325
333
311
319
249
341
303
348
274
338
246
353
283
316
262
299
239
323
313
229
326
260
313
343
299
296
309
336
320
281
296
378
326
488
313
346
303
305
304
346
311
268
247
326
328
411
208
381
262
349
311
338
321
212
321
329
298
296
328
331
248
294
299
329
311
326
178
341
311
285
299
323
311
441
208
328
313
313
339
177
157
345
343
278
206
267
208
162
136
190
334
371
314
318
201
283
273
325
325
308
310
327
288
386
311
306
200
356
311
453
316
237
310
309
296
220
183
343
252
310
128
356
320
320
213
369
298
333
225
358
299
338
316
208
130
264
275
278
298
386
346
267
224
252
311
191
171
328
313
304
323
278
311
313
237
341
311
333
275
277
157
353
318
354
301
290
303
350
265
301
321
431
311
324
299
295
304
353
335
279
333
238
314
314
326
339
301
229
310
310
276
333
302
359
303
349
241
385
310
361
311
389
313
381
310
330
321
231
133
204
158
294
320
250
268
306
313
384
319
431
313
306
268
209
197
310
311
299
261
351
313
330
311
229
326
316
323
593
201
209
184
386
206
351
276
309
333
363
323
281
296
301
183
306
296
338
316
282
311
323
313
348
336
311
333
286
313
338
321
343
310
311
328
370
268
354
326
394
239
250
299
297
249
436
313
369
242
353
310
329
326
454
323
315
207
229
313
315
174
178
137
277
323
386
318
344
296
288
338
321
311
213
333
328
329
321
247
355
227
262
326
308
248
336
159
363
333
276
344
199
136
331
321
333
314
239
316
405
261
257
328
426
303
210
326
379
311
331
311
323
311
343
323
301
211
195
295
376
325
386
326
328
323
346
311
310
306
217
295
373
331
278
323
378
299
260
296
319
137
324
227
175
136
262
249
328
311
328
299
298
262
350
187
469
264
401
184
346
310
338
180
210
178
516
276
259
310
310
299
231
311
291
270
353
311
259
270
360
199
289
313
325
303
313
266
331
244
306
296
326
249
164
321
165
311
313
204
311
204
251
183
326
179
286
261
269
173
330
262
262
334
323
338
355
328
291
298
305
301
301
323
333
207
343
313
294
159
258
214
328
221
313
264
323
326
331
298
223
205
225
326
290
189
393
336
265
242
265
246
321
298
309
323
303
255
314
283
358
313
316
328
303
237
221
311
378
316
215
313
173
311
406
234
361
262
343
139
256
330
268
314
228
311
349
298
269
310
228
313
216
187
308
326
343
313
319
301
197
313
318
301
177
311
166
316
301
298
318
223
306
311
556
233
200
238
295
320
336
311
276
249
328
298
335
318
214
314
238
311
255
323
313
298
172
326
334
326
324
333
341
231
175
244
304
324
269
307
258
233
413
326
359
326
157
328
291
303
313
311
362
326
126
301
331
353
633
333
201
138
304
183
306
310
346
326
195
301
308
301
215
271
371
127
222
296
534
199
228
280
373
209
320
343
274
247
208
323
295
236
294
165
378
311
261
196
156
314
306
171
341
300
346
306
359
298
301
311
310
223
237
336
276
288
281
310
424
321
242
309
296
326
193
326
301
230
361
321
349
283
366
328
349
326
346
308
353
313
313
319
303
247
319
328
289
327
268
338
357
311
179
124
208
334
215
311
263
310
371
270
170
310
176
326
179
135
300
306
328
197
363
311
453
268
315
167
467
240
291
306
334
298
261
304
343
333
363
313
278
338
316
297
346
341
254
127
348
335
311
247
333
318
325
331
161
316
223
295
379
248
303
149
293
209
323
336
303
311
354
308
346
326
353
310
273
299
345
298
258
308
261
183
319
294
325
308
418
301
282
262
288
313
361
325
242
299
295
298
223
313
316
311
165
311
268
299
331
311
328
132
328
209
333
321
321
314
237
187
320
183
369
251
168
123
289
198
365
311
329
321
344
326
190
339
167
311
363
311
343
313
313
308
245
316
341
325
311
304
316
215
203
316
373
321
335
328
295
217
328
336
305
325
335
314
296
310
383
311
257
298
243
273
296
330
296
326
328
313
338
319
169
311
358
319
233
190
464
321
373
209
191
179
227
298
335
197
215
210
228
221
311
208
324
336
179
310
328
298
325
325
345
329
365
182
351
313
308
324
206
179
321
310
361
313
366
292
325
316
264
254
200
174
361
325
222
288
292
323
358
233
363
326
318
311
180
140
298
218
254
217
315
298
299
344
294
319
353
329
343
325
378
202
265
288
344
315
363
323
230
171
339
326
272
157
237
298
308
311
215
111
204
334
263
179
236
311
368
288
321
300
346
299
341
285
196
311
369
256
345
341
289
301
326
179
373
334
323
256
369
276
270
311
359
326
311
308
389
209
333
252
166
326
333
313
321
313
226
321
322
205
351
313
191
120
231
172
274
268
293
298
348
295
196
295
223
191
238
164
471
313
325
137
376
275
314
311
333
303
300
326
313
313
321
310
345
241
302
311
345
208
316
323
358
313
283
139
316
311
295
311
207
185
281
247
234
183
404
310
335
323
356
297
296
323
378
313
291
301
358
318
293
290
386
301
311
313
195
311
388
228
320
321
286
323
311
314
371
313
328
264
378
315
201
326
299
311
356
275
210
299
354
329
258
215
277
309
323
323
346
252
338
303
348
310
163
324
203
165
356
311
314
154
257
179
266
263
326
313
288
226
324
311
308
250
161
117
260
303
346
314
326
318
286
145
363
197
308
190
243
305
237
324
324
258
235
301
361
289
363
323
363
137
316
286
211
311
306
323
261
256
449
226
288
264
212
130
410
326
291
298
200
311
335
298
310
326
358
306
361
326
369
306
216
299
325
237
331
323
271
311
316
326
308
207
308
273
319
333
399
310
99
207
291
320
451
129
273
324
286
297
358
170
373
295
346
295
341
299
305
283
318
306
387
323
377
313
242
311
278
286
306
311
313
297
331
300
341
310
283
276
324
313
227
310
306
271
303
326
356
298
283
296
313
298
351
311
356
321
308
319
387
323
319
179
379
213
311
324
333
323
425
331
298
298
340
314
346
305
289
262
307
351
380
326
331
299
203
194
237
311
249
311
344
298
336
321
326
310
366
310
351
301
293
326
298
306
421
264
287
298
335
301
182
116
274
220
270
338
379
318
316
321
317
321
376
313
339
294
338
326
242
193
293
333
411
298
363
328
358
314
345
326
346
306
236
299
318
313
449
311
399
223
320
328
374
262
279
326
582
313
364
313
325
323
355
325
329
314
315
216
363
238
277
325
316
245
306
335
244
316
236
311
353
323
179
184
354
314
198
333
276
313
297
258
174
289
194
295
321
288
259
341
200
175
296
305
184
333
315
288
359
314
305
313
349
311
283
313
282
299
341
178
323
320
153
184
171
323
303
296
283
311
267
326
313
326
564
298
222
205
375
329
103
313
270
218
283
238
308
216
311
262
248
251
175
132
251
326
206
176
245
311
321
311
599
155
355
301
351
313
336
300
344
333
360
310
370
314
353
233
325
185
343
310
261
239
371
311
321
311
294
241
328
323
325
295
194
146
403
326
348
144
293
308
201
326
361
235
444
313
298
298
288
320
287
301
241
248
369
323
338
341
381
310
286
309
291
324
184
122
320
341
444
145
309
200
258
323
165
311
345
310
221
164
366
237
309
354
229
200
406
311
307
272
324
257
220
323
266
310
346
324
373
311
301
323
251
349
188
169
232
311
296
132
226
325
250
168
351
311
328
311
354
130
293
301
369
331
323
325
263
237
366
315
279
199
368
329
433
215
192
172
155
100
295
296
229
325
328
321
313
273
356
326
375
203
318
303
202
150
339
325
366
326
376
298
218
219
271
323
394
218
279
311
182
145
311
326
318
313
319
326
283
275
393
172
310
323
334
237
329
296
328
295
304
272
180
313
346
321
299
185
356
310
295
299
289
333
364
311
294
325
285
311
363
318
292
313
308
311
343
313
355
170
335
167
323
325
502
313
356
288
346
336
308
298
343
324
331
313
323
295
339
253
381
316
346
136
281
310
539
139
310
326
330
330
343
325
202
313
290
237
278
179
346
323
326
311
559
250
165
108
305
281
311
311
340
326
291
246
285
137
353
311
244
175
336
326
381
318
353
298
168
177
305
311
225
323
321
170
341
324
346
313
212
170
361
321
304
226
259
226
253
295
310
311
330
313
348
311
391
314
316
311
368
323
344
296
366
310
343
311
338
301
353
295
333
250
371
321
346
325
325
298
238
170
268
263
300
323
293
313
353
327
224
314
205
311
601
299
334
231
341
297
328
298
281
296
180
295
373
341
323
311
151
329
318
321
321
308
330
321
361
333
241
326
318
310
212
176
276
278
355
281
306
291
456
313
321
299
371
316
328
328
351
308
285
264
282
134
276
311
215
236
270
199
344
319
335
328
308
251
251
275
344
311
271
271
341
301
211
207
611
283
341
323
255
246
261
191
321
323
326
314
259
313
290
323
330
341
343
306
296
316
290
314
328
171
256
291
336
313
235
311
418
329
318
296
397
250
353
313
286
268
284
285
397
264
323
321
346
326
348
306
346
311
293
308
318
321
282
338
315
306
288
313
329
311
298
298
221
226
384
313
361
311
336
311
321
323
333
217
343
301
253
333
325
331
318
180
338
325
355
311
599
320
649
311
308
311
278
295
304
321
326
305
162
311
326
328
184
310
285
323
325
200
299
313
383
241
341
326
174
146
404
314
358
293
230
209
218
163
232
336
373
311
319
326
336
321
325
326
358
286
351
232
351
298
386
266
365
327
296
258
319
246
354
330
347
320
353
310
333
239
224
218
364
313
346
311
371
238
340
233
295
301
335
301
316
217
291
323
326
296
363
303
416
300
328
306
228
299
281
309
333
262
320
248
308
226
170
142
203
333
175
300
361
273
248
126
330
326
388
311
358
301
349
150
358
310
335
326
308
311
329
298
351
328
306
326
381
323
263
301
576
310
299
306
283
236
371
323
324
311
291
311
310
311
191
328
333
308
326
308
321
258
323
253
280
310
287
311
315
298
199
325
398
313
278
301
323
325
333
311
376
308
274
298
316
255
377
221
344
310
310
311
283
301
252
243
231
300
313
335
266
326
338
208
281
301
365
263
297
252
396
162
379
311
346
299
292
313
346
135
195
311
361
311
253
203
275
154
361
314
396
252
321
338
349
324
333
317
341
311
228
178
313
333
398
310
298
313
236
184
233
323
291
298
260
285
330
309
282
227
261
326
190
183
286
235
296
237
231
224
347
351
348
311
318
263
301
243
336
326
351
326
316
340
346
288
306
303
596
323
338
236
221
321
361
261
207
160
491
298
289
187
343
177
224
216
363
311
343
241
277
310
348
321
346
313
341
313
298
210
361
306
239
334
411
297
375
314
359
314
205
304
303
301
323
311
669
324
202
307
346
179
294
168
385
326
297
336
404
278
269
197
287
202
398
311
436
313
399
194
331
318
265
313
363
316
230
157
348
326
436
321
168
226
336
220
357
262
333
162
331
308
229
197
292
177
373
311
343
325
241
298
569
311
301
304
306
239
288
187
386
321
325
303
379
297
268
318
403
311
355
311
324
351
300
313
311
297
241
191
353
288
329
296
314
310
313
348
340
328
183
321
343
298
351
298
334
311
264
325
373
207
369
313
216
169
333
300
288
252
401
311
376
311
313
308
216
252
321
137
285
313
254
313
344
313
269
326
376
310
228
325
285
288
335
248
335
333
287
310
356
298
333
310
315
315
329
276
321
228
351
311
279
346
198
310
297
311
331
338
386
339
328
325
315
278
315
290
441
313
351
311
263
297
313
311
355
188
318
315
336
338
334
232
353
310
373
313
388
179
301
323
386
249
577
305
311
235
285
328
359
296
391
328
294
296
191
326
313
311
323
311
336
249
289
313
303
336
330
205
301
340
376
209
244
331
234
325
333
296
279
287
282
311
318
313
366
215
324
316
348
327
368
300
318
298
351
321
341
167
346
326
353
263
348
173
501
301
235
336
280
319
245
374
354
280
331
306
336
326
418
323
333
197
302
202
378
244
354
313
262
321
179
321
351
311
359
296
336
209
336
313
311
228
359
310
409
269
356
157
391
251
347
336
277
311
344
215
207
178
292
301
305
226
283
296
361
298
298
338
268
142
368
171
252
340
267
326
167
125
301
259
363
178
428
309
336
341
333
295
228
314
241
311
300
328
299
327
343
180
295
127
321
288
331
238
321
313
269
233
368
181
184
303
356
276
364
252
398
313
300
165
274
329
373
325
345
310
328
300
300
323
313
266
287
321
358
258
311
283
237
310
358
324
370
164
351
115
298
329
277
313
323
311
341
179
363
298
344
296
276
316
369
325
283
298
320
163
229
326
211
194
448
226
366
311
406
188
341
311
318
299
319
349
391
269
333
298
353
328
190
334
166
278
335
311
277
313
282
277
316
324
378
336
336
273
317
339
366
297
353
207
345
311
318
178
265
321
363
165
559
341
340
299
350
310
398
301
351
185
350
325
369
272
339
299
179
280
323
323
368
228
381
313
361
310
319
227
371
313
338
199
323
251
289
321
329
228
199
296
306
273
311
336
274
318
308
200
318
299
353
176
361
336
298
192
237
313
316
298
341
316
216
296
344
326
323
326
386
298
311
288
333
307
196
298
321
346
316
273
391
319
298
313
181
168
499
249
373
333
373
311
318
168
301
222
321
310
174
296
330
313
355
214
204
296
375
321
284
235
301
321
333
279
349
314
439
310
296
273
338
286
201
153
272
321
319
313
361
232
311
303
328
277
349
310
230
296
341
313
196
104
234
140
188
162
