368
291
270
323
379
319
343
314
331
237
232
329
496
205
237
212
183
191
338
311
369
311
266
165
406
333
363
276
286
311
236
220
245
343
368
324
376
317
358
340
254
318
237
311
320
323
356
326
357
351
368
323
309
371
263
207
350
344
341
199
333
318
286
339
384
340
303
209
341
326
371
313
416
324
366
326
229
370
216
287
360
285
391
324
464
207
294
260
373
326
358
340
351
293
259
341
303
328
323
326
195
159
338
323
366
341
301
309
343
311
233
178
419
325
326
311
165
154
199
285
388
325
284
293
341
341
346
325
234
244
336
271
421
315
370
308
210
346
366
341
365
328
201
338
243
311
351
150
336
324
311
371
376
325
242
137
416
326
258
260
242
311
159
314
358
310
163
134
172
119
331
245
353
286
332
313
348
339
305
340
606
222
267
269
312
323
240
344
308
324
373
326
291
338
348
326
609
279
227
276
234
171
376
338
400
323
361
353
331
326
366
326
319
314
255
311
286
341
333
356
381
337
375
334
293
331
373
324
383
148
363
341
233
325
381
360
325
323
310
272
164
146
365
259
356
285
363
200
351
346
299
311
368
323
339
325
341
340
368
338
255
217
346
333
335
338
210
353
199
188
278
340
401
321
269
348
262
260
353
336
341
295
666
338
419
177
319
323
320
187
343
133
308
341
371
215
377
153
354
323
338
323
331
147
353
341
369
324
336
328
361
311
255
326
384
326
200
344
287
158
358
227
540
325
383
214
374
338
358
356
239
348
355
171
323
131
364
329
361
315
306
311
312
339
384
335
331
338
249
326
368
325
371
278
361
346
336
323
371
324
336
174
331
339
183
142
221
225
249
178
339
326
268
277
367
315
284
226
210
336
358
320
349
341
335
316
236
323
183
140
366
208
346
326
169
237
356
325
278
326
340
326
383
325
308
220
310
326
348
200
301
313
323
301
242
142
344
328
373
274
353
138
293
318
299
244
396
311
353
326
200
311
338
311
341
325
310
285
227
165
371
217
396
329
326
339
333
324
349
346
359
325
266
280
341
248
347
323
236
323
359
354
341
349
201
323
341
208
324
343
353
323
279
271
316
330
354
311
336
338
308
331
294
326
355
325
356
341
363
336
261
311
353
311
280
326
394
181
378
314
361
348
381
326
280
256
396
329
285
235
409
339
331
341
312
328
184
313
349
314
238
208
225
263
247
346
321
339
329
326
346
182
350
194
391
326
316
316
285
324
418
350
303
164
202
326
357
323
307
297
298
261
740
326
373
323
342
290
594
291
325
311
359
261
305
263
257
244
406
253
383
326
187
326
310
149
321
339
290
333
249
338
301
346
247
338
255
217
593
315
295
295
368
323
319
242
351
316
396
338
193
353
341
326
414
325
421
238
341
247
277
289
564
316
195
125
232
150
242
278
336
333
293
228
279
286
281
283
366
313
416
329
342
343
356
261
311
344
371
311
346
311
368
329
366
338
356
333
297
326
361
340
331
341
336
335
336
334
341
311
329
326
255
247
245
346
241
363
315
296
283
296
391
339
394
308
218
226
363
326
338
156
371
323
355
326
363
324
348
339
529
315
373
323
279
311
341
313
351
296
248
185
353
325
328
315
306
307
337
323
321
310
361
251
336
248
349
338
341
336
275
347
313
209
262
326
336
311
341
313
396
326
336
285
374
291
310
291
361
326
389
191
224
326
276
223
418
291
345
326
418
341
544
324
308
311
304
341
313
313
376
323
373
351
461
323
479
291
234
339
368
310
329
305
266
339
273
333
261
325
237
218
339
334
326
226
341
329
356
177
178
133
212
153
306
285
299
338
366
320
172
187
352
323
390
263
334
324
674
341
381
263
376
183
401
326
338
310
349
324
335
292
383
293
341
272
251
314
346
325
394
341
334
323
365
334
230
321
339
196
286
220
354
336
361
341
343
340
191
338
333
321
240
323
521
375
185
338
311
358
311
326
354
328
373
263
226
190
275
333
288
310
297
361
329
326
383
326
252
340
320
239
333
313
227
250
359
329
404
326
323
283
221
311
242
208
361
261
278
325
239
228
348
313
300
323
350
326
263
343
291
261
244
326
351
338
373
261
272
310
249
338
272
199
318
344
301
331
262
338
343
313
335
316
212
336
401
356
223
194
320
195
365
326
311
261
280
339
241
326
395
323
351
334
384
293
341
313
274
351
236
166
182
115
164
134
601
335
344
325
223
165
344
320
321
253
207
171
350
346
326
310
388
326
211
338
337
249
331
311
226
176
202
163
339
331
333
333
398
326
353
359
366
311
318
290
340
361
363
215
333
336
369
323
405
325
386
329
320
314
349
311
448
346
295
339
361
326
339
318
340
338
316
311
285
217
337
271
386
288
326
308
198
314
258
326
381
344
265
187
303
270
366
326
309
310
338
338
279
338
353
329
316
285
386
363
295
293
391
325
396
326
461
336
341
325
363
313
346
283
363
341
379
236
363
325
267
239
351
294
331
297
295
276
395
340
358
316
620
275
206
190
332
341
265
177
344
293
381
340
389
328
341
338
504
222
321
327
327
323
315
232
348
313
359
254
381
254
247
227
361
308
326
288
358
341
373
326
326
311
334
217
262
265
278
275
671
245
336
180
314
336
391
323
305
323
348
311
295
313
233
346
439
324
366
340
376
348
277
349
376
243
384
313
406
325
388
336
358
286
309
358
315
325
321
295
273
208
259
313
353
325
335
318
353
241
198
300
343
316
299
323
361
237
369
339
353
338
384
326
191
328
269
326
411
328
363
261
257
324
246
248
324
217
665
258
238
305
190
141
344
311
259
262
466
246
341
324
348
313
313
318
336
356
344
326
381
326
376
293
438
353
263
196
361
340
277
236
376
338
328
324
321
295
354
276
353
248
420
348
311
311
338
326
366
341
283
326
326
346
646
326
202
201
350
324
328
139
358
316
321
348
403
121
361
331
313
313
401
328
295
282
368
323
369
321
304
314
346
261
343
313
371
324
366
280
319
325
353
318
356
291
355
246
338
290
359
326
222
234
321
339
373
167
395
329
218
327
374
337
375
288
364
308
704
333
286
326
383
356
335
326
316
306
345
336
393
320
334
323
344
310
387
168
389
156
343
313
255
310
379
304
270
249
364
256
344
253
221
236
316
136
336
208
374
336
323
314
305
286
209
313
345
310
274
339
328
326
316
326
368
326
416
270
345
139
474
303
201
177
389
311
373
273
376
238
333
183
368
340
339
338
389
336
331
179
373
349
321
311
311
245
282
326
343
343
335
160
210
311
351
345
348
326
343
325
163
262
970
323
311
313
366
237
644
326
363
308
376
218
330
325
302
207
391
326
316
316
268
205
319
311
336
341
341
315
383
341
288
341
318
339
363
326
364
339
459
324
229
250
447
313
393
246
295
314
275
151
333
300
304
311
223
152
293
311
346
339
358
325
403
169
330
325
275
323
337
338
356
263
337
326
373
313
184
346
319
338
251
313
338
294
320
338
447
311
355
261
275
311
404
331
361
325
381
338
351
343
356
324
192
162
318
326
353
325
376
310
275
330
224
261
319
313
339
326
339
326
300
289
328
338
361
353
364
338
481
335
219
358
323
314
191
143
326
325
341
336
264
243
270
193
324
331
338
338
378
326
564
286
346
351
302
195
353
325
341
139
274
343
379
341
202
237
361
329
353
359
378
313
338
200
222
253
318
323
346
190
231
351
383
209
230
340
354
311
383
339
213
177
291
237
328
324
356
290
281
326
364
248
389
323
399
185
186
306
266
323
335
324
252
326
158
143
263
323
343
329
243
278
358
248
313
237
296
340
326
316
344
202
574
183
378
299
371
331
408
341
360
326
350
208
363
325
325
219
241
311
246
316
306
325
305
326
244
311
158
263
371
283
330
196
267
325
394
319
272
217
330
184
313
165
253
356
336
351
275
338
192
326
270
304
309
311
368
226
411
323
308
178
271
323
333
326
338
221
331
348
359
326
285
310
279
142
236
160
303
311
299
323
333
265
338
353
354
341
381
349
416
129
394
306
317
325
353
313
339
310
343
307
344
243
311
323
381
323
353
323
484
311
351
328
354
313
189
310
307
314
274
261
259
263
348
311
326
317
281
359
348
246
233
208
404
179
294
291
296
209
178
338
369
326
446
313
165
325
266
235
313
311
312
311
374
324
277
313
299
310
266
294
366
336
234
318
428
238
334
310
361
326
193
206
599
238
353
326
309
341
331
313
363
288
271
249
237
339
282
218
349
348
375
285
373
314
255
328
348
326
251
236
286
263
349
326
326
318
191
339
333
325
279
353
244
209
270
326
338
340
286
325
348
162
224
206
301
263
299
261
149
326
251
311
298
323
295
331
328
354
303
255
407
354
451
338
350
216
189
331
315
336
331
310
242
192
349
339
294
326
198
301
312
339
261
353
356
331
353
323
378
214
185
334
416
170
202
213
361
311
298
349
341
263
356
284
164
149
313
283
387
290
280
339
255
310
335
335
594
180
219
158
388
328
360
295
167
146
391
287
380
295
424
326
353
326
335
226
399
338
623
331
222
353
323
326
333
320
262
279
280
328
407
310
339
328
381
258
326
319
333
326
383
341
212
271
378
303
353
301
401
325
270
350
313
237
326
341
378
237
368
361
378
338
331
339
331
216
359
338
368
336
328
311
321
368
223
149
258
316
225
165
319
251
336
326
394
142
331
323
320
311
334
239
203
130
364
261
284
325
384
204
356
239
312
260
313
311
280
328
346
260
325
314
238
326
223
343
309
301
321
263
404
341
403
202
253
284
406
256
388
366
248
326
323
311
378
326
373
364
343
331
354
196
346
176
293
226
353
287
169
311
340
326
348
263
366
325
313
310
407
324
416
323
338
340
454
306
354
325
344
326
363
324
343
226
381
346
345
311
325
313
279
216
335
159
296
258
308
324
198
275
323
207
277
325
351
346
346
341
186
340
251
324
348
186
333
195
335
251
331
331
209
348
323
331
282
339
358
228
323
290
176
313
330
217
341
289
377
323
544
283
433
179
361
310
265
144
348
341
361
325
339
328
351
316
318
329
236
326
317
311
365
326
378
341
351
341
373
345
353
339
259
348
297
336
344
328
295
311
339
328
221
328
350
340
491
356
383
206
331
336
325
311
267
351
423
283
368
326
343
341
416
325
403
329
406
328
341
338
227
314
364
326
350
340
361
327
334
294
326
331
325
199
246
188
220
239
416
326
383
323
227
326
371
331
361
327
359
326
321
321
385
204
384
324
361
313
272
326
386
336
366
331
321
306
342
315
364
314
388
202
386
324
368
293
304
338
368
227
391
269
360
320
250
328
615
326
363
220
307
283
353
217
309
329
307
275
301
237
282
328
589
306
359
338
383
276
223
343
611
345
383
338
311
194
378
358
388
325
463
336
269
262
277
284
321
305
270
347
276
239
358
313
323
286
303
175
386
341
394
262
376
351
313
191
355
135
345
338
173
311
288
287
564
323
264
260
335
325
355
141
247
326
340
267
366
328
335
319
368
288
326
311
336
351
388
351
213
323
354
355
290
278
384
328
220
277
307
262
255
313
305
234
228
324
338
265
401
313
275
326
187
145
311
186
311
338
363
353
356
318
285
331
329
333
361
336
299
326
228
343
386
356
264
200
361
328
193
314
300
328
331
339
281
259
339
310
289
326
223
326
467
348
201
321
240
313
338
325
206
137
369
325
369
135
280
325
285
326
290
333
330
248
356
336
238
205
431
333
356
341
311
351
343
338
300
326
336
324
390
343
325
284
244
325
356
262
226
261
285
244
284
235
325
286
353
306
200
191
338
341
346
333
340
351
394
134
233
195
408
324
294
311
328
267
316
311
384
148
365
326
181
338
269
242
341
316
389
237
250
338
378
245
213
313
326
303
210
321
198
323
312
251
229
197
338
282
356
346
411
337
262
178
295
326
383
325
391
338
224
178
309
323
420
346
316
315
299
249
269
339
378
291
361
338
339
335
301
311
351
274
301
227
336
326
333
313
350
326
358
333
471
325
378
326
326
335
336
293
341
353
348
313
249
339
393
258
368
271
389
299
383
254
259
248
229
311
373
336
370
246
407
326
324
318
386
323
340
323
381
313
265
341
291
158
296
340
174
248
336
329
394
338
244
363
323
311
440
173
344
328
245
192
266
178
432
145
329
195
333
313
317
220
329
198
325
329
371
323
185
313
295
333
344
338
409
246
469
328
378
290
170
118
341
336
194
306
383
333
314
303
336
323
345
282
353
219
587
339
316
277
300
273
323
293
391
326
326
296
208
165
356
321
367
323
297
237
351
349
378
280
326
313
356
350
378
303
532
178
219
162
338
341
451
278
476
299
371
143
474
338
393
338
315
328
353
311
236
152
240
328
421
333
361
263
184
339
222
137
396
334
345
331
358
326
365
237
321
311
331
348
351
341
576
339
361
326
333
323
383
325
228
325
373
349
335
326
381
311
320
313
328
311
326
313
381
329
346
326
182
333
373
326
423
316
414
313
381
297
354
315
515
326
398
326
379
336
466
315
379
326
288
325
340
338
333
310
341
361
359
328
323
310
395
325
363
307
452
172
340
308
401
316
275
311
266
319
221
171
333
307
381
326
361
321
241
346
350
328
391
326
294
328
285
306
241
325
218
339
389
323
205
310
229
325
248
295
365
338
328
309
263
311
341
321
371
338
355
381
220
199
191
189
283
293
383
326
331
273
559
338
384
292
361
250
279
326
379
323
409
314
326
219
265
326
443
356
320
323
303
173
425
326
323
293
384
353
388
338
368
303
194
173
278
202
336
333
346
267
321
283
366
329
336
333
291
341
318
324
346
338
324
339
338
211
348
324
356
326
514
323
271
178
353
293
242
160
308
264
236
132
378
307
341
313
321
316
237
346
406
222
376
343
268
323
294
348
14919
297
241
174
249
234
248
166
308
331
295
333
358
361
279
338
274
341
365
326
271
249
320
345
373
325
328
325
378
303
310
354
262
205
305
350
343
259
205
324
329
328
321
333
386
341
454
343
338
298
321
311
319
326
219
169
348
339
349
348
375
338
331
326
316
326
268
311
281
328
426
273
374
311
348
318
299
311
227
189
175
326
259
341
379
316
346
150
304
340
277
326
379
311
301
247
356
326
358
325
376
326
276
338
491
326
183
263
388
324
376
290
351
299
328
311
272
310
286
242
284
266
270
283
477
324
301
218
376
344
381
355
387
278
326
263
356
341
300
323
329
325
385
331
303
314
360
228
433
311
394
308
251
259
334
279
439
348
352
325
381
195
323
328
415
327
262
213
323
220
395
346
285
311
292
323
353
323
401
328
331
164
301
303
226
208
295
275
371
326
322
194
381
311
358
324
187
180
353
339
281
326
243
224
346
232
329
326
303
311
277
326
308
311
255
328
323
316
391
325
364
326
330
331
317
311
471
342
276
340
375
326
343
324
188
361
426
325
331
310
386
335
297
260
343
215
383
314
268
313
378
149
331
341
321
336
401
329
315
341
357
178
317
338
393
328
266
147
301
263
344
266
310
351
296
311
260
323
349
325
308
280
329
328
398
341
381
214
205
323
254
334
341
274
338
222
194
168
323
339
366
167
379
341
391
336
262
331
346
323
271
353
313
280
376
258
219
160
353
306
358
339
417
341
319
303
398
251
281
272
208
165
353
324
321
285
387
326
329
353
198
341
238
263
353
326
370
323
303
260
366
329
321
368
268
326
340
145
339
325
323
341
382
339
265
316
328
338
325
313
331
326
344
339
223
187
305
275
317
208
335
170
380
271
300
346
235
291
233
323
291
262
343
298
315
338
375
356
364
326
280
194
293
246
320
270
371
313
213
214
309
326
321
191
191
270
308
260
398
321
338
323
311
311
323
253
282
235
329
346
439
323
348
226
351
326
291
325
376
340
394
259
454
353
347
193
391
326
378
270
323
234
344
340
401
326
346
285
221
324
334
325
333
209
361
326
280
303
345
339
227
203
346
326
336
338
355
305
443
185
224
184
340
325
331
167
270
185
250
334
278
287
206
178
356
337
368
323
172
337
302
263
333
311
273
313
334
311
224
202
279
276
355
324
308
326
450
325
360
266
368
279
331
339
336
334
376
348
319
311
364
293
273
247
374
288
511
184
336
338
378
185
296
311
389
327
363
323
354
311
326
142
351
338
316
182
338
320
336
333
330
351
361
321
343
215
335
346
343
192
371
329
310
218
301
339
416
311
394
310
367
338
268
338
302
379
348
336
384
341
398
336
253
311
353
331
524
353
336
311
323
341
317
326
351
286
366
326
255
345
368
311
354
346
346
326
356
323
316
324
341
237
439
338
349
338
451
339
428
338
262
326
308
320
346
354
348
145
281
338
441
174
373
326
292
326
237
323
319
328
306
326
368
236
286
274
403
323
386
277
361
311
328
255
359
326
354
335
369
291
297
351
321
338
356
184
371
341
323
338
343
344
318
311
339
208
335
326
349
276
286
301
376
326
276
303
353
343
361
341
381
501
336
326
273
336
365
305
336
264
364
336
278
244
237
321
355
351
196
171
223
344
323
190
377
325
369
326
358
326
374
338
190
144
243
192
327
238
314
343
245
325
232
326
336
253
184
325
307
321
360
184
284
346
336
366
237
227
338
194
283
311
349
178
303
311
276
260
340
341
207
190
348
193
349
272
441
284
333
324
394
326
446
185
383
235
204
191
350
300
406
311
349
338
348
325
448
341
358
343
346
270
273
221
446
242
349
326
327
338
315
246
234
199
366
261
323
313
324
325
251
319
358
328
356
328
324
238
336
270
330
316
331
286
331
313
338
319
361
325
281
230
368
311
328
299
373
235
188
128
467
353
482
219
206
198
328
355
367
325
337
226
329
258
331
315
388
341
366
351
283
321
349
346
348
238
305
264
411
325
266
338
331
311
375
331
306
209
208
323
260
338
237
147
159
272
271
325
389
326
341
338
319
338
344
338
425
293
367
259
466
183
378
235
321
329
336
301
326
310
358
369
281
311
353
305
366
326
286
261
303
353
270
338
374
326
221
314
398
321
393
336
343
340
318
338
283
321
229
170
203
156
198
164
