4224411
256672
2277711
284639
2503611
205201
2583884
195481
2486024
314215
2678858
313427
2641645
325754
2640224
225574
2697453
219969
2782034
294204
2619982
294033
2421063
287723
2560820
349302
2477046
303974
2603849
267049
2465210
187527
2510372
189553
2231766
216027
2695840
295232
2697029
284355
2172653
268302
2726326
225486
2496480
169698
2463229
258573
2506823
245844
2408742
160888
2662812
248507
2724364
260121
2180980
187358
2555573
261040
2636767
241711
2291878
233746
2450951
219548
2604129
317084
2388857
232343
2535120
169805
2510391
211315
2465744
214728
2581056
262076
2742197
272638
2535700
238367
2644669
269301
2510031
274941
2685375
307442
2387839
267971
2324796
215568
2524532
235315
2205912
234805
2256387
237227
2478407
195849
2540252
226070
2680145
329310
2656289
275658
2517894
240737
2572531
196368
2405721
221451
2499930
167133
2793439
326599
2646974
390029
2633067
274170
2564266
366646
2653113
265292
2466496
234054
2547146
212599
2579480
161055
2506147
234996
2528706
226933
2362688
166432
2596228
195466
2299961
167527
2384122
148946
2495635
203144
2606803
141778
2260962
203389
2431463
188998
2267251
171948
2576836
182318
2344852
165274
2421643
171177
2573335
158299
2503192
174643
2606128
162216
2274827
150631
2108090
301183
2692815
297575
2333423
230883
2539582
189476
2469515
224643
2605780
180129
2567040
173389
2412143
195761
2282458
191688
2305762
164873
2539717
189829
2095484
186733
2638444
224203
2860463
274348
2600956
262154
2520432
352570
2389907
190628
2608816
239732
2324059
246110
2538574
239542
2624508
337539
2466079
263101
2461589
290777
2576314
262676
2728292
310939
2417245
203108
2624931
201492
2567010
250801
2602685
254494
2685437
333326
2486900
337273
2822340
257251
2626018
256512
2376840
373380
2416577
220988
2238021
234501
2573595
221621
2562683
282274
2493458
255620
2582747
283259
2665094
303449
2677384
279252
2588499
382517
2598629
324816
2473074
354310
2514449
250390
2685260
261816
2376414
240731
2379185
286659
2609192
451614
2725589
327355
2475736
363718
2461221
260832
2515838
253493
2427635
167126
2529021
163470
2116659
192193
2264755
154421
2384811
191085
2337974
202166
2266464
204880
2362095
249957
2604445
294394
2639591
233616
2658134
337205
2505653
209632
2773488
315382
2698096
321206
2613453
301263
2628078
340636
2669634
328756
2527832
314170
2407901
172186
2362268
198146
2528928
169188
1923669
188808
2440757
393046
2421194
249483
2494080
333487
2560796
246400
2615468
254567
2570090
272706
2373536
201627
2366312
231361
2352961
260400
2701851
275297
2650703
240632
2350003
218893
2629759
218158
2590459
265598
2518594
269868
2423917
252415
2672295
263690
2367246
288431
2366136
252086
2301115
255737
2605682
280552
2595554
282400
2445263
183216
2356414
173978
2450260
234866
2445729
194067
2383450
210503
2270148
163958
2530536
270955
2419351
265302
2609500
261418
2612491
188932
2468084
253351
2611373
215450
2544358
261791
2364473
164232
2544942
217903
2629895
252565
2658771
237513
2446856
244423
2600029
216226
2403278
246568
2488103
246882
2576732
195505
2535876
193773
2638521
300918
2510280
254845
2750256
261286
2706422
223972
2611654
300329
2574724
206714
2570279
169016
2439812
252235
2566705
291529
2532037
211078
2698093
233884
2505443
283220
2677948
323617
2671462
306908
2497888
166587
2642572
211165
2425967
200928
2469877
301727
2472280
274528
2425809
218896
2447763
241965
2291413
234213
2490915
159443
2587940
283642
2493230
316174
2638825
233603
2646459
194033
2526812
322268
2682466
369457
2583353
314824
2600631
217776
2396707
228396
2507490
207027
2498874
229067
2584487
232121
2573956
291913
2671266
202897
2516175
262871
2721697
219333
2649844
222233
2641251
294461
2531950
234869
2728867
249336
2651012
243026
2340935
181979
2483422
176000
2536907
167405
2724631
232293
2714340
242837
2545894
267203
2535966
324648
2707227
309802
2545490
326885
2593180
279869
2498190
324262
2728607
317137
2483305
229280
2488364
321970
2490559
312855
2298022
212821
2523553
161858
2488267
179612
2431031
298063
2515203
254714
2670752
323035
2397162
228409
2530478
172974
2457773
201446
2477390
192036
2524672
193872
2357819
168116
2300241
193117
2522895
199941
2412098
188659
2308401
226202
2539116
193025
2344910
175272
2450205
188272
2289420
198081
2502645
188699
2438168
298528
2515937
244527
2590390
249669
2748466
281509
2603303
237708
2646739
288501
2430728
264517
2609572
344557
2512821
330033
2511758
252439
2709398
252244
2762892
415623
2613976
282790
2475955
315570
2649927
329877
2595697
329480
2537480
220018
2585347
250284
2846681
324464
2400675
295617
2606335
279519
2470586
325581
2844590
379159
2631220
322681
2721830
333103
2424155
214837
2469870
154090
2572063
373325
2729848
262117
2693489
228762
2609839
234942
2596898
210322
2556996
234034
2539339
255348
2471884
231377
2579199
215952
2527417
272282
2632065
159573
2389080
176273
2378668
155066
2147902
154160
2477719
279990
2530742
248921
2559851
216090
2528394
244898
2515290
217051
2526968
234803
2472600
254301
2840681
341518
3816923
338258
2709589
338192
2850386
304372
2851987
292063
2339187
298661
2620153
246313
2712170
298432
2619018
268411
2527694
272230
2564302
288890
2435844
328045
2519268
381839
2820475
370590
2543381
355838
2706479
263841
2556226
343040
2549327
338940
2662627
313801
2569941
326263
2659326
256321
2620934
339723
2409026
225774
2457532
164306
2419624
177507
2475917
208287
2400318
219730
2528752
369890
2730953
314142
2641737
279360
2400837
321238
2711075
314127
2508146
203981
2471066
194572
2407668
219258
2471048
277683
2604101
277793
2756642
259819
2583699
255002
2555508
394697
2651971
274902
2549975
394146
2562136
374672
2306735
224660
2570248
291479
2353756
232789
2584528
302074
2647373
272620
2291296
202445
2779862
361722
2529014
245331
2520721
270239
2419170
235347
2560681
180287
2450509
192150
2451186
189446
2457070
172992
2376144
167696
2482065
191619
2326593
226610
2461771
159005
2394155
177300
2522630
188410
2423243
167281
2453401
253863
2485512
270409
2576173
310785
2640599
235278
2601917
211785
2660856
314127
2723518
279892
3484963
326550
2709198
232462
2430829
172900
2369073
167207
2504771
199926
2516612
167542
2369779
208669
2325970
206418
2369825
215351
2484059
190237
2569273
320213
2433985
254996
2506876
254750
2524940
327893
2690136
312354
2376874
246273
2562606
350328
2604057
289453
2413423
248320
2463451
269521
2399181
235783
2358485
237694
2461007
211591
2486405
226287
2499925
300213
2396112
229091
2542559
275745
2443818
208252
2512672
238699
2443533
285146
2410456
266962
2602190
252216
2502377
259779
2576019
267961
2545427
227788
2685955
245534
2650398
262981
2424830
196170
2477505
235967
2565118
245020
2528575
248403
2558989
237709
2520079
257838
2621207
198640
2688712
205646
2461786
243329
2301537
219451
2410321
244014
2765723
254356
2492546
195212
2530961
236657
2483112
240509
2491451
225503
2553869
229780
2623949
231855
2260093
167506
2268366
197298
2540893
225247
2591403
186334
2482837
185639
2445480
234444
2446320
154362
2391133
184157
2626469
169024
2317743
168402
2557374
192352
2508295
239919
2691616
225430
2720587
272906
2628336
213131
2575452
242144
2642194
190536
2403041
161107
2407092
171912
2399669
165655
2362298
161192
2586672
195765
2285696
169987
2409982
156832
2300612
165440
2330603
156309
2220904
195715
2474341
193769
2344174
158889
2433651
165610
204207841
392872
2539937
286547
2573321
381735
2573305
289071
2483301
184661
2492835
175102
2462612
316515
2468382
312641
2540086
220605
2316193
187996
2395134
234222
2328393
211528
2462421
177984
2644689
283576
2422867
210550
2515527
281487
2737705
267414
2599871
183306
2462119
236175
2540387
206433
2469299
233200
2610712
266183
2535598
190410
2567773
230665
2420698
176028
2564134
250519
2464702
283549
2802663
253454
2484348
269085
2531943
259241
2557828
251019
2532237
278697
2609490
244223
2851272
392336
2529832
273161
2835149
415839
2624599
227839
2836481
387459
2858457
330963
2640269
500885
2724406
396793
2670015
297706
2791484
270780
2796480
318379
2838514
387790
2746467
372697
2522280
246414
2584655
243882
2612839
293129
2803051
185880
2638084
285496
2369352
176049
2720541
346361
2826216
349910
2486439
290823
2721914
372767
2736788
352250
2575580
321864
2552701
247932
2616544
346547
2242426
198683
2558486
203785
2487191
288527
2406965
236111
2537105
205905
2363755
244295
2441485
190429
2259934
206563
2604196
246649
2509353
255768
2468439
166396
2651881
291785
2752182
212129
2485451
208095
2609074
201697
2628961
204585
2578534
163762
2581585
261914
2594425
166355
2659979
255170
2515347
259192
2596465
186548
2317893
197224
2626715
216644
2542467
222313
2622862
288975
2596788
193996
2406067
236630
2553081
304419
2536168
170193
2338157
155995
2365848
231596
2386308
174266
2374114
229801
2497250
182112
2284211
198145
2434214
220175
2632593
180059
2593366
228708
2703277
250632
2661930
163969
2478795
159544
2545273
160813
2291274
166782
2626280
176028
2696494
188094
2435440
178812
2539745
183743
2280644
164251
2457466
186918
2635819
229404
2346611
191531
2594824
196539
2468079
160971
2426516
219426
2208788
179871
2493554
158640
2727118
199486
2427540
192929
2510034
185684
2609371
249231
2519600
229875
2650166
282985
2358761
171797
2571907
169390
2517908
159085
2649791
175415
2487482
264416
2585518
273032
2660555
269620
2632771
274634
2566441
284104
2718607
276239
2838135
299997
2625753
239419
2666552
404603
2668358
344889
2712567
288353
2626935
266565
2899665
297811
2826986
358694
2785069
271129
2563543
289711
2716167
458847
2816304
247796
2358146
339365
2380113
295829
2502230
253801
2635906
239653
2256719
309062
2333286
203332
2603718
316096
2763063
259957
2370931
270473
2402975
257519
2648382
238975
2610033
285256
2533529
224939
2493300
268701
2512210
225155
2615258
255909
2652542
240550
2705754
292962
2618032
247795
2487016
207879
2706532
260025
2677450
246558
2587423
359625
2794800
263970
2425536
219783
2703511
268461
2551648
323158
2593000
331287
2496323
262984
2671795
424001
2558943
302522
2626705
248427
2479698
250251
2381299
269208
2435437
282838
2689140
331339
2600712
272136
2645692
263628
2623170
200123
2718695
287252
2643213
206742
2814107
283248
2641336
187692
2691607
296785
2567641
242849
2654029
288440
2552145
285134
2624135
254157
2493258
234118
2723786
261544
2642370
289721
2461370
249729
2430774
218415
2532689
242542
2635074
317420
2570522
155400
2514505
230959
2502531
172931
2437624
192492
2373698
262418
2473192
231060
2377579
206169
2635382
216363
2492478
297526
2438959
241786
2452143
200618
2487584
195270
2531328
371128
2479605
279829
2304198
240380
2594143
164305
2348449
241633
2765468
284682
2651029
252786
2550019
182930
2679079
225011
2409519
241339
2634686
242176
2524397
253750
2675054
245036
2670446
246546
2605614
276525
2500642
301553
2400952
281828
2433855
263117
2578970
282386
2358291
243809
2531235
233028
2522440
329810
2813844
354111
2886985
359014
2760045
307024
2652324
250847
2494326
169452
2481487
202126
2574434
285058
2543529
315441
2731375
334599
2755261
352154
2640611
385473
2476841
257148
2565966
283013
2553610
280346
2537889
358219
2401677
183425
2292175
148097
2537742
310252
2560252
304596
2546343
270336
2718715
355112
2643810
388486
2766265
351731
2581975
272661
2608311
262124
2565573
286445
2741737
380736
2629166
286701
2591411
258152
2739036
285892
2616016
272621
2557303
321559
2463198
401474
2628687
329362
2594042
212207
2580882
203191
2492228
327445
2503598
288511
2512160
280432
2456571
249370
2662658
375000
2692194
347934
2650592
283055
2643100
203073
2535482
253785
2688040
233827
2526238
280790
2753714
293628
2797759
383241
2609689
301380
3529347
353560
2351129
265104
2634618
317014
2594920
256017
2739254
257904
2514376
275060
2441502
193468
2289992
146447
2536182
235615
2560565
406096
2466692
234451
2594269
195326
2680256
211162
1988590
177767
2566628
233777
2591546
211021
2484597
211079
2688636
157241
2568286
314736
2608187
318565
2475662
240996
2366590
246334
2449665
226012
2634765
178479
2626480
185461
2626185
190745
2510307
172806
2519263
166110
2277550
175936
2552834
161947
2348784
176126
2507438
148879
2579948
258149
2579608
233266
2397319
234143
2489982
238209
2609190
200157
2494462
254389
2506468
203810
2562089
205763
2521538
227244
2284597
201549
2638045
205321
2545528
209386
2410858
153599
2589051
202258
2553870
173318
2432728
165087
2235015
173120
2488294
184681
2549517
235658
2578467
154864
2524849
163116
2467826
196247
2534417
160400
2427390
203976
2487830
158035
2671643
235723
2626653
157133
2574784
162562
2649060
179829
2445845
147113
2272463
161664
2401307
168203
2596895
202954
2451681
183872
2784428
252861
2522858
160917
2663260
232717
2645716
143276
2495300
272406
2635414
275584
2493504
172057
2567597
198538
2602255
183124
2742264
302891
2828144
244310
2349683
196525
2524885
183227
2554423
188316
2401762
161758
2784915
251743
2465061
166346
2531416
316820
2610974
182230
2455655
199472
2383549
189169
2435250
170151
2889619
367007
2705792
201155
2609500
249996
2592179
413890
2600312
246551
2705758
181990
2619828
341821
2634318
256119
2318329
238628
2803470
405132
2638205
230926
2543157
299823
2668089
248149
2562312
206983
2568984
194687
2571618
196038
2261571
186129
2650891
222428
2458608
237064
2533500
249187
2577579
220278
2561650
212821
2577222
251210
2737060
193181
2599346
196567
2561480
274511
2739721
237949
2673090
278177
2610821
245956
2668304
265063
2623275
210864
2593531
231057
2679203
277495
2324193
237628
2560801
258990
2543364
259272
2679981
328321
2526657
296183
2602669
292254
2521526
212481
2353231
177560
2716889
221825
2424222
170778
2618795
204733
2678554
158372
2612293
194546
2429548
229545
2537588
261670
2511454
206132
2627656
226565
2332303
208715
2386557
197210
2560020
160136
2649429
172834
2537563
156630
2460174
167688
2487888
155633
2613627
233291
2302801
192180
2543523
224574
2340682
196399
2700243
177126
2552404
184619
2371238
196233
2512294
176262
2399917
163152
2441230
194591
2251809
176044
2424422
160025
2498382
304404
2442226
195110
2243249
165878
2389117
204592
2565445
201539
2562331
264633
2558231
312656
2446826
271521
2367658
257170
2326435
231321
2616782
226675
2505120
247407
2354131
201115
2383607
232920
2562461
245811
2458689
415589
2425634
233249
2250620
236823
2446815
183940
2395560
148196
2524680
179920
2312395
174224
2473706
190451
2450876
191344
2526817
197966
2317050
151376
2564120
201661
2393692
210699
2487510
168773
2346032
179131
2371728
176775
2425593
172017
2468369
256378
2736508
403180
2627008
333262
2631497
278404
2550752
206560
2334473
245081
2368131
313664
2471013
223387
2536256
391818
2615894
252193
2381219
202832
2362745
185115
2608513
285292
2450862
212101
2604920
258250
2547064
248208
2485098
171337
2350031
177277
2453984
202185
2675102
202950
2673289
205286
2349628
174946
2731421
284331
2349033
221789
2545079
169867
2489622
204159
2482126
201908
2406155
217955
2404794
252799
2630948
344045
2286910
219085
2549519
361684
2520364
211590
2578787
301486
2461089
255409
2586683
207897
2554811
226622
2724819
261400
2351118
232673
