491
477
231
249
469
377
536
483
372
288
549
469
358
458
493
474
448
443
405
324
389
281
734
458
292
221
245
471
504
476
414
474
343
323
509
476
519
511
508
466
478
456
565
364
254
453
413
453
413
488
549
426
539
443
526
468
562
304
429
265
438
458
219
253
414
343
341
429
431
456
424
469
456
479
579
471
365
484
511
434
279
312
546
471
611
444
514
471
567
476
714
478
561
438
402
471
451
486
352
486
320
291
454
479
448
474
373
350
524
477
426
468
270
499
444
454
279
436
319
305
539
493
509
468
436
456
509
486
456
476
491
501
489
292
379
459
481
451
325
253
323
258
421
281
405
431
512
469
407
373
290
243
415
244
549
198
499
297
496
471
579
451
667
476
536
358
476
397
280
202
341
274
521
469
467
507
471
481
511
318
275
158
529
365
439
471
475
325
408
344
504
459
515
461
388
266
519
290
541
454
544
488
375
282
454
399
502
431
479
436
524
471
471
484
427
391
476
471
494
459
481
491
387
320
418
369
556
461
436
356
427
471
553
469
406
447
478
458
536
474
512
342
445
471
511
476
529
454
222
274
382
306
506
254
385
343
411
464
320
250
395
318
536
438
524
439
336
269
423
499
519
455
556
502
323
259
251
476
546
476
514
468
286
261
516
341
406
333
631
489
551
467
349
320
518
263
528
489
692
471
264
486
450
444
456
496
539
472
326
469
329
263
574
462
179
200
507
446
671
471
596
476
521
461
519
489
512
277
551
557
321
246
491
446
516
483
343
476
529
451
594
303
447
349
524
435
348
261
491
498
644
453
539
469
544
449
526
416
538
290
517
253
431
489
493
471
511
465
539
476
599
471
519
476
511
461
345
315
429
370
456
306
328
458
524
451
584
471
486
512
332
471
334
478
466
471
506
484
335
265
563
431
397
324
434
468
488
472
494
486
466
504
536
435
556
459
444
489
574
436
320
275
526
509
448
446
553
468
543
499
410
344
443
384
584
517
431
361
439
339
446
464
574
493
546
491
381
232
477
370
524
382
641
479
524
475
546
419
454
438
541
498
404
444
584
276
601
468
275
200
474
494
381
302
539
461
547
456
565
589
474
316
496
484
503
474
517
448
313
487
647
491
285
261
400
331
471
481
553
477
355
486
576
486
437
488
509
491
602
481
502
332
584
477
394
491
632
461
436
450
471
469
507
457
281
282
487
281
458
477
446
484
424
455
549
489
459
491
463
474
278
191
523
471
424
448
484
476
497
476
413
380
513
431
478
471
517
474
476
423
393
346
616
349
649
454
549
486
519
436
656
443
446
486
551
438
503
491
389
321
439
474
471
395
432
488
602
484
487
278
587
473
559
474
469
471
527
469
498
464
539
492
496
458
434
410
386
311
459
408
455
444
401
474
541
458
533
444
247
471
364
456
481
473
310
199
539
466
586
456
345
187
526
454
444
348
577
483
531
437
386
465
555
471
476
217
542
477
554
466
461
471
509
483
581
436
501
458
461
466
361
275
679
471
479
472
491
441
516
492
388
479
481
325
378
436
449
414
739
397
529
367
507
469
481
418
295
203
373
445
536
471
531
471
536
466
492
466
526
456
732
472
392
276
524
463
371
354
479
463
350
434
471
479
335
453
553
237
521
491
418
341
306
484
511
459
408
468
491
488
536
489
361
354
494
471
403
489
396
378
494
471
508
461
521
455
418
364
531
438
399
365
426
459
770
387
521
476
584
484
431
476
368
345
439
398
451
488
291
255
375
485
637
436
536
479
509
389
456
484
506
428
334
268
474
487
537
467
544
446
357
266
620
449
333
398
238
489
306
471
589
469
554
471
405
471
394
476
414
305
571
476
382
471
461
468
503
468
490
305
365
431
521
346
508
471
589
458
408
292
459
481
561
468
584
475
575
471
553
426
501
471
533
451
446
395
401
476
504
471
504
477
459
474
577
456
403
488
529
471
475
459
534
441
418
341
376
378
528
471
536
397
486
459
231
185
514
471
404
354
559
449
541
487
542
476
587
491
501
453
354
483
631
458
378
446
554
468
541
471
489
456
487
461
562
469
381
299
511
414
253
204
408
473
424
482
551
412
383
471
441
458
489
396
506
491
514
471
486
504
485
443
549
472
576
471
473
471
526
457
313
375
386
381
504
459
572
401
764
509
474
484
592
494
514
493
496
479
379
305
513
501
679
471
504
476
452
332
409
471
377
504
519
444
474
488
515
459
531
489
534
473
420
397
526
486
488
372
414
347
559
462
514
455
534
458
501
466
444
471
501
387
422
348
732
366
519
473
704
476
521
434
614
474
504
479
385
405
568
468
366
314
496
486
534
459
494
473
516
454
611
399
439
183
544
456
523
489
498
363
556
489
481
477
433
366
426
377
534
361
434
381
488
494
660
363
566
342
522
471
425
501
498
439
534
471
554
472
370
318
549
471
398
364
475
369
324
356
516
445
599
475
580
488
496
488
561
456
646
471
517
355
583
471
511
475
769
471
579
471
574
471
579
496
551
476
405
280
579
489
531
326
297
377
581
484
516
484
546
381
503
486
483
484
508
483
506
469
324
220
722
411
516
459
568
484
463
468
499
489
476
483
479
394
526
469
460
412
574
469
574
436
481
376
423
468
406
386
372
316
491
367
619
487
401
461
454
254
514
459
584
356
476
456
511
477
511
476
544
288
457
372
429
476
479
489
409
401
361
471
546
471
559
484
536
397
389
269
516
476
551
468
404
280
448
394
453
483
430
395
569
407
506
461
488
499
353
256
469
524
562
466
563
451
601
461
487
477
546
471
511
456
584
367
290
491
541
471
423
459
539
456
534
476
574
471
449
473
526
468
629
474
498
371
545
476
501
466
483
471
526
385
647
485
445
466
500
412
611
476
425
370
441
359
504
471
829
483
529
458
331
328
516
260
406
473
534
471
573
264
537
429
403
370
541
465
526
473
474
420
496
459
603
456
353
408
602
319
449
468
766
441
559
487
429
471
459
474
501
471
471
469
451
467
432
357
358
275
678
469
501
468
529
338
507
478
553
469
559
374
516
341
437
344
566
491
439
414
372
354
501
292
293
474
461
461
501
455
547
471
526
476
519
484
443
477
513
488
524
379
491
481
645
274
456
483
548
474
519
458
514
471
331
315
544
476
573
431
493
501
509
472
479
456
606
456
548
483
596
259
562
458
474
477
511
471
558
461
468
483
464
476
594
356
489
484
511
415
527
492
529
409
569
476
285
469
564
479
503
489
587
499
441
395
531
497
539
476
496
491
443
412
527
471
493
413
526
468
444
476
417
476
544
498
511
468
589
477
520
373
536
388
488
476
571
471
448
483
533
477
511
267
509
486
491
454
344
326
456
491
442
459
329
315
481
469
363
325
287
491
572
310
531
449
543
455
548
468
516
489
376
314
526
531
649
391
551
489
443
269
491
358
601
471
471
458
416
471
481
381
484
369
481
461
571
476
511
486
401
433
434
471
447
417
509
459
641
426
436
359
476
476
384
263
522
488
567
496
522
411
411
508
475
461
397
319
343
327
280
227
542
471
397
491
563
341
563
484
561
474
362
189
491
250
364
401
586
416
473
474
353
403
506
459
525
479
444
313
541
349
456
441
517
474
537
475
544
471
584
471
430
270
521
493
527
461
569
478
471
366
436
364
667
473
291
482
544
504
549
471
609
434
805
489
322
199
621
489
583
433
569
476
543
491
526
311
536
456
467
469
343
471
255
268
571
476
499
459
339
401
493
460
471
466
528
469
551
469
757
466
300
486
518
244
486
461
528
489
509
475
545
474
499
471
626
443
544
357
476
342
538
456
537
476
516
477
404
295
471
458
371
429
499
476
513
401
434
436
391
441
549
469
511
473
569
479
366
484
452
501
622
468
662
474
545
464
490
359
454
258
607
478
506
549
411
404
554
411
516
453
561
456
481
409
529
399
519
503
508
488
468
456
521
471
486
328
559
468
439
299
427
434
364
241
523
456
508
431
489
475
664
491
503
411
569
486
544
477
574
309
474
504
572
469
592
476
488
462
494
378
466
491
589
474
385
299
448
409
516
454
541
471
524
456
580
352
686
489
438
486
436
322
546
468
461
473
955
501
371
293
478
489
488
483
646
249
551
474
546
471
631
468
489
496
509
429
556
271
541
469
538
469
529
456
576
468
499
481
479
476
289
471
436
319
501
473
382
491
624
491
612
469
549
365
604
473
569
431
433
414
504
457
285
221
576
471
323
468
483
469
457
474
521
474
559
473
529
459
538
467
407
456
526
476
487
491
491
483
449
461
457
315
432
463
581
471
571
461
323
476
494
499
594
473
546
423
430
498
441
370
517
471
516
463
294
215
529
453
324
472
539
305
451
471
576
451
536
468
524
469
531
491
573
483
481
476
533
473
549
471
512
471
531
478
406
471
551
502
625
484
471
454
615
479
576
476
487
486
541
364
475
481
501
481
544
457
367
289
545
471
241
473
449
461
454
471
541
489
446
351
551
491
425
357
372
485
509
471
352
453
444
353
326
280
606
513
577
483
589
476
