476
476
251
149
422
360
447
354
321
199
469
456
311
279
514
458
545
448
385
433
307
303
511
476
277
178
519
438
361
283
481
474
373
313
368
458
544
466
546
451
424
367
539
471
488
313
345
289
496
458
526
471
526
454
385
261
258
457
529
342
553
471
337
253
521
329
481
316
528
453
423
461
411
416
505
491
533
468
546
491
351
312
508
496
486
431
371
296
371
456
356
250
436
468
496
304
348
444
329
479
309
388
488
429
546
481
399
466
501
488
501
453
374
400
330
252
539
197
422
350
488
454
334
484
562
345
496
461
492
471
580
483
448
296
544
214
482
476
507
341
439
417
544
469
416
476
367
292
380
305
336
374
253
243
529
368
332
293
275
483
359
255
506
477
774
471
493
473
300
203
351
270
475
459
528
476
255
494
549
479
405
363
506
459
390
401
519
359
311
484
519
476
345
468
291
271
359
276
374
276
543
449
504
451
441
448
400
268
441
368
494
391
449
476
700
498
373
367
361
471
474
460
320
202
428
188
471
472
387
305
273
269
594
489
497
476
471
373
245
175
534
461
493
415
587
439
577
468
309
283
538
466
299
243
517
340
414
424
314
322
389
304
489
481
506
471
439
456
531
438
523
193
639
464
526
494
501
208
549
481
338
476
489
456
431
484
488
458
559
446
449
401
504
467
280
270
531
403
383
529
601
476
484
459
566
429
543
451
499
471
448
270
431
379
345
298
293
451
579
484
532
431
463
491
234
307
497
498
504
431
532
491
484
459
559
471
564
471
594
436
354
361
541
469
467
488
438
477
456
498
481
488
380
284
539
474
348
491
352
363
415
491
501
476
342
198
410
397
428
487
463
411
518
471
511
486
514
471
508
471
486
458
338
261
376
363
552
478
542
492
421
367
328
253
362
364
539
451
551
458
527
484
353
403
421
357
561
476
533
469
425
455
562
358
331
484
606
476
492
401
439
414
498
447
508
475
370
357
341
277
474
504
819
396
345
463
589
488
521
488
416
479
527
476
685
357
539
471
380
315
266
208
465
469
481
456
572
474
526
439
466
483
434
342
377
365
435
469
507
471
434
454
513
484
408
369
543
489
569
456
449
479
418
345
439
476
304
343
457
399
287
200
388
350
389
250
526
461
509
408
501
443
549
488
402
359
512
431
551
471
338
293
484
369
396
489
599
457
505
290
373
471
506
413
392
346
634
471
556
471
617
474
446
315
491
471
498
476
531
468
484
455
415
375
506
397
484
458
571
476
385
340
521
474
349
202
408
503
438
316
526
425
528
491
534
471
426
401
511
479
437
319
503
299
543
458
554
377
459
401
499
468
516
476
471
429
465
422
304
183
500
290
523
476
586
481
369
439
322
265
489
458
489
471
804
396
384
448
195
409
456
397
411
447
427
359
553
471
559
461
531
488
505
451
483
554
789
476
564
471
752
191
488
471
558
477
360
308
391
319
549
251
451
447
536
396
509
484
423
392
373
290
531
492
599
486
536
443
317
218
325
263
548
416
325
292
542
449
534
466
525
483
486
486
667
489
670
523
532
438
529
469
603
338
459
393
262
185
435
468
488
466
358
429
518
476
757
441
339
469
450
293
502
257
392
359
528
476
449
461
264
489
561
474
546
507
513
501
377
354
468
487
346
471
465
399
652
476
292
291
523
317
554
486
553
421
539
471
619
355
484
488
523
385
539
466
556
410
609
471
494
471
476
421
501
483
518
475
456
394
568
471
299
496
516
484
332
256
526
451
442
471
454
476
529
471
544
464
374
413
489
473
509
489
325
249
554
489
500
443
516
471
258
461
438
459
499
434
509
456
538
483
482
476
418
399
499
411
346
254
302
484
547
459
541
468
544
483
476
446
499
458
522
483
528
332
488
446
501
491
557
471
527
489
338
267
649
469
481
484
431
315
528
474
436
359
513
459
542
444
489
503
483
463
527
484
488
427
478
489
539
471
433
488
343
331
509
469
742
454
514
454
360
314
494
491
494
483
556
471
649
394
539
376
509
471
444
483
415
471
536
252
426
312
345
256
526
471
387
307
547
476
534
494
526
476
485
344
276
158
524
452
509
458
487
471
509
458
509
484
361
313
561
471
479
451
564
293
617
468
565
433
501
458
501
459
352
408
634
444
528
441
505
340
458
456
527
435
380
491
501
476
395
363
597
466
588
469
564
342
341
328
465
368
514
489
390
322
387
332
613
486
494
438
593
467
450
370
387
471
581
386
491
471
432
307
467
373
558
249
276
212
529
439
573
475
494
487
519
476
531
374
444
299
403
409
549
456
486
484
525
344
527
431
487
366
539
271
476
474
531
474
462
458
546
331
483
438
538
473
534
469
260
469
322
330
534
475
527
444
521
469
403
368
546
198
528
461
539
311
452
409
398
349
533
499
601
389
529
459
541
471
582
449
495
384
646
471
514
476
529
459
542
488
479
494
527
471
464
286
561
471
571
471
439
361
539
473
395
332
378
294
499
502
859
456
546
471
579
486
559
474
799
466
403
367
621
486
554
479
561
478
294
356
519
486
586
459
381
468
471
491
609
476
546
471
367
486
493
456
416
473
531
484
464
476
533
471
504
489
566
471
464
397
548
479
506
491
596
491
459
476
559
466
629
339
546
471
562
466
519
471
436
491
559
473
536
491
594
456
378
458
419
307
484
453
422
247
544
471
662
357
536
461
551
466
509
488
536
471
600
458
432
357
386
413
545
429
553
469
317
483
554
458
471
466
642
477
496
489
502
461
561
344
437
464
587
487
440
361
408
369
589
388
509
379
526
471
541
491
539
392
535
488
573
484
546
456
511
471
523
458
470
395
527
476
526
489
545
476
556
314
485
377
609
444
514
361
760
471
465
471
469
476
529
489
447
409
601
501
389
487
574
456
547
303
519
474
524
439
586
473
514
461
504
439
445
376
509
489
381
352
519
469
538
458
581
474
436
453
478
481
526
481
466
274
569
386
487
448
534
477
531
437
511
461
515
456
484
477
672
474
488
471
459
386
523
456
521
486
576
487
526
481
516
476
473
471
402
476
432
391
535
471
534
443
479
489
451
400
564
489
534
196
342
255
458
486
601
471
438
468
456
491
517
469
536
458
476
488
415
471
569
469
657
369
528
375
439
483
486
476
508
291
537
446
551
269
525
484
351
265
517
446
506
426
511
394
711
478
529
458
496
414
433
488
431
393
498
488
410
300
559
379
556
476
434
366
548
466
474
479
496
474
431
323
564
261
381
242
542
469
387
399
465
489
552
486
537
483
491
458
620
265
644
468
524
322
504
455
528
363
557
273
468
466
642
421
622
458
435
382
517
453
392
466
521
370
555
483
534
495
601
471
498
475
556
296
506
471
566
471
504
309
541
476
543
488
522
199
518
476
486
328
508
459
482
461
601
374
581
471
535
512
511
473
569
456
682
471
576
499
416
438
423
491
362
369
380
346
548
416
473
471
481
476
471
506
394
456
245
263
424
383
488
471
542
454
555
471
546
451
444
447
486
486
366
315
338
280
524
378
489
471
537
471
438
358
507
209
521
268
533
456
584
456
544
484
550
489
493
459
659
397
556
365
694
472
344
471
524
469
464
372
516
352
477
471
611
484
569
484
464
438
250
484
571
496
458
471
527
468
571
484
350
267
457
468
517
257
599
476
467
312
496
393
487
391
699
446
424
479
534
468
553
244
557
468
328
389
516
499
441
383
479
474
543
459
481
472
521
471
577
472
534
466
321
471
591
468
488
475
524
392
416
499
491
456
494
258
481
469
370
495
563
489
533
471
621
491
576
458
519
457
729
456
529
427
511
456
458
414
553
471
449
476
461
504
538
396
428
459
531
476
576
244
358
261
441
468
412
382
359
314
553
456
501
486
518
456
619
491
422
262
347
264
546
258
339
374
485
353
469
335
419
483
441
436
390
541
524
488
338
269
624
479
519
476
461
486
446
476
576
471
496
355
491
418
487
395
606
458
604
471
519
475
553
489
413
511
394
353
546
491
609
489
541
472
364
306
639
554
458
473
563
486
526
459
549
471
458
471
511
456
702
467
469
458
539
260
637
473
549
489
492
359
606
479
534
475
538
476
476
468
542
471
559
457
652
481
380
367
534
477
351
460
410
332
416
258
422
461
656
436
608
196
556
459
578
489
444
484
511
489
523
469
524
367
494
471
528
346
367
457
654
455
594
461
589
323
475
316
544
254
551
325
562
482
456
456
617
458
592
469
536
461
528
474
639
474
496
492
594
469
514
489
499
376
505
461
601
474
627
312
396
468
376
325
473
456
534
489
549
476
516
456
516
457
576
459
606
446
353
253
428
484
471
456
491
471
511
473
561
491
499
281
521
471
518
469
542
476
506
471
556
489
541
476
471
488
304
278
506
474
603
476
541
471
482
313
522
501
466
574
536
431
405
349
595
489
616
471
573
401
609
453
501
279
577
444
488
471
491
453
324
191
554
469
491
489
517
466
498
453
335
314
533
458
431
476
556
456
566
462
554
458
553
389
531
454
559
468
536
416
497
479
529
477
514
459
