559
486
506
513
586
420
559
476
474
501
467
421
527
420
517
476
396
474
569
486
537
488
416
484
243
232
431
483
450
394
430
341
339
318
451
399
367
513
178
479
365
499
426
389
621
446
352
496
418
263
361
499
261
275
391
338
556
486
282
227
363
252
591
334
394
476
386
331
483
365
404
503
501
456
475
389
524
496
524
433
411
345
526
435
589
466
561
501
443
499
514
486
603
494
588
504
517
473
716
422
336
287
554
501
528
517
507
486
544
481
544
326
542
486
566
489
488
314
624
496
436
321
351
341
301
264
499
484
516
414
551
491
357
294
499
466
507
499
581
498
499
389
355
449
554
453
541
474
561
499
556
466
456
524
322
264
392
496
471
499
486
325
543
499
471
397
719
496
546
477
421
351
568
303
546
501
526
499
543
498
435
349
532
486
531
486
399
504
438
324
526
353
489
486
559
499
534
191
499
499
506
326
320
472
623
468
534
487
465
380
564
551
342
499
352
265
512
326
469
373
548
406
544
469
281
205
562
469
405
439
523
369
496
496
501
511
422
378
501
486
377
341
469
345
576
487
310
246
538
498
482
469
288
270
350
499
330
310
420
379
424
291
497
512
690
499
299
270
591
483
316
333
509
526
357
486
388
341
317
287
747
487
547
465
441
493
514
461
534
481
536
521
509
284
567
459
434
355
535
489
361
272
682
491
579
485
548
407
522
483
359
337
626
481
611
426
431
371
504
439
469
499
337
288
319
268
494
486
469
511
369
362
347
502
372
281
303
203
572
436
558
496
351
301
574
501
507
451
332
224
479
484
562
499
433
433
534
484
368
334
516
489
523
319
534
277
591
521
543
498
479
498
392
483
417
265
491
489
341
457
385
483
737
418
568
498
417
302
438
384
549
499
394
486
824
499
567
499
536
501
523
524
323
271
516
498
493
486
536
516
506
461
603
399
514
494
394
318
500
446
561
494
529
501
524
484
476
371
541
499
244
164
358
207
300
273
564
389
556
487
470
456
529
485
412
380
497
451
484
327
566
239
521
506
384
498
486
527
602
457
546
499
541
496
396
391
568
449
493
491
445
384
541
499
556
228
459
319
462
368
656
441
479
368
374
511
446
240
504
502
564
499
434
366
488
486
556
504
511
529
401
511
539
479
562
526
553
489
521
521
414
328
451
431
564
504
246
209
436
524
515
381
415
504
411
332
662
306
443
485
298
181
431
411
554
451
528
481
494
538
460
514
530
378
501
486
455
476
493
420
556
501
496
368
281
243
396
464
491
486
519
441
616
471
244
187
517
484
573
501
591
232
364
499
546
501
589
401
367
511
336
307
562
496
246
499
594
446
533
499
370
486
394
473
325
264
521
501
563
499
553
447
456
486
564
487
481
499
561
277
582
378
417
357
538
486
546
494
493
499
614
465
497
459
531
501
481
501
498
449
277
304
610
353
562
245
531
486
478
526
579
443
352
421
507
513
354
272
511
446
344
339
324
205
484
418
529
511
594
484
456
456
428
355
533
499
281
236
240
286
499
481
364
310
362
261
504
486
438
473
536
474
381
389
521
260
496
211
556
499
549
486
446
503
451
463
745
292
434
396
362
399
501
494
468
409
292
194
537
426
320
208
446
501
779
458
281
485
496
514
544
484
551
276
552
511
553
495
597
464
231
190
398
489
364
499
541
498
547
491
697
499
562
378
569
436
587
515
508
498
474
333
474
469
589
499
569
484
567
453
603
399
576
267
682
501
369
318
350
382
426
311
543
484
508
494
546
499
447
399
536
486
525
499
559
496
424
354
529
291
276
216
458
287
464
381
569
486
237
274
554
513
484
407
499
487
571
486
339
276
539
501
407
486
571
498
506
396
531
332
432
272
569
514
509
453
539
499
492
499
405
360
552
483
519
511
447
399
456
434
456
499
394
486
551
501
521
409
471
469
596
376
257
213
514
511
523
499
544
524
487
486
569
334
502
499
574
252
519
489
576
319
518
486
559
420
559
227
477
508
522
399
626
501
808
498
546
487
470
274
531
513
551
499
544
476
625
411
562
503
529
491
475
501
371
499
539
484
569
486
429
516
418
318
551
499
579
521
552
401
452
410
412
408
559
512
553
496
484
495
551
491
573
483
536
511
505
469
472
422
654
499
586
444
641
447
577
511
411
441
426
484
539
385
431
486
549
509
495
363
561
335
496
281
279
486
366
284
721
486
557
499
699
561
414
351
475
487
519
499
582
341
549
499
564
385
385
504
496
486
579
496
454
387
488
505
428
358
526
501
513
511
543
484
582
207
554
499
299
489
463
496
508
501
417
342
504
498
554
502
542
499
597
428
531
486
654
473
563
501
567
496
518
484
612
374
616
499
459
357
541
499
554
499
389
496
381
421
549
498
424
355
400
511
539
376
366
328
589
330
551
489
431
395
501
486
586
514
504
422
504
526
475
414
462
417
531
408
529
476
541
505
464
399
428
399
613
499
511
203
633
504
445
496
499
486
542
471
446
486
514
496
521
488
456
457
533
486
435
436
402
447
426
381
772
511
564
486
621
498
526
274
430
354
509
400
499
491
537
516
519
486
524
498
631
496
461
376
563
496
511
486
583
266
522
498
492
366
499
511
542
498
486
511
539
495
445
403
524
406
559
484
375
496
579
310
574
459
827
486
558
419
624
487
491
509
407
499
669
498
348
410
539
516
514
486
566
502
563
438
536
486
534
497
549
501
406
456
526
486
576
496
401
313
559
501
521
494
402
418
457
431
543
499
527
486
469
417
522
481
500
472
571
485
559
496
568
499
639
499
516
410
492
512
506
486
604
328
489
486
546
487
514
486
385
334
516
498
529
501
404
504
506
408
561
484
822
507
521
511
355
258
608
486
581
484
474
350
363
323
506
488
423
378
561
501
397
296
511
513
601
448
528
489
541
496
430
374
546
501
481
427
527
541
523
481
534
499
441
496
506
484
479
418
444
342
536
514
519
484
571
514
589
276
516
496
534
331
539
498
475
391
566
519
589
501
519
499
408
512
568
488
519
484
360
504
391
332
514
498
543
436
521
481
567
484
506
483
541
498
521
498
538
486
542
483
487
363
466
511
518
496
537
323
581
542
538
441
519
456
557
486
533
501
548
431
441
431
351
277
529
489
329
277
539
496
528
391
524
484
644
496
368
486
546
350
499
409
411
325
508
365
491
499
546
501
553
484
547
502
562
497
544
501
569
499
539
484
544
506
576
322
526
476
504
424
515
487
567
388
461
499
519
485
611
484
541
511
392
339
515
501
523
499
549
498
609
486
542
514
612
414
647
424
531
489
509
512
481
399
443
401
435
369
681
429
424
367
496
485
562
497
626
499
594
506
501
333
666
485
499
486
544
496
564
511
496
492
431
521
526
501
534
522
557
483
549
484
489
420
566
501
486
499
558
499
760
503
501
504
529
483
445
499
457
486
506
486
494
499
495
324
516
484
522
469
462
409
375
309
331
409
378
471
554
486
578
449
506
459
443
496
441
458
560
367
594
483
281
234
574
328
538
481
424
375
293
290
369
330
519
262
519
381
554
515
479
451
566
473
572
498
561
498
499
499
447
329
449
499
514
344
558
496
594
498
523
487
527
504
552
487
328
499
519
417
538
449
291
284
416
499
451
509
523
497
586
499
524
279
454
359
544
417
538
501
392
487
690
485
519
502
545
467
377
389
544
434
418
279
469
496
349
483
566
499
513
499
634
351
538
496
437
285
561
486
533
430
436
486
535
486
386
456
498
474
551
516
579
417
784
493
630
479
381
352
614
489
456
499
782
487
533
486
423
499
559
499
544
403
569
268
438
486
374
499
483
422
586
504
601
514
478
491
619
456
428
421
579
501
596
446
619
461
579
484
639
496
576
486
463
454
566
486
479
346
582
499
541
260
513
511
634
498
526
487
540
382
553
498
549
439
458
443
425
368
491
305
634
493
561
421
532
491
412
389
621
499
510
502
571
322
483
399
649
499
634
518
475
487
531
489
458
422
373
328
446
517
351
493
543
496
511
499
454
484
383
319
494
237
487
446
499
419
611
411
667
383
501
489
582
498
566
499
499
401
709
399
514
471
573
456
759
516
712
486
539
301
463
326
443
408
534
469
518
499
410
372
498
436
474
496
423
487
554
501
531
483
483
484
556
521
504
496
373
401
619
496
598
486
704
501
432
361
603
469
549
499
464
499
529
546
421
483
559
415
445
399
537
496
548
486
592
496
621
454
454
322
652
504
344
335
469
381
602
503
407
293
524
456
531
287
596
499
460
498
717
356
566
391
516
498
549
444
481
498
506
468
794
486
496
501
426
483
441
359
697
501
638
418
474
449
542
486
620
501
564
491
514
503
579
498
613
509
389
354
503
487
609
420
553
501
369
342
439
332
577
486
506
498
569
498
531
511
624
514
576
496
531
494
571
413
561
567
519
514
479
483
548
484
448
426
565
486
275
486
284
203
591
483
463
325
491
486
539
244
463
486
643
498
385
483
549
501
551
489
619
486
285
501
516
498
342
514
498
485
451
333
564
506
