539
499
351
304
523
497
521
486
644
506
534
461
377
410
9459
511
507
470
496
459
583
496
461
503
666
246
519
521
320
312
416
388
516
484
481
498
589
453
431
496
324
322
541
498
315
284
491
399
325
304
546
499
594
493
536
486
330
278
471
499
483
301
262
309
491
499
425
321
571
484
441
501
566
491
396
323
546
494
516
258
392
488
383
486
604
498
479
455
569
481
424
268
293
293
516
457
534
231
370
491
554
372
353
513
388
484
585
472
381
415
380
483
356
323
544
446
546
447
526
519
388
483
498
498
544
498
529
390
394
320
335
265
398
219
321
291
519
375
349
327
499
492
399
509
346
284
534
499
564
456
325
311
499
353
495
355
512
486
511
499
496
324
289
484
354
499
581
471
549
498
457
372
509
499
772
497
449
487
425
484
552
469
373
487
521
409
548
486
407
345
579
486
552
471
363
287
532
487
537
499
519
486
236
466
511
485
324
278
531
250
491
454
690
517
536
270
569
485
356
276
456
501
301
311
435
379
522
376
603
493
533
486
263
485
541
260
456
511
213
489
321
332
566
456
326
265
231
276
519
484
313
489
516
353
624
489
393
319
474
498
534
499
515
499
551
486
488
499
375
331
506
446
534
484
471
338
381
499
519
189
799
466
536
501
541
463
528
476
504
426
506
421
551
275
541
252
532
416
359
238
511
279
461
407
302
204
484
489
322
286
362
248
574
498
489
459
514
426
552
484
561
499
386
390
433
419
319
289
396
499
468
416
626
492
486
489
187
213
481
511
493
514
229
463
549
484
549
444
561
496
491
512
433
424
367
264
400
341
372
325
491
486
494
512
524
498
572
465
309
486
559
487
601
483
547
449
481
499
449
496
506
489
739
433
468
259
517
366
483
423
546
483
527
334
506
486
441
511
410
354
546
499
605
277
538
476
325
261
586
499
506
486
401
212
504
503
378
336
521
502
521
489
536
456
539
435
487
456
516
383
556
377
566
522
509
484
521
408
578
496
460
491
512
363
479
297
522
496
407
419
437
514
370
501
293
279
521
511
505
469
552
447
477
370
521
498
449
419
430
377
398
324
460
542
270
193
406
291
419
449
514
514
426
418
494
496
318
489
566
486
399
477
343
285
527
447
634
411
381
350
531
512
581
517
548
492
481
519
385
377
509
501
591
486
471
441
655
496
491
489
567
486
661
486
406
489
546
511
431
339
556
202
491
501
426
389
366
283
296
266
441
499
434
369
561
501
541
487
549
456
534
498
426
514
510
464
516
501
349
271
416
511
582
499
544
483
452
420
416
501
279
437
584
481
541
506
513
325
501
485
280
324
493
496
511
283
441
499
541
502
503
498
441
526
529
504
562
498
514
462
541
498
501
486
285
339
524
496
561
486
501
488
518
463
474
498
438
511
546
514
461
499
444
353
516
452
418
377
514
496
566
319
359
494
310
246
541
444
351
282
496
511
526
486
569
488
445
430
375
491
380
418
534
259
533
194
536
487
347
299
536
444
564
499
531
466
594
222
329
278
563
499
398
320
410
371
492
486
536
254
499
513
542
485
551
503
515
407
514
511
495
378
507
466
249
515
511
418
384
486
544
499
586
486
548
377
489
512
389
319
536
507
355
452
726
463
561
388
538
409
714
486
522
514
418
383
540
430
330
363
252
484
579
422
584
484
544
488
496
374
609
512
567
471
421
484
447
365
579
498
361
214
719
491
523
486
629
486
521
483
534
255
559
261
571
489
355
304
182
372
536
501
549
401
398
386
427
437
507
509
543
519
558
484
547
483
506
428
535
516
598
472
521
487
380
277
395
351
544
533
416
513
549
519
486
514
511
486
541
499
549
514
531
486
546
484
521
511
425
365
534
449
526
481
601
488
524
511
563
504
454
353
487
514
307
499
649
485
594
499
559
420
405
527
596
474
486
511
544
501
486
491
537
486
524
505
544
486
491
499
520
250
511
498
515
381
566
488
456
403
558
486
513
438
532
489
534
524
642
496
562
324
531
483
352
293
529
507
414
291
615
331
322
277
569
399
387
354
529
370
514
399
523
499
402
355
679
446
418
370
581
564
490
418
611
486
542
506
554
499
433
513
581
486
549
484
389
280
616
498
561
293
544
496
471
379
507
321
475
410
511
498
431
469
391
287
517
498
572
496
572
396
467
421
565
441
549
511
529
380
519
498
327
501
359
511
317
281
554
486
536
439
559
499
594
367
546
486
549
318
494
484
579
513
359
315
544
511
561
333
462
365
355
269
620
509
553
226
574
513
554
326
536
499
574
503
553
506
343
231
671
488
498
483
380
353
531
466
433
483
526
489
337
285
578
443
491
499
541
411
516
502
457
370
581
489
411
497
509
428
553
476
551
407
629
483
569
498
568
466
513
409
526
485
481
444
405
334
516
486
512
399
581
497
429
372
574
501
511
486
529
488
513
474
543
499
369
491
442
496
589
475
576
492
355
389
529
498
531
496
346
448
498
511
536
428
516
497
504
481
461
499
585
489
534
483
542
499
546
287
551
489
484
416
509
524
493
456
587
496
306
509
556
486
468
403
494
471
511
416
744
489
533
489
587
484
331
219
606
496
496
419
544
486
566
396
405
333
479
368
487
410
590
278
577
332
479
312
515
489
563
461
545
409
754
504
542
446
548
411
514
467
471
398
435
338
531
266
504
375
374
409
554
496
272
194
415
331
605
511
551
486
521
484
519
426
509
506
439
444
394
333
514
467
556
504
387
272
279
195
554
527
621
487
538
487
506
404
391
334
582
486
432
389
509
499
541
486
529
496
506
498
511
499
521
484
465
346
474
483
574
466
549
501
537
499
426
501
563
486
584
489
317
466
534
484
533
489
472
403
487
529
569
501
538
332
509
339
597
416
522
499
450
322
534
506
546
361
526
501
471
496
554
499
546
489
414
497
558
489
506
487
539
531
566
483
526
487
464
483
443
398
514
420
529
499
531
466
482
481
517
486
338
492
304
194
441
504
587
380
559
514
609
483
486
310
442
381
581
498
581
499
652
501
533
484
556
457
521
260
563
484
506
486
571
499
517
499
558
491
559
483
546
487
519
507
542
483
405
372
581
464
548
503
362
509
326
484
546
478
529
329
483
496
439
354
485
407
324
471
458
517
569
498
553
529
561
489
461
514
562
487
538
426
402
499
661
504
511
501
572
511
486
511
549
498
534
501
536
485
561
498
551
436
313
266
532
501
527
444
509
484
354
222
527
501
501
271
601
438
549
481
468
357
541
512
494
511
519
498
539
526
384
324
544
501
519
531
399
262
536
491
272
188
582
488
554
501
508
496
592
387
567
361
579
501
537
486
574
512
9351
497
684
499
551
401
491
412
614
511
519
487
383
499
481
469
516
467
514
368
423
329
525
489
516
409
564
499
553
487
516
469
340
270
516
483
454
486
411
478
509
26255
503
466
617
504
388
379
576
277
533
483
594
498
583
382
561
488
531
481
569
534
654
451
448
486
516
467
589
420
310
343
180
223
443
511
496
498
504
506
539
499
587
486
537
378
261
203
491
481
537
499
566
501
579
486
447
499
509
487
468
503
461
511
509
519
556
498
561
384
529
481
511
499
491
526
607
486
561
507
516
351
516
464
606
509
551
499
523
397
556
501
459
499
443
486
502
549
503
416
571
506
491
487
514
486
427
421
381
297
559
448
629
496
684
501
567
475
593
511
566
486
458
486
621
486
579
501
588
458
511
389
466
494
644
486
483
408
529
506
461
361
567
499
402
325
647
499
386
283
456
453
554
486
524
496
466
407
434
486
596
498
576
467
456
486
469
461
493
506
521
283
539
498
656
456
491
499
358
305
427
324
523
333
409
471
547
487
591
501
757
496
533
483
361
349
516
521
476
498
408
483
579
496
697
499
576
501
539
501
624
483
566
501
496
496
942
496
609
491
558
464
496
487
584
514
547
446
432
295
764
396
521
484
559
487
566
491
489
486
566
499
526
387
592
487
553
333
471
501
477
421
629
501
637
529
566
449
558
499
571
499
581
503
516
526
529
486
491
418
462
376
431
502
498
485
606
491
551
28681
554
514
349
271
331
311
556
486
446
486
413
526
481
384
549
503
592
378
452
342
246
292
476
498
335
315
561
499
582
499
569
478
459
496
508
483
325
270
499
496
294
291
562
498
667
486
594
499
425
334
579
411
421
511
585
498
491
449
512
486
561
489
447
364
499
554
325
278
634
499
671
382
817
411
564
415
647
487
586
466
647
459
596
383
493
378
526
446
275
489
569
272
532
486
475
394
489
499
578
499
521
482
751
409
727
424
469
431
491
458
586
483
552
501
459
408
638
278
544
511
547
484
599
499
546
498
514
525
619
469
483
410
448
486
514
498
539
466
420
511
524
499
407
389
573
496
538
501
516
332
551
484
491
498
561
354
581
499
499
499
456
409
515
391
466
363
466
486
591
416
426
483
514
486
431
484
536
501
516
498
634
498
869
486
488
255
511
365
551
370
516
471
533
506
602
381
430
373
511
486
592
487
549
456
526
486
531
347
526
486
