528
465
424
338
493
379
594
513
541
469
295
238
564
459
489
492
277
204
399
496
548
485
508
498
279
270
529
438
559
501
508
485
584
495
410
489
576
481
211
499
553
416
488
487
609
486
554
476
531
488
552
487
552
484
491
274
596
361
541
495
519
499
528
501
311
287
528
481
539
487
443
494
341
486
404
276
396
499
541
501
586
449
461
499
595
379
546
494
365
306
562
458
388
371
369
274
436
451
485
422
351
278
579
488
449
485
394
496
404
437
433
501
401
511
436
367
296
291
522
486
536
483
529
499
551
493
581
514
469
497
516
486
476
397
508
484
609
494
438
391
486
443
559
446
368
297
281
197
533
539
524
485
549
445
503
332
531
497
462
494
329
310
476
499
559
331
504
382
493
511
328
261
577
270
521
499
532
487
576
499
542
482
551
485
491
474
531
396
538
514
581
249
355
497
386
341
599
484
448
513
595
495
569
502
647
457
521
514
516
359
346
241
568
471
589
496
257
501
369
325
415
498
357
286
541
491
569
388
549
381
344
311
346
287
413
511
747
461
391
499
514
469
529
496
446
498
497
486
563
244
574
334
546
467
542
470
514
511
506
487
569
499
586
501
459
476
544
293
451
334
349
275
676
511
401
301
344
332
341
510
402
320
506
382
551
445
408
350
534
488
506
499
452
391
433
524
524
484
299
488
536
467
506
499
355
251
337
308
395
486
473
487
403
369
316
204
539
506
504
504
506
484
380
363
321
499
549
298
541
483
529
444
524
494
381
323
524
416
587
516
418
486
596
368
330
352
341
516
398
323
500
387
657
305
574
486
569
455
469
481
589
499
511
486
527
441
426
496
561
408
546
499
400
446
424
407
516
511
531
309
462
377
554
481
494
506
534
494
594
488
403
336
556
365
475
396
554
321
707
439
564
501
548
511
518
244
526
459
370
364
358
277
445
407
382
378
552
447
599
499
579
379
471
486
605
498
471
420
504
459
604
449
501
483
551
469
541
498
559
481
381
267
541
439
306
265
412
339
427
388
512
499
416
501
487
501
571
307
394
265
340
498
464
237
652
363
456
429
413
469
528
514
419
487
347
292
531
491
626
491
699
420
503
444
466
513
502
514
516
498
529
496
473
484
586
498
461
398
546
486
526
266
443
430
444
476
511
519
491
497
309
212
353
332
8813
201
295
320
506
498
604
486
684
486
479
453
373
449
447
368
391
493
451
371
504
351
430
340
471
398
501
501
396
481
523
502
468
501
312
280
509
511
403
303
554
458
529
499
428
509
361
441
501
379
539
447
541
495
543
516
458
418
621
501
544
496
499
498
395
312
518
487
433
499
501
489
511
501
652
498
514
496
493
514
454
486
545
483
566
471
388
499
557
486
571
506
376
372
542
272
539
508
416
433
410
356
496
486
542
495
561
410
445
219
419
513
407
524
349
373
606
499
357
279
503
407
543
499
536
487
539
448
382
266
548
188
376
489
405
363
524
491
330
320
528
486
701
511
526
446
559
394
558
496
444
391
535
292
504
516
524
504
619
448
467
381
511
502
444
483
472
420
456
488
504
343
544
485
551
486
539
464
392
323
529
497
443
312
369
278
499
491
602
498
304
204
586
499
657
509
526
385
547
484
496
501
268
177
539
484
343
517
409
481
453
400
381
388
551
499
488
506
583
493
270
212
387
499
568
489
495
447
500
448
521
483
357
330
478
332
369
456
511
499
393
320
394
397
562
383
486
379
564
498
553
483
546
487
557
528
624
287
503
516
573
495
566
404
538
498
497
493
353
280
513
486
599
499
504
498
531
497
294
203
551
474
486
499
423
486
504
486
359
342
411
511
506
491
407
392
470
499
412
381
569
484
393
368
363
498
408
365
524
486
554
487
462
514
428
379
484
483
382
526
533
451
514
407
518
413
386
316
339
275
546
486
543
485
503
498
513
327
539
499
577
487
535
499
557
496
408
352
518
332
572
483
531
489
634
496
554
506
337
299
370
213
504
511
536
521
420
419
399
513
568
471
445
486
384
341
542
497
552
501
551
483
516
421
506
484
626
484
506
471
391
511
502
501
509
511
529
511
529
487
546
377
404
494
579
499
488
499
390
379
483
420
383
496
449
401
536
484
533
501
554
486
523
488
561
481
518
498
554
494
496
387
537
519
523
429
559
501
549
495
689
499
638
396
528
491
537
486
599
496
511
486
548
446
536
501
358
304
457
491
543
363
546
499
561
483
559
499
451
504
404
354
572
448
549
495
508
511
611
375
396
484
445
394
524
494
578
523
370
496
586
486
265
209
296
511
548
499
586
513
513
410
523
487
652
371
593
523
551
498
541
487
497
501
547
501
531
414
609
468
479
504
516
496
405
379
556
501
506
486
521
474
454
332
513
424
507
483
478
403
410
484
366
499
489
399
386
276
556
509
657
501
542
498
576
486
537
496
551
486
546
501
571
494
519
499
355
486
534
484
561
499
524
489
561
504
526
409
551
388
547
489
502
488
499
486
521
486
523
498
501
498
523
501
542
498
455
416
479
501
547
524
667
548
459
498
498
497
503
486
528
498
479
503
571
498
410
364
569
498
623
487
514
486
460
377
529
498
564
458
573
499
566
411
546
483
566
499
784
483
541
499
597
418
549
443
443
405
413
374
559
501
503
499
549
511
617
486
574
280
378
260
509
332
460
483
523
431
690
493
476
486
576
486
541
499
593
513
521
554
531
496
508
418
539
502
337
485
305
501
593
464
401
549
536
521
525
369
624
487
478
484
518
486
519
499
566
332
541
499
521
486
553
501
571
499
448
384
832
466
496
464
664
501
516
486
569
501
524
499
541
499
633
322
579
511
604
469
524
498
544
483
501
458
252
266
453
483
504
486
534
449
533
472
503
513
518
422
418
237
533
499
521
501
551
503
523
499
622
441
586
498
642
499
547
499
564
499
612
486
630
489
559
499
522
499
504
438
567
509
536
505
554
499
552
499
554
496
514
501
631
463
453
387
628
504
501
511
581
499
518
488
506
203
441
401
544
323
524
527
263
207
594
499
521
486
541
481
387
389
556
498
624
483
561
498
549
499
639
399
528
497
696
468
540
386
501
484
521
461
391
499
471
486
577
513
452
486
561
487
443
399
619
418
521
489
556
485
571
486
579
333
453
489
517
497
541
509
564
191
489
499
562
501
481
513
483
501
334
499
462
506
536
489
534
498
563
488
547
474
499
513
571
498
549
428
539
399
452
345
644
501
476
467
521
469
475
424
553
463
479
421
589
499
704
484
433
362
476
498
612
486
531
499
616
499
521
498
624
511
574
485
486
488
779
489
541
293
566
481
483
517
524
326
531
449
345
498
519
496
559
357
493
501
545
436
553
259
324
283
528
446
607
498
398
484
498
484
649
307
493
397
519
496
554
493
526
486
544
416
504
335
526
410
503
499
539
413
521
451
511
447
524
466
574
411
461
371
526
486
318
277
481
466
478
431
534
496
541
456
559
499
523
469
522
499
543
486
477
484
467
501
517
501
508
486
265
498
539
488
443
497
394
384
496
494
274
285
559
501
549
487
589
518
529
512
784
487
594
372
552
486
367
339
608
373
534
512
508
486
428
385
381
335
526
488
471
489
479
501
541
448
569
486
551
499
559
484
451
483
586
488
641
499
579
474
482
496
659
501
534
489
285
202
612
471
561
516
661
486
426
489
587
511
601
486
517
354
413
382
443
498
549
380
556
499
571
487
461
267
443
487
503
384
351
484
504
484
526
494
546
407
398
421
341
253
582
410
487
391
591
454
614
334
569
489
592
483
598
423
217
265
684
502
521
513
632
495
488
484
564
499
454
499
533
449
476
486
406
486
354
409
606
501
539
484
529
454
579
499
558
501
656
399
536
499
556
486
662
512
523
398
506
391
512
498
602
507
553
537
491
496
852
501
527
499
335
341
415
483
443
408
492
511
526
511
345
446
396
486
596
327
579
483
477
501
624
504
536
499
632
497
310
262
521
486
596
288
596
484
497
483
368
499
516
463
531
446
579
496
529
483
473
499
319
369
611
461
579
455
508
374
544
498
548
496
467
304
477
479
523
361
641
312
561
484
462
410
541
483
547
484
542
454
544
486
320
288
614
488
495
457
619
501
533
501
556
511
332
319
564
499
282
486
290
412
526
514
567
501
573
443
429
498
557
483
476
408
549
499
499
501
399
376
531
486
515
496
596
499
652
501
563
381
499
501
438
471
492
334
491
498
406
281
529
463
500
457
542
499
559
518
500
498
526
511
615
335
536
487
512
486
516
473
504
489
554
420
446
496
524
484
410
498
561
488
438
494
571
466
596
382
449
413
456
498
562
379
454
509
659
244
498
456
551
486
509
526
491
511
581
498
573
496
556
486
492
514
403
334
557
483
471
419
541
498
513
486
579
508
468
499
502
489
556
497
582
498
422
323
514
460
564
511
514
486
577
486
557
413
444
389
465
371
521
496
541
484
592
487
448
332
419
487
498
486
581
499
524
453
561
486
522
501
327
488
491
464
431
431
627
512
591
498
553
498
