481
255
485
501
579
508
401
478
258
236
280
279
391
337
404
352
384
316
408
288
569
497
507
342
328
256
506
420
578
506
554
503
427
371
337
494
404
491
285
511
353
513
283
293
508
288
604
522
589
503
373
350
389
521
350
496
330
368
451
516
288
228
589
521
498
506
591
507
272
509
561
507
233
536
404
340
592
509
461
496
368
524
337
288
591
421
567
509
556
497
524
506
341
493
432
395
446
519
564
488
541
524
364
275
563
499
425
299
481
511
564
459
421
524
612
496
557
279
451
506
581
507
376
289
348
337
547
294
523
511
606
455
567
494
407
291
483
508
559
493
551
481
576
519
381
337
518
508
556
484
526
491
300
293
438
210
536
509
304
210
487
318
426
366
558
447
375
511
573
501
549
506
416
336
544
511
293
518
433
364
546
523
334
281
551
496
536
533
591
459
491
399
569
391
395
368
456
519
410
382
597
523
644
524
281
213
592
509
385
508
486
581
607
511
313
196
501
496
545
494
573
366
341
514
471
516
489
506
541
489
465
392
351
262
491
408
571
496
386
503
591
344
574
498
528
496
604
522
516
494
593
498
279
505
435
497
549
498
333
294
589
472
546
523
467
369
501
449
571
511
415
398
554
509
593
521
451
438
573
505
402
509
544
497
584
463
601
514
572
519
550
511
406
521
749
320
567
538
654
519
463
376
406
322
353
481
581
494
438
293
639
511
536
506
313
519
567
511
502
485
553
514
389
338
559
459
266
441
501
518
722
511
365
291
536
496
368
359
532
509
384
332
573
263
656
507
466
556
391
407
542
264
599
517
606
306
564
267
451
464
535
496
549
525
553
511
563
504
594
511
479
521
594
506
329
323
566
497
501
523
568
514
542
513
622
523
550
277
586
504
559
511
572
495
521
521
416
321
395
328
423
504
358
494
484
361
432
492
461
501
497
459
508
551
361
396
418
379
557
495
631
511
600
509
381
282
534
479
515
511
410
511
521
502
479
468
537
503
651
396
348
269
536
210
314
372
397
508
483
370
445
356
418
378
549
509
579
334
589
506
477
508
574
504
493
465
504
506
480
509
584
493
576
496
427
375
579
511
581
524
541
441
550
371
320
496
566
512
722
491
532
509
257
519
370
329
503
504
530
219
393
367
576
504
300
379
256
291
589
471
301
293
381
313
457
377
441
518
579
464
406
359
559
393
621
512
354
308
526
523
384
425
286
331
554
339
362
289
439
321
465
521
584
508
470
516
476
359
619
494
451
499
476
370
439
331
638
381
470
380
358
289
549
509
359
308
357
319
463
413
558
491
571
517
631
509
576
521
308
304
561
306
452
377
240
220
366
526
377
283
468
496
591
528
325
497
556
493
571
511
498
501
554
496
551
498
579
397
576
506
574
495
471
504
463
509
538
506
526
463
499
509
566
507
577
491
572
494
441
413
345
312
459
397
415
371
579
509
569
496
347
285
582
330
306
461
546
496
274
339
344
292
395
328
641
513
634
507
477
397
361
295
425
359
522
523
523
398
564
471
499
471
617
463
447
341
567
296
485
397
591
509
479
341
228
216
286
227
584
469
351
291
619
508
584
340
355
292
401
296
647
501
546
509
526
441
553
504
466
337
486
508
536
513
384
347
764
469
589
519
541
506
543
503
557
501
517
426
371
331
341
230
528
496
324
503
351
513
473
494
502
283
546
507
371
290
448
474
579
364
631
506
564
512
551
419
598
541
569
518
541
488
575
509
589
529
471
511
551
506
591
506
505
501
559
504
582
496
511
481
539
529
586
514
592
517
396
505
579
511
650
439
586
506
574
453
634
378
554
494
556
509
581
506
504
498
567
509
606
499
431
511
554
496
414
509
417
434
390
476
561
494
558
506
576
509
413
359
572
494
489
331
432
389
519
509
546
496
561
506
576
211
659
508
543
496
524
509
591
528
341
509
551
462
579
506
551
506
536
425
536
524
539
533
511
494
405
497
541
494
340
316
502
436
345
392
604
375
466
373
546
347
593
516
619
362
563
499
586
514
564
496
579
456
412
506
546
508
665
497
554
489
561
509
534
506
566
511
539
493
1000
511
551
516
475
414
513
496
549
496
477
506
561
426
528
424
542
496
571
501
604
537
487
449
536
496
529
506
496
431
419
375
511
497
544
493
559
476
519
471
586
502
571
509
478
514
438
311
429
379
536
496
549
524
584
504
549
464
564
506
545
493
571
507
785
534
609
526
571
509
338
491
421
331
597
511
587
518
529
521
519
506
613
551
575
511
537
516
596
528
509
501
514
491
562
487
454
396
566
507
601
506
539
503
536
522
551
494
596
486
558
509
430
390
563
494
609
511
562
506
579
418
587
443
579
387
559
474
277
207
566
386
501
393
557
496
621
507
453
389
549
511
604
506
586
507
552
496
569
509
579
374
609
509
477
406
589
519
543
496
517
464
504
427
473
424
395
357
517
328
571
261
551
493
581
505
657
508
614
521
569
496
479
431
503
415
559
503
538
497
539
496
604
509
557
402
544
384
533
467
554
458
541
508
387
338
574
516
642
523
599
497
484
497
539
382
571
509
587
467
586
506
518
506
280
219
562
496
481
417
569
493
555
341
630
522
597
507
461
383
579
449
559
514
578
506
552
521
576
499
510
349
429
369
589
528
553
497
357
282
546
507
468
506
566
506
573
496
542
511
737
508
552
509
531
436
619
532
531
509
684
437
398
332
509
474
552
511
608
506
454
377
543
494
419
355
469
346
514
531
616
521
451
506
541
350
409
344
784
481
617
524
457
509
534
497
396
369
571
498
569
514
607
506
546
486
447
278
654
496
596
504
542
493
325
266
533
509
566
536
568
507
528
489
544
488
496
497
543
446
534
516
642
508
606
498
544
456
498
501
531
497
685
378
405
348
589
507
536
496
442
359
554
496
447
494
457
344
549
329
589
506
374
291
528
506
466
501
525
496
604
426
554
496
521
494
483
477
587
496
574
335
541
508
551
519
463
395
559
512
486
445
539
509
532
387
561
504
535
486
549
376
546
494
506
467
562
483
568
509
543
535
349
494
561
508
543
503
566
514
526
509
564
499
544
511
516
501
561
507
597
509
581
495
381
330
576
418
608
496
539
488
496
368
543
466
551
519
551
509
544
506
559
448
519
494
536
533
612
501
412
494
528
214
599
459
561
496
592
439
410
322
332
422
467
396
450
405
639
566
552
491
586
451
574
509
596
479
523
345
612
493
529
514
584
508
539
221
656
564
554
506
389
517
473
421
569
511
619
496
589
497
375
340
531
509
557
523
489
513
591
509
410
521
615
534
571
509
551
511
381
506
596
516
566
509
634
634
498
492
544
497
569
495
577
526
514
496
821
506
597
489
508
501
484
418
391
336
651
501
586
504
552
496
287
494
523
338
602
506
461
361
467
428
529
422
557
508
338
508
453
375
559
496
563
514
591
506
558
523
626
459
543
509
574
508
546
493
619
508
417
317
867
516
556
519
568
504
512
509
672
544
334
336
799
415
400
288
513
509
526
495
647
496
527
496
554
509
518
496
348
212
486
373
396
380
561
494
457
521
561
508
606
513
584
494
587
496
544
486
471
398
609
505
511
511
411
494
583
504
546
496
440
497
355
244
657
642
556
508
375
524
423
330
534
498
544
493
578
524
539
446
596
464
664
506
543
298
430
513
528
506
497
499
496
511
423
507
405
509
573
513
436
509
509
509
571
511
539
494
514
431
534
521
537
493
252
219
619
509
569
504
439
449
529
491
661
512
564
429
617
462
507
504
569
509
617
511
549
509
396
433
479
494
477
503
458
511
630
496
557
497
434
403
499
506
457
304
583
496
557
506
529
501
526
491
599
496
511
494
664
506
453
409
605
506
489
493
544
496
428
506
534
496
549
516
541
511
614
521
479
524
584
496
602
494
604
485
385
329
466
260
404
438
397
405
641
521
621
488
641
461
602
509
433
506
429
524
401
501
456
379
594
509
481
511
494
488
587
501
528
511
561
491
562
508
499
504
449
425
832
357
381
511
348
513
577
513
457
340
536
428
677
474
486
511
659
332
608
479
621
497
689
508
491
426
569
511
579
521
577
493
521
494
576
506
549
507
536
396
529
511
554
334
446
406
711
511
636
521
586
511
374
337
448
496
731
508
561
516
453
493
569
494
411
524
629
522
494
429
666
385
627
507
386
337
553
534
587
451
646
345
586
259
628
511
556
514
501
314
654
509
666
509
543
494
465
449
521
502
548
495
629
288
449
509
544
495
622
477
604
623
596
461
556
519
651
394
548
504
650
494
567
276
576
508
549
491
458
497
572
506
418
497
487
456
506
506
433
509
357
289
489
491
527
266
378
283
525
494
572
497
579
511
578
289
659
533
534
493
526
465
599
498
534
497
717
438
539
506
427
503
699
509
539
509
497
376
532
390
587
507
352
392
526
419
554
509
307
376
566
491
453
496
536
511
556
385
518
496
420
350
574
504
511
504
584
494
581
506
444
380
591
516
639
496
554
496
481
294
616
507
621
507
621
496
551
339
530
449
