335
329
481
491
438
497
244
294
427
429
293
521
582
496
357
385
389
339
239
301
391
289
375
509
392
292
571
514
478
498
547
519
556
469
436
506
445
478
399
507
569
508
571
274
295
273
251
220
518
506
433
377
557
417
529
414
349
374
456
524
499
207
343
280
519
506
537
496
469
507
539
494
492
496
349
326
575
501
390
493
410
316
345
507
437
426
546
497
459
509
446
496
503
549
394
331
567
511
503
511
499
489
567
508
477
336
329
282
339
290
324
496
452
411
566
474
375
282
558
512
586
506
521
488
417
307
619
496
287
436
357
316
576
327
516
489
591
503
381
282
347
509
514
494
554
584
366
283
421
509
405
337
315
372
649
516
397
291
583
584
387
325
572
365
576
518
581
526
446
395
535
494
412
330
431
506
591
468
487
430
347
329
686
281
546
459
596
496
561
471
652
507
232
494
457
369
561
514
492
499
551
468
596
461
556
524
536
494
533
506
290
526
654
489
504
513
495
481
573
499
519
499
592
290
647
488
547
493
554
511
529
491
746
516
561
496
551
528
491
572
599
332
425
506
563
282
584
499
571
468
466
506
401
275
577
471
534
388
377
291
589
504
468
368
552
499
322
219
468
431
536
493
446
494
566
494
437
299
533
493
531
516
472
521
552
512
553
503
546
476
596
338
394
292
595
312
541
489
582
501
564
508
430
319
561
330
739
524
501
346
641
497
612
496
582
518
566
360
576
514
571
416
421
366
559
496
561
511
390
338
496
506
427
524
476
489
579
509
591
508
544
533
423
496
563
496
542
494
588
498
531
523
389
509
567
516
424
417
354
499
579
461
293
359
507
519
539
476
548
473
551
495
724
506
383
382
557
497
549
410
607
506
594
496
386
330
583
281
478
430
584
509
709
419
559
509
596
318
568
468
566
496
467
484
423
398
577
509
572
516
601
506
531
499
383
512
594
526
407
496
425
381
571
345
423
389
359
326
561
521
434
506
774
503
649
416
534
521
288
506
487
481
593
514
399
318
531
496
574
509
514
481
591
511
564
496
551
521
606
486
549
285
521
493
564
499
559
506
501
523
437
461
405
496
453
382
601
509
417
359
439
360
469
375
548
518
680
497
504
461
584
523
343
209
461
509
539
558
431
496
606
316
529
512
556
507
481
494
415
511
504
417
432
307
460
431
463
526
520
334
467
496
426
363
712
507
342
287
295
292
384
439
341
338
551
491
754
494
439
506
596
496
612
506
579
497
552
509
569
468
522
433
338
396
532
491
677
494
441
437
542
509
491
499
551
378
576
506
604
506
594
504
522
306
521
316
542
511
684
508
296
503
582
519
189
215
252
282
568
496
512
511
477
507
549
268
446
509
354
531
558
503
494
407
614
533
430
366
592
493
599
453
547
494
597
330
626
501
386
496
529
494
563
338
591
496
611
456
538
496
589
511
268
207
461
496
396
381
471
506
561
526
381
511
588
506
561
498
319
331
330
267
519
491
509
499
584
344
303
461
566
501
740
519
529
497
334
336
584
511
356
417
524
504
479
366
516
506
521
469
280
214
536
513
582
521
491
265
604
504
488
444
407
407
561
501
481
439
557
496
446
509
514
494
549
481
529
505
564
521
329
497
479
478
406
508
481
481
654
497
585
508
506
501
441
511
494
416
351
318
446
211
531
504
491
512
572
509
566
493
511
501
396
496
529
499
564
508
349
300
589
537
531
484
518
494
461
524
441
361
524
507
513
509
624
503
485
478
559
523
584
508
417
330
420
340
392
340
559
514
575
474
432
386
641
506
452
496
367
330
509
497
451
426
599
506
437
504
646
564
447
371
574
349
401
377
390
362
566
513
601
407
509
494
574
494
516
496
561
471
544
496
466
419
511
606
335
259
539
505
518
503
479
489
273
227
554
439
367
392
539
511
534
325
483
491
422
380
569
529
604
523
519
506
501
481
579
493
629
494
601
511
275
484
566
413
564
268
552
483
531
496
522
521
513
494
529
512
411
345
571
509
548
524
559
494
518
415
425
372
397
345
556
521
541
521
644
320
544
509
506
511
556
511
534
431
279
221
448
370
329
277
572
508
526
501
596
496
305
511
566
506
506
254
599
209
601
506
575
508
521
508
498
439
423
501
596
385
549
621
565
196
731
499
579
507
463
385
621
458
511
497
572
467
634
534
648
513
554
514
521
485
589
518
477
486
599
511
657
469
532
509
466
511
557
511
509
511
566
519
515
426
587
406
464
349
639
519
589
494
571
511
593
494
604
527
538
471
557
504
586
509
466
387
599
495
809
521
576
249
539
511
637
508
335
300
567
497
579
507
651
361
567
509
579
506
511
497
456
381
484
384
739
314
486
385
567
506
558
468
346
384
463
361
516
537
574
496
576
506
491
494
519
508
442
386
529
509
569
509
573
519
543
509
544
509
629
386
549
497
606
496
567
436
502
420
556
471
752
495
539
524
534
503
591
434
388
314
564
496
616
519
399
331
569
504
634
521
535
495
552
495
682
523
546
449
599
506
538
509
644
496
568
511
584
427
604
509
560
367
554
459
345
285
475
397
491
426
526
507
551
519
599
499
564
491
614
506
519
496
579
513
457
332
576
499
542
456
567
407
472
395
450
384
459
509
919
527
414
496
527
511
469
402
456
368
543
483
526
280
552
512
281
229
541
526
513
503
503
509
582
508
587
497
579
496
536
522
386
340
537
501
529
528
619
507
393
294
567
509
551
511
504
495
554
359
579
497
579
516
408
281
486
495
661
481
562
477
592
531
568
486
556
504
461
416
603
506
599
519
543
360
549
379
629
464
491
357
554
507
548
521
407
519
538
515
584
338
581
494
627
506
537
471
423
494
516
524
416
509
524
509
567
493
684
503
536
508
546
499
596
496
405
494
576
506
421
383
551
512
537
417
533
511
536
496
525
496
529
508
433
390
592
529
762
499
376
288
562
509
579
511
539
494
589
506
561
521
611
462
531
503
724
380
556
509
577
491
493
486
514
506
554
519
465
379
363
291
540
385
524
499
404
499
787
496
599
534
401
329
624
519
546
512
555
407
604
517
644
504
602
511
647
315
727
523
382
383
609
499
561
511
551
493
544
481
531
491
554
508
311
376
434
409
647
517
578
399
592
339
599
509
584
507
532
430
860
509
433
386
569
493
596
506
566
511
551
479
546
507
571
504
538
506
809
581
611
449
565
521
604
479
631
509
564
496
472
331
399
519
534
497
528
503
366
408
413
534
561
507
538
533
649
521
701
497
546
497
606
496
556
406
597
285
596
509
532
506
574
514
567
496
280
207
545
509
539
491
484
407
516
501
366
351
506
508
471
498
514
511
551
507
559
508
485
511
439
384
607
496
544
497
608
497
513
424
482
341
626
429
546
509
771
496
562
299
564
474
488
461
571
533
444
398
441
377
556
405
490
496
497
519
526
521
451
508
432
506
497
395
437
469
532
508
564
519
569
511
433
390
331
267
632
397
360
335
527
492
425
406
371
508
544
489
559
507
566
433
564
415
433
380
614
283
410
331
626
491
559
514
558
506
511
511
413
386
466
508
546
511
584
493
419
368
567
496
262
493
586
506
474
397
639
370
629
481
501
521
351
298
509
386
644
399
417
477
469
509
539
393
604
496
466
496
340
491
609
509
577
484
522
346
491
430
491
509
544
339
331
341
569
511
478
496
499
445
524
394
441
511
457
366
562
441
441
340
569
494
509
526
455
387
577
486
792
524
566
469
421
496
552
494
471
526
571
512
521
481
491
496
602
504
576
235
436
388
549
339
591
523
498
496
461
513
514
505
482
495
551
451
601
508
579
494
295
292
532
396
555
415
596
516
526
512
573
290
579
508
639
494
599
519
453
426
577
509
572
451
662
390
446
508
451
506
559
511
524
503
551
509
604
503
521
494
538
511
709
519
672
496
594
468
579
508
512
508
537
509
589
491
608
496
577
478
622
384
569
509
554
511
541
507
666
346
581
497
549
508
618
413
577
505
617
512
559
496
604
496
338
509
366
378
503
509
581
494
626
509
649
496
581
499
537
429
682
439
582
514
632
509
561
496
549
497
483
427
507
446
539
509
509
521
581
504
559
511
569
519
556
289
548
509
549
521
553
499
486
494
636
504
569
503
552
476
536
496
559
506
624
509
523
509
539
509
586
507
592
447
674
516
559
493
563
524
247
278
414
499
523
511
471
519
602
507
579
403
546
509
408
304
484
396
680
509
637
511
429
491
629
509
521
435
622
534
344
369
391
493
575
511
352
274
599
493
416
340
614
461
592
509
629
496
617
330
702
511
420
375
554
518
536
521
579
522
555
503
469
509
631
505
604
509
591
494
542
513
659
466
516
407
622
408
584
498
481
493
477
507
453
368
484
525
408
524
587
519
789
562
597
511
556
501
567
501
624
496
477
418
569
511
649
511
456
431
606
521
342
493
523
496
544
509
441
493
364
379
583
494
636
521
591
496
541
497
561
506
523
514
534
497
538
509
661
458
539
511
475
416
583
498
564
506
534
408
538
491
564
496
334
509
