547
496
484
503
409
376
415
379
371
329
597
497
596
516
389
387
554
511
549
496
577
511
581
459
361
300
598
425
288
494
561
511
461
332
375
476
417
441
433
494
486
524
331
268
463
496
556
517
576
509
568
521
317
505
288
509
395
360
481
507
341
344
365
331
500
423
551
508
461
313
629
495
481
260
606
481
541
497
467
318
577
509
586
416
561
411
509
521
556
506
526
524
451
494
539
537
272
301
571
493
544
269
468
374
498
501
501
288
443
511
436
232
506
496
574
506
616
504
314
359
514
499
544
494
667
479
664
449
632
507
547
508
613
509
587
280
564
496
528
467
337
489
346
503
612
511
559
506
547
519
354
296
551
329
581
407
582
507
551
497
492
497
363
519
537
501
244
264
518
514
546
512
545
493
546
496
582
279
456
461
513
521
555
416
498
511
403
302
584
496
415
366
566
499
564
501
417
359
586
499
473
375
559
507
732
387
377
305
449
433
364
518
664
516
464
330
516
496
534
496
526
262
511
283
519
509
383
359
621
515
680
514
521
509
554
496
559
516
569
506
443
428
553
521
532
259
492
408
396
509
592
497
493
332
278
224
622
511
569
496
474
424
559
511
508
494
621
504
503
267
579
513
372
329
405
331
571
264
524
506
302
229
531
521
536
509
631
511
571
496
429
378
569
509
524
494
569
220
551
501
606
225
489
414
569
353
538
489
576
514
561
511
546
489
579
527
403
496
581
507
631
281
392
288
536
512
714
514
610
534
490
481
502
488
396
501
519
271
558
493
381
341
458
496
536
315
554
489
376
339
385
389
346
506
579
506
689
551
479
496
680
521
438
509
566
499
499
514
387
521
339
357
362
507
662
495
549
525
701
511
506
519
574
407
732
518
503
521
536
424
526
504
564
499
539
508
526
518
579
496
576
491
460
197
399
370
395
329
541
458
346
298
564
489
592
511
604
519
581
471
521
391
297
225
539
494
523
496
550
493
739
506
524
494
283
348
341
274
514
504
549
527
523
496
491
509
553
519
581
514
526
521
624
496
564
508
388
341
320
326
322
277
532
509
554
504
432
493
273
201
569
494
627
497
556
481
539
494
422
264
576
274
514
467
557
512
559
413
434
387
430
369
377
357
301
519
566
370
559
509
514
424
430
362
506
494
583
521
446
507
511
494
526
497
656
503
463
219
179
228
365
343
421
491
508
508
323
297
556
511
424
511
514
397
609
511
451
526
531
491
561
484
374
331
559
499
568
526
314
494
493
380
519
503
284
218
604
487
539
494
496
531
503
396
477
496
606
494
569
361
582
506
324
506
461
372
539
275
536
483
392
364
303
291
547
509
518
574
576
497
719
508
474
381
536
508
476
481
428
441
475
429
546
496
451
282
463
346
576
521
433
401
496
459
559
498
529
495
551
511
527
511
434
364
541
484
619
511
474
508
557
509
546
271
569
518
614
503
559
496
566
511
611
504
636
371
444
512
652
527
299
192
414
285
631
471
491
420
489
494
596
461
522
511
488
522
564
509
521
356
576
461
469
386
559
496
647
498
516
493
544
506
575
509
395
496
727
506
464
503
418
496
541
329
503
497
551
507
284
203
655
368
446
391
339
286
381
346
401
496
594
512
381
329
561
521
439
389
569
509
472
504
434
326
579
504
441
496
579
507
562
478
583
497
320
287
554
509
452
450
574
411
581
518
538
499
471
498
551
494
538
506
456
513
521
504
551
518
584
522
622
499
448
379
539
511
736
523
558
506
379
387
646
506
574
511
489
519
413
373
466
359
389
506
551
489
604
504
552
503
526
509
295
494
561
504
470
419
336
513
408
339
301
284
513
471
564
488
602
514
578
509
327
508
519
521
554
536
621
498
455
511
460
419
534
428
571
503
532
499
669
476
526
506
316
265
475
427
583
406
581
444
627
341
490
428
441
397
493
437
576
509
551
506
611
508
569
506
577
511
458
404
362
497
569
506
591
509
413
473
534
506
564
503
464
298
383
474
551
428
438
377
556
508
466
419
587
511
529
503
452
486
559
504
528
427
569
506
594
486
562
280
529
416
583
496
616
441
556
290
870
506
604
506
573
501
582
454
559
511
549
417
589
464
464
375
248
309
354
267
565
508
368
268
533
481
463
454
554
347
568
509
581
459
353
467
437
396
546
491
367
290
567
592
553
509
576
512
475
511
569
519
684
508
579
508
709
418
431
379
554
420
551
511
413
359
647
497
581
509
584
504
447
330
546
521
478
373
579
511
521
509
549
506
789
518
511
423
513
430
508
380
541
511
541
496
468
497
486
496
534
491
643
504
451
435
567
509
707
509
528
339
599
507
541
511
509
471
574
498
637
497
549
499
474
426
559
360
385
341
486
416
551
504
618
418
559
336
529
392
579
507
548
211
493
409
571
513
482
402
643
513
434
519
591
514
556
499
551
517
377
282
529
494
444
392
566
481
371
300
582
499
452
399
594
503
545
417
439
394
453
421
599
260
552
521
602
509
616
495
508
516
450
506
466
496
453
377
509
496
445
372
539
519
556
493
554
496
569
291
419
508
479
506
516
496
630
506
567
508
588
496
586
512
536
524
528
509
584
282
567
511
455
394
559
521
540
477
551
511
616
371
624
474
562
474
539
493
443
397
567
526
809
508
566
511
616
516
483
285
582
503
400
496
529
494
536
504
602
506
536
484
531
471
428
509
569
514
624
507
384
347
567
493
458
499
606
508
604
508
568
522
548
438
567
509
576
396
790
506
724
508
552
474
559
508
396
332
531
271
559
506
434
506
451
420
460
341
559
504
473
284
576
441
508
499
485
526
547
491
456
546
348
443
564
496
568
439
589
524
596
505
574
505
514
521
396
361
553
508
638
492
596
483
577
431
591
444
542
436
552
475
642
331
837
507
573
496
568
508
500
519
545
379
574
506
479
416
467
496
606
523
543
501
533
509
559
321
579
488
631
509
562
539
446
507
647
529
546
504
692
508
576
494
584
509
670
506
561
424
534
515
350
506
481
491
568
496
540
474
431
390
443
439
534
444
569
497
551
527
521
508
597
287
434
508
537
491
522
501
526
496
537
506
566
508
639
491
322
321
536
501
754
506
439
379
766
522
521
519
559
501
448
367
471
521
572
509
558
509
567
407
481
521
496
428
606
474
454
499
353
491
542
506
352
284
614
495
542
506
485
388
471
419
421
370
478
366
441
495
622
509
546
494
541
498
504
496
589
493
591
521
389
336
501
501
462
509
532
501
644
499
569
438
479
419
446
406
624
496
395
518
565
509
496
380
485
300
566
415
568
439
428
387
544
494
561
356
546
496
511
508
599
511
544
609
556
494
474
402
434
499
515
494
541
388
553
250
569
501
549
496
346
493
534
496
601
511
656
386
571
508
375
508
558
506
609
509
559
508
463
399
568
537
591
504
468
426
594
493
662
508
474
493
248
507
422
415
562
506
561
521
579
494
566
513
509
396
554
428
533
476
571
331
606
504
567
247
531
491
646
509
491
524
512
526
614
523
541
496
599
479
541
496
441
509
632
504
609
604
659
549
569
508
486
430
629
191
652
499
573
499
672
508
529
386
591
495
516
364
599
504
562
494
471
519
544
496
567
506
607
497
556
507
503
506
446
396
634
511
435
327
606
428
551
496
641
331
557
509
681
496
321
219
619
479
601
494
379
497
589
519
594
459
577
329
589
508
772
526
651
459
428
409
566
519
673
496
541
489
531
342
632
501
543
506
614
534
601
509
517
418
586
501
466
383
196
194
574
509
499
503
494
516
619
489
385
300
561
494
546
499
680
521
610
522
360
509
581
506
597
496
527
497
549
494
507
509
361
429
486
467
444
327
541
518
567
524
429
495
632
506
594
496
623
508
604
508
496
496
561
496
547
436
443
506
456
417
546
389
424
516
543
473
331
497
564
493
452
394
651
515
536
496
504
495
596
504
521
499
474
496
571
496
609
361
445
509
586
505
427
506
541
511
531
519
276
237
559
509
554
506
679
524
623
509
609
506
449
406
633
504
551
495
421
511
421
494
331
499
244
283
486
498
549
531
563
282
367
342
544
403
586
496
877
339
501
409
566
494
603
419
513
516
569
329
592
505
559
503
561
511
601
541
564
507
731
521
607
511
639
471
578
296
425
509
430
291
531
509
546
489
737
551
428
419
448
511
453
389
569
496
757
509
566
508
697
499
378
235
395
434
521
281
558
496
509
297
483
494
466
509
471
259
563
506
434
496
609
497
521
496
614
283
461
505
596
493
311
522
553
494
438
541
371
290
473
374
533
407
594
493
646
464
489
509
646
420
561
496
449
494
441
501
439
491
526
508
375
511
587
503
504
496
483
493
711
496
503
489
566
516
526
341
524
426
628
496
487
511
599
506
536
469
569
496
656
508
481
397
552
389
551
511
606
508
341
304
574
499
672
506
597
290
586
495
360
328
556
508
564
493
559
566
557
378
578
506
716
338
403
310
559
495
483
496
564
509
481
509
576
381
729
506
398
291
656
481
571
513
607
509
499
511
554
511
568
497
581
511
