340
411
236
241
454
411
449
434
296
255
476
356
370
431
404
449
509
456
458
226
329
235
342
261
296
224
258
426
367
294
446
459
538
443
566
411
459
461
384
441
571
434
446
495
462
444
421
444
409
456
488
242
297
207
371
411
421
428
433
364
280
280
325
226
418
282
682
288
421
239
536
441
344
282
456
235
332
243
503
423
421
441
689
423
317
251
319
202
499
427
597
438
306
251
426
411
497
416
301
241
483
419
282
418
518
357
471
458
312
317
469
456
531
341
491
443
362
298
418
423
508
423
483
423
483
411
506
406
513
413
563
220
460
359
288
453
586
456
224
304
471
441
307
275
473
454
441
403
388
443
347
449
517
435
345
318
459
202
381
443
318
277
408
243
326
325
196
457
381
459
514
211
489
214
509
447
489
436
491
413
429
441
461
433
451
444
441
433
366
245
395
321
464
411
508
411
381
428
356
441
446
458
335
428
579
321
481
444
316
256
506
443
505
411
499
458
466
379
331
247
441
426
325
382
524
413
443
423
474
458
263
214
380
262
489
344
428
252
374
455
505
448
380
315
562
443
576
424
424
411
534
424
466
267
453
367
386
315
329
272
409
386
301
431
516
413
476
411
383
409
479
441
487
253
285
260
352
304
421
325
479
408
463
446
280
236
321
456
320
368
412
323
511
443
364
444
356
425
447
186
644
441
254
178
317
329
396
256
365
270
479
351
340
282
388
413
529
414
495
301
473
413
311
224
359
314
335
234
486
421
366
276
493
423
486
409
401
359
531
439
514
489
321
274
546
408
433
413
498
405
401
421
391
338
423
438
581
364
293
273
361
456
521
411
436
438
394
350
195
413
489
446
409
458
382
324
502
179
538
424
471
416
346
441
313
423
447
374
514
421
493
423
277
179
458
396
268
178
481
443
495
310
614
446
403
423
242
249
462
389
403
251
279
220
491
441
433
414
514
451
319
304
367
338
412
308
641
416
337
229
309
247
486
431
403
421
342
354
479
397
452
443
714
411
396
443
454
449
391
305
353
426
464
386
424
449
357
180
488
441
365
354
380
296
378
441
552
423
478
444
523
176
443
345
366
441
443
238
403
359
281
255
317
425
523
340
283
421
320
252
503
439
454
346
559
426
257
444
321
451
507
413
521
421
504
415
408
456
351
275
337
469
382
423
377
326
231
443
397
335
308
345
390
443
441
341
426
418
484
279
329
296
376
439
375
407
496
413
421
426
496
446
409
436
377
444
549
424
401
396
298
243
426
229
249
256
249
301
476
369
459
431
478
436
501
414
422
348
448
464
410
424
426
444
526
439
459
425
486
426
501
163
357
251
362
256
496
253
541
426
343
423
514
429
342
446
473
426
506
421
512
363
569
411
454
426
386
310
506
443
476
441
461
426
439
386
481
461
429
459
357
393
491
315
397
411
509
413
493
403
456
361
511
456
508
428
454
456
454
444
666
441
393
444
509
441
406
277
425
441
360
328
531
421
388
330
536
283
491
365
439
458
342
334
499
411
516
409
319
245
506
359
474
423
503
453
477
426
459
428
421
348
457
352
276
457
522
456
484
458
408
180
451
426
511
471
467
339
562
423
534
445
491
409
383
323
408
441
408
443
327
307
511
426
446
441
248
201
471
429
559
413
436
428
349
251
465
414
481
454
489
416
504
447
414
299
449
411
506
406
403
323
365
413
536
428
291
239
414
335
557
486
523
188
491
441
436
333
469
439
361
359
476
441
619
456
518
423
429
278
479
426
489
425
406
414
491
426
499
429
507
416
471
411
395
423
618
267
514
416
437
456
466
464
496
436
449
441
429
416
474
404
523
458
481
441
458
344
366
426
468
383
446
372
526
424
352
299
476
378
528
491
463
411
464
458
431
410
374
425
493
413
496
426
499
431
488
444
463
453
401
284
508
414
459
354
456
455
493
441
412
312
491
454
478
404
454
456
602
365
312
416
461
424
343
275
516
386
506
347
352
276
421
456
499
447
466
421
504
443
536
414
516
458
382
284
511
444
476
336
391
310
529
463
497
409
368
426
439
384
544
416
397
313
449
316
491
459
469
428
476
401
428
398
423
413
476
414
486
459
481
357
403
275
466
441
418
427
488
444
519
429
393
456
300
252
464
411
513
363
484
257
464
425
307
479
481
456
504
421
486
426
461
456
464
391
477
426
521
428
521
429
484
441
535
421
356
413
524
421
521
424
531
423
544
444
484
408
506
411
684
468
491
441
420
411
639
340
461
411
506
372
451
456
446
421
471
438
524
416
484
413
441
339
445
358
509
423
506
411
481
459
498
363
410
204
346
301
341
418
394
345
521
417
417
373
476
411
443
361
499
418
374
455
451
406
388
383
601
421
461
426
494
442
495
426
462
423
499
444
401
352
271
185
581
384
496
439
469
438
408
340
278
434
434
444
538
428
589
367
463
401
483
453
491
416
497
474
444
444
436
331
514
424
441
456
506
424
464
384
516
457
504
421
474
250
541
284
537
421
456
458
335
315
478
444
536
413
577
386
533
431
328
305
348
257
488
273
489
459
503
415
519
423
409
350
386
371
519
413
447
320
335
295
476
417
503
428
551
423
505
423
506
381
501
375
380
424
511
444
576
461
523
421
534
408
514
411
486
438
516
459
449
459
453
414
414
259
525
383
502
449
384
351
487
411
300
231
529
443
496
383
456
423
439
404
566
419
539
429
532
424
509
443
459
414
542
429
456
446
482
426
359
301
489
456
494
459
471
427
531
408
546
421
288
211
521
446
401
438
502
368
451
439
392
291
497
428
539
425
442
419
542
436
334
295
483
472
468
438
507
426
453
348
501
438
533
423
492
458
326
413
463
337
444
426
483
441
468
446
538
416
516
353
432
384
497
464
416
354
445
416
504
358
436
439
596
457
467
426
397
348
527
429
456
378
479
427
501
312
403
426
501
421
499
423
423
337
453
453
527
272
458
251
477
410
546
413
351
241
467
329
502
443
531
426
399
340
459
473
476
413
511
421
473
456
477
411
448
468
451
444
305
411
499
426
479
441
476
441
534
426
559
321
584
439
522
459
457
359
451
393
491
455
509
424
487
456
522
446
491
444
452
255
436
411
518
457
484
458
508
444
499
423
392
423
506
339
491
419
499
415
451
364
459
439
474
456
536
472
474
429
523
436
538
418
507
413
364
239
511
441
497
457
463
439
403
228
321
316
529
426
495
426
438
459
338
284
496
405
409
471
493
413
461
431
494
449
502
421
471
462
591
471
418
443
507
423
436
421
496
426
521
411
468
468
527
464
429
383
464
451
504
426
320
275
514
459
511
282
447
345
415
356
481
421
533
414
456
411
471
355
481
391
557
438
517
408
511
425
424
343
519
323
423
456
473
411
494
458
504
444
539
416
273
212
549
431
536
436
347
258
516
421
682
413
240
181
347
286
498
423
336
443
434
431
455
386
391
448
472
426
496
443
451
456
471
431
303
251
471
443
405
385
529
431
519
428
431
426
461
478
414
453
407
456
408
249
316
235
477
426
604
443
619
443
370
316
340
441
489
446
434
438
364
428
547
423
466
423
506
457
474
306
407
287
483
344
554
443
468
411
421
455
436
444
494
454
524
459
416
458
374
329
459
424
489
424
489
426
497
429
367
439
478
424
526
427
415
403
494
458
574
291
413
411
504
443
489
457
503
426
463
451
471
419
561
425
514
441
438
379
471
391
581
446
441
457
392
407
536
426
342
237
456
449
425
426
501
231
461
443
316
424
469
403
529
359
456
426
212
368
495
424
453
403
347
286
523
318
501
426
462
316
617
359
342
307
537
426
491
413
386
456
466
406
443
401
448
438
140
188
409
423
356
391
421
426
284
264
506
444
421
441
544
426
461
425
499
203
571
431
563
364
443
461
288
277
484
424
564
416
490
385
483
436
481
456
484
379
486
225
414
266
415
408
497
233
517
444
414
456
484
415
398
421
599
426
511
348
367
431
499
286
504
458
448
426
479
336
508
426
451
443
466
456
304
331
516
425
488
346
391
421
637
411
498
427
476
235
458
421
461
445
476
433
404
308
513
421
579
416
484
413
465
429
355
181
556
427
468
426
544
343
443
401
453
423
482
406
476
413
581
312
511
441
476
423
466
455
372
441
553
511
533
441
571
423
506
441
418
343
409
463
433
441
395
439
508
421
476
459
366
411
524
456
537
425
440
339
479
439
544
399
463
456
538
304
487
439
383
443
531
429
522
443
516
424
433
263
434
437
488
423
284
428
371
453
587
426
613
456
411
428
329
227
461
456
332
175
449
447
549
438
527
411
341
444
504
414
444
423
378
379
389
401
441
424
382
237
456
424
492
423
459
428
477
438
423
441
458
236
481
403
599
401
420
455
499
459
496
431
491
443
347
239
484
428
389
353
390
414
395
351
290
297
626
292
447
436
464
244
317
251
370
453
294
250
412
322
529
433
464
428
574
439
431
424
502
413
466
423
325
439
446
411
377
341
363
304
426
356
491
316
375
254
538
441
418
449
371
282
342
269
404
410
466
441
446
426
