518
499
534
517
352
501
421
344
541
486
531
336
538
544
449
403
330
504
539
463
336
514
684
507
382
321
521
372
407
514
241
282
431
501
546
375
599
374
509
506
629
518
428
502
494
504
596
516
511
281
499
516
376
421
331
498
501
526
558
507
532
487
546
552
491
513
401
333
494
516
449
503
548
466
566
503
712
514
419
516
504
506
592
488
367
327
602
335
514
488
525
526
588
511
561
506
582
491
388
386
569
516
439
501
554
302
469
373
548
529
286
487
596
505
626
511
576
504
569
501
566
488
561
511
412
397
338
262
602
501
433
514
584
293
505
509
496
428
546
519
346
512
481
518
544
262
621
508
577
467
541
514
507
515
624
517
351
521
533
514
614
514
629
446
410
285
344
328
574
526
571
501
584
504
578
504
587
473
453
499
597
538
469
503
352
274
364
300
558
517
567
512
567
511
618
306
428
369
574
506
631
533
544
478
541
499
440
504
578
425
492
503
769
529
547
205
341
303
430
366
587
445
659
243
489
506
539
516
573
521
343
279
523
502
549
506
559
524
567
516
565
516
545
516
418
577
586
496
501
513
569
290
541
501
396
307
557
515
541
498
599
476
571
268
557
218
559
499
576
505
561
514
377
287
552
486
556
501
552
505
581
531
609
218
612
298
564
516
589
529
740
513
526
407
549
466
581
502
401
513
609
504
602
501
404
358
387
352
700
336
336
504
597
517
609
503
548
517
296
221
374
343
457
404
506
503
566
514
542
514
638
502
684
293
403
344
364
504
509
501
557
501
559
491
593
514
493
528
516
345
587
501
464
504
576
554
421
339
802
501
317
514
417
513
536
521
531
436
534
517
300
209
614
503
592
516
514
474
548
401
552
504
509
499
642
512
566
511
369
517
563
514
452
370
421
366
350
283
613
505
491
383
638
491
451
413
584
294
571
474
583
513
284
219
571
516
582
503
579
524
564
517
529
503
586
503
588
514
579
514
566
521
564
353
330
292
433
402
734
509
431
294
584
508
293
516
504
516
574
514
566
526
567
517
596
503
537
523
591
516
484
361
488
516
364
293
559
516
596
305
524
516
568
436
565
396
584
484
338
282
556
501
584
529
465
529
601
516
445
374
652
534
584
509
706
279
495
366
606
503
643
518
451
517
419
501
571
524
549
456
574
506
471
498
837
516
446
504
589
511
514
516
488
516
586
201
379
435
571
516
574
493
312
295
382
339
471
508
183
534
492
413
604
531
662
521
574
504
574
502
582
519
551
504
323
259
524
503
451
503
551
517
559
501
519
488
564
217
370
319
577
501
548
466
563
516
454
448
524
509
608
527
339
534
393
502
419
394
521
504
502
422
397
375
432
290
681
516
647
269
578
488
551
499
361
302
489
504
443
383
544
504
421
489
454
402
239
214
362
514
569
503
586
513
265
188
572
519
536
499
551
402
596
529
489
244
505
519
589
504
544
248
566
517
574
514
478
519
547
496
556
504
594
519
571
521
566
449
403
516
548
511
611
516
176
373
414
501
574
335
587
516
548
555
511
497
454
517
558
319
579
518
541
516
519
533
556
516
430
335
539
516
531
471
524
483
561
514
636
335
544
516
551
504
465
408
734
514
556
519
309
292
516
504
385
514
602
391
376
433
627
526
463
432
591
509
586
503
255
500
441
514
539
536
451
379
515
528
496
504
525
392
481
397
389
401
558
533
549
541
544
494
385
344
386
297
430
539
509
514
501
343
657
504
556
344
543
344
555
513
524
507
632
509
426
217
566
503
626
516
451
396
573
498
306
352
536
503
561
516
663
507
533
489
586
519
544
519
343
501
567
501
568
411
508
385
559
425
512
516
449
381
581
511
622
519
607
516
282
406
584
529
551
513
180
218
553
499
489
463
559
502
474
541
547
541
577
516
559
504
356
333
549
515
518
504
554
513
612
516
446
503
541
517
446
516
586
516
554
402
546
541
559
498
534
419
372
459
476
289
554
519
539
501
551
502
403
568
579
506
586
414
539
501
593
421
541
517
531
517
427
368
445
333
599
489
569
517
518
529
594
476
314
237
564
504
564
534
591
392
389
345
559
524
509
524
283
274
342
253
548
519
414
333
354
277
486
362
714
501
366
377
579
356
596
469
323
295
487
453
636
476
361
368
594
529
290
236
517
513
634
503
595
512
628
512
592
356
671
566
601
503
642
434
652
503
344
286
393
324
294
516
621
514
539
385
554
504
625
501
481
504
343
291
557
337
587
511
649
501
529
508
516
504
591
519
481
423
569
529
569
513
592
528
649
504
571
459
554
501
453
385
567
516
549
516
523
512
397
344
543
502
336
539
541
519
564
535
661
340
472
514
396
363
574
501
651
459
596
514
461
384
629
524
472
423
565
504
566
518
589
504
504
393
298
210
602
506
542
526
507
435
581
515
608
506
657
504
453
198
458
434
596
519
626
516
416
504
503
435
598
516
298
197
467
529
564
526
500
425
498
513
352
504
588
511
554
527
534
504
403
509
492
534
539
377
637
503
371
518
567
491
425
337
507
435
592
524
541
503
664
511
564
524
568
506
546
352
604
514
481
437
556
529
449
394
682
503
546
335
561
499
571
379
629
502
574
519
564
509
513
417
364
296
637
541
594
514
655
516
411
345
536
502
457
394
436
380
579
517
576
401
599
501
571
516
524
516
667
516
574
531
574
504
480
439
596
516
564
504
494
511
556
441
592
516
583
517
612
506
584
498
568
504
484
437
601
519
600
528
506
507
559
521
624
526
616
513
564
521
421
534
434
353
559
485
576
501
606
519
574
416
551
519
579
514
441
372
594
345
579
521
529
336
531
532
551
531
652
501
606
516
561
519
596
296
592
488
537
506
656
516
492
426
559
501
571
516
597
501
627
526
342
519
551
508
494
431
546
414
561
476
635
403
556
531
556
515
562
493
646
501
571
511
455
385
566
278
405
272
529
514
408
501
619
516
491
403
747
504
554
517
534
521
433
377
810
506
559
533
541
505
584
514
624
546
571
381
558
380
554
504
542
509
370
509
547
516
395
356
791
513
596
526
546
504
513
536
544
521
559
524
638
501
592
506
601
504
599
517
561
464
553
499
378
286
642
489
441
392
552
519
586
381
572
445
591
518
594
516
418
506
576
527
495
402
612
380
587
420
674
529
485
425
455
395
562
529
554
499
506
506
744
524
679
519
599
521
397
340
561
433
577
514
614
504
518
514
632
464
576
521
576
422
730
541
562
534
581
385
423
347
583
492
531
519
477
422
604
516
609
538
480
419
589
448
348
284
571
521
565
482
547
489
526
495
554
514
475
503
825
517
543
512
412
294
584
517
427
399
576
437
573
506
531
504
549
297
656
539
591
494
624
499
584
532
489
516
592
502
504
526
360
514
569
504
558
511
555
325
549
514
581
503
515
341
583
529
445
282
510
434
569
544
514
519
569
519
529
509
368
396
425
529
659
519
534
501
529
443
577
469
607
504
551
528
529
514
491
517
548
483
534
511
524
501
594
435
777
529
579
464
579
501
634
541
597
527
479
463
534
512
564
533
588
516
262
297
589
323
463
504
584
519
421
504
692
517
607
544
676
521
614
506
559
516
764
533
594
424
581
519
890
492
462
500
424
501
439
503
489
519
466
336
399
344
549
445
531
526
503
521
658
425
591
513
558
531
519
515
569
504
656
529
606
543
572
521
485
478
563
218
669
285
567
501
492
432
756
534
643
516
612
518
629
504
462
394
611
501
762
512
407
335
574
514
578
499
674
514
612
516
447
402
568
498
451
503
498
434
529
519
629
519
501
342
441
501
494
514
569
514
597
481
551
514
458
429
471
356
465
409
591
471
521
523
607
504
572
519
505
435
471
516
533
516
541
511
659
436
504
496
549
521
496
297
462
514
611
529
606
542
394
336
614
434
589
514
662
504
577
435
310
334
644
532
589
511
557
517
682
503
588
504
521
501
534
534
496
506
629
516
566
435
556
521
601
501
521
436
509
516
506
512
609
517
456
579
511
519
498
381
566
509
500
434
581
511
421
504
612
517
430
423
536
511
569
524
590
486
524
308
561
513
509
629
528
529
571
506
405
382
561
516
679
504
521
474
592
516
479
447
458
404
586
502
614
415
568
287
549
504
539
498
418
374
491
422
552
423
531
491
534
513
617
341
554
504
541
524
532
423
614
575
577
513
564
496
629
507
313
511
553
466
664
405
656
504
412
336
790
486
518
375
694
288
584
514
594
501
583
519
576
503
441
488
491
516
415
519
448
424
589
516
569
383
576
471
727
513
687
405
634
516
289
242
632
531
601
516
569
529
533
496
538
529
596
504
527
373
375
502
509
513
531
504
616
368
521
335
571
504
568
521
522
359
586
518
390
501
449
401
704
524
598
516
647
516
508
543
647
524
571
516
425
433
541
514
591
461
624
503
483
494
581
518
616
526
569
514
451
415
431
501
507
434
431
519
644
529
649
514
556
491
549
503
546
521
589
515
657
526
576
437
554
347
601
514
463
329
538
385
393
379
481
394
556
486
609
504
