441
426
444
411
393
423
493
426
379
456
461
421
378
423
494
426
465
242
273
235
421
355
304
340
291
217
257
256
304
279
441
438
499
428
511
421
361
428
396
446
420
363
391
458
451
425
443
426
487
415
239
235
260
456
386
453
451
423
506
449
477
453
361
469
474
367
348
253
436
415
655
262
400
421
499
506
321
188
386
456
476
457
444
444
240
441
531
426
509
411
549
451
414
471
471
443
312
444
410
421
418
425
408
216
438
408
414
444
501
424
443
398
428
333
326
220
325
305
346
282
489
457
351
441
404
436
493
423
494
426
411
189
491
321
219
183
399
237
302
306
549
466
471
471
444
456
504
411
528
282
360
446
394
413
353
292
481
416
343
414
335
290
491
442
416
443
461
233
508
309
285
222
526
413
466
350
456
448
408
411
475
352
226
297
288
286
417
299
481
441
336
270
303
261
401
321
281
254
391
399
521
264
343
443
486
466
551
444
527
317
519
456
428
443
551
340
366
306
574
261
503
444
468
419
427
471
509
416
524
421
265
215
394
317
492
413
452
356
357
459
494
404
518
434
345
262
287
243
534
413
503
411
476
413
514
423
679
424
328
264
373
285
289
454
375
316
501
182
344
240
281
257
476
439
361
283
494
304
458
444
489
426
523
419
392
374
529
426
446
444
496
421
315
304
594
431
336
271
508
426
481
426
481
424
535
444
514
413
390
324
385
444
497
456
267
175
408
329
504
368
483
425
433
434
448
443
507
251
461
431
489
411
365
436
431
414
411
294
266
181
380
423
382
389
406
245
503
176
401
321
303
250
415
385
339
344
469
384
328
274
421
427
554
423
436
439
271
428
469
454
459
447
506
429
387
331
499
361
484
411
401
308
514
285
282
456
252
441
361
276
329
281
397
458
494
428
461
459
372
277
277
309
483
428
250
247
413
456
302
369
469
443
529
421
498
423
481
451
498
464
411
276
514
441
558
301
481
441
519
456
322
278
595
262
284
416
509
330
526
250
505
426
496
414
508
458
386
359
277
253
271
182
467
413
324
262
518
408
391
456
606
411
372
455
494
409
476
413
391
291
481
413
526
367
397
321
292
224
499
433
293
259
221
456
370
317
279
251
493
426
549
424
431
441
416
349
259
176
353
446
554
311
587
431
459
459
511
441
343
243
454
449
481
408
436
324
379
228
519
437
275
174
423
426
494
451
410
310
205
436
286
303
401
426
436
441
328
297
289
438
328
443
546
418
381
444
439
388
431
359
702
403
269
229
441
441
343
443
656
374
428
416
431
441
477
414
454
456
400
332
491
444
386
331
459
334
424
331
478
421
433
441
549
240
476
428
326
426
496
416
263
172
484
413
544
449
370
280
544
444
454
406
446
411
529
429
439
374
418
415
322
272
431
447
328
256
469
426
458
455
376
391
644
411
514
456
527
444
458
424
299
455
423
372
446
458
479
447
426
449
526
444
234
255
349
270
384
284
455
453
393
459
309
220
336
456
413
292
473
444
329
333
399
456
517
408
477
455
293
243
270
426
509
427
551
216
461
439
383
443
468
169
518
344
418
456
456
423
466
456
408
434
441
425
521
463
451
373
481
468
513
441
514
424
504
421
484
444
391
346
368
439
383
253
489
441
243
185
293
438
439
411
489
411
418
220
521
438
458
428
386
234
484
461
431
438
509
295
405
373
414
459
519
443
387
443
567
434
511
317
488
426
529
378
521
357
247
179
463
443
377
441
285
424
499
426
305
325
200
252
348
302
232
252
363
426
493
441
462
411
398
309
695
418
502
441
484
419
365
455
530
403
428
418
481
438
431
411
509
456
406
312
431
337
544
336
551
426
528
438
491
458
501
429
368
441
461
444
371
439
479
426
484
444
609
326
456
411
455
429
473
459
493
428
317
272
519
429
522
406
370
269
514
493
461
417
499
424
518
409
372
277
549
456
471
456
481
441
484
444
255
222
481
414
298
244
491
323
427
329
506
282
343
276
438
457
503
428
484
426
501
348
493
456
345
303
441
441
257
444
372
458
331
242
405
445
524
441
536
414
539
428
523
413
435
357
476
411
521
421
481
413
437
444
509
456
504
443
519
421
499
413
479
448
529
411
488
353
457
456
537
426
474
413
471
414
481
414
511
396
401
271
471
429
302
236
504
421
519
429
471
426
378
413
235
230
458
423
478
444
464
443
519
429
379
314
464
413
527
423
501
174
555
454
358
306
564
413
457
457
516
389
388
414
507
436
523
413
481
441
442
341
429
322
479
463
401
311
338
292
473
413
503
459
466
456
464
456
332
443
293
441
516
387
424
350
492
411
498
367
486
411
494
425
506
477
496
411
514
424
486
397
375
446
464
417
246
212
599
454
531
426
519
397
474
330
466
356
453
456
411
329
278
211
463
459
499
421
583
444
463
413
261
216
526
434
559
411
479
401
501
443
367
426
514
441
345
338
505
433
792
421
388
349
511
404
279
404
401
355
495
431
415
320
453
441
509
420
354
457
533
443
478
273
524
411
478
423
632
426
504
455
271
457
370
234
549
443
499
466
516
439
486
409
541
434
359
276
489
233
441
439
504
443
523
424
515
411
451
478
405
283
674
428
309
273
405
423
509
421
516
456
318
423
531
231
486
456
516
337
499
413
511
419
501
438
395
411
491
411
425
315
362
448
587
426
245
174
466
262
604
423
451
341
401
443
493
471
498
458
569
413
446
456
546
324
518
443
519
408
457
428
491
414
499
410
466
400
509
421
487
441
517
426
652
359
507
456
420
423
499
411
506
458
544
421
441
406
471
443
523
431
464
444
466
451
514
414
374
297
469
403
459
444
592
365
430
316
486
441
498
444
498
458
491
371
466
461
418
333
466
421
467
291
533
421
476
457
438
456
497
403
438
444
541
425
357
291
383
357
415
441
476
408
524
466
506
416
421
443
488
359
473
471
483
456
479
347
491
444
488
457
476
252
489
444
464
348
484
457
382
338
509
428
507
427
476
366
484
456
501
414
451
426
424
371
459
419
288
429
459
414
355
457
603
324
546
427
439
340
496
459
503
444
486
438
516
437
446
456
479
418
532
403
383
299
504
413
461
444
537
414
486
423
438
441
494
411
296
424
602
413
469
273
433
456
380
333
508
451
494
419
476
445
536
423
536
253
479
444
507
262
493
441
531
438
496
346
521
413
571
411
469
413
502
426
280
186
390
313
453
250
624
444
521
421
491
478
682
456
464
451
514
421
471
426
499
441
469
431
514
395
491
411
456
396
499
424
434
350
538
438
471
443
446
455
501
443
501
253
456
347
465
411
355
304
498
414
501
253
445
361
536
346
499
426
318
234
513
444
504
444
509
441
499
444
516
426
358
443
491
413
606
311
432
457
498
411
526
413
563
407
542
324
455
186
486
423
529
425
451
446
411
459
489
444
516
426
504
527
368
316
373
459
403
346
616
283
484
242
496
315
347
349
395
273
333
423
463
346
193
260
481
399
504
426
537
443
497
299
501
466
439
426
514
427
457
346
523
427
515
349
498
456
468
439
356
438
466
441
313
416
424
411
231
182
476
217
363
403
403
325
431
439
493
426
509
425
661
309
346
455
416
414
488
444
341
331
461
426
451
443
27273
456
371
414
483
426
661
411
456
419
378
426
451
447
384
444
501
439
576
443
391
351
465
456
438
431
502
464
481
425
348
345
494
463
446
304
451
428
429
456
451
416
319
281
371
309
519
426
398
426
341
415
446
431
363
302
390
409
306
262
486
426
531
431
517
423
436
456
508
409
374
413
421
294
486
421
438
487
405
256
519
426
565
451
481
471
479
444
424
443
384
444
445
458
552
424
602
426
179
203
311
278
501
426
473
414
531
421
512
426
441
444
459
426
538
461
567
265
531
416
504
456
455
414
522
444
365
441
547
441
441
342
441
447
511
413
485
427
252
456
507
186
506
413
471
456
345
322
477
441
519
433
499
492
486
211
421
446
416
433
419
364
441
458
494
237
546
425
378
317
516
423
508
403
439
431
505
413
394
456
435
468
513
416
431
441
443
236
517
425
514
348
621
457
471
445
332
231
506
423
481
305
441
453
523
438
392
284
471
411
541
411
526
235
256
439
511
411
479
424
413
456
528
408
569
406
371
428
428
355
549
456
443
425
592
457
474
421
404
459
567
374
494
459
572
446
489
445
501
363
589
426
519
481
579
459
497
443
464
346
584
443
621
455
471
414
291
487
415
367
481
458
446
459
463
416
393
264
391
319
527
421
454
468
393
429
609
426
408
456
380
276
473
426
544
235
263
174
562
424
476
409
499
414
506
459
424
441
342
385
551
426
334
319
488
438
521
426
461
408
419
441
298
243
541
444
423
387
474
242
488
456
486
456
418
416
441
367
502
418
529
282
484
421
489
471
385
354
449
456
501
368
462
363
489
425
474
458
493
453
513
423
483
320
441
414
517
316
553
406
451
455
431
426
517
358
473
418
464
448
469
399
472
413
576
275
482
426
533
421
464
458
603
414
577
459
576
421
552
269
501
428
571
399
589
456
291
411
