461
443
436
421
496
426
349
419
496
229
391
416
383
458
469
421
544
231
385
324
453
421
488
345
253
201
519
429
254
308
546
429
523
411
287
270
464
456
305
441
463
439
313
250
283
210
476
408
381
300
471
444
622
245
506
428
254
443
456
444
481
441
535
451
196
372
488
423
285
264
401
345
281
411
454
456
281
245
506
236
491
431
519
426
494
411
293
414
536
416
504
421
669
444
342
443
512
242
702
439
363
419
507
431
453
323
263
251
398
172
269
178
375
319
408
275
330
263
458
413
491
458
482
408
487
459
479
421
449
478
397
453
404
436
435
355
328
208
499
444
297
226
328
398
438
428
444
322
377
276
467
257
374
308
488
444
469
405
476
173
348
276
529
431
353
453
526
506
383
272
373
414
537
414
350
421
361
331
436
456
395
270
148
185
384
308
704
459
499
426
333
421
539
444
531
282
422
236
349
421
394
312
504
451
451
458
471
421
564
448
449
180
401
288
504
328
511
423
521
438
476
425
431
441
271
253
373
428
377
261
469
411
371
317
459
411
531
360
439
179
496
426
354
426
447
456
291
244
582
416
312
266
502
420
499
414
436
456
311
243
373
258
417
446
396
421
306
357
524
429
380
350
489
469
383
426
498
406
484
423
265
446
350
426
501
509
499
419
452
328
513
474
488
416
448
449
308
381
519
178
675
421
455
454
496
458
536
411
334
284
396
426
429
431
529
426
371
458
508
406
446
423
601
421
378
449
421
438
293
425
522
414
796
305
542
459
538
275
375
373
474
431
431
401
506
336
464
426
444
446
368
230
484
373
386
444
469
394
506
247
294
208
359
365
459
443
564
398
348
271
282
411
288
444
338
282
519
464
462
396
423
329
439
456
486
439
496
447
501
439
425
338
466
408
454
323
451
411
539
262
511
411
603
423
328
243
790
448
464
254
476
282
536
425
439
426
548
300
508
417
466
408
448
208
392
433
434
429
514
428
443
409
506
453
486
365
253
226
355
227
464
416
478
436
467
406
491
441
273
254
253
179
436
373
363
367
237
180
436
414
423
356
549
319
496
429
469
459
539
414
269
231
419
426
446
549
424
230
498
396
491
423
431
188
378
285
451
444
303
286
469
439
473
404
511
454
231
174
395
322
559
413
374
310
503
471
443
456
307
248
449
456
521
427
431
384
416
458
473
444
242
178
383
272
365
311
303
264
469
284
348
314
405
439
385
411
527
438
358
331
391
394
454
310
478
435
301
244
620
384
423
444
268
244
283
217
351
479
448
425
461
427
469
357
421
310
297
243
413
424
390
323
423
438
668
331
489
411
373
428
403
425
476
469
691
456
476
458
384
398
464
471
406
398
426
459
511
411
619
439
328
285
353
297
537
242
369
276
465
449
356
220
375
338
537
355
457
429
471
421
669
456
689
277
544
426
436
411
408
351
455
396
416
423
562
413
443
443
429
444
493
423
390
354
338
285
577
297
504
295
444
179
316
236
428
334
336
285
509
406
466
406
506
427
479
443
361
189
509
243
518
333
554
426
299
244
531
414
199
243
444
461
478
429
466
415
473
499
458
414
505
443
372
349
519
425
462
351
461
321
469
423
459
425
478
428
494
479
403
348
287
235
481
250
423
324
472
444
359
431
599
429
496
413
280
261
471
426
387
275
383
443
474
456
491
411
322
270
514
424
468
383
486
426
419
331
329
251
478
411
534
413
498
416
496
333
246
192
516
439
438
403
195
332
491
381
483
444
304
229
441
347
350
274
469
441
481
284
521
375
371
288
465
449
269
438
438
451
494
426
481
441
483
416
506
429
29171
421
474
419
458
453
413
371
601
443
342
316
476
444
484
429
454
443
487
414
447
416
218
416
418
444
492
424
513
457
511
426
512
444
322
413
571
456
356
273
434
388
408
454
431
355
561
427
398
444
513
414
334
426
394
293
541
438
336
304
456
456
358
282
496
363
488
413
302
263
468
441
509
418
458
444
441
456
517
423
439
471
522
458
461
441
717
316
238
428
521
411
276
414
216
176
464
415
511
421
441
414
466
459
327
426
422
409
739
479
448
349
472
438
463
444
463
359
448
365
471
441
541
465
477
421
437
384
418
347
496
444
545
424
511
459
387
457
398
373
467
348
516
426
441
494
474
411
532
393
469
413
488
471
436
471
531
174
466
363
388
280
489
456
549
426
334
235
551
426
466
312
531
443
477
431
554
431
494
284
461
403
523
436
517
429
524
423
516
416
516
234
469
441
447
425
531
411
513
421
491
456
518
419
373
403
474
413
511
446
488
304
471
441
305
242
526
412
514
359
509
426
542
438
501
469
506
439
516
444
437
361
501
456
469
439
476
454
536
379
515
459
587
425
496
425
478
459
483
350
504
410
599
456
479
441
447
192
477
441
483
443
699
285
524
454
523
444
424
354
471
345
546
421
501
443
496
459
512
441
594
441
544
380
487
461
531
421
547
424
461
179
524
424
511
438
516
441
503
391
493
433
431
415
539
426
483
409
474
446
529
427
526
431
451
443
499
444
496
225
529
444
479
427
469
419
444
423
359
301
509
426
596
411
479
398
342
275
365
326
454
341
527
471
276
453
336
257
497
441
562
386
537
428
524
413
504
414
498
236
526
429
549
431
406
323
528
426
315
243
412
456
290
209
481
418
476
428
518
426
622
214
511
443
305
278
366
431
371
431
479
441
372
321
422
293
448
455
421
359
687
426
556
426
469
414
350
417
526
421
342
292
296
251
454
456
488
427
463
275
519
428
473
426
531
439
391
282
576
443
516
439
382
283
434
426
465
411
397
310
347
261
534
225
482
458
458
458
466
381
342
345
417
415
371
443
499
426
425
321
581
457
500
429
516
248
366
283
478
409
509
443
488
456
486
451
435
273
431
438
499
456
451
444
456
456
543
390
494
456
559
448
540
443
406
456
459
425
524
426
554
426
481
441
427
242
308
441
513
414
511
416
391
425
529
429
479
406
302
244
489
376
406
331
481
471
486
424
479
457
528
411
491
447
505
456
481
292
429
331
556
426
430
331
514
421
487
426
504
413
501
411
473
471
487
459
406
428
496
423
474
534
483
373
669
413
304
201
516
427
383
300
506
434
516
423
501
427
471
426
317
446
463
298
499
443
507
387
502
417
486
342
488
429
484
443
426
411
499
449
454
413
494
443
452
346
514
441
458
441
526
464
481
464
357
337
531
384
514
441
521
441
359
294
481
444
543
421
482
456
441
457
324
275
504
443
450
411
559
431
521
431
477
410
488
478
503
441
492
444
437
426
270
186
526
424
501
411
455
335
529
406
521
220
333
283
506
229
499
449
541
428
464
414
554
423
478
411
451
313
483
438
471
416
524
441
556
421
430
438
388
413
531
424
461
443
481
397
504
436
511
299
512
421
423
443
426
300
501
324
479
439
461
459
546
443
371
398
474
441
493
277
408
321
406
444
486
394
511
423
504
424
441
421
431
408
256
156
551
403
479
375
481
359
466
237
409
458
451
457
503
414
534
426
474
438
478
425
343
384
401
417
449
283
343
369
658
459
298
184
461
444
421
414
431
424
476
441
521
424
357
385
521
429
391
438
451
444
458
468
378
395
458
282
279
251
448
441
457
457
474
336
448
445
642
414
325
321
446
409
481
410
516
454
457
457
479
326
409
309
378
444
411
408
556
421
399
443
282
217
509
250
484
456
531
428
368
263
437
456
335
312
469
449
479
439
240
411
504
408
456
413
412
444
458
426
364
414
682
397
553
424
528
371
464
478
451
307
482
443
434
464
523
429
418
287
488
411
439
411
486
444
377
339
421
416
484
411
434
438
516
447
434
407
506
411
478
436
451
408
506
428
527
423
482
438
559
444
512
456
399
441
343
471
349
451
473
423
348
276
454
373
427
298
512
444
508
431
491
459
372
325
506
356
471
427
419
427
312
293
499
408
491
471
541
449
474
427
491
426
284
213
396
353
479
300
407
529
609
381
486
444
498
411
504
416
431
475
416
426
436
444
506
448
479
337
474
464
451
433
549
438
203
234
449
456
641
410
484
458
436
424
526
458
433
441
476
458
372
349
553
421
476
457
468
423
457
426
527
423
213
171
481
446
426
399
479
411
393
330
506
424
670
436
479
441
362
316
402
312
502
426
396
441
586
305
581
424
404
411
443
251
551
444
514
439
552
261
523
444
446
426
473
331
462
342
387
315
506
423
443
235
278
186
531
428
556
443
369
283
420
438
444
283
439
346
374
371
287
411
603
444
517
426
360
426
501
439
507
242
371
252
664
419
473
384
511
456
468
457
468
416
253
207
478
427
489
441
333
373
509
413
398
346
579
443
378
456
461
243
451
471
496
451
488
386
629
456
516
391
290
173
403
414
526
426
371
252
523
455
387
339
430
347
579
291
410
423
471
426
524
337
507
451
461
424
460
354
501
461
474
399
529
386
411
455
491
444
532
429
461
283
314
256
433
349
491
306
461
456
473
413
471
426
368
244
702
447
375
281
484
223
536
445
368
305
474
428
461
396
519
421
516
425
