418
476
285
303
434
335
508
458
368
374
454
506
259
503
534
484
499
249
519
471
240
488
484
498
249
283
461
457
442
287
509
406
503
479
684
487
438
491
314
270
527
477
526
496
474
476
401
189
499
334
505
471
387
271
519
489
476
471
524
479
541
456
378
297
546
489
564
456
367
282
401
270
447
459
353
222
499
504
418
262
483
199
466
484
539
459
556
481
471
471
466
472
446
489
426
469
421
456
527
468
506
461
312
242
412
369
310
434
424
471
544
471
490
432
256
306
545
539
581
471
361
264
270
454
531
431
331
240
514
489
267
424
526
491
389
349
513
424
356
497
647
421
552
464
296
260
839
473
529
476
599
466
355
355
493
474
468
471
496
456
353
322
521
471
521
445
481
468
473
491
466
477
321
282
529
481
547
231
528
446
451
302
563
444
521
471
460
405
351
322
504
474
498
467
556
398
523
468
523
489
360
303
536
461
521
486
524
471
379
312
184
209
492
399
531
371
526
408
405
471
478
475
486
471
556
474
403
351
336
324
417
333
399
352
521
476
534
416
564
473
419
473
581
484
609
448
489
477
407
270
537
469
483
444
531
223
478
439
519
474
511
438
511
484
340
446
483
341
448
439
401
191
524
451
344
290
548
451
491
446
553
471
440
467
352
272
445
403
454
477
584
441
586
454
551
481
403
354
359
207
448
467
346
255
529
454
327
257
392
363
408
456
494
496
551
481
426
456
619
438
547
468
501
474
553
471
403
488
349
461
478
471
496
453
319
477
601
484
524
471
370
349
449
459
637
488
559
471
508
446
538
434
414
477
431
451
328
266
541
459
511
458
636
466
554
444
551
486
513
457
474
445
451
471
421
476
426
200
401
383
521
471
567
459
375
265
391
350
259
280
532
236
504
455
514
469
262
471
339
315
551
471
583
524
519
478
327
476
402
357
516
472
511
472
463
471
524
475
583
475
365
476
543
247
524
441
443
376
356
391
519
477
353
489
494
504
551
463
561
431
268
282
481
484
416
476
696
434
445
371
599
471
562
474
348
278
531
488
525
471
471
476
481
469
491
454
395
444
458
471
581
486
494
439
541
468
492
469
526
296
416
350
534
486
235
175
373
424
404
378
459
474
461
489
464
483
441
457
581
471
511
477
443
444
464
474
324
319
514
427
346
299
556
457
543
474
509
439
568
357
378
308
509
489
438
322
399
367
388
271
491
436
481
394
521
471
270
491
493
459
491
360
469
474
532
471
379
378
408
237
534
365
328
340
564
458
463
396
486
489
343
260
521
456
506
504
539
468
566
461
596
474
508
461
412
357
641
489
506
244
459
446
468
349
403
501
278
474
576
471
466
444
395
345
534
473
365
277
285
456
529
293
437
473
489
443
521
461
604
460
451
476
451
397
324
272
617
464
531
458
541
471
469
446
519
471
343
334
338
477
514
461
254
205
366
446
270
200
433
341
414
471
320
302
549
471
388
319
591
459
425
503
411
486
556
487
365
475
576
425
236
270
416
321
411
308
551
467
432
341
587
488
347
303
359
373
459
461
377
305
423
413
673
314
489
461
360
300
519
463
521
471
409
384
594
468
293
221
509
473
460
436
579
466
463
471
606
451
405
387
552
486
491
394
355
300
451
396
282
453
508
488
425
322
644
471
418
385
509
471
339
302
448
364
509
468
524
275
552
207
451
471
516
459
551
421
250
234
523
491
554
471
556
453
375
466
434
351
349
355
513
458
385
484
386
317
503
491
363
352
445
396
322
266
474
448
423
466
539
459
527
465
538
474
424
505
601
469
564
487
511
471
303
204
471
473
504
459
524
468
412
362
527
468
544
488
389
421
548
471
532
471
368
295
589
481
467
459
312
461
465
445
409
386
486
457
529
453
544
469
541
476
521
416
521
472
541
384
524
477
500
468
518
488
496
484
366
293
579
504
498
327
589
339
624
501
454
451
501
487
552
458
513
471
506
423
569
459
364
312
479
309
445
381
329
284
531
491
506
461
529
484
526
469
529
434
569
476
539
473
279
203
609
359
549
458
553
471
532
471
573
471
441
363
557
316
620
337
336
231
499
468
689
456
401
371
346
336
666
491
497
484
549
471
421
366
426
409
415
481
483
479
516
476
418
377
519
471
397
262
592
326
545
468
589
456
425
489
587
471
559
459
516
481
441
191
360
338
529
481
516
471
410
341
524
474
516
483
564
471
531
468
535
466
576
417
596
321
505
457
403
424
492
526
319
269
493
461
537
468
478
489
594
459
381
237
509
502
524
445
536
275
544
484
547
457
501
456
514
461
553
434
496
469
513
483
531
468
562
469
499
459
488
474
460
450
534
483
443
363
412
471
516
476
491
476
497
471
557
448
537
484
526
458
331
471
471
479
543
257
538
459
481
201
536
446
494
471
566
491
473
471
531
456
559
471
503
484
551
471
557
471
463
423
677
471
327
260
553
499
506
466
282
198
546
474
327
476
461
423
551
471
398
269
436
368
543
421
527
367
564
471
514
477
525
471
489
489
377
279
523
306
627
469
398
491
556
379
452
397
551
475
436
457
497
483
431
456
352
481
396
463
492
476
608
469
541
489
519
484
562
456
506
471
379
459
619
315
566
475
483
479
289
216
516
488
507
468
431
376
491
386
591
476
569
491
754
489
641
474
523
479
448
446
543
471
312
458
333
487
405
354
519
441
533
456
524
368
534
455
838
471
538
469
566
418
506
444
443
486
729
475
487
264
607
415
404
291
506
459
624
486
417
367
388
340
559
469
511
456
496
489
491
476
542
473
488
488
443
411
529
461
534
476
324
405
483
473
511
453
469
471
538
474
581
280
534
414
529
456
400
377
369
285
547
459
513
489
521
476
591
481
374
435
531
471
473
484
433
349
514
456
543
448
497
455
529
479
436
397
479
443
425
371
359
491
533
474
619
503
476
393
551
258
484
483
511
489
617
499
448
474
609
469
376
342
524
443
496
476
528
473
511
456
419
322
481
459
581
371
481
473
679
468
521
416
636
459
463
484
546
476
561
471
551
466
633
491
529
457
482
459
533
474
491
471
547
473
559
471
473
476
488
501
535
263
478
446
479
474
549
469
766
476
344
253
593
489
427
493
532
436
517
459
496
474
543
451
491
471
545
313
516
254
455
491
498
384
457
491
536
471
603
481
316
248
551
354
476
405
408
366
486
461
518
471
471
486
557
374
498
459
601
336
584
449
559
455
621
471
453
498
441
475
521
463
420
359
533
455
556
381
303
212
508
359
549
476
511
395
546
455
517
455
541
474
438
401
622
494
546
476
541
469
522
315
724
471
546
471
539
488
521
313
417
459
827
471
524
501
541
333
536
534
531
370
527
466
546
488
777
487
526
304
555
466
569
471
559
474
499
471
511
449
552
489
561
463
601
478
494
479
312
215
609
473
549
469
528
444
566
459
374
494
524
476
509
479
403
363
529
504
561
483
529
458
536
471
524
471
421
351
471
254
476
489
509
386
546
458
456
461
511
514
796
471
408
327
511
481
607
493
506
454
491
491
523
474
556
458
594
446
526
488
544
414
524
439
452
383
503
444
453
457
746
471
332
261
473
469
402
359
531
471
554
488
471
446
481
476
569
471
485
278
526
456
582
311
573
456
441
477
401
456
318
451
526
347
476
473
262
293
352
391
322
363
334
471
497
477
328
459
581
469
533
393
515
476
320
280
503
321
426
323
589
449
552
483
532
456
473
414
576
464
586
476
541
458
760
458
847
456
556
459
521
494
401
488
611
458
448
499
417
332
478
488
426
484
503
366
290
300
469
471
546
436
227
468
536
469
373
445
604
456
563
458
579
416
635
471
578
383
609
468
502
471
572
341
583
474
523
457
504
489
505
429
519
486
384
329
421
469
513
461
554
471
367
468
576
446
493
457
554
265
501
489
549
483
529
461
551
476
527
478
479
341
596
484
528
481
533
295
609
489
527
302
438
456
553
183
651
471
411
362
476
263
512
476
327
436
491
474
403
297
491
477
589
506
339
492
518
471
363
305
534
471
424
367
582
375
606
466
581
491
435
350
483
473
455
381
589
468
518
459
378
456
476
456
438
484
556
473
451
431
521
509
581
484
524
469
528
476
509
459
371
387
441
476
350
262
426
479
465
461
822
471
477
476
443
469
521
459
566
451
403
356
499
407
421
491
358
387
502
469
529
504
448
406
537
485
481
365
484
492
469
300
332
459
516
491
566
469
556
459
579
471
596
471
446
479
504
361
461
468
866
397
535
471
467
468
525
496
524
469
514
193
611
473
512
474
509
383
1030
468
611
489
513
272
436
189
699
414
458
466
606
471
541
476
509
382
352
524
529
461
425
348
524
322
544
366
553
476
505
408
429
377
508
386
445
333
334
386
536
443
532
301
286
476
400
297
637
471
454
486
436
491
546
469
518
496
441
476
551
471
549
329
377
236
578
457
474
348
571
393
541
474
566
305
609
190
494
491
415
317
536
471
579
466
494
355
544
384
368
476
494
474
542
471
334
489
508
476
322
269
525
504
539
476
602
290
