1852
686
1902
696
1957
712
1939
692
1824
704
1924
746
1827
722
2010
709
1930
692
1812
711
2015
697
1895
684
1864
587
2286
726
1902
545
1919
696
1960
377
1972
694
2042
680
1791
697
1246
363
1678
584
1904
709
1814
629
1834
709
1593
692
1959
694
1967
606
1887
682
1792
585
1864
699
1869
567
1710
536
1979
602
1950
709
1962
503
2022
457
2119
705
1802
586
2082
700
1325
689
2142
697
1714
548
1887
690
1942
697
1869
461
2035
679
1904
577
1912
684
2063
682
1905
591
1919
678
1945
702
1582
669
2015
548
1743
585
1955
709
1955
696
1839
694
1912
690
1686
585
1946
573
1871
433
1881
694
1994
378
2067
684
2042
694
1920
679
1906
702
1944
702
1849
706
1997
696
1975
702
1922
571
1985
687
2040
684
1937
444
2032
706
1726
585
1930
684
1995
623
1949
704
2011
697
1817
576
1932
705
1756
485
2007
679
2128
695
1771
656
1879
694
2055
654
2047
694
2109
684
1952
704
1132
402
1892
697
2037
684
1890
571
1985
680
1942
745
1926
687
1992
699
2040
483
1977
682
1890
689
2063
652
1947
510
1850
613
1942
582
2102
724
1980
707
2022
632
2037
702
2027
9324
1912
699
1922
682
2147
627
2122
591
1382
588
1789
704
1932
684
1546
405
2080
682
2077
663
2030
9140
1795
451
1895
667
1872
724
1827
587
2078
682
1858
686
1817
564
1910
642
1814
694
1909
473
1929
767
1953
691
1992
734
2053
689
2025
681
1979
719
2007
394
1977
583
1924
576
1897
587
1962
692
1997
684
1982
700
1789
541
1959
712
2043
687
1738
646
1944
696
2300
682
1942
694
2092
699
2102
684
1889
387
1973
704
1854
667
2020
670
1902
680
2077
374
2027
597
2192
687
2030
583
2018
712
2022
586
2115
701
1551
577
1826
656
1902
694
2066
660
2097
721
1509
704
2019
679
1633
8363
2070
672
1530
511
2039
694
2032
754
1947
693
2037
684
1809
682
2053
726
1876
734
2225
696
1929
699
2227
9114
2084
692
1972
684
2052
582
2102
697
2060
594
1967
606
1932
707
2000
595
2216
598
2060
704
2140
714
1804
499
1962
704
1436
499
1628
553
2030
682
2027
692
1942
701
2283
679
2132
694
2042
689
1433
461
1914
587
2078
704
1497
398
2047
702
2100
727
1918
591
1954
694
2033
601
2088
673
1932
714
2074
697
2075
666
1997
602
1937
587
2047
681
1972
572
1897
578
1528
538
1882
681
1824
709
1961
697
2049
585
2070
674
1995
707
2082
692
1904
627
2081
682
1919
710
1954
699
1992
661
2080
700
2042
375
1970
682
1917
547
2095
684
1902
681
1895
401
2128
679
2047
684
1537
529
1904
562
1766
667
1850
870
1992
690
2007
561
2197
681
2019
704
2288
704
2029
706
1560
501
2063
684
941
324
2015
694
1662
585
2007
712
2100
679
2100
694
1775
505
2037
689
2112
682
1766
571
1994
735
1661
596
1247
707
2375
704
2089
694
1960
698
1653
710
1940
689
2085
577
2195
719
2035
692
1846
589
2039
702
2059
712
1970
677
1887
696
1959
695
1654
689
1990
681
2082
692
2062
709
2007
639
2060
501
1922
684
2057
692
2015
551
1887
681
2059
682
1648
709
1887
694
1908
691
1823
671
2037
722
2027
360
1947
438
2045
670
1222
390
1677
585
2085
601
1216
578
1975
720
1796
704
2048
712
2038
682
1614
581
1333
614
1937
679
2064
679
2030
644
2192
644
2010
627
1886
9199
1979
692
1987
543
2035
709
1909
707
1947
692
1520
706
1148
409
1398
694
2120
706
2065
712
2069
684
2004
617
1950
707
2018
709
1949
667
2070
388
1514
682
1868
654
2080
704
1812
582
2165
699
1894
591
1920
444
1954
749
2038
724
2049
691
2105
676
1585
566
1856
724
1973
684
1927
719
1866
712
1899
687
1920
691
1608
487
2160
557
2009
700
1859
739
2052
671
1902
582
2110
694
1912
562
1840
697
1897
594
2217
689
1857
697
2005
694
2117
682
1704
704
1952
689
1934
682
2110
706
2125
9324
2167
661
2097
715
1923
691
1919
709
1399
505
2080
697
1946
526
1967
685
2062
684
1971
682
2022
567
2102
707
1952
702
2062
692
2002
682
2041
697
1852
551
1396
518
1684
570
1745
587
1968
714
2385
699
1999
682
2065
776
2085
682
2157
706
2125
697
2145
732
2100
709
1741
589
1700
712
2002
694
2147
694
2047
655
1999
568
1950
574
1991
599
1872
706
1965
697
2035
696
2123
697
2180
729
2220
694
2032
709
2102
577
2045
686
2018
706
2022
709
2297
684
2037
696
1955
721
1567
649
1612
689
2345
695
1819
704
2119
638
1552
512
1892
606
2190
395
2040
695
1972
647
2123
616
2004
702
2100
682
2122
706
2103
684
2183
714
2003
694
1964
702
2038
682
2040
697
1999
567
1967
699
2213
571
1962
654
2022
578
1939
388
2067
686
2102
682
2273
717
2138
665
2078
702
2173
704
2336
726
2178
717
2067
697
2105
685
2049
597
2130
694
2000
591
2080
674
2110
721
1947
697
2042
688
1360
727
2087
687
1989
642
1608
714
2030
695
2104
720
2155
550
2155
689
2009
679
2172
687
2095
585
2142
698
2028
701
2015
649
1709
727
2135
637
2173
684
2052
666
2100
717
2134
692
2020
689
1889
694
1980
632
1939
711
1989
660
2160
651
2047
707
2160
593
2125
693
1972
639
1800
590
2120
797
2167
717
2085
694
2080
693
2088
687
1800
602
2125
560
2092
707
1860
722
2109
689
1869
577
1427
700
1955
540
2012
712
1962
679
2115
682
2239
694
2067
701
1901
665
2088
714
1809
692
1878
502
1917
390
2094
682
2010
682
2017
709
2039
694
1989
662
2052
560
2012
731
2167
716
2273
682
2022
589
1986
655
2102
696
1886
530
2135
688
2047
682
2065
397
2009
556
1732
584
1990
682
2058
701
1984
682
1771
578
2182
707
2075
719
2017
684
2089
581
2055
697
2393
688
2180
679
2075
457
2085
644
1785
702
2060
609
2002
697
2158
729
1869
734
2075
734
2097
684
2104
387
2079
697
1872
589
2098
401
1999
681
2488
705
1670
701
2072
692
2102
704
2066
562
2014
682
1931
398
1965
706
1756
585
2181
691
1980
704
2215
694
2050
602
2142
451
2040
696
2037
772
2110
686
1287
380
2083
741
2159
571
2145
691
2102
694
1932
610
2082
572
2105
692
2125
682
2127
9912
2082
707
1834
418
2087
704
2097
497
2010
696
2103
694
2010
402
2102
565
1935
697
2097
711
2190
475
1631
583
1830
711
2213
584
2131
730
2092
697
1540
521
1910
559
2127
516
1891
641
1964
682
2040
696
2152
538
2077
704
1977
694
2047
694
1912
672
2017
710
1904
699
1933
667
1887
694
1917
336
2010
661
2062
591
1951
630
2238
609
2084
694
1759
682
1995
617
2185
684
996
692
959
325
2034
574
2054
560
1979
561
2127
577
2002
737
2055
696
2125
581
1768
674
2021
680
2104
709
2443
682
2145
697
2313
694
2032
706
2188
697
2175
697
2183
535
1736
585
2187
749
1952
706
1972
682
1819
689
2007
471
2147
698
1781
599
1382
472
1938
707
2163
625
2003
714
1226
387
1982
695
2177
697
2050
712
2130
701
2037
559
2057
696
1911
689
2150
694
1973
556
2117
9805
2092
704
2107
724
2115
709
2190
682
1947
699
2121
684
2197
681
1697
456
2137
695
2120
696
2110
672
1409
505
2098
691
2055
710
2160
699
2280
684
2172
594
2230
734
1620
585
2165
705
2015
704
2059
584
1760
702
2114
709
2070
588
2142
576
2032
694
2017
400
1509
709
1947
704
2010
694
2127
697
2325
538
2019
539
2095
696
1932
459
2137
707
1759
433
2142
457
1967
632
1844
706
2168
696
2042
595
1942
619
2203
717
2140
709
1748
704
2124
692
2227
707
2054
386
1749
599
1268
411
2102
687
2165
681
2190
696
2024
632
2220
697
1325
405
2045
632
1969
700
2160
712
2210
697
2158
709
2010
709
2091
710
1244
399
2060
699
2107
690
2117
735
2050
700
2042
375
2192
689
2083
586
2013
694
2125
704
2073
405
2032
513
2020
694
2054
668
2089
637
1493
403
1635
614
1904
636
2057
694
1959
679
1807
684
1459
565
1854
730
2062
632
1934
516
1881
468
2035
711
2063
574
1917
472
1989
699
1899
706
2247
525
1892
699
1744
498
1950
590
1944
689
1902
678
1955
694
2105
695
1937
689
1907
599
2278
545
1954
695
2065
694
2013
580
2057
698
1987
699
1274
403
2060
563
2044
705
2097
689
2006
710
2099
692
1519
594
1940
687
2093
719
1167
707
1901
624
1678
548
1919
734
1804
672
2032
704
1783
626
1939
687
1922
653
2018
684
2017
696
2027
684
1939
597
1809
512
1977
699
1909
702
1942
697
1879
689
1910
692
1806
696
2022
705
1826
537
1942
648
1922
694
1998
694
1884
565
2064
699
1865
665
1919
684
2125
704
2024
686
1937
684
2044
682
2054
704
1876
707
1974
710
1804
699
2035
697
1882
694
1929
691
1932
599
1989
686
2002
694
1955
486
1717
582
1822
697
2004
697
2103
631
2005
720
1906
682
1130
672
1915
605
2011
589
1940
704
1892
602
1693
674
1812
684
1508
676
1989
702
1975
553
1934
697
2100
672
2032
586
2042
704
1969
696
1847
585
2040
694
2040
696
1952
714
1690
739
1822
696
1413
515
2019
666
2085
696
1147
381
1989
709
2127
695
2045
683
2014
409
1962
684
2032
707
1896
711
1679
597
1220
690
1959
714
1990
582
1924
696
1902
692
1904
699
2149
679
2065
681
2029
694
1977
707
1972
385
1942
694
2022
697
2034
689
1982
697
1980
721
1772
704
2027
694
1960
395
1874
484
1827
604
1157
696
2032
657
1827
659
2017
709
2095
472
1977
568
1915
656
2054
712
1964
612
2060
696
1984
704
1955
714
2132
497
2139
682
1892
679
2045
542
1895
714
1748
621
2225
682
2115
691
2260
717
2173
717
1984
697
1999
561
2177
684
2000
694
1932
637
2120
681
1604
554
1266
689
1962
689
2148
584
1974
699
1380
706
1990
706
1931
679
1971
620
1981
659
1893
8841
2032
667
1847
576
1864
546
2042
694
2032
720
1667
568
2102
574
1656
716
1844
702
1840
695
2050
596
1986
634
2077
698
2032
501
10003
619
1862
717
2040
585
1578
694
1929
740
1920
692
1587
595
2017
697
1926
682
1549
704
1872
682
1972
687
2043
694
1824
588
1860
639
1845
584
1854
387
1884
690
2149
686
1353
715
1925
712
1875
697
2065
687
2092
579
1378
704
1965
696
2293
714
1927
694
1705
593
1887
724
1423
696
1743
595
2130
521
1954
709
2170
697
1951
516
1800
603
1955
697
1909
605
1947
687
1902
694
1842
574
2077
505
2080
706
1983
697
