1837
724
1809
408
1982
701
1955
684
1837
679
1852
694
1902
725
2039
656
1572
466
1974
681
1942
665
1075
384
1629
701
2027
692
1778
719
2085
704
2032
724
2055
690
2008
492
1932
663
1874
692
1145
564
1864
694
1597
575
1944
700
2079
585
1945
678
1992
682
2097
641
1811
701
1423
556
1860
728
1856
563
1955
699
1922
658
1956
694
1952
716
1399
421
2185
381
2005
701
1157
17945
1895
589
2017
684
1917
697
1888
575
2065
712
1882
694
1618
426
1847
670
1660
607
1949
653
1995
669
1929
681
1880
705
1877
687
1944
702
2013
694
1963
696
1899
707
2072
385
2045
689
2044
485
1889
697
2222
679
1939
464
1942
689
2000
704
1852
704
1633
653
2020
666
1872
706
1132
371
1749
634
2142
606
2183
706
2100
684
1348
395
1819
566
1336
331
1829
382
1872
675
1887
601
2034
677
1987
607
1885
582
1997
682
1677
488
1972
701
2040
727
1879
681
1992
682
2024
697
1946
794
1887
593
1925
611
2058
680
1957
684
1776
499
2029
697
1927
714
1999
507
2104
716
1992
732
1945
690
1777
697
1859
655
1977
701
1911
670
1572
472
2071
677
1937
699
1907
534
1967
704
1766
634
1962
684
1409
453
2072
694
1683
672
1906
681
1937
682
1804
396
1114
652
2048
387
2032
704
2049
667
2027
687
1611
709
1955
714
1752
697
1842
697
2029
691
1997
730
1999
699
2085
687
1884
712
1944
727
1867
518
1924
339
2002
679
2251
691
1748
694
2004
577
1827
431
1932
483
1967
709
1962
689
1930
707
2067
837
2002
618
1217
696
1967
400
1985
692
2145
724
1097
385
2067
736
1959
694
1972
684
1989
666
1711
574
2020
697
1860
715
1261
437
2165
508
1840
602
1879
659
2008
724
2057
702
1874
684
2019
707
2030
681
2028
669
1866
619
2027
603
1816
694
1974
618
2057
694
1834
681
1995
521
1977
695
1904
681
2103
686
2052
712
2037
706
1867
587
1929
697
1918
656
2202
516
1958
709
1422
458
2090
681
2105
587
2097
697
1952
392
1937
634
1954
505
1071
386
1980
467
1919
679
1961
694
1179
378
2040
764
2079
694
2005
702
1977
681
2073
689
2020
712
2038
9547
1977
707
2060
678
1949
709
2213
566
1979
724
1057
323
2002
687
2028
694
2037
687
2027
700
1997
684
2014
587
1847
629
1869
697
1899
691
2069
712
1977
456
2095
694
2057
686
2013
692
1934
533
2007
9598
1877
698
1905
682
1975
696
1987
694
2084
674
1927
697
1995
8243
2045
710
2007
704
2044
559
2025
618
1864
604
1669
501
1905
707
1980
684
1673
710
1935
690
1357
381
2053
659
1644
511
1975
707
1939
683
2032
697
1070
694
1954
692
1997
699
2125
9143
2009
697
1947
682
1971
686
2242
687
2000
441
2090
699
2007
574
2080
702
1676
578
1772
330
1885
704
1995
699
2067
694
2007
665
2109
639
1185
717
2097
709
1934
571
1927
707
1967
687
1889
707
2103
642
1498
586
1594
516
1990
682
2058
599
1961
687
1566
585
2157
708
2009
621
2098
681
2090
707
1967
705
1721
591
1747
552
1860
571
1941
699
1917
526
1958
575
1955
709
2029
694
1880
692
1584
602
1947
570
1889
686
1110
377
2000
640
1085
373
1981
641
1962
584
1471
704
1851
561
1868
561
1999
712
1877
674
2140
602
1912
488
2005
694
1919
384
1894
711
2044
595
2062
701
1769
600
2130
598
1862
695
2015
586
2239
647
2030
696
1995
704
2072
669
2045
701
2050
599
1951
526
1954
669
2150
697
1917
719
2128
700
1977
709
1383
679
1990
684
1879
691
2052
687
2105
616
1980
686
2088
591
2260
680
2080
556
1925
575
1970
692
1955
677
1974
691
1899
682
1250
694
1954
697
1904
665
2003
694
1353
562
1967
711
1909
694
1984
696
1778
585
1752
523
1937
714
2030
653
2062
727
2088
604
1745
669
1952
605
2025
691
1974
576
1992
582
1948
697
1745
689
2035
712
842
289
1724
597
2003
702
1940
692
2098
697
2113
696
1977
707
1965
679
1772
541
1942
697
2132
696
2097
702
2095
683
2027
539
1942
632
1957
9520
2065
591
2060
697
1997
697
2135
681
2064
682
1985
625
1974
712
1974
629
2088
656
2034
687
2027
681
2000
682
1995
739
2035
598
1954
704
2062
697
2052
697
2009
680
2147
712
1736
702
1972
636
1862
692
2008
687
2074
694
1611
694
2072
689
1962
696
2185
515
2050
696
1957
717
2141
694
2143
584
2077
614
1955
696
2022
742
2285
697
2117
684
2093
791
2090
732
2268
727
2042
572
2031
687
2018
679
2095
701
1927
689
1316
689
2085
690
2165
696
2169
704
2135
597
1912
597
2040
514
2162
616
2167
704
1971
698
2082
350
2045
707
1955
682
2271
606
2164
683
1614
555
2098
560
1830
406
1981
694
1930
593
1832
634
1965
724
1964
584
2118
682
2082
581
2014
712
1672
689
2107
702
1651
677
1856
644
2037
682
1977
706
2165
694
2027
682
2062
679
2103
668
1962
647
2085
717
1995
706
2002
709
2198
696
1606
697
1912
583
2135
684
2100
709
927
699
2037
718
2147
706
1987
709
1977
694
1895
681
1909
681
2052
701
2089
513
1845
706
2028
694
1937
697
2092
711
2067
691
1434
402
2037
697
2017
517
2057
558
1898
577
1928
706
2418
584
1984
689
2095
716
2115
681
2198
709
2107
704
2173
689
2145
697
1925
705
2182
697
2004
504
1952
684
2067
702
2067
671
2054
692
2083
694
1995
695
2097
676
2085
696
2032
582
2147
670
2070
9099
1927
557
2027
667
2128
704
2027
707
1886
699
2112
692
1158
414
1947
681
1992
696
2050
591
1912
667
1990
684
2027
694
2061
665
2208
662
2077
559
2110
692
2035
692
2106
684
1523
395
2207
591
1875
688
2052
696
2230
697
2100
694
1345
9467
2028
709
1563
8981
2152
491
2058
697
1982
694
1764
697
1859
684
2219
604
2182
679
2203
696
2169
599
2043
730
2019
704
2052
724
2067
684
2265
682
2080
619
2128
441
1922
696
2062
704
1987
681
2015
694
2070
724
2102
681
2205
463
2193
623
2109
622
2032
700
2017
694
1882
597
2050
699
2017
668
2128
699
2162
734
1692
584
1990
393
1813
496
2025
464
2008
682
2009
687
2078
648
2175
527
2075
696
2130
785
2075
612
2188
648
2380
709
2280
677
2017
709
2043
701
2050
563
2078
684
1915
697
1776
11858
2092
676
2105
695
2093
684
1944
696
2052
505
1865
725
1910
696
2063
581
2065
701
2133
695
2090
687
2020
436
1945
717
1967
685
2060
712
2185
701
2072
707
1967
712
2002
681
2132
699
1999
689
1317
609
1972
686
1879
591
1490
611
1892
689
1912
685
2057
707
1760
597
1950
709
1995
592
2105
681
1747
596
2090
687
2032
684
1713
497
2208
584
2193
707
1689
726
1795
578
2002
699
2044
694
2122
701
1608
461
2027
694
2050
691
2195
692
2135
687
1724
519
2108
682
2089
494
2047
694
1768
709
2063
694
2085
506
2208
589
2300
702
2090
724
1884
691
1972
646
1937
695
1295
9351
2062
697
2069
585
2107
704
2215
569
2057
402
1587
563
1408
581
2152
545
1263
662
2143
755
2092
697
2057
609
2112
593
2083
570
2168
706
1939
595
2366
680
2024
696
2027
697
2120
599
2038
684
2014
572
2010
589
1947
722
1736
694
1652
560
2079
714
2070
581
1790
611
2155
701
2348
392
1972
727
2100
681
2052
691
2155
697
2203
692
2100
709
2055
486
2083
695
2139
659
2095
687
2191
562
2090
706
2059
584
1650
9712
1887
694
2040
696
2088
699
2090
694
2055
694
2035
689
2099
694
2100
582
2103
591
2121
701
1962
694
2181
9892
1272
378
2085
612
2035
697
2090
694
2050
684
2044
692
1549
523
2360
709
2190
692
1310
393
2056
13107
2019
452
2153
709
2109
694
2155
682
1750
745
1994
688
2090
705
2052
698
2070
712
2117
627
2163
687
2092
701
2157
707
2079
696
2039
698
2009
699
2099
704
2112
380
2182
719
2084
707
2177
704
2090
702
2112
697
2132
694
2107
682
1778
622
2137
684
2135
696
2097
706
2154
697
1935
699
1960
709
2137
684
2110
580
2085
696
1620
582
1787
665
1771
489
1900
546
1896
699
2165
496
1248
406
1952
696
2022
701
1949
337
2070
698
2147
696
1994
684
2197
660
1937
697
1523
525
1817
699
2047
551
1997
680
1835
700
2062
694
2150
681
1990
699
2050
696
1871
586
2383
629
1899
681
1692
709
1949
697
1955
697
1990
706
1969
726
2087
699
2093
709
1899
690
1981
586
1814
704
1927
595
2002
726
2020
696
2195
694
1987
644
1970
729
1889
689
2035
686
1867
704
1989
517
1957
697
1912
398
1861
712
1989
663
1991
694
1992
682
1929
693
1927
700
1942
681
2034
701
2032
687
824
709
1957
692
1962
689
2022
697
1932
696
2125
699
1852
697
2002
736
1947
559
1673
671
1904
721
1914
696
2092
681
1563
699
1992
709
1949
696
1864
724
1862
697
1787
710
2047
606
2062
666
2002
712
1932
711
1889
684
2030
687
1838
663
1627
587
1914
576
1877
599
2063
706
2005
732
2127
682
1967
595
1819
589
1520
519
1905
622
2037
699
1961
681
1917
717
2054
679
1734
705
1664
440
2125
705
1982
586
1894
704
1134
717
2019
692
1882
696
1970
697
1975
639
2047
706
2054
681
1902
717
2079
687
1936
741
2062
684
2040
586
1974
707
2045
475
2040
593
1969
604
1977
398
1677
503
1917
578
1902
700
1785
479
1578
694
1877
694
1992
682
1959
694
1960
646
2040
717
1937
702
2065
696
2002
684
2067
694
1937
719
2014
709
2028
694
1987
697
2079
682
1661
479
2120
576
1892
689
2067
706
1967
724
1890
388
1977
629
2140
739
2030
707
1892
682
2000
729
1863
599
2079
694
1947
686
1977
701
1930
679
1925
699
1884
724
1881
689
1992
694
1955
714
2120
682
2060
700
1884
567
1894
8888
2021
695
1966
684
2077
682
1989
689
2122
706
1958
644
1682
717
2102
704
1887
697
2200
682
1888
716
1854
697
2038
697
1869
601
1970
572
2039
563
1949
697
2065
596
1992
697
1897
396
1083
401
1203
639
2040
694
1045
502
1782
593
1920
797
1469
521
1997
680
1325
404
2095
691
1992
710
1807
696
2027
582
1859
704
1947
575
1935
697
2007
696
1984
695
1949
644
1902
644
1804
721
1885
674
1956
688
1987
692
1957
717
2001
684
1967
708
1892
682
2017
494
2308
697
1108
704
2017
694
2012
697
2117
687
1715
563
2077
686
1845
739
1957
727
1910
564
1975
691
2072
707
2007
646
1545
687
1764
699
1973
696
2002
692
1884
694
2055
696
1839
692
2123
627
1768
574
1944
704
2035
694
