1794
682
1936
784
1440
477
1990
717
1819
684
1817
697
1862
709
1950
690
1932
591
1891
477
1872
717
1904
373
1610
674
2207
8847
1869
714
2042
697
1891
697
2052
697
1834
694
1941
700
1963
708
1887
615
1882
699
2095
671
1799
712
2073
681
1211
10204
1849
707
1832
721
1887
707
1894
698
1789
573
1839
596
2007
647
1855
603
2047
712
1962
523
1734
689
1919
370
1766
709
1967
744
1937
731
1947
709
1822
682
2078
681
1909
674
1880
626
2030
447
1990
682
2020
699
1904
672
2082
663
2068
729
2004
704
1997
697
2089
729
1671
704
1982
17858
1821
684
2115
394
1974
689
1384
560
1852
697
2050
684
1819
692
1947
694
1929
609
1906
634
2027
681
1662
597
1388
530
1837
386
1977
475
1967
717
2034
699
1944
666
1871
710
1892
695
2032
388
1854
694
2035
687
2022
722
2007
681
2019
694
1912
568
2212
667
2050
566
1950
696
1922
724
2042
791
2110
695
2090
699
1163
709
1994
699
2022
495
2042
656
1972
684
2002
495
1975
684
1957
699
1918
575
1962
679
1930
676
1884
707
1844
715
1822
694
773
656
1419
658
2078
499
2020
710
2009
646
1824
731
1877
694
1837
711
1985
686
2323
699
1982
707
1944
619
1874
696
2024
709
1880
691
1884
697
1165
402
2067
593
2067
684
2052
697
1897
706
1789
698
2048
695
1975
687
1947
671
2115
732
1912
686
1967
682
1890
649
1879
702
1920
665
1902
384
1917
697
2037
700
1964
707
1954
551
1794
389
2077
649
1975
686
1947
697
1997
678
1852
585
2021
692
2034
378
2075
697
1995
714
2113
623
1057
386
2083
596
1969
704
2045
687
2150
694
1882
608
2047
387
2012
684
1856
658
1798
674
1875
697
1954
676
1889
667
1764
662
1994
697
1875
596
2020
709
2077
684
2225
574
1570
605
1899
695
1987
604
1912
591
1989
702
2055
545
1908
684
1699
574
1987
637
1965
696
1536
446
1947
699
1952
572
1944
672
1760
500
2034
697
2045
443
2032
642
1976
694
2100
687
1737
709
1945
681
1722
496
1974
314
1909
510
1184
390
2049
701
2205
671
1229
380
2017
696
1874
697
1633
707
2039
656
1702
691
2170
581
2002
682
1982
714
1985
699
2088
547
1917
634
1069
322
1942
741
2024
685
1660
649
1992
699
1942
704
2099
704
1929
498
2040
561
2055
681
2119
711
1316
7433
2217
682
2158
701
1990
694
2032
682
2009
704
1831
714
2113
697
1932
9058
1465
426
2172
587
2070
497
2037
681
1967
706
1922
684
1977
681
2365
701
2034
674
1977
694
2205
680
2068
714
1957
694
1425
448
1957
616
1827
397
2030
669
1860
641
2002
9036
1952
586
2022
699
1835
617
1945
677
2015
576
2042
696
2045
706
1969
702
1747
519
1854
670
1955
684
2097
694
2067
694
1889
685
1804
712
2088
692
1927
697
2027
676
1958
667
2082
737
2082
687
2127
681
2074
726
1995
701
2084
475
1874
682
1283
402
1975
484
2031
707
2025
692
1986
577
2052
691
2014
660
1698
588
2037
375
2037
706
1588
470
1925
689
1867
591
1834
687
2123
619
2098
696
1999
706
1962
616
1867
712
2100
682
1636
487
1810
684
1865
557
1937
696
1266
386
2152
692
1972
699
2014
696
2042
699
2033
690
2045
737
1947
722
2033
657
2033
569
1919
696
2017
625
2033
684
2165
684
2009
710
2085
651
1738
697
1943
692
2022
704
2255
684
2177
702
2045
651
2034
696
2157
706
1995
712
2083
404
2052
692
1922
694
1881
681
2043
711
2032
682
1942
689
1972
709
1868
609
1940
686
1990
701
2040
639
2040
622
1962
584
1938
553
2105
709
1203
397
2075
707
1903
650
1675
704
1991
699
1870
681
1254
402
2060
681
1280
464
1499
684
2047
697
1940
696
1957
717
2060
694
1251
712
1994
682
1637
637
1892
699
1971
717
2030
696
1764
629
2125
699
2308
719
1995
450
2080
576
1942
717
2025
672
2042
597
916
699
2128
687
2025
606
2047
682
2000
696
2072
677
1909
697
1977
709
1934
709
2120
705
2023
556
1767
629
2098
481
1972
706
1977
648
1738
710
1947
610
2160
687
1892
461
1935
717
2014
697
2183
703
2015
652
2010
701
2010
585
2117
686
1774
712
1932
712
1962
694
2084
690
2082
684
1891
689
1733
515
1945
694
2112
678
1899
702
2064
560
2165
697
1895
625
2034
667
2185
699
2178
498
2180
608
2185
614
1816
702
2090
695
2063
697
2037
681
2098
399
1894
682
1947
706
1875
606
2135
711
1235
709
2336
694
2027
582
2130
694
2014
716
1937
724
1968
697
1969
554
2097
682
1962
699
2012
402
2099
595
1821
593
1881
681
2025
697
1706
572
2142
684
2072
697
1975
390
2037
697
2148
699
2102
695
1947
685
2048
682
2033
622
2172
712
1974
707
1636
587
2222
581
2095
706
2127
682
2068
684
2078
714
2203
689
1969
700
2097
687
2050
694
2049
684
2009
679
2012
682
1957
655
2095
585
2123
697
2065
682
1716
584
2065
679
1972
694
2035
692
2175
9414
1962
681
2022
595
1900
707
1829
692
930
696
1943
701
2218
591
2047
689
1806
591
1947
622
2137
699
2045
595
2155
714
2147
682
2032
702
2390
378
2145
727
2110
544
1982
686
2143
578
2268
697
1428
382
1983
754
2057
521
2064
589
2063
689
2027
707
2007
697
2027
517
2205
652
2040
701
2027
685
1925
702
2039
697
2033
714
1985
710
2001
699
2029
722
1915
709
1890
702
2050
499
1794
689
2017
696
2112
587
2042
696
1839
656
2291
689
2069
692
1970
692
1955
712
1947
684
2128
679
1942
392
2105
696
2027
697
1886
684
2029
564
2073
684
1992
697
1590
518
1985
624
1793
498
2078
578
2005
623
2027
719
2078
696
2183
591
1946
650
2155
695
1934
717
2034
696
1338
697
2113
684
2125
687
2060
470
1961
682
2040
702
1992
710
2044
709
2053
583
1960
584
2386
691
2285
694
2087
534
1955
709
2030
694
2079
697
2140
679
2035
593
1481
434
1998
694
1997
363
2060
689
2143
711
2002
651
1269
393
2050
556
2025
694
2087
679
1730
682
2053
697
2090
697
2001
689
2130
681
2193
697
2072
688
2107
621
1814
381
2120
707
1920
414
2015
694
2078
699
2057
727
2047
534
1837
705
1974
641
2208
707
2115
686
1814
707
2228
683
2232
681
1920
687
1999
704
2255
467
2222
9050
1975
689
2090
686
2124
704
1535
559
2011
712
2165
520
2157
667
2092
712
2129
580
1879
694
1585
391
2053
664
2062
434
2171
681
2057
709
1929
707
1645
709
1987
714
1992
689
1962
729
1766
555
1917
698
1939
409
1804
687
1606
582
1872
474
2140
604
1819
500
2242
688
1957
686
1942
691
2052
517
1841
697
2047
714
2109
710
2147
551
2175
697
1945
712
2099
694
1947
689
2023
699
1952
634
2375
686
2078
694
2138
454
2104
720
2144
691
1876
712
1517
471
2049
697
2035
732
2200
614
2087
681
2117
697
2075
701
2175
701
2107
599
1979
689
2102
709
1925
518
2045
729
1884
686
1905
695
2170
699
1999
447
2112
699
2012
535
1257
704
1977
679
2411
679
1704
697
1326
709
2223
750
2092
697
1709
470
1946
557
1804
710
2065
724
2160
587
2180
701
2097
670
1620
514
2127
709
2002
697
2057
681
1283
389
1897
689
2115
701
2087
687
2032
555
2252
704
1810
712
1942
709
2037
622
2059
714
1919
684
2111
699
2112
684
2095
695
1997
709
2072
681
1748
469
2147
682
2097
558
2097
694
1364
456
2099
668
1946
505
2087
707
2366
709
2138
678
2005
682
2162
696
2140
694
2087
694
2068
709
1917
543
2069
694
2077
690
1873
704
2050
696
2062
507
2110
721
2395
681
2037
703
1714
585
2004
697
2079
706
2057
702
2177
624
2402
782
2019
681
2107
696
2160
659
2067
689
2150
674
2022
694
1999
609
2000
687
2180
700
2310
699
2100
697
1972
689
2190
707
2067
712
2024
696
2097
679
2290
687
1735
597
1715
8863
2105
706
1662
551
2133
697
1975
686
2100
697
2145
706
1617
546
1952
546
2110
659
2133
8976
2228
682
2310
699
1954
679
2087
684
1847
665
1627
694
1894
582
2044
704
1173
580
2004
9635
2173
702
2225
695
2062
689
2132
695
2060
573
1872
512
2100
697
1972
710
2245
681
2065
697
1972
692
2015
696
2059
697
2128
556
2005
704
1800
671
1731
585
2117
707
1837
582
2203
684
2029
710
2228
689
1992
8765
1937
729
1122
396
1960
689
2070
674
1902
684
1874
656
1982
694
1994
691
1990
712
1835
672
1872
583
1804
669
1242
401
1930
694
1914
678
2132
704
1912
511
1869
697
1934
442
1965
684
2057
697
1975
398
1930
719
1970
695
1892
695
2024
704
1820
607
2030
692
1787
692
2108
579
2029
684
1939
667
1973
682
1879
697
2115
696
2018
672
2062
681
1934
714
2025
657
2050
684
1977
682
1972
694
1877
644
2125
686
1452
692
2029
692
2073
722
1972
694
1993
682
1889
697
1779
687
1964
682
2063
665
2075
676
1978
394
1830
707
1932
604
1233
719
1758
584
1907
707
2087
699
2067
682
1907
681
1955
696
2013
679
1644
528
1980
726
2151
681
1965
684
1994
687
2103
694
2210
701
2132
614
2062
679
2072
656
1865
697
1109
719
1987
696
1990
716
1809
617
1789
698
2074
663
2042
709
1872
721
2222
699
1950
689
2027
696
1885
576
1964
710
1518
467
1693
398
2283
591
2148
614
1559
538
1707
574
2015
681
2208
694
2090
774
1985
614
1937
694
1823
393
2064
683
1955
707
2020
694
2022
686
1972
724
2054
679
1851
708
1934
524
1710
697
1799
576
2102
709
2169
694
2142
593
2017
709
2155
687
1964
581
1915
396
1849
540
1874
727
1997
596
1545
557
1867
682
2049
681
2063
699
1995
740
1813
677
1937
588
1965
696
2032
684
2023
664
1867
647
1797
559
1975
684
2267
596
1997
653
1919
701
2010
659
2004
697
1955
687
2291
669
1867
628
1880
681
2004
584
1872
706
1867
446
2137
720
1982
579
1869
564
1740
709
1876
694
1874
676
2012
710
2037
652
2039
599
1852
706
1079
451
1849
699
1841
657
2063
699
1902
6713
1762
614
2135
696
1935
687
1917
679
1924
399
1609
581
2170
686
1975
596
2287
692
2147
697
1960
701
1942
696
1896
711
2072
681
1917
677
1367
702
2130
604
1892
697
1826
552
2003
656
2109
711
1816
706
1728
584
1887
609
1992
575
1817
697
1032
701
2067
705
2057
694
1937
714
1896
722
1932
594
1867
681
1877
669
1997
691
1960
718
1839
684
1832
665
2232
699
2326
695
1974
699
1922
689
1960
629
1194
412
1849
704
1538
577
2085
619
1985
690
1952
739
