1969
589
1017
688
1529
518
1957
687
1511
704
2017
704
1977
711
1980
751
1952
695
1892
701
1945
586
1914
731
1928
697
1719
473
2112
707
1950
669
2095
667
1947
692
1890
671
1879
697
1887
682
1962
716
1937
724
1722
587
1957
433
1289
614
2004
701
1839
612
1922
699
1844
546
1083
385
1663
573
1286
568
1909
699
1902
547
1947
702
1910
685
1957
722
1955
694
1830
717
1917
624
1977
629
1917
681
1975
607
2032
730
1955
709
1590
692
1902
684
1884
573
1995
702
1912
702
1815
686
2010
690
1935
699
1520
558
2047
697
1964
692
1750
692
1927
724
1977
9361
1895
694
1869
659
1443
460
1764
656
2087
707
1955
698
2057
588
1904
682
1914
581
2290
697
1028
352
1981
9181
1884
700
1954
415
1269
455
1914
699
2073
467
1970
685
1894
719
1218
389
1879
714
2007
523
2047
707
1269
456
1959
667
2012
634
2032
386
1543
381
1878
697
1930
556
1605
689
1977
704
1841
651
1417
707
1949
680
1950
691
1904
639
1895
573
1932
717
1661
515
1904
697
2067
702
1916
679
1889
691
1914
8662
1857
686
1879
711
2090
709
2014
684
2095
704
1667
594
2063
567
1912
684
1985
565
1433
463
2082
706
2015
694
1942
412
1945
724
1796
676
1540
490
2012
661
2007
511
2037
692
1977
710
2117
682
1891
689
1049
646
2048
697
1887
682
1846
704
1718
536
1242
596
2125
680
2035
711
1910
694
2070
686
999
370
1789
716
2035
716
2042
604
2007
694
1767
774
1810
684
1776
699
1809
707
1842
318
1972
672
1960
696
1939
618
2123
680
1523
649
1892
669
1909
696
1922
697
1925
694
2000
696
1984
684
1851
701
1984
667
2073
694
1829
656
1930
706
1593
726
2034
690
1997
680
1946
647
2027
672
2024
696
1779
499
1963
581
1943
695
2017
655
1884
674
2045
689
2020
593
2113
656
1728
687
1854
656
2043
707
1887
701
2054
681
2057
614
1872
662
2044
696
1907
697
1941
559
1592
684
2049
606
1837
691
2032
691
1959
710
2079
697
2009
680
1987
709
1680
462
1887
709
2054
695
2098
706
1931
614
1951
697
1733
8331
2042
681
2074
674
2079
694
1359
380
1178
386
1988
642
1973
664
1644
545
2077
709
1983
576
2210
658
2015
695
1616
689
2097
343
2062
682
2012
694
1704
504
2183
684
2052
599
2015
574
2035
704
2000
685
1862
706
2007
694
2075
707
2263
705
1818
696
1824
591
1896
694
1989
689
1667
583
2047
677
1814
580
2052
697
1854
471
1879
724
2027
692
1760
704
2038
696
1899
682
1947
387
1947
684
2035
697
1927
709
2042
696
2000
695
2020
684
1975
9081
2047
627
2007
776
2193
687
1959
685
1972
689
2004
699
1977
684
2100
684
1796
697
2047
545
1952
570
1940
591
2215
611
1813
587
1907
697
1894
736
2115
696
1944
692
1987
647
1964
692
2063
684
1756
517
1949
696
2092
672
1845
707
2069
697
2303
616
2110
724
1920
617
2120
710
1932
567
2007
520
2077
701
1114
682
1826
707
2028
637
2052
535
2029
634
1805
704
1906
667
1786
595
2200
694
1806
642
1551
457
2054
694
1957
697
1965
687
1652
684
2052
691
2012
710
1967
647
1072
404
2245
692
1935
706
1949
624
2115
737
1867
694
1126
390
1955
378
1086
694
2075
662
1934
651
2040
702
1860
591
1612
519
2090
707
1875
9645
2017
699
1205
401
2032
566
1889
523
1970
709
1949
679
1225
390
1910
504
2341
735
1399
505
2125
628
1907
704
2032
711
2072
594
2020
697
1867
684
2140
684
1879
688
1516
545
2104
529
2037
682
1975
734
1945
697
1701
563
1892
682
2127
632
1690
543
2315
705
1929
684
2097
607
2099
614
1929
669
2022
714
1992
684
2063
682
2032
704
1962
594
1974
704
1176
384
1980
687
2030
729
1961
608
2114
684
2130
724
1866
701
2165
694
1979
692
2047
681
1915
689
2000
681
2029
690
2099
651
1917
678
1697
575
2129
591
1888
696
2011
711
1917
632
2129
604
2091
731
1908
543
1957
592
2033
694
1959
697
1967
679
1891
697
1942
689
1949
563
1961
692
2037
679
1669
566
1408
496
2082
689
2008
694
2099
407
1662
316
1947
702
2020
684
2080
681
1082
697
1743
697
1980
709
2077
704
2079
621
1839
639
2172
644
2032
574
1202
682
2020
704
2336
701
2155
694
2002
661
2107
694
2030
702
2010
681
1671
588
2077
722
2059
378
2223
604
2065
710
2032
373
2030
583
2085
682
1559
595
2047
735
2010
695
2125
697
1971
677
2109
707
2103
503
1740
682
1900
626
1867
629
2099
681
2072
569
2082
632
1611
580
2049
619
2159
690
1897
502
1982
697
1947
692
2062
692
1781
694
2115
9066
2002
682
2160
694
2259
682
2112
697
2097
443
2012
644
2130
586
2020
697
2073
491
1955
653
2005
700
1922
570
1808
681
2187
697
1190
389
2020
694
2109
717
2145
692
2019
681
1967
704
1912
822
2007
697
2060
701
2084
686
1935
593
1972
661
2039
704
1940
701
2015
695
2180
697
2027
496
2043
701
2043
697
2107
461
1806
648
1974
604
2079
707
1776
527
2183
689
2178
696
1832
704
2007
700
1917
610
2027
709
2037
699
2130
706
2211
699
2050
712
2275
792
1901
628
2069
525
2042
449
2303
705
2030
446
1298
417
1869
707
1884
730
2125
461
2065
631
2220
707
1974
584
2365
717
2027
704
1934
589
2004
618
2100
689
1986
581
2160
724
1789
694
1467
475
2039
668
1975
404
2027
686
2118
704
1927
699
2170
697
1849
707
2047
694
1892
694
1941
702
2015
587
2172
701
2042
644
2070
738
1931
517
1909
637
2173
614
1990
641
2100
787
2105
694
2127
532
1944
737
2013
666
2115
709
2123
679
2189
694
2082
694
1437
689
2097
715
2010
507
2002
694
2140
697
2054
590
2067
682
2058
544
2105
740
1946
695
1928
699
2090
701
1983
724
2220
689
2152
681
2105
747
1992
709
1614
517
2181
712
2102
649
1726
576
2117
731
2150
694
2105
692
2113
697
2117
676
2029
533
2073
648
1286
706
2313
699
2062
406
2007
663
1760
597
2120
599
2032
647
2015
504
2135
618
2138
679
2134
706
2065
712
2095
587
2035
694
2193
637
2145
606
2083
709
2002
699
2042
692
2122
692
2060
681
1748
679
2183
586
2097
837
2105
721
2320
634
2074
591
1257
697
2052
664
2017
729
2235
553
2208
717
2118
686
2180
707
2020
711
2032
705
1985
684
2072
694
2220
681
2080
679
2020
691
2120
701
1939
696
1537
539
1947
664
1937
441
2007
714
1907
699
1944
587
1935
702
2035
681
1897
697
1889
542
2037
651
1958
709
1895
717
1157
399
1952
704
1994
714
2072
699
1794
582
2265
672
2168
581
2225
545
2072
722
1942
697
1964
692
1947
696
2103
702
2065
681
2080
697
2092
572
2330
706
1904
694
2222
709
2007
589
2112
712
1302
676
1939
684
2386
702
2053
694
2059
689
2329
714
2060
681
2110
709
2049
533
2033
689
2100
695
2085
490
2097
697
1982
637
1934
692
2182
696
2062
682
2237
393
2133
461
1963
599
2373
586
1231
401
2120
594
2052
697
1968
563
2088
689
2007
677
2152
707
2120
717
2193
680
2100
682
1762
410
1963
581
2040
690
2175
567
1230
400
2435
681
1967
392
2085
705
2192
684
1946
694
2079
547
1902
718
2150
716
2260
497
2207
694
2098
714
2004
696
2084
706
2153
702
2083
656
2127
680
2044
584
2118
694
2143
709
2029
689
2038
709
2114
699
2047
9003
1912
704
1969
665
2175
704
2140
714
2068
705
2230
694
1265
704
2145
735
2103
684
2125
595
2155
689
2020
574
2042
707
2029
699
2062
704
2057
664
1727
568
2182
372
2129
681
1858
598
2120
689
2035
685
2028
681
2092
425
2182
684
2057
697
2047
696
2107
682
2078
548
2093
702
1987
696
2143
707
2155
709
1861
692
1944
569
1971
686
2212
687
2193
678
2109
707
2228
699
2218
707
2097
690
2019
696
1698
525
2110
521
2283
686
2097
698
2195
696
2127
538
2396
687
1961
707
2369
706
2092
694
1994
594
2079
697
2054
9422
1914
561
1861
702
1897
572
2198
684
1852
681
2035
694
2013
576
1954
694
2017
704
2125
700
2070
705
2104
681
2045
710
1718
707
1316
398
1949
685
1626
544
2175
594
1967
682
2222
706
2027
665
1947
658
1787
699
2155
714
1905
617
2181
527
2011
688
1565
513
1992
692
1982
9126
2032
706
1815
685
1985
497
2135
681
2052
701
1922
587
1869
627
2045
694
2019
714
1742
706
1934
681
1957
697
1955
696
2265
684
1932
682
1914
682
1957
722
2020
702
1892
575
2012
704
1960
712
1970
560
1955
697
1912
694
1927
692
2078
696
1642
520
1608
584
1929
704
2053
697
1957
709
2035
700
1119
429
1954
588
1915
577
2145
604
1922
707
2080
682
2090
694
2012
712
2037
704
2042
682
2020
682
1869
578
1859
696
1907
691
1881
644
2003
674
1928
604
2049
692
2053
697
1904
636
1593
597
1802
530
1935
696
1955
696
2073
681
1979
707
2032
682
1964
694
1982
691
2043
489
1902
599
1801
692
1960
687
2059
751
2053
717
1897
593
1604
601
1972
699
1834
529
1946
729
2037
690
1992
667
2247
708
2078
681
1962
691
2087
736
1051
302
2072
667
1980
722
1964
707
1870
719
1874
682
2093
714
1876
577
2039
684
2054
648
1661
7634
1907
689
1809
536
1879
575
2255
574
2027
616
1982
712
2080
584
2052
686
2035
696
2019
687
1974
707
1859
667
2180
674
2007
659
1867
686
2103
681
1927
571
2017
715
1949
694
1997
727
2097
686
1927
545
1947
693
2007
655
2055
559
2117
725
1972
691
1930
688
2014
665
1987
694
1934
709
2032
681
1662
520
1936
659
1960
704
2083
741
1838
682
2027
707
1930
686
2219
686
1970
682
1892
729
1980
596
1718
687
2014
687
1899
696
1658
600
1944
648
2192
682
2012
574
2065
716
2025
685
2019
706
1982
689
2045
687
2115
641
2005
688
1874
700
1942
696
2013
694
1632
697
1724
604
1861
706
1862
712
1312
515
2033
689
1885
691
1814
581
2373
468
1920
670
2060
707
1867
696
2098
681
1927
374
2110
679
1965
700
2007
695
1877
694
1940
716
1876
709
2080
612
1915
653
1951
694
1942
695
2035
722
1900
682
1937
722
2000
580
1977
684
2143
688
1902
682
1620
560
2007
686
2014
696
1984
694
1972
714
1894
717
2152
682
1600
488
1942
697
2005
653
1797
696
1942
711
2052
665
1959
582
1205
413
1932
607
1180
397
2079
682
1984
726
1767
624
2049
689
1952
687
1991
630
1981
585
1995
694
1952
706
1908
706
1852
668
1849
515
1567
492
1980
706
