1621
507
2108
684
2021
692
1967
552
1962
711
1886
659
1970
689
1887
697
1923
701
2219
682
1940
617
2035
621
1854
709
2085
574
1865
704
1822
697
1874
709
1909
693
2059
401
1708
670
2010
696
1905
547
1942
694
1554
585
1892
401
1987
697
1987
597
1772
495
2017
709
1792
703
1443
532
1994
574
1791
656
1872
579
1596
595
2190
441
1955
709
1058
405
2047
564
1782
547
2155
376
1057
385
1920
591
1880
736
1862
561
1547
544
1919
709
1929
392
1884
714
1924
676
1854
698
2035
687
1524
707
1771
614
2065
485
1640
719
2191
687
2037
694
1824
599
2132
682
2038
684
1930
500
2017
689
1939
597
2341
446
1633
543
1608
585
1932
679
2024
697
1804
684
1916
394
1839
737
1786
512
1772
720
2047
684
2082
712
1962
704
1945
684
1051
694
1977
696
2000
696
1904
679
1919
690
1854
669
1981
724
1874
682
1622
706
2060
361
2035
577
1912
682
1570
491
1835
740
1842
681
1964
596
2173
699
2021
656
2010
703
1767
707
1867
724
1957
694
1949
722
1630
606
2065
697
1800
681
1361
483
1967
691
2120
697
2114
699
2062
717
1994
700
1965
644
2007
699
1328
466
1914
504
1924
697
1964
693
2055
707
1962
697
1590
565
1860
707
1948
682
1867
561
1016
391
2027
659
1992
704
1943
393
1992
686
1301
706
2042
682
2075
712
1917
691
1920
646
2002
696
2060
642
2143
699
2167
632
2024
689
2241
387
1924
680
1995
695
2060
701
2014
614
1910
388
1784
580
2007
682
1638
710
1905
697
2010
701
1914
401
2037
697
2065
682
1839
682
2028
517
1881
393
2193
720
2025
684
1892
697
2121
687
2057
536
2039
699
1971
689
1987
702
1967
696
2012
707
2020
694
1429
709
1817
574
1945
625
2032
694
2015
586
2077
682
1879
356
1922
613
2024
701
1962
696
2030
646
1963
697
1959
704
2193
617
1892
701
1884
711
1999
707
2013
689
2145
730
1901
682
1970
686
1970
687
2040
694
2137
679
2047
532
2027
605
1937
8801
2065
694
1984
705
2040
506
2120
699
2114
580
1909
714
2055
705
2065
708
2165
689
2092
747
2000
679
2095
681
1732
707
2071
697
1994
684
2063
641
2135
719
2150
679
1952
567
2034
709
2558
341
2097
677
1951
697
2012
578
1980
684
2000
697
1972
526
1476
395
1997
676
2050
587
1894
686
2007
458
2122
707
2117
501
1892
682
1964
561
1970
701
1972
714
1942
402
1920
609
2045
650
1957
684
1977
549
1931
691
2098
694
2077
697
1839
579
2138
691
2023
714
2070
588
2353
659
1572
528
1904
697
2205
695
2025
380
1997
707
1960
714
2057
691
1907
701
1882
697
2033
710
2040
681
1916
615
2023
704
2002
681
1990
696
2333
697
2042
680
2022
697
2012
681
2045
285
1734
711
1758
701
1972
574
1214
380
2021
617
2030
485
2261
694
2057
517
1891
691
2038
571
2138
694
1941
644
1949
6614
2055
684
1897
689
2047
681
1931
692
1480
454
1632
694
2023
670
1812
727
2029
596
1970
609
1642
9075
2037
694
2087
694
2120
589
1957
696
2040
729
1910
672
1910
714
2132
684
1412
458
2044
686
1875
689
2220
676
2134
694
1985
587
2200
682
1625
582
1825
707
2152
678
1964
656
2168
689
2140
675
1978
696
2079
408
2043
574
2100
692
1950
694
1980
397
1899
697
1884
696
1937
455
1970
729
1852
556
1840
705
2060
697
1962
704
2032
694
2115
679
2072
581
1924
696
1980
566
1965
717
1151
390
2034
682
1256
687
2005
712
1770
584
1884
701
1924
684
2200
679
2058
719
2035
714
2035
696
2055
556
2018
689
1965
682
2073
682
1844
537
1869
707
1879
684
1970
704
1871
694
1417
456
2067
696
2003
694
1952
700
2165
719
2055
591
2141
9118
1965
575
1483
537
2083
694
1892
601
2043
699
2085
614
1539
461
1928
574
1922
702
1977
704
1974
9699
1945
702
2070
684
2030
711
1886
706
1554
518
2095
587
1960
545
2039
684
2023
585
1894
697
2270
436
2020
694
1862
645
2087
689
1964
640
1837
467
1828
548
1941
685
2023
692
2042
686
1924
712
1478
704
2023
696
2155
696
2115
486
2022
702
2368
517
1844
599
1721
518
1957
352
1999
709
1201
339
2097
697
1982
696
1949
679
1945
712
1237
389
1926
624
2070
624
2049
721
1962
709
1992
697
2135
736
2127
712
1997
681
1901
515
1929
706
1764
555
1965
651
2015
706
2185
697
2057
681
1967
697
1922
694
2097
697
2057
603
2363
709
2087
695
2152
734
2083
694
1936
573
1485
466
2035
681
2033
702
1592
709
2170
696
1788
606
1907
697
2069
553
2012
637
2100
710
2072
716
2075
639
1920
691
2175
686
2087
606
2109
704
2072
564
2390
592
2170
670
2067
734
2059
689
2023
468
2100
707
1942
696
2063
712
2064
672
2087
709
1975
682
2130
699
2160
701
1955
697
2001
589
1975
701
2067
694
2102
692
1337
421
2044
684
1847
689
2059
709
1982
662
1665
379
1982
707
1996
642
1593
749
1890
696
2067
682
1997
696
1887
694
1950
674
1891
548
1694
600
2054
699
1834
503
1892
704
2080
496
2135
688
2014
711
2178
575
2045
690
2468
692
2195
686
2198
682
2005
684
2058
704
2032
601
2050
669
2082
682
1865
581
2160
704
2170
697
1794
566
1942
654
1960
679
1842
697
2145
702
1264
717
2073
605
2079
393
2078
622
2064
719
1894
691
2017
725
2167
682
2102
694
2281
596
1294
689
2092
704
2226
697
1970
706
2122
375
1932
593
2133
530
1258
380
1964
714
1906
684
1979
670
2035
705
2043
691
2295
707
2045
589
1735
681
2050
696
2163
702
2117
664
2117
651
1834
534
1969
679
2095
678
2102
694
2163
682
2175
704
2095
515
2132
679
2107
692
1780
587
1957
696
2054
725
2080
706
1116
695
2107
634
2130
695
2074
708
2160
686
2017
702
1931
709
2059
710
1796
680
2007
702
2050
621
2085
697
1963
721
1944
565
1832
696
2092
704
2100
699
2045
401
2137
710
2032
548
1265
707
1934
700
2095
699
2203
689
1967
696
2148
689
2290
569
1806
589
1855
654
2175
696
2067
575
2004
684
2032
691
1325
731
1623
475
2095
684
2049
415
2133
694
2077
683
2087
676
2102
707
2192
698
2035
578
2150
694
2085
684
2117
684
2165
691
2117
569
2015
684
1876
692
1457
465
2007
679
2025
694
2135
676
2270
694
1954
734
2129
709
2065
501
2105
709
2048
697
1957
691
2097
697
2057
688
1980
614
2110
706
1952
697
2019
696
1980
697
1680
558
1924
697
1782
585
2062
699
2102
718
1875
724
1812
646
1872
563
1629
689
1934
694
2007
700
2027
694
1451
582
1750
692
1617
402
1983
709
2175
704
1988
721
2095
711
1690
712
2120
709
2074
705
2010
515
2088
709
2064
556
2142
707
1962
705
2079
695
2015
697
2060
559
1840
699
1939
700
1982
696
2072
572
2173
684
2095
699
2178
697
2155
705
1251
689
1609
498
1945
706
2188
481
2093
714
2130
684
2010
692
2080
694
1871
697
2327
694
1842
601
1595
521
2094
404
2015
709
1532
544
2045
698
2162
702
2276
707
2138
703
2180
716
1634
447
1942
697
1872
688
2175
697
2172
721
2077
682
2088
621
2260
682
2058
607
2080
696
1799
669
2133
554
1994
689
2075
691
2099
692
1974
589
2220
592
2045
586
2039
697
1546
686
2042
694
1947
729
2103
692
2145
684
2200
689
2253
692
2004
386
2007
694
2115
694
1978
696
2178
684
2037
604
2019
711
2168
687
2173
697
2148
555
2034
704
2160
684
2105
699
1947
463
2030
687
2077
702
1171
686
2075
696
1780
501
2316
692
1610
660
2018
712
1965
653
1897
528
2028
687
2111
682
2077
707
1943
681
2055
699
2030
621
2014
694
2235
696
2213
694
2057
699
2104
689
2039
694
2100
704
2155
722
2104
722
2120
697
2138
726
1959
697
2115
694
2140
591
1974
706
2000
694
1949
521
2120
689
1675
696
1576
694
2172
588
1740
571
2007
716
2037
704
2072
697
2052
685
1867
706
1700
674
2097
721
2325
710
2172
734
2004
648
1984
696
1992
686
1904
701
1915
702
1916
704
1882
720
1987
702
2095
686
1890
697
2448
702
2135
692
1770
598
1940
687
1394
525
1827
696
1889
574
1867
628
1982
696
2100
706
2182
710
2040
717
1952
551
2022
581
2055
722
1964
696
2016
648
1451
681
2090
712
1992
694
2044
589
2200
682
1168
408
1962
692
1886
697
2115
742
1995
623
1974
641
2009
677
1975
679
1887
699
1889
619
2005
696
2047
694
2053
697
2009
712
2027
702
1884
696
1852
391
2067
692
2092
687
1894
719
1752
725
1876
709
1932
726
1856
616
2023
694
1867
704
2097
734
2060
582
1872
581
1696
621
1882
724
1945
712
1894
694
2070
617
1869
706
2148
729
2075
681
1910
701
1967
682
2057
674
2005
696
2100
704
2060
682
1985
697
1608
573
1989
681
1834
545
1935
669
1657
473
1392
714
2071
405
2068
706
1929
576
1860
721
1150
667
2027
559
1688
567
1815
585
1745
586
1887
709
1093
414
1969
531
2147
670
1606
572
1944
431
2050
683
1814
363
1764
587
2105
699
1925
680
2213
652
2390
687
2082
694
2120
589
2090
668
2025
589
1862
525
1282
318
2090
648
1879
700
1934
699
2085
694
1993
681
2082
691
1844
696
2153
536
1969
682
1965
691
2072
704
1535
498
1894
707
1878
709
1974
394
1972
699
2024
597
1962
691
2055
694
1955
687
1839
710
2085
582
1630
443
2073
689
1969
654
1891
706
2032
704
1612
576
1970
682
2013
697
1949
714
2245
706
1684
601
2152
694
2099
651
2215
706
1967
694
2160
714
1973
707
1990
711
1954
697
2030
588
1985
726
1884
641
1916
559
2170
686
2180
697
2057
711
1931
699
1650
580
1902
697
1904
679
1891
714
1881
666
1853
583
1677
689
2260
684
1989
684
2055
693
2122
694
1994
682
1975
699
1951
654
2004
613
1602
561
1884
709
1899
704
2049
477
2129
577
1861
642
2029
9018
1967
689
1967
714
1922
541
1194
400
2085
694
2044
700
1907
679
1889
711
1930
691
1397
538
2075
654
2040
707
1720
588
1895
574
2015
9021
2042
714
1957
696
2045
692
2065
709
1824
627
2010
704
2004
704
2044
532
1845
697
1824
706
1602
729
1894
695
1750
591
1722
670
1766
727
2332
575
2019
689
1799
606
1032
709
2260
697
1887
704
2072
513
1962
699
1912
682
1970
697
1999
632
2089
637
2043
707
1970
689
1989
684
1947
802
1712
714
1896
709
2130
707
2080
681
1784
701
2059
584
2025
710
1954
689
1920
697
1911
697
1969
734
1969
707
2210
682
2007
396
1977
682
