93629169.000000
150331.000000
266653.000000
139634.000000
139888.000000
141630.000000
148262.000000
140400.000000
146568.000000
135091.000000
145318.000000
141142.000000
148078.000000
148742.000000
155483.000000
143135.000000
141120.000000
135934.000000
265622.000000
141225.000000
142386.000000
141535.000000
144998.000000
140872.000000
152946.000000
136158.000000
146170.000000
137257.000000
140122.000000
148952.000000
142277.000000
142043.000000
149735.000000
141399.000000
820884.000000
137552.000000
146993.000000
140036.000000
194705.000000
142488.000000
