127627627.000000
127771988.000000
127478904.000000
128133536.000000
132154941.000000
129343929.000000
133081180.000000
131260239.000000
131582267.000000
132924389.000000
138836885.000000
132235560.000000
130171928.000000
130145518.000000
137026656.000000
135619202.000000
130322404.000000
132971498.000000
132303236.000000
131712536.000000
131927488.000000
131829243.000000
129985865.000000
133771115.000000
138412482.000000
139214348.000000
134946132.000000
133272681.000000
134850473.000000
132706697.000000
133557120.000000
135174370.000000
154281974.000000
136771852.000000
137276697.000000
138652613.000000
139376308.000000
138479340.000000
142888836.000000
143991691.000000
