128667289.000000
127991272.000000
127757281.000000
127554465.000000
127326994.000000
127876241.000000
130021034.000000
129009885.000000
133848264.000000
128044835.000000
131404012.000000
131732538.000000
131209464.000000
129863798.000000
132857811.000000
129002948.000000
133068881.000000
129861350.000000
133000839.000000
133098757.000000
134343547.000000
136374772.000000
129233430.000000
130342420.000000
132530751.000000
131528513.000000
135685261.000000
133724416.000000
136102089.000000
135733732.000000
138174750.000000
133868415.000000
136600528.000000
135646557.000000
133428291.000000
140851004.000000
134500450.000000
135906226.000000
140832373.000000
141393864.000000
