127857034.000000
127836298.000000
128060595.000000
125609198.000000
128076115.000000
126357117.000000
126947869.000000
128670635.000000
130261595.000000
129988774.000000
145037659.000000
128669784.000000
127319774.000000
137171226.000000
136702601.000000
129666957.000000
128069142.000000
126957524.000000
131543802.000000
145881871.000000
128497475.000000
132449025.000000
131356925.000000
130289104.000000
133129844.000000
130663424.000000
134655669.000000
132331103.000000
131667182.000000
134143372.000000
134022730.000000
130891543.000000
141892580.000000
141189538.000000
150453596.000000
138183916.000000
134404621.000000
133607458.000000
144622402.000000
141918147.000000
