122826351.000000
128338358.000000
123654800.000000
125615212.000000
128816881.000000
130583155.000000
130828572.000000
127434030.000000
129416019.000000
127843749.000000
126196530.000000
132580012.000000
129088818.000000
126971721.000000
130379975.000000
129390908.000000
133584498.000000
128454098.000000
132601816.000000
130555615.000000
131470465.000000
145467976.000000
132568558.000000
131145230.000000
130065104.000000
132173161.000000
134191935.000000
130036363.000000
139127596.000000
134482127.000000
131983424.000000
133149366.000000
137225861.000000
143401538.000000
138186321.000000
138822597.000000
135852836.000000
135540552.000000
137127964.000000
134069751.000000
