137448904.000000
131972106.000000
123833919.000000
123470151.000000
122521492.000000
128630137.000000
125928639.000000
127350674.000000
132801848.000000
133907336.000000
127608736.000000
127051114.000000
127041755.000000
130937358.000000
129411444.000000
130919185.000000
128742877.000000
129406110.000000
127443202.000000
127272887.000000
130153695.000000
130960396.000000
132340540.000000
134265004.000000
131882461.000000
133710759.000000
141115886.000000
135660831.000000
159812375.000000
132391820.000000
131823543.000000
130552022.000000
132677820.000000
133854811.000000
132696627.000000
136796888.000000
136006459.000000
133905082.000000
148196291.000000
137854520.000000
