34523405.000000
37135657.000000
34342125.000000
34479888.000000
34860004.000000
35999367.000000
35475197.000000
35547485.000000
35672632.000000
35396831.000000
35445947.000000
37082243.000000
36075307.000000
35622512.000000
36453833.000000
37190156.000000
36946635.000000
37211410.000000
36528517.000000
36719490.000000
37213182.000000
37008289.000000
37355427.000000
37363750.000000
46004408.000000
53589458.000000
42644865.000000
38457876.000000
39362901.000000
38449439.000000
38489447.000000
38468316.000000
39553114.000000
39248427.000000
39748460.000000
39329182.000000
39395499.000000
40536985.000000
40378983.000000
41069699.000000
