596345033.000000
593087678.000000
720331767.000000
603369115.000000
607131571.000000
609967029.000000
614239401.000000
612296925.000000
616775502.000000
613139710.000000
614621322.000000
635159541.000000
623635685.000000
629915252.000000
640892739.000000
629749650.000000
631576833.000000
669601425.000000
633731294.000000
641137616.000000
639090174.000000
704265739.000000
649827541.000000
647627700.000000
657274624.000000
689497208.000000
656364954.000000
664977428.000000
701477071.000000
659378895.000000
667472656.000000
669039344.000000
674563860.000000
681273958.000000
681574157.000000
673604530.000000
683711748.000000
694274104.000000
696540811.000000
699950211.000000
