36401289.000000
36163169.000000
36248775.000000
36319863.000000
45503254.000000
38450152.000000
36897615.000000
37118369.000000
36933108.000000
36658996.000000
38307454.000000
36705831.000000
41804615.000000
38401498.000000
38099055.000000
38336721.000000
38690624.000000
38103860.000000
39341240.000000
38300782.000000
41365458.000000
39143673.000000
39844573.000000
38889051.000000
39874157.000000
39569788.000000
39262014.000000
40174032.000000
39963241.000000
42387941.000000
40861311.000000
39634442.000000
41701202.000000
40777635.000000
41578940.000000
41272081.000000
42104257.000000
41292863.000000
41812636.000000
42061055.000000
