74612777.000000
74449345.000000
74107453.000000
75720650.000000
76260353.000000
76317773.000000
77038827.000000
75826478.000000
76225789.000000
76357374.000000
76879619.000000
77933522.000000
76536624.000000
78301470.000000
79005091.000000
113634908.000000
79586969.000000
77676208.000000
78777275.000000
85543487.000000
81785242.000000
79339196.000000
80366532.000000
82889998.000000
82879484.000000
81525324.000000
82644835.000000
82055365.000000
83299312.000000
82925186.000000
83854955.000000
82362303.000000
84267424.000000
88159326.000000
86609529.000000
87325066.000000
84099016.000000
87042508.000000
87072067.000000
90075985.000000
