35369924.000000
34483269.000000
34489851.000000
34435053.000000
36171074.000000
35192071.000000
39120913.000000
51988854.000000
35296740.000000
35477142.000000
38056907.000000
38242442.000000
36273015.000000
36148556.000000
36260650.000000
36085995.000000
36917280.000000
36910521.000000
37238145.000000
37245118.000000
37725149.000000
36875556.000000
37663174.000000
37591061.000000
37962067.000000
38157917.000000
44765659.000000
40784566.000000
38014352.000000
38101227.000000
38377966.000000
38597259.000000
40390812.000000
39478691.000000
39658716.000000
39248716.000000
39975885.000000
40673530.000000
40373869.000000
41184071.000000
