34450403.000000
34291716.000000
34503734.000000
34316543.000000
38247610.000000
36314485.000000
35160408.000000
35840658.000000
35480486.000000
35403738.000000
38050614.000000
41321098.000000
36155883.000000
35940683.000000
36611310.000000
36482683.000000
36542702.000000
37040129.000000
36901933.000000
36934920.000000
37062735.000000
38670038.000000
37522267.000000
37248664.000000
38372220.000000
38170267.000000
37925248.000000
38042620.000000
39231229.000000
38498680.000000
38767288.000000
38740090.000000
39548822.000000
39132359.000000
39883034.000000
39794270.000000
39949417.000000
40192895.000000
41010487.000000
40800802.000000
