34813585.000000
35413413.000000
34492648.000000
33991758.000000
35568994.000000
34897327.000000
35819255.000000
35574893.000000
35410843.000000
35451733.000000
35791397.000000
36198296.000000
35832428.000000
36684067.000000
36281382.000000
36232571.000000
36619027.000000
36427198.000000
36435318.000000
38512389.000000
36963430.000000
37684456.000000
38250468.000000
38731011.000000
38263260.000000
38210907.000000
38152909.000000
37465868.000000
37763550.000000
38437291.000000
38444589.000000
38448771.000000
39755980.000000
39184175.000000
43476089.000000
41326764.000000
39362442.000000
40148883.000000
40080320.000000
40860634.000000
