35630202.000000
34888965.000000
35299482.000000
35172676.000000
36013702.000000
36041148.000000
37304691.000000
35512239.000000
36981930.000000
37770446.000000
36379840.000000
35875852.000000
39259322.000000
37860592.000000
38944235.000000
37029311.000000
37316085.000000
37231795.000000
37609063.000000
37593482.000000
39105881.000000
37317910.000000
38843093.000000
38607124.000000
40154987.000000
38416194.000000
38717738.000000
38692242.000000
39148016.000000
39162644.000000
39507257.000000
39038123.000000
39564671.000000
39576286.000000
48215062.000000
50448409.000000
41283727.000000
42017179.000000
40988350.000000
41050228.000000
