34686331.000000
34444029.000000
35237514.000000
34585043.000000
35997044.000000
35602078.000000
35897170.000000
35610002.000000
35417071.000000
35343960.000000
35847654.000000
35481601.000000
36412735.000000
37199207.000000
36630918.000000
37145333.000000
36651135.000000
36951763.000000
37608525.000000
36797368.000000
37463283.000000
37330970.000000
38218908.000000
38106154.000000
38550289.000000
39175049.000000
37768383.000000
38289343.000000
38716970.000000
38747946.000000
38295819.000000
39065235.000000
39745560.000000
41136567.000000
42502937.000000
42911989.000000
39894984.000000
40176512.000000
40739507.000000
40698249.000000
