61423
42640
62932
45752
64989
35819
63122
30091
62475
43736
63350
44753
54751
58852
63459
43670
63761
44749
63238
45334
89774
43713
45569
43277
64426
43131
63150
43523
62017
43874
96557
31760
64545
43315
110519
43339
63409
26187
52006
43154
64157
41905
63197
43906
63282
42135
62754
42768
63486
42713
59384
42510
62471
46399
65372
38410
63383
32784
46835
34010
53236
37574
46811
44346
63894
39643
65315
42838
63451
28839
54058
42701
59565
43059
53660
52843
111092
42398
51078
45359
63087
45257
64132
44906
35478
56480
63947
43563
63200
43277
65104
43803
62391
42523
63383
56092
64660
44761
63892
46050
62007
43084
63699
45426
63235
55233
35346
25436
64190
35104
64505
45053
52695
42881
59647
36621
54071
44653
62200
43635
64500
43633
64922
42738
37410
47690
63355
52110
62719
37372
38710
39075
54109
44460
64418
43240
63376
44251
37012
47639
62060
45444
64778
44831
62654
53254
64358
43485
86741
46797
63594
44046
62567
44041
52730
45726
63443
54089
62745
42693
65017
52493
64362
52350
62176
42606
53793
37148
65064
26189
64348
43289
65926
44071
48031
57976
47640
43925
36622
58282
64443
43382
51442
37094
64473
34824
62365
33182
62899
42909
61859
42563
63368
67377
62974
44224
64120
48890
62393
38262
64786
46074
63863
42541
64282
42591
62365
44719
65245
45740
54959
41951
67460
43210
63656
43507
63215
43996
65057
39304
63834
44750
63917
42922
44151
56340
35382
29534
64769
43577
62919
44041
63866
43863
63954
43946
65144
43229
64849
42785
62616
43477
62979
43164
63841
26787
62954
41951
54723
43758
63837
48513
65193
43640
64564
45813
62980
45472
64177
73323
64711
39907
62762
46013
63285
43137
65386
43673
63649
43923
63569
42958
63285
43605
63701
54024
53901
44607
62606
42906
65380
44826
64629
43925
65357
43404
59936
46470
64197
44361
36071
46855
62698
36268
63940
44778
52717
80663
64839
44056
64055
44004
51699
43928
48390
52881
44391
23716
59950
32945
60754
32863
63676
46880
65308
52930
64127
46555
66329
44352
63381
29795
62932
43029
62954
44114
63047
51292
63889
39944
63413
34599
64222
50759
63836
45409
63323
35378
62726
44785
63255
43583
61374
42700
66010
43342
65886
44634
63987
45176
63511
47038
63127
43092
64017
38515
63454
43686
65230
24770
63686
43758
65272
43294
63599
44091
64822
45881
63864
42721
64526
43397
63551
59680
62393
28783
54140
29450
64696
35863
55604
42986
64301
45934
64443
55032
65491
52316
63702
45171
65546
43650
63111
34316
60914
40707
65591
36669
61657
26184
62994
55971
65172
45622
64628
46469
62782
43803
63912
54968
60857
32728
55076
46176
36915
26844
64483
44475
62876
44114
64666
54921
51535
45740
65057
44504
63235
45434
64328
42956
47247
46514
64044
74436
64229
43375
63776
53405
63857
43028
65416
43682
54255
36522
65174
42492
54936
54331
63115
43104
63827
44064
60755
32014
62982
46136
62862
43780
64072
36408
64347
43400
65248
41954
63814
33258
65764
45805
62930
56572
64844
42425
64290
44457
64496
52445
64210
54569
62438
44114
63599
44620
52076
48816
63474
42568
64696
35996
44048
31462
94590
45777
63676
44640
53383
41913
64172
46068
64213
43465
63806
46138
73097
40350
61276
42481
64278
33390
64473
26753
63485
42382
53739
36770
61957
47961
63892
46312
66107
46131
63060
49245
63250
44909
61488
42488
65220
60565
65158
40677
64698
43510
66471
44292
63105
46891
65508
36265
65370
43337
54090
37015
65663
33203
63559
44745
63099
44119
60820
39481
64609
44096
65342
52641
66498
45484
64498
43791
65205
56046
63536
69910
64997
43931
64410
42516
35786
51666
63415
43618
63230
43385
64453
55322
64225
38037
64807
43523
85123
42821
64882
44019
64102
44172
63231
52186
65839
42976
64393
58394
63223
52811
63508
27558
64380
38446
64591
45830
63568
42152
64428
39022
61857
52661
63087
45006
64051
43574
63235
43522
65290
51706
63867
43440
64069
48549
63985
36443
61443
33442
64062
48599
64473
44757
63594
39450
60068
42635
64446
45146
64185
39596
55245
36222
64494
26489
64596
43414
63532
43424
93013
61574
53987
31483
64278
43214
64824
52593
53683
47807
73125
45341
62717
43182
60279
45181
64451
34930
53851
43663
63952
42939
64074
38792
64761
64700
66347
36412
64238
42708
64483
43299
64608
43024
70315
42518
38139
43221
58715
41663
63491
43149
61672
44124
64268
45120
62646
50510
63874
43828
64794
43374
63183
42948
37964
46126
64843
45126
64079
44312
60947
42383
63869
38820
64358
43721
64861
43675
62824
45048
63468
44577
65761
42984
63644
44537
93570
43641
64205
47637
65350
51118
65257
49920
64969
27141
64668
44807
63871
46629
83984
43945
54613
45193
92221
43841
64051
44654
63622
42651
63323
40803
53788
36630
63930
43259
51411
43364
63278
42683
65282
43077
62694
34786
64485
46294
63606
41941
63373
32635
65080
35297
63330
43247
64137
20411
64498
36600
64549
43310
36904
47546
63596
44111
64021
42956
62501
44299
63842
45254
63912
43773
62814
27947
63661
54423
65368
50491
64115
45414
64185
38206
63688
52602
64568
27291
63857
43783
62994
42658
65879
30105
49625
34107
64724
43680
62809
44886
63599
43089
64653
43653
60619
42934
65270
46382
64350
45645
47911
41743
64761
42731
64375
42743
63275
43142
36841
46069
63508
35948
64508
43529
57235
40590
64155
47194
63716
46064
63097
35087
61584
43131
61221
42132
66028
45860
61359
41790
64180
43999
65518
52399
59182
42705
65125
44833
60799
43149
64573
42430
65703
37304
65623
43058
64493
42520
55454
35106
64174
45545
64816
45638
94442
44578
63208
43944
62802
43119
63957
43373
65533
43220
64716
42753
63564
29309
63502
43211
66149
26492
64558
33965
61664
32453
63326
43172
65202
45592
63711
42234
63428
44387
60271
43627
64323
41894
103207
53676
64957
44194
54654
44252
61466
51658
65696
43347
64217
45321
63758
42568
64370
45159
65595
42864
65868
45941
60513
30086
61155
36657
63561
57321
65163
35972
63912
42283
59707
43149
63091
36999
64914
44284
55590
54914
66011
50705
64416
40971
60060
36811
59835
41585
51710
50372
64340
44495
64199
42307
63002
37509
63767
46632
63786
44958
64160
43275
63458
42670
65363
47968
65629
45294
65526
44059
64603
45564
60105
44986
64555
43001
66455
44208
56040
43156
38084
26817
43434
44565
65661
43437
49956
33758
64190
45973
38558
49041
63781
41778
38941
27197
93710
47567
66292
38406
65082
53039
38671
50030
65452
45229
65685
43823
63428
43069
64731
42342
63904
42137
63102
43204
44007
33872
66136
45534
61729
22404
65412
43545
64079
54904
93124
42550
66197
34492
65199
44048
64766
43192
64233
38493
63668
42788
64877
44505
64696
53460
63907
52729
64140
37225
58238
39809
66212
27276
42247
30071
63842
54946
64534
42152
65014
43272
38731
46088
63972
43303
55593
46048
64441
52995
64267
42478
61800
43300
65365
52004
63619
43344
65664
45687
64558
36906
65201
46442
64677
35605
65019
53089
63985
42974
65370
43349
64000
43998
64372
45575
64010
45770
66402
42648
63854
43830
66307
42598
64816
45758
61569
43497
63819
42961
54912
36940
64701
31623
63426
42876
64484
43545
66399
43554
64701
42881
65021
43409
65297
43899
64132
54676
61839
44054
65147
140048
91984
40801
38351
45911
64989
34838
62811
42961
64657
36686
64212
44109
65671
45091
37567
53107
65367
39381
64081
43891
74104
46765
64814
44369
36755
66801
65813
45231
64100
45347
63416
44289
64592
43727
90155
43285
64421
44216
63736
44880
63621
45921
64027
43717
64358
43212
68016
42901
65518
47695
64130
41303
64974
37256
64731
44389
64368
43955
63531
43409
91553
37217
62368
43365
65036
42745
63721
44179
66422
45387
64819
45900
38097
42952
64300
43084
64360
43086
64039
46620
64929
46487
65458
44547
64418
43661
64123
42603
64944
45126
59880
42267
96667
27942
65511
45547
37710
56242
66352
43289
43471
41682
65054
41583
65175
43413
66397
43425
63676
39934
62961
42603
64037
42488
64315
36741
63265
56821
64729
43282
64371
43109
64755
45837
63526
37500
64415
41892
56029
42533
61190
42422
63556
39313
67983
43527
38052
42177
55323
36290
64460
43903
66550
29628
64147
43146
65974
42949
64571
43778
61110
42873
65192
39107
64909
44978
63922
42982
65896
43132
66020
43013
65596
42983
65691
43798
64218
25701
65268
29884
64428
42312
65345
43152
64491
39501
64573
42428
64413
39826
61944
33585
64686
29630
64738
42763
65981
43903
65470
43598
38002
43703
66775
45564
55008
26078
64504
40000
66483
45953
64626
43225
63265
55936
63378
45161
52779
39399
63816
42380
64912
36339
65696
42912
63676
39927
64386
46918
64743
48312
51159
43407
64198
45339
64401
42668
65302
46648
65313
43072
67683
45522
63601
44139
64666
36612
64325
42793
64012
43445
63631
43495
63010
41540
54822
36245
65217
47133
65112
37216
65104
46905
66620
38970
65799
43478
51491
45805
65091
43424
64278
44380
63386
42548
64965
42595
63829
43493
55076
37141
62716
32640
63070
43287
63337
44504
64157
36854
65465
44321
65713
44372
32080
23569
66866
43289
64891
42119
43978
47026
64713
43075
64656
42606
60386
42392
62381
44921
64671
35369
63869
39120
64298
47709
65943
45540
64672
34604
62514
45284
64814
43590
64303
42690
74375
34538
65866
44637
63015
37904
65688
43771
67094
29720
67097
43126
62905
41497
65277
45547
64762
43565
60918
45015
97109
44021
55479
41313
64521
35929
65400
34795
63919
35729
67352
43475
66215
42986
64595
44374
64641
56272
66009
42912
64368
37777
37566
47617
63080
26299
57165
43260
65300
59792
64940
42906
65769
43924
65104
42859
60717
43312
36314
34453
29431
32735
65112
98433
65115
42898
65671
44483
63017
54437
65736
32258
65511
44630
61635
43014
66956
35654
63832
34950
65907
42896
66184
37935
64891
37976
66575
43467
64721
42856
66803
44898
62426
51596
63433
38741
66244
45399
65460
43966
65438
43532
65358
37126
64355
45550
65150
36377
54857
37307
65446
44368
62373
26016
65323
44574
65525
45647
65959
37221
42218
44750
66898
47323
65528
42483
49359
45897
65608
36937
67180
32839
60962
42756
38444
54898
74969
43878
65218
35612
62461
26449
63836
44058
65230
43397
65588
38372
64333
55002
65105
45595
62444
42450
65751
40595
65819
44635
65218
43213
68217
40809
64526
44632
64385
44578
49258
45369
64901
44537
64796
45482
66144
43643
67043
40626
66543
44004
60662
42414
64912
43197
65556
44306
50364
43803
54825
45204
65438
46429
67723
42317
64839
44342
65691
43189
64290
42868
62536
40405
66718
43190
52301
27440
67884
45433
62321
51130
65192
43587
64679
44327
61446
65701
64899
43736
38637
44311
66699
34632
68875
42758
54225
45044
67235
21460
65220
43011
64534
44610
63816
45887
66124
44517
43868
58594
65029
45350
65708
43264
65794
45707
63724
52686
65356
43965
64353
31850
62325
43848
65812
43251
64964
43517
65305
37285
84555
45442
66164
44199
90673
43124
65498
43364
65879
45131
64532
43899
63905
45534
65350
28267
67056
43886
66595
43114
64465
44979
65562
46196
66162
44143
67067
43846
65155
47352
63794
42270
61830
32720
66701
44896
63000
42931
55818
43638
66841
43690
65942
44013
66320
37699
36814
39048
61237
41144
62343
45053
68592
43685
65949
43147
65630
43681
63563
36085
66129
46705
65156
51994
66179
30159
64696
49479
64801
42918
65090
36859
66121
36506
65308
35458
66242
44086
63826
52072
51562
36582
62862
42603
65609
47165
66643
49034
66247
44055
65974
43550
65209
42870
64771
38258
65428
38769
64035
44537
64995
44139
61216
54784
66337
43478
61808
41241
64272
45530
64555
43598
64767
43705
64794
36439
54774
36213
65077
42653
67414
43041
66212
39339
63599
114030
66838
92893
67242
43572
66665
43798
64253
43470
64452
35056
65257
43354
64578
44933
65163
43493
63004
42934
65541
44042
64912
42708
64320
42903
63783
57297
65102
43336
64273
44455
62247
43801
65273
42841
65408
44412
65555
42349
64581
46242
67167
43205
64187
44439
58320
38554
66110
43279
64573
43783
60787
40747
64992
26964
65112
44540
66673
45417
61973
33377
64829
42796
67323
43936
66402
38069
66701
32553
65386
43886
65343
45334
65916
43209
66589
43277
64561
45753
64292
45330
67377
42630
65433
21418
65896
43763
64346
27282
53012
37907
64805
42462
63273
44490
65548
43563
50897
42050
62974
44567
46832
33496
64621
53781
65876
45266
64598
38601
64486
43179
63331
57154
41335
30161
54230
40894
50749
35758
64080
45184
45001
35000
44459
31115
66741
44532
65125
45317
63528
43788
65463
44404
65588
43818
64333
29624
66555
49042
62952
42981
64295
45435
66081
40950
66405
43365
65428
43317
61789
42725
64896
46998
63696
43796
64596
32777
66843
42829
64516
44191
64951
44651
63746
36163
49850
31553
67018
43379
65696
45119
53071
34886
66050
43282
66520
43565
64693
44059
38437
59200
62572
41122
67384
43042
61068
42813
64531
50463
66718
43678
64634
45133
65395
42774
64119
44435
64576
35915
65145
32356
65512
44156
72325
43312
63972
43390
64907
36299
64423
43919
59103
41853
64423
43681
65909
42829
65601
54050
61110
36287
65279
43450
65798
43206
64817
54167
64541
53505
64178
54630
66370
41939
63391
51455
66364
44793
65392
44071
54652
53406
54388
43833
65164
56770
65685
44758
65809
44217
65811
48632
65123
54661
62107
32547
63729
40157
66136
42998
67836
33656
65337
43665
64738
44477
66648
43485
64147
52369
65581
44585
63172
43873
65054
43254
63466
44457
66631
33757
65427
33652
65853
41884
64052
43394
64869
42646
65796
44127
54720
40914
64167
43332
65168
43206
65651
44442
64152
43896
64524
43638
63964
39620
61221
33795
61779
42662
65811
36207
65057
43898
82001
29871
52302
35535
63900
52334
65290
29890
66385
44544
64663
34514
65561
44502
64974
40247
64561
42838
65119
43214
66510
43625
65210
43958
64365
44277
65570
30705
65746
57514
65919
33341
65137
42841
65007
43151
65005
41314
65849
37343
54556
40076
61101
40378
64798
44207
62303
51509
65526
53756
66392
43127
64533
41858
66131
42428
56489
45378
63837
42783
67330
43510
65192
36121
65060
43284
65944
38050
66818
43859
64072
45562
64646
43693
64979
45615
64217
45346
65533
75590
63260
33343
62005
52483
64500
35091
65001
42875
64892
64135
55130
36602
64144
38454
65107
43483
65021
50791
60843
43264
64977
45966
65581
43590
66580
43748
72272
34787
64556
32965
65185
47646
64415
37957
65884
42728
64436
45990
65079
46209
66916
48534
91743
43700
67064
42280
65255
44510
66175
43075
66470
38503
64005
35752
64040
43981
67928
46237
65718
43319
65874
45124
66220
43317
66628
43560
63915
43698
65598
43608
65663
43891
65563
43325
64981
42804
66212
43695
62402
52548
64876
53580
64659
44427
64987
44306
64150
44221
64041
43097
63245
43011
66252
42957
65518
48577
65463
55502
62015
42607
63536
45041
64648
43347
64909
43818
65473
45695
65618
43014
65485
44179
65508
43800
66691
42964
61340
39741
63551
37428
64129
45379
66210
38627
61770
66735
65495
45580
66049
52942
64813
43164
39061
56375
65247
47038
66044
43492
60275
40184
66100
56429
64273
42758
65935
43367
64602
42676
62436
43800
65871
43021
43001
26492
51570
34919
63515
43580
62744
43442
62027
36542
66315
37591
62752
31638
60757
43500
66179
43771
65097
43520
65252
45121
65774
35484
64155
51227
64616
44660
64255
44106
65437
47439
66190
43398
65590
30299
65608
71055
66051
47602
64168
43189
51536
34158
66578
42767
65490
45512
66618
45071
63736
42538
58329
33937
64054
45941
65169
44222
65280
43535
61722
43930
65445
50210
65232
42951
65555
43653
65212
39834
62711
51784
64856
44357
63727
36943
64882
55094
66525
41106
65996
30213
66736
37325
61729
41821
64433
85715
65598
43650
65359
42700
65493
44292
65718
43976
66610
43026
64879
44598
65483
44069
65177
45167
68197
42981
64501
43991
64232
47211
60840
43404
65722
37382
65099
42307
64318
33549
64152
45620
65461
45990
66858
44271
65455
43560
64363
42533
64270
42492
37980
23889
66212
42663
65317
45509
57829
39323
64653
43703
65994
43442
65685
37781
55093
43866
66022
37523
63644
42377
65783
37862
66112
31960
65751
37930
66042
44460
65663
43335
65841
44657
64431
49735
66588
42863
36180
22087
65044
43544
64842
38649
65621
43432
66781
39843
65934
42705
65214
44981
65941
53408
65235
51709
63581
44820
62954
39159
67640
43064
55167
42612
65729
45698
68337
44825
65041
43257
64443
44803
65012
44352
65103
43385
66432
44082
94457
43202
67097
43492
65318
45762
62211
41111
64667
44234
64035
50683
65313
48971
63816
62574
65005
44034
66267
43018
66430
43751
65345
40648
56273
36908
39447
29319
64112
37748
66119
44515
66620
46075
65861
43114
65599
33227
36818
40387
74751
45690
67054
43713
63616
43039
63375
36420
64583
46693
66358
43838
65889
34725
58636
40420
65366
42768
65320
46160
65040
57993
62425
34710
95188
55046
63511
43142
64584
41052
64939
54986
66234
37567
66507
37725
66693
37245
65570
21909
59628
43156
65380
43457
65029
42403
65298
43573
66404
44532
64072
48560
66777
42947
73659
42142
63925
35530
64520
42401
63298
43155
64129
45369
38430
57802
65520
29279
64706
43251
65761
58214
65540
43502
65436
43600
65724
43881
67361
34106
64781
44114
64383
45996
65395
42390
63777
56587
62030
43623
66473
38231
63656
45996
71214
34686
64633
45119
64896
53751
65831
45159
65946
44101
64485
43226
65764
43550
66392
43208
65854
43680
65185
38063
63601
50830
65272
45685
35312
47172
63506
33651
65821
45670
62462
42400
31374
29900
37007
28481
38463
54269
66482
54818
64438
45770
63483
44649
65553
43718
65332
43983
64169
42872
64758
44695
63419
44308
66192
32661
38509
48254
57813
42698
64846
36889
65215
43330
55648
45640
55569
37858
64360
43087
65788
40233
62318
32529
66573
33807
62293
33860
62032
44830
60440
42530
65009
34112
64370
42570
66105
41158
63410
57191
63653
43004
66137
39151
63633
43606
61095
42946
66913
55610
65846
77674
61263
39887
64347
42583
66225
55270
66673
43259
64308
45690
64502
43387
66874
42067
65183
47684
65476
43262
66230
43330
64360
43284
64530
43676
64398
35944
64367
54759
65376
43252
29455
33842
73021
46276
64218
43362
64345
43959
65776
42089
64307
51025
65107
43360
60216
44021
64781
44517
65561
44282
120791
50217
64754
43768
64477
43349
65368
45574
67354
43540
64764
53174
64260
43026
57751
31180
65753
43587
64804
43515
59324
31621
65476
52797
107825
43785
65583
45063
63716
45752
65797
30611
61378
43197
65099
44282
63744
43883
64097
44930
64017
37408
65719
43377
38710
48012
64182
43063
65846
43365
64247
49875
66710
43698
64531
34523
65737
44437
64869
44430
64290
44011
65841
43643
65501
49833
91493
55650
62512
40075
65616
45920
62591
43933
64533
37816
64168
43687
59559
42349
61669
33147
55572
44397
64501
42948
63593
48885
63654
50387
37008
27610
63985
46710
65250
43329
66172
42909
65814
44828
62030
42265
65325
42527
65237
42162
62127
33178
64784
44305
65183
45507
64353
43611
65513
43696
65425
43924
65921
45810
66305
36942
63886
43608
65544
43067
65523
43886
65866
42997
61763
27781
65357
58039
64007
53104
63764
42802
64581
46795
64360
48447
65731
43831
64042
41672
65584
47158
64862
37386
62856
42891
50564
46399
65305
43056
63533
38200
64250
56019
65946
44392
63831
43665
65137
42925
64341
42395
62356
40974
54693
37300
64912
36411
65535
44016
64932
55449
65005
42757
63598
33610
49833
45151
65505
29852
64608
43921
65307
46660
65482
38330
64523
41972
66607
45289
64588
34539
65771
43786
67091
44169
64203
29430
64303
57450
64586
43342
65022
54496
65052
43136
65377
43738
65636
39835
63591
38544
90694
35497
64889
43314
64771
43113
52565
35155
65977
43795
62032
51395
51838
35218
64723
33460
97584
44138
64320
58590
95036
35635
63959
57064
62076
42538
65708
44156
64298
38343
64318
42944
66229
94442
65064
40115
38527
43225
66731
59479
64661
45898
54958
54193
67645
30671
64946
46349
65275
45124
63860
29040
67106
47797
66373
43638
64761
45179
64458
44254
64518
43763
62002
43014
66420
44865
65754
44915
65477
38231
65779
52572
66216
42788
64616
54348
63887
63463
64200
45512
61850
44139
66202
43009
64794
44898
60489
55165
64923
43270
64679
43680
65751
42872
65317
44500
65980
43279
59706
41967
63879
52714
66109
39125
65317
43891
64751
42788
65926
38862
64513
43334
65552
42856
61393
34775
64919
43800
66678
27868
65606
43182
37108
42520
65162
43191
66735
47269
59695
42023
66249
42375
64781
45059
66312
42776
65117
42821
66444
44602
64571
46148
48820
53580
74018
42786
65388
43788
61147
41758
65826
44320
65022
44279
65793
44465
68400
45856
65039
92999
61461
37991
65332
48605
64511
30684
64611
42940
60972
42889
66620
44099
66282
42613
65428
38360
61413
36260
39237
26702
65282
23735
65027
44349
63627
41532
66002
42906
65160
43299
62756
44101
64212
37967
67385
43474
65701
43240
65538
44612
40367
27237
64991
43159
64525
43534
66838
44261
63733
43568
65104
43181
66779
43325
66595
54871
64258
43372
55025
36941
66513
45572
37914
45549
66417
34311
65924
48115
57539
39606
65061
35856
65214
43425
66981
42768
64616
33831
66671
43610
64974
43681
61912
42913
72289
43797
64515
56881
68261
50901
65701
43746
65135
42947
64879
44209
64217
42040
65763
44026
65090
44479
66352
43896
65749
46279
66603
42403
65179
44609
42389
59765
49034
43879
65275
44182
65558
43072
65089
42636
36442
32639
65599
46700
60754
33161
65952
43395
66623
42766
35657
43690
65561
46311
65292
43743
65809
44310
64767
43312
66242
42989
65786
43760
66330
43115
66758
43152
64838
43096
38791
29187
44117
31627
61943
41801
63751
42695
39148
43209
64350
22431
61912
42588
65530
42327
65214
43564
63781
44843
62745
46073
50068
38134
67834
43447
65420
44169
64230
43363
66290
43863
65340
51466
70026
42312
64255
43816
61964
45828
66578
77940
66034
52959
77025
45653
64791
43438
67109
44164
65649
46650
67340
42786
65828
44893
65846
43463
64935
46073
63992
44194
60614
33444
61872
38751
66462
43036
65376
43402
64177
55613
61604
40524
47981
64974
62268
42057
67305
44642
64422
45259
64348
42931
65240
45134
65522
58770
65681
45481
65047
42490
65084
44562
65979
43951
66315
44124
64491
33315
65505
29848
64380
54505
62141
42931
67011
44667
67172
43660
55070
32162
54854
53285
64203
47517
65971
35706
62035
52256
64342
38346
63875
64007
64669
44603
63944
33702
64598
45763
64939
42508
66214
43764
64373
42748
61882
53027
65207
50836
65956
36196
65603
41167
63811
44053
65074
42913
65037
43257
67059
54537
65741
44788
64403
43076
64222
33771
55312
43389
64818
42463
65037
43197
64300
41873
65701
43320
61326
42661
62740
42953
66018
43550
64684
51338
65225
38877
65115
43663
66142
45645
48989
44177
66185
43425
63731
46394
62829
45362
64480
43976
65322
36631
63534
45572
64412
44171
65004
43129
67186
42365
64937
35288
63654
46409
67272
43948
65889
44392
62572
42896
64411
20192
63073
35210
65006
80270
53194
27415
44290
43171
63573
31492
64681
44766
63770
42277
64751
55126
66372
64195
65824
44668
65093
52448
64817
43878
61378
42748
65438
46382
64678
43585
64949
44733
102029
29751
64040
43981
66031
43056
65425
45965
93591
24947
64894
43285
65933
45881
64664
29955
64165
39328
46249
31483
65354
42272
61513
42651
64257
54194
64754
45272
64476
55939
66388
40410
37186
47992
67522
42973
64200
55903
64668
43490
53341
47507
65385
43252
66272
43690
65305
44149
66414
38436
63671
32530
61704
33101
55580
42482
64391
44409
61737
42525
38661
30467
63589
53122
39621
45724
64909
43234
63353
39875
64536
43049
30517
38529
45476
32398
63954
48856
65338
55478
63919
53929
72931
36337
65959
43252
65776
54663
62471
43069
61003
46229
65007
42758
65470
57254
38230
58326
65474
46051
64661
44894
72940
33686
63820
42450
64492
43259
65580
37496
67205
45520
66716
46958
45453
27165
61161
32965
65124
34924
64422
43252
64238
44094
62982
44612
66034
43808
63975
44068
64656
53718
63390
46088
62967
43152
65350
44935
64733
33566
68525
43166
52899
44941
66505
52924
90232
54516
64460
42422
65004
38469
66947
28145
63601
43051
65707
30930
64596
44594
65500
43395
64844
42397
93640
44296
65869
45409
66350
44203
65094
44412
74975
50743
64128
51313
65550
43642
65874
46113
64583
43224
57444
38887
65984
43470
39547
46086
67146
43697
61922
39193
65803
32421
63997
54334
64398
41325
65309
44151
66247
43986
65919
43871
64741
43340
50437
32443
64882
44046
63844
45625
65590
46627
64892
44357
64328
41725
65140
43448
65490
43903
64906
43394
73581
26028
64919
43410
65916
44028
64801
56823
64784
43545
60015
43418
64999
42505
65684
44730
64748
54600
72994
45249
63947
54472
63556
41936
65998
42543
65631
43630
64719
42113
63682
54591
55089
37549
64107
61859
64566
42480
65763
43933
65869
46677
63380
43477
65085
59198
64448
44585
65635
43590
64310
43115
64877
42718
67144
42378
61178
32324
62963
34981
64531
56683
61682
39588
64924
34246
64952
33359
65556
51390
38582
65349
61428
42197
38987
50138
65899
42898
64816
45772
66230
26769
64588
32699
65087
54367
62699
42600
45606
44863
67275
42713
65450
44542
64669
44696
65836
45923
81627
46136
64879
45920
72699
34611
65253
43104
63005
43522
74636
38219
63859
43500
54902
36660
65046
42936
66205
43847
37213
54355
45353
31537
63666
39467
55013
34053
64342
56039
64341
43736
64655
42427
65022
43653
64047
42836
61296
44937
66307
48955
