64280
54252
66713
44239
66929
37965
66690
34735
67474
44660
65581
33363
64295
53971
65309
47600
65828
47502
65133
46254
38182
44027
65570
54578
62202
42337
37375
49465
62839
43826
65919
34008
36762
21333
67342
43821
67102
53882
66267
44251
66066
45562
64771
50260
65801
30460
65425
45635
62792
43196
64390
40974
63421
45429
53517
34719
49720
46842
67330
35989
65716
45482
64405
45502
63724
30299
37316
48940
93916
44267
66693
45301
67187
39453
67074
42765
64199
44778
106582
36472
66431
44939
76242
45425
67128
155158
64843
43926
53084
45782
66059
45237
67893
45590
61965
45671
67159
45938
60397
42558
65996
46492
63280
55583
61541
33349
64568
65723
62603
48299
63882
45349
53248
29667
56608
42862
64912
44247
67069
46000
67034
44331
65941
36802
74929
24289
65143
53849
66593
45770
31247
69392
66650
46366
66304
54604
66505
45727
67398
45239
63679
55583
67740
45291
38843
43497
66400
44207
65676
45477
66470
44622
66969
45200
66896
46591
61095
43764
55536
45232
68495
45773
65150
43903
63631
43489
65864
45094
64620
45317
67515
44786
65670
53006
66157
41598
68587
45855
66665
51611
65431
45306
66957
45404
63896
58213
66320
45675
65333
51713
52699
45221
64658
47834
66573
55166
63864
48897
63526
37062
67571
46098
64876
46409
65916
43089
66533
51790
66155
45389
57361
38560
65715
41766
67134
45607
66703
38353
66673
37650
68171
45695
68081
51801
66142
46118
66053
38397
66106
45829
67497
46156
63288
39894
66260
45179
65603
52107
67274
45136
67222
45362
51049
50682
66989
35509
64723
43996
55616
20744
66382
45159
66192
43144
66771
40358
63168
48089
68321
44649
65230
42564
64616
37655
65771
51891
92133
43773
66680
42793
64651
46398
64310
43621
66368
31093
67214
43778
45951
50928
66026
53821
75774
45073
66412
47746
63140
45439
64651
45214
66834
44933
62090
46524
65623
45873
67244
44495
66851
44791
65578
43643
56726
38729
65851
52081
29939
25598
67072
44745
66731
44763
66748
34967
43407
46640
66536
51947
66563
44367
44091
32783
65664
44996
65388
44608
66615
45173
66703
62147
65207
46713
56970
45381
65849
49927
53742
38991
68918
45520
66458
43205
66884
45615
65826
44643
56355
40898
65713
32404
66953
45544
65884
55124
65919
46364
65974
44520
66851
46569
57036
44372
66498
47409
67452
45258
102134
46681
66728
44615
49972
47484
66894
30229
64470
45634
66136
45237
66070
44799
66488
43076
56414
50179
67543
45239
66661
46238
64353
45507
66122
35448
62398
45041
65421
44476
67104
42514
66583
45151
64914
49574
65994
44384
67195
38231
66101
46126
65553
44322
67182
45039
66079
44825
73972
53765
66987
45659
54605
39613
65857
30986
37727
27279
65892
44269
67147
45244
65310
44325
66172
27898
65210
38318
67074
41495
38366
47299
66538
46509
67157
44535
53795
39809
65643
44813
106018
44415
39117
45071
62181
42920
66641
44745
68327
45337
66385
45590
66500
44593
66423
46068
67199
34226
65445
45850
66560
47737
64816
44477
66012
44454
67340
45605
67267
48992
66903
50940
67089
45769
66378
44648
54170
39055
66377
44471
65270
43029
67663
38466
66329
44034
65909
46083
65230
43815
67211
46678
66723
50639
65686
35191
57240
49845
66447
43750
96066
38254
67039
30478
67973
44750
55814
40242
55794
44803
63571
47908
68282
55188
67129
34466
66144
44990
62381
51648
65884
45680
66851
45664
68690
41680
38348
45084
65515
30662
66893
44950
67172
45798
66962
45196
62027
41798
68159
55126
67254
44219
62679
34743
67160
44430
67838
45500
66954
53007
67397
45683
68111
40668
66958
44888
66525
45377
64247
34572
65813
53140
66916
26119
62433
40753
64150
44923
66595
45357
65773
47950
66774
44828
64270
34570
65054
45203
67944
43756
51715
36692
66863
44763
48622
37291
67347
38414
67929
36302
66922
50233
66202
50175
67096
45104
66573
45471
64411
45013
37467
51280
67415
45094
66511
57003
66751
44499
66132
35166
66238
75216
67084
46078
67252
41265
67738
37575
65036
46710
61985
86320
67284
45314
68793
46916
56357
34969
68061
38844
67447
44913
57551
29647
66806
43490
65781
43197
68518
44377
66881
41335
66077
44627
53204
39188
67051
45650
67021
38170
64232
44623
63881
43332
66610
53828
66322
40523
53232
44234
66101
45607
65878
81672
38067
39389
86053
45089
68009
35500
67061
46363
63360
27538
66903
45571
65814
45367
68151
43915
66776
44805
64796
44370
66144
53889
65506
46028
39687
47178
66994
43757
67532
43232
65861
44121
67803
44625
67194
44507
67563
44778
64668
41218
67322
48336
38982
47980
66841
45109
65503
45447
65834
44833
65278
48519
67142
45505
39265
26061
60468
35559
56851
39432
60417
32564
65192
44803
66425
45339
66056
48556
66786
55874
66508
40755
62137
38773
66593
47469
67089
51628
65670
45780
53675
44978
62751
45121
65921
44903
67698
44841
63603
51037
66328
45426
66086
45464
65358
35310
67974
46224
66150
42157
66152
49003
67181
55620
66443
45321
57443
40273
68207
40993
64661
43177
65976
34417
66297
42881
67971
40623
66420
45983
65945
45772
63368
39330
69748
53449
37772
48068
56688
36531
99872
43379
64764
51447
75871
45321
68001
44209
67764
44836
57264
45973
67918
45339
39829
64523
64264
44193
66277
44771
57202
43688
66235
43267
63786
44787
66295
33820
66299
41978
67913
31686
67389
52697
68764
46933
49847
34952
66070
52373
62297
52316
67011
39953
65681
50243
66929
34514
66075
46698
67124
45024
66598
44374
64056
56689
67828
44580
65140
44936
67651
44477
68413
44301
67294
44242
66186
47228
66749
44820
64285
45400
65962
45437
67733
45583
65703
44830
66528
44858
67756
43877
66744
45949
63473
36699
66429
45071
64000
44945
39758
52373
66032
45278
66743
45174
67728
42979
67901
44698
62421
44402
66743
46759
66305
45116
66724
46972
63737
45372
68655
45845
66202
45832
67002
45589
67225
44848
63425
48243
67042
45218
66217
45347
90225
34349
66337
44044
67621
45349
66272
38075
67819
45898
63042
52370
53981
45441
57043
51766
67473
44277
67159
58756
57229
45234
93174
45144
67254
51183
67820
44256
67519
38416
66987
44504
53959
43430
67101
43498
68460
46517
62944
43294
66239
43439
64207
45517
65899
41091
68632
45166
38752
55070
63436
34933
55941
38265
65650
43810
66533
44728
67209
44204
65992
46377
67174
35449
65372
45231
107970
38182
63824
39160
67627
51298
54509
45708
40037
27314
64238
44479
62819
45474
57241
49097
66487
29179
66441
45206
66254
44524
68004
45627
63529
41429
63508
42035
67815
46156
67327
38890
59912
41790
67856
45725
67154
43924
65767
51551
68289
45778
66588
45660
65157
38404
67601
45759
68419
45910
66515
44950
64105
44189
67152
46188
68179
45936
64208
39944
68074
45530
66721
45677
43159
27057
67790
45665
66893
45026
67337
45124
63483
33660
66623
45287
65460
54755
66921
39768
66617
32772
63251
43135
55120
45111
64590
45522
66926
47756
66314
44420
40794
47647
67463
46692
67605
45557
67781
44534
68853
44782
67635
37826
68425
43745
64538
36434
66230
35245
62378
42538
68756
46176
66273
45033
68109
59719
66395
43806
67625
43824
66657
44289
66913
36072
67242
51692
56452
43926
63095
34653
37525
26266
67162
56274
68049
48196
66580
47455
67070
45692
66745
62448
65558
46198
67172
45750
38554
48210
66726
51353
67006
43466
67031
46286
65591
44602
66988
43991
57008
65411
67469
23397
66576
44425
62194
34885
66851
43161
65841
45399
65764
44109
66174
50873
52008
64804
67981
51899
66753
38620
67904
45465
68039
43377
67882
45825
66677
50313
67776
45404
65709
44034
67284
44846
69217
45414
67400
44570
67149
45457
66194
45174
63090
67009
66643
37113
64105
44910
68702
45627
67483
45667
67814
45486
67611
45274
63744
39676
67016
61897
68262
44588
66339
45442
68019
43331
66670
44978
65903
45103
66816
41283
64717
39954
57653
45324
68242
51237
67116
38406
66368
50710
64188
44925
67096
44201
92758
44787
66708
44524
55941
46354
66560
45276
105405
37060
68036
45387
66774
44408
65756
46028
66090
44282
66805
48237
66407
41702
67978
45642
68139
39172
67738
45011
67754
49065
60346
33364
56899
41724
67600
45199
67392
45027
68127
44197
67730
44326
57760
46118
64777
42321
67094
44943
64195
44654
66587
44873
67776
36285
67625
45981
66816
44309
66140
46244
50812
38886
67285
45770
66791
45427
67537
45409
68187
38957
40233
27845
37716
50859
67300
35982
68049
29788
67011
43582
67086
41520
67455
44938
67658
26280
67828
38493
57563
46340
69142
48652
68342
46815
66072
73218
65580
45978
68089
44329
144354
45600
67625
36278
66450
44926
66354
45730
66325
46562
62972
48904
67417
45845
68730
45803
66736
45179
65330
45569
66425
53169
66224
51785
67069
46261
66657
53031
67929
45134
57944
40548
69667
44507
65234
46336
67608
53590
67319
34221
68512
41184
68818
44570
54857
40090
66513
43611
66018
45362
66503
57623
66861
44209
64338
45537
69782
44770
68758
47259
69155
51830
67192
44615
67943
27489
67094
46699
68573
35276
66931
37480
67983
46156
58321
38671
32462
24663
68505
45028
66823
44805
67477
48821
69692
44129
65275
45153
66585
44495
90623
45091
67650
51353
67350
50336
75605
50368
68141
32378
68730
46274
68472
53817
66909
45221
67124
45888
60343
33153
68174
46652
101508
33695
67402
44933
68083
44918
66613
45689
69369
43557
68665
44477
67535
51460
67171
45645
67262
45695
66818
46216
66661
46023
67277
45106
63824
50248
68028
43764
68021
45444
66653
45785
67766
32851
66834
44216
67009
34847
67597
45702
38253
47033
68247
44945
64992
50215
68059
44840
68548
47720
64515
45044
68310
45407
61680
41672
32484
55579
66409
45299
63253
42853
38247
31185
62168
63606
67064
45089
64726
42084
57570
39826
68831
45709
69202
43327
68375
38609
67971
44580
66192
45414
67507
46571
66420
45562
64668
43406
67976
194626
65077
34011
66355
46071
66250
45645
68157
36606
67983
45765
65170
38330
67380
45306
67144
44296
66060
44522
70774
44575
67149
46670
68633
49451
38517
36346
69106
44988
68412
35879
70110
45166
41075
27965
67312
46402
67919
51157
68492
43551
64876
44712
68517
44605
66656
38149
63482
41675
66648
46377
67262
44851
66613
66819
69229
31516
66111
43433
64395
34699
64694
44853
68244
45810
68020
45502
67410
50333
56770
37836
75265
43695
69630
46657
67364
45888
68856
45462
63017
50290
66921
41412
66956
41824
58526
40951
67559
44597
66586
26504
69091
45236
67660
45870
68254
44878
55929
45191
68169
44830
64578
45509
64681
45597
70975
36869
69083
47802
67182
46524
57083
44141
64122
20072
69426
45371
64909
45036
58366
45439
69430
51155
65625
57310
62440
41847
57363
44291
56573
45838
67868
44786
69044
45761
67547
43106
65412
35047
68159
45399
61706
41297
66641
46501
66284
44375
66963
53756
66377
45800
70695
44454
67700
44430
69256
44219
67823
35615
68126
45056
66653
45294
66676
42735
38530
28936
69282
46073
68527
45486
64035
42551
53917
45449
90308
44755
70158
44294
39004
49611
57255
54626
68064
45093
69374
45615
67064
45660
67904
45542
66450
43444
67743
44552
68695
44658
64042
44480
69138
45502
67281
40597
68400
48933
67513
33461
68009
46276
63954
37470
57621
37505
67352
46974
67004
45843
67949
44191
56718
45219
68502
43755
67041
35605
67569
35764
66929
39849
112869
44277
68115
33154
64102
34318
66951
51564
68225
42839
96480
44602
67933
40976
58098
38731
68567
66439
68247
45159
67834
45304
68698
36715
67087
44575
66515
45567
65478
45454
66257
36111
67665
86000
65854
44332
69142
44585
68692
45853
67547
45021
57101
44325
67395
45394
67111
44706
68008
37161
65708
51184
68474
44351
67893
45452
57222
44148
68490
45342
67242
38884
68560
54014
68099
44890
65912
45251
67903
44753
67144
45815
68419
38615
67615
45051
64104
44428
65899
44755
67969
51798
68412
45625
67209
45663
54618
45146
67626
45179
67408
45535
69006
44587
67964
37802
66678
28715
53932
29367
68403
44390
67023
44640
68953
44930
67026
65080
66673
45058
66631
38310
40766
48103
66635
36402
57232
45532
67197
44685
65738
45098
63287
43803
68297
44963
66991
44094
66886
34381
67610
45559
68074
44642
67551
50637
68538
43620
52801
52795
63579
42007
67873
45588
67550
45512
68131
38450
57570
41027
68257
44755
64678
45788
64646
47012
66466
45690
66748
45003
68538
39050
67259
42942
67255
45209
62912
43323
64297
27756
66993
44994
67790
44462
67680
44308
67748
44365
70950
46547
63416
51491
68310
44444
68332
43518
62412
45445
67823
44685
66954
46091
66690
46439
44345
40776
68562
51578
103093
44710
67007
45362
67432
38410
67774
44575
68480
44540
67532
45610
67863
45304
67191
40225
68272
45249
68242
53009
65260
44512
68294
61403
66463
45131
40849
37629
67768
45375
67941
45562
59086
37975
67778
45679
38845
49999
67351
45289
40118
51609
66665
43728
68475
45449
57601
44485
57223
44998
69332
45431
68751
45539
68174
44592
68972
43590
66267
47782
68039
45437
66666
45229
68066
45963
67582
46341
64095
50020
67657
45154
66728
40372
67805
48772
69179
49518
67146
45773
68282
37193
95724
44417
66367
44624
66939
37094
57462
37021
68648
32996
67589
62533
64656
26334
67555
45216
68742
33326
66560
57389
66621
33521
67545
45068
65966
46206
68339
44583
68139
45334
69434
53270
66495
45059
67775
36743
58125
40550
50620
34105
67911
45856
67417
57251
68399
38729
68495
46331
67708
44881
39967
27847
68116
45749
67946
44735
68971
37683
67157
33212
62711
45129
68402
44710
68535
44958
66736
45765
67844
44700
68016
71768
67813
45028
66927
38872
67322
45054
66049
45534
66601
44785
67683
45780
57809
33925
67325
44319
67211
45369
67791
44437
69710
36706
64395
44507
66804
55433
67229
44889
67522
48205
67354
49509
68464
49311
67816
44629
67688
45923
67632
53863
63862
45765
68091
49053
67710
40340
68673
43540
68136
44402
67605
36807
67297
51891
67771
49717
66851
54570
67485
41346
68121
44587
57463
29998
59271
37725
67953
45710
68795
45435
66405
43315
67968
37383
57790
37391
67703
44335
66747
45372
67559
44941
67204
46128
67909
47146
57199
39045
68519
44913
66740
45562
66418
54517
57771
47247
73965
40343
103077
35189
66653
45198
67721
52608
67136
46031
67424
44926
67050
45570
49005
37850
64204
43600
66856
45831
68322
44367
66853
38216
68484
41476
68898
45152
68625
45915
68134
56833
66926
31075
69857
30200
67792
40305
68300
45780
68425
52718
62784
44229
64110
43254
67235
37013
66706
42831
67302
44462
66961
42405
67693
40249
67435
49403
68627
48008
66184
44955
52776
45730
66956
46036
67585
44675
67307
44928
68432
47026
67509
45751
68267
45289
66758
50819
69532
32972
111837
44092
66745
45096
68407
48954
65649
27600
67573
45755
57703
39643
68563
53513
67567
44830
67603
41577
65586
46442
66497
53934
67264
39824
68685
45396
68003
46138
68846
54122
67811
55307
69066
44234
67044
40474
56370
37792
67989
44289
67264
44630
40711
47592
67698
46168
66568
39000
68345
45407
53063
46121
64879
44695
65594
43743
68645
45176
67572
46409
56933
45241
68044
53987
67225
44214
66901
47594
66896
45667
62478
46496
67587
51440
68142
44858
46741
31742
67210
72717
68507
49871
68028
54054
67212
41532
68547
41074
66921
70647
67485
31905
90332
46001
57576
46043
68102
52563
64621
50916
66656
45560
68755
43457
68999
44835
67309
35918
67375
41828
68385
44677
66199
45660
64052
44347
68597
45034
68043
53165
67989
44861
69031
45963
66810
37398
67941
49735
66934
45126
63920
43021
66900
30193
89774
45008
68615
45141
69086
45788
68645
45670
67031
44780
56587
37841
68136
46199
65200
45455
64781
45455
66104
49047
66703
44367
62968
56110
68237
44690
67843
52034
68950
44765
68036
44071
68254
45053
68247
44637
69223
44074
67593
51578
67505
46556
68715
42989
66889
45304
67277
44362
65333
54107
67941
37105
65926
45765
65563
45590
67167
28912
67780
46334
58878
56765
66746
45231
68231
45810
68262
45638
67559
46915
66953
45369
68781
46283
56359
41137
50921
47489
64679
38041
68226
44653
69700
80691
65313
44277
68151
45444
70221
40645
65758
44971
39903
47208
67941
46585
68746
49231
68096
44627
67823
46943
67222
44548
63371
43482
69391
46129
69312
46124
66439
45326
69744
51797
69441
43681
40461
30329
40781
25080
67026
52750
67580
45611
58636
43368
68305
52376
66573
40501
57636
53678
67580
47243
67700
44978
67715
44888
68524
37622
68728
46890
61680
44623
68227
34151
66010
45169
67665
52618
64077
55149
64725
41326
67555
54582
68578
44801
63897
67464
66205
44524
57457
38301
68745
45514
69069
44971
68026
45530
68154
37228
68019
39093
68760
45657
67443
45740
69312
45660
67731
44662
67202
45460
57595
42332
67758
45567
58483
29518
66130
45329
68595
39229
67545
30139
66649
57216
65821
44313
68086
44698
68405
49226
67755
45294
67756
44160
68660
43154
67393
41803
67951
44041
64931
44835
68431
44912
67477
45339
67227
30185
67369
52583
39915
55172
67899
63223
67467
44039
67681
53420
67976
46149
67492
54084
68394
48006
68271
49388
68175
45489
68026
44557
67056
43663
67475
45259
67818
44707
64824
45194
68154
51819
57946
45480
68004
45021
68399
43765
67736
45462
68968
39347
66744
43530
40335
27676
64300
44728
67761
43881
68049
37785
65024
39510
69474
32161
68505
39989
68146
43462
69113
40480
67698
46163
62867
52109
67721
44325
67788
44602
67452
42049
45696
52508
67535
45780
70071
61799
65103
44527
53255
46262
112170
52844
66498
32032
66947
31379
68678
48714
31925
52866
30925
32257
63764
20709
40690
28194
67046
42582
67685
44244
68553
45266
67039
50305
67636
50985
68079
44648
67916
51835
66659
45502
67129
45327
68307
37220
68432
45057
68256
43375
57863
44901
66502
44708
66505
45157
66909
44805
69620
34352
40562
56147
67715
49346
68102
46136
67250
55052
70252
52232
67044
44522
64694
44800
67515
48462
67214
44577
64222
22079
67054
52551
66289
50744
68091
44134
65234
59088
68943
44632
86561
43988
67201
37699
69265
45046
67061
51487
39691
55431
66709
44352
68324
57990
68999
44915
57526
47233
67869
45422
64902
45469
40477
46742
68037
44923
65382
44372
39285
51205
67124
45622
67057
43899
67583
50633
67803
45016
67500
44891
96211
51366
68419
45494
66899
52616
67404
44768
56881
45081
67390
45243
38936
30359
69187
45648
66086
43364
66495
44847
66655
47173
64249
44224
38910
31504
67422
51798
64996
44376
44405
46992
67252
45544
68351
44336
66724
37245
67016
46130
68868
45918
67402
53399
67412
42320
66099
49429
65501
34333
67996
38669
67831
48301
67579
44612
67052
43265
66170
43086
67726
44242
67593
45159
67861
45592
64615
45379
67202
45332
67869
45618
66979
36870
67364
45271
68650
44569
67329
39719
65716
45314
67003
45793
63842
42741
65881
63539
63248
109388
63831
54762
91042
44998
67445
46084
67768
44407
38730
57211
67640
45407
65586
45026
67565
45091
66899
44345
63119
45550
67004
45587
67214
45750
64741
44131
62421
57758
67622
45705
66770
45189
68013
45462
66972
44701
68262
30457
64650
43252
67643
46259
68539
46374
67615
39434
66388
43825
96181
49977
68895
45269
67545
45266
63831
44780
51750
28669
67450
47551
67261
44214
68247
43603
66388
47051
67487
44645
67452
45851
68179
27495
68948
47008
66556
44595
65856
33927
66585
41450
69038
47572
52512
29021
69360
46646
68104
34780
66927
79987
69191
45179
66673
45129
68217
44640
66731
44988
38330
29055
68425
45407
69086
35112
69249
41523
67886
49268
67948
45033
66720
44144
66703
46201
67944
45232
68592
46005
68164
45131
69021
44996
66235
45705
66342
35216
67841
45184
62895
45467
64418
69357
90678
43793
67372
44974
68032
44658
66397
49050
66430
44640
67866
44558
67202
45344
68891
38731
68029
44419
44285
32064
68131
22000
67308
46194
68128
44976
67638
67501
68993
45350
68277
44680
67507
41803
67761
51208
91115
44327
68104
45470
60998
54643
67444
46070
69536
45169
62088
44816
67362
44833
63989
42561
66911
45635
65136
42912
67294
46497
68319
44039
67810
32471
67231
41911
65084
45741
67678
46078
67984
46143
66621
46191
67026
45396
68415
45787
67833
44367
67349
45158
68434
38142
67601
45580
67387
45572
68806
43820
67232
45662
65758
45141
67956
47795
67652
45552
67212
38598
68281
45078
67342
46600
67440
54490
65896
46192
67345
45151
68928
48045
66697
45885
94367
44720
65548
45090
67687
45492
68643
44640
68487
45680
68580
46307
67742
43420
57829
38124
68429
41488
67037
45324
67804
46735
67831
45436
63901
66345
67588
45462
65112
44640
67302
51408
67285
50376
68084
45301
67525
46937
67568
45805
67179
44991
68392
45422
64400
36015
66653
54044
68467
45106
66786
44299
64680
41094
68450
36440
68807
49175
64367
41833
67030
44429
67169
54455
67181
44795
69171
53713
63614
35685
67375
45547
66828
46699
67359
40089
66443
44955
68390
45382
69007
45268
67019
47609
67417
45176
67092
44404
65658
34910
67808
45053
67455
43261
67715
32560
68148
48802
67187
45497
67457
46366
68615
44707
57840
41752
66550
45201
67894
47625
67440
36736
68636
51829
67452
49504
69800
45404
66826
44626
68189
37733
99944
28417
69562
44943
63473
50258
68572
53137
67247
53674
67262
45312
67587
63911
66836
52550
67916
45337
57537
43678
58202
38286
67282
45098
66844
45916
67733
49897
68395
46817
68382
45206
69933
44998
68184
46391
40139
29580
67367
44792
66636
50391
70148
45634
67199
44806
67605
45284
68758
46088
67700
45294
63541
46124
43616
31704
68527
35171
95242
45078
115721
44147
68059
46805
68319
36819
67097
45277
67488
43045
67292
53127
57644
38594
67763
55492
68714
34620
65147
43432
39295
48696
63964
34998
67771
44635
64356
45342
75626
44974
50936
43628
66936
45599
68487
44851
67805
44938
67493
44580
68070
42780
67916
44477
66450
29627
65791
44921
68853
45449
68836
52078
67395
46529
67087
44294
65342
44653
68663
45010
66896
37600
68209
44883
67933
46389
39311
29326
67790
44955
68482
36525
69667
45148
67522
29183
67903
45637
68312
43708
66736
64072
66844
45038
68655
44695
67244
44888
54903
48206
67437
43319
66037
44798
67994
45407
68557
45045
66956
45221
67775
40376
94835
45344
46448
31854
68084
44427
67004
47442
67770
45599
63756
45108
68565
47091
46763
31485
68670
52483
67688
48068
68494
74691
64301
41682
69294
45472
68489
45670
66262
45505
66621
34115
66633
44788
68820
46196
94029
44610
67879
44663
67272
43743
57430
45781
66718
45094
56796
44913
67326
43668
67953
47051
67756
52301
65645
46383
66457
40048
69263
46279
68427
44891
66094
44707
70863
44419
66999
44112
66777
45376
59391
47238
67631
40686
67102
44658
67478
45169
67512
45191
75984
43449
69677
63642
67654
37336
67585
46148
40873
50681
65874
34551
50585
36677
95072
42960
68838
44921
67830
45650
68449
45469
67906
45550
68289
45182
57855
38887
67643
44971
66463
46609
67567
51801
67785
54257
67234
53630
67199
55723
66270
29259
65494
43560
67177
31448
67683
48820
51760
43384
65543
51443
66162
45200
67585
45612
68156
45580
67507
44352
67960
44990
68232
46813
67655
44452
49662
74809
68162
50501
65105
45611
66608
41152
67427
45061
68037
25595
67911
49125
62002
35178
69141
45168
66862
44038
66388
45151
70692
46804
66947
45434
38199
55648
99024
45324
68219
36731
45973
55267
65868
46006
68300
45602
64215
43432
64315
44905
68603
44690
68613
46377
98554
41208
66828
44715
67312
52524
68309
49762
65799
44720
65974
45960
66771
48719
68219
43608
68103
62842
66245
44786
67548
45485
55604
48599
66367
43888
68171
44462
66863
52981
69895
32795
39847
29949
67345
44755
76163
48789
58576
52143
67237
45570
66450
52202
69384
44926
65370
46334
55070
34940
39294
44896
39771
36247
64556
53423
68890
43032
68923
44289
68544
46158
67667
53385
66721
70720
67350
50448
38915
33542
64999
28266
67054
52795
62589
52467
63404
37186
62541
43044
67417
41477
67398
45006
53660
32648
67523
53145
57312
47112
67519
44465
67796
35456
67798
34751
66861
45800
68232
32011
67793
45003
67760
45151
67086
37305
63741
44911
68673
45905
67226
43901
68560
45256
66079
45816
68297
46271
64007
32755
67062
45712
67982
46840
68174
45369
99475
52308
73604
30463
57593
28683
66473
40564
66683
44658
68204
45555
67579
44996
64253
42738
63794
43974
67785
51240
68632
44843
66768
44638
39750
47554
65886
44329
67008
44520
67984
43969
47091
32095
56311
37727
69244
44755
68369
45346
66485
44993
68971
45146
68071
44394
67966
45389
67528
44593
39345
29655
65771
28311
67081
45117
68422
38572
65581
53706
67134
45176
65513
43964
66813
45865
67548
46208
67033
45116
68339
47409
66495
57554
67204
45361
67913
47957
67392
44818
66418
36151
66340
54071
67372
27333
69112
45850
67315
45372
67765
52242
68885
44525
67051
44507
67642
45454
68367
55333
66811
44504
66404
45013
68170
34800
67049
51280
68227
46000
68319
44655
65809
44449
37177
29496
66725
37319
67400
44703
67422
48459
68384
43833
67896
45823
66944
49317
69044
37126
66863
44305
66813
53488
66916
45750
68896
46677
67449
45085
68621
43993
67457
52579
90359
45500
66693
44608
68252
53300
66222
34660
67181
44562
66045
32929
69307
51999
66946
45574
68908
47715
40874
27611
68400
44976
66415
45547
64268
38829
66823
45441
67230
45103
66939
46835
68626
44284
64686
34392
67950
44955
68111
44953
67252
46314
97205
45062
66834
53943
37290
48259
67515
44985
65199
44702
66290
44172
66570
51462
66305
32378
66547
44918
67781
45189
67810
45196
66318
34694
