249543
125340
162400
122614
225438
111527
201479
100783
223297
104913
243419
65637
148563
83356
174413
128885
198515
121762
236598
81470
222626
117759
224192
119970
217825
109810
224994
105594
223691
116505
185578
122381
224410
105704
227261
123637
222626
99789
220043
113032
224502
125919
141380
146440
222619
177820
245689
121852
181527
101404
219538
111702
215257
127648
222766
116780
253721
111269
222637
114711
313578
108423
224669
113480
125636
117462
224856
122535
221112
172446
220486
140664
225935
117426
225759
124132
230204
109512
222446
141302
201686
123975
218607
142121
224350
114886
204920
101487
186380
116578
219198
103707
208284
93916
227249
126510
187757
143253
221924
120755
202513
113512
183732
111456
220810
115145
179176
65874
222706
124866
218158
127146
223148
99859
127762
72287
225468
122625
218786
108915
225219
115511
227602
122259
153914
105749
207521
70519
186976
131296
120209
75238
211977
123804
214505
148540
225964
114829
221613
121583
222163
117467
191018
144583
222209
115570
134209
76677
219509
113628
181025
139222
233952
111139
234204
138857
219587
124337
151153
148655
214505
118676
205320
119487
224120
143216
184426
106161
220061
121433
211149
112486
221360
137595
204725
142895
127599
70681
203105
140025
219861
144857
222805
141640
222488
123499
220671
105404
221580
143787
211154
112667
225819
115166
222999
144261
220055
141158
217209
125231
218529
109024
214392
109587
217557
145271
221048
145970
213870
109357
220068
151597
219739
106736
221351
144533
221816
118703
181865
145371
222314
112992
224212
100115
222143
145543
216550
124028
225067
129130
218204
107630
224224
126731
206678
66964
222027
123960
187100
72455
254917
119619
210026
72948
219732
86659
221329
126267
150463
91895
221727
117543
217908
115616
219332
146294
224736
137417
210360
108414
214828
108680
230899
113244
221143
117830
254530
96198
220621
145046
230658
140220
217575
143893
222921
146294
219685
125575
270357
138663
149074
146308
218709
145211
224091
123859
203583
112340
189766
146529
250752
144673
224980
127389
222716
126551
207847
145940
220177
106586
224575
129535
254249
138881
232520
143692
220992
146167
225197
119408
223943
124548
221539
127823
111027
54502
227031
140512
221248
123716
229956
140059
223191
122291
221018
116925
218293
115981
221375
127770
221046
118395
214269
139338
223549
147700
221739
147179
131729
105590
184364
141207
218812
111849
218794
97187
221517
124983
222649
115605
224340
144991
222573
123845
219016
118525
222005
127087
218413
118945
218556
116450
187210
145286
222270
145663
227056
121776
219003
118546
178199
125767
231143
108652
230145
118034
221025
139422
218658
146335
224753
129233
221217
121192
209695
121709
225332
122607
164883
117513
221351
122554
241030
139414
238946
78854
222313
125411
166779
147254
217867
123824
219192
115326
221334
119306
204301
106526
219431
118877
221474
130329
221048
127705
216616
122000
219176
110328
217893
137889
217738
109819
167876
144194
222997
145947
216484
126418
154663
78430
220848
147327
151100
89883
231013
113367
223586
125616
218446
142298
222832
126193
107818
146165
165530
136139
225522
121468
187684
144005
216896
142214
252748
148353
222242
113663
221269
128922
218154
127673
177462
82747
220378
146559
233558
145810
218066
100093
223759
119700
220496
145593
220937
144633
224310
122459
220141
124059
187821
112818
220020
120937
221924
119383
159968
100634
221156
126687
221569
126583
222084
53678
149894
141887
224159
138777
199623
142862
188695
145273
220944
95937
219379
119081
222275
124635
223383
110818
224229
108560
222531
115139
187796
95880
219542
110856
217049
123580
224037
124268
223984
143824
220939
115741
204494
141695
225761
141975
221616
142030
220626
106424
209544
122324
192848
134284
209669
132321
220915
109883
258940
150445
217367
94182
252697
234917
217959
97919
179267
85845
172304
88050
219925
137666
220511
146085
221538
122654
222394
123646
221875
113198
126423
57998
137804
147468
216529
104154
220514
140482
223618
115486
227763
124592
219328
137736
210764
118708
214264
72536
223397
109151
243706
123635
221684
147460
222274
127873
218813
138596
130476
143707
226247
126866
242671
124668
232547
110699
223373
121009
222901
123478
227455
125979
217321
145624
210191
107065
317305
146173
198481
177791
222215
107455
219496
127433
166497
84168
195254
145046
232929
117472
235883
113822
218744
148995
221648
124203
167224
94431
227419
129471
209440
145393
170921
176746
219158
115729
224555
103912
223679
145410
175519
152050
218156
146043
219058
138642
220387
114076
225939
145618
222591
110383
253447
147899
239562
124687
170107
144119
219739
136728
223730
119187
221836
110291
219441
121300
209019
84105
222833
109816
224050
136292
222934
121178
221579
122692
223408
146169
126168
139950
221289
121629
218499
149213
221707
108849
261197
114500
223633
139167
187183
143654
217068
115927
222808
142091
189874
133406
220934
107547
145548
114999
188332
116849
222533
123320
219096
121074
169699
145185
221816
104608
170417
151530
217622
145888
222115
127385
153721
85706
230030
101834
215983
127496
218112
107081
184143
159690
257463
100906
224303
137690
221694
109353
221944
130746
224651
124590
222053
109665
228773
146934
222935
141746
210957
116302
223932
148102
221807
109968
249043
139977
207676
141332
250761
144979
224379
139134
177721
123920
223077
121004
185381
117661
222148
127800
222874
121967
246887
99460
197737
138648
223775
105222
221160
139830
224320
118663
224372
150643
250583
138542
228742
111496
220829
140369
219488
119815
220436
123196
220801
101540
222210
114898
226273
111672
248953
141518
222143
143834
226811
114283
218470
141522
208592
144199
230279
114051
210325
121567
171413
147627
218037
125112
218123
142630
185619
107283
217731
124864
185567
122237
223466
141683
221646
147875
218221
116093
191644
99102
190781
118692
221298
139604
221760
128329
221899
122784
253980
139621
224653
121624
224598
144492
225136
136924
215306
101064
213288
133160
217301
179358
229669
93560
201924
137955
173511
145482
221090
123261
221781
114383
170262
136070
258414
126201
220613
85881
224129
110769
222769
129750
220011
122370
228193
118948
210003
124345
178818
117137
262199
110422
216544
117941
128657
74248
222584
115700
193572
140088
212436
114713
218237
142152
224471
124654
221882
119735
226626
146628
216747
173399
218382
122241
222291
143405
208099
141056
221284
96154
222000
110909
187751
118598
222418
117743
220228
149966
225094
122225
223944
144516
221227
105030
221562
123003
218891
115642
220010
120476
221148
140150
181842
145034
188816
120025
218384
119607
220684
106933
187901
103351
223815
115271
221432
120267
162563
87559
221856
142535
222463
122992
221436
137982
250247
145448
178899
135117
221573
143130
228603
134057
127510
144442
174448
106977
224062
144401
223261
123559
216675
83239
220954
122022
219005
124831
207472
108711
223633
120574
223009
120180
213135
82166
220231
138168
201695
119054
221709
114470
225615
120434
123163
85649
242275
122175
222665
138031
220763
124374
220777
143867
221948
146706
222601
121219
242328
129928
172811
92303
223802
125236
219111
116048
207434
143794
219389
126358
223676
116186
228484
147467
254531
91658
221011
122959
223167
141822
185510
117656
219556
138575
193506
172540
187774
101803
210823
143428
221644
157041
185126
88831
220023
138504
241455
121423
221242
106047
220436
139200
221164
109957
221730
105122
221351
112210
220158
142858
221066
128741
189281
142849
208754
103013
244081
140232
220015
139171
193675
144858
179664
119962
229225
121611
218946
128832
218083
108963
208048
139467
219281
81214
223350
144247
195147
120945
219183
121513
222664
145404
221240
124108
220722
145618
223350
139721
180021
147316
222140
123302
181056
94195
222960
119406
238194
119561
220254
113575
210472
73694
225455
109462
248839
125184
223362
121670
217861
126872
221676
103616
190993
124370
223391
140769
221749
148085
224659
112126
226532
144648
222586
143069
223407
145965
212436
118097
201236
140644
177965
121170
190912
100590
177629
97737
229946
111849
171786
96179
221718
119208
262269
143620
181715
100727
190888
146391
222278
141699
218765
111359
222141
117794
169397
92209
222684
173843
225469
106183
225595
122624
223890
143362
221308
138609
222749
137069
132268
68582
212723
139785
221160
145252
217223
116666
211438
101836
220128
114752
184066
91504
211146
125140
222405
154996
185977
140802
222588
112717
215640
110744
210005
163890
224595
123321
223572
125510
208318
150745
220379
114204
204402
129897
186158
102255
221147
123248
217832
103315
224945
107340
223968
113851
187166
142289
189885
130465
190512
132654
224956
138924
180863
100711
223365
145001
220545
121140
164047
148829
224089
144810
169964
92162
222424
125305
221818
121353
223319
122595
222315
107244
224891
144421
228562
141970
131220
71361
226423
112085
222917
101572
169422
145549
224193
123698
225243
119241
216425
119017
221729
114214
219626
110754
228402
102142
218216
111128
188175
116747
219170
138956
222601
108820
221905
124225
223721
112508
163284
85600
252109
145030
221408
119598
172845
98478
223285
136619
188481
145708
179978
137782
223701
110297
221493
129782
221273
145592
221779
121363
251319
144411
232535
140607
221730
113341
225072
143438
222836
114694
225324
112886
208405
77477
219345
101772
218786
123336
223514
114109
186220
99597
222012
129178
217707
123346
183173
122766
219406
112010
228043
148781
219917
146556
267990
122985
226726
147827
189164
145542
222436
124889
220696
141968
227081
123954
220517
110964
223002
136845
239243
130814
221941
145573
127847
69913
221667
145714
220552
120966
223390
114146
222972
144599
220118
141361
212781
118975
216114
82193
221873
125654
180943
143581
219993
125433
222698
138229
222941
110754
208403
101403
197167
136712
249587
92139
222666
114463
215271
95738
220358
145599
224040
114319
218842
88417
190928
145517
221185
108436
225279
122327
222619
124256
223360
119160
223334
102124
224655
122256
223378
155968
210047
115987
208348
124034
221669
123551
212736
71037
222371
121763
220654
111887
212874
123183
221888
129156
186522
84180
187903
138896
220419
145547
189446
173197
220469
145733
190083
138324
188353
122176
221613
81525
129584
119695
221481
117986
225422
116842
246841
108433
222501
144404
221566
110308
217969
141683
249728
122624
173649
144541
170677
106666
188637
124951
221307
159578
221473
143857
188291
146720
222641
105464
223678
147807
213288
104622
187193
137067
172382
96758
222383
147328
189615
155472
213806
138209
250049
123038
129492
63045
184116
124049
223373
145887
112082
266132
221170
137237
227227
112233
207327
127751
216630
146519
211343
110233
220215
144488
224525
103966
225508
114093
218924
125202
220606
106464
192134
131770
225675
174341
221271
123346
219266
106422
193643
107231
210251
140692
222085
173608
219042
115399
209047
121584
223052
143030
221223
122557
152274
82456
259823
123992
258852
120647
133119
119882
210071
131105
208149
155095
220175
145938
223463
114603
171281
141973
225375
146288
272511
134611
251858
125384
184056
105602
221637
114388
221344
127950
211456
85914
220276
143810
220227
126185
222966
122900
202171
139983
220511
125715
212997
75803
221426
118299
222911
105975
223232
114469
215673
86918
224755
144039
187771
131162
209563
115330
210887
116581
227976
123675
223188
137624
219477
138938
224733
137262
188957
120127
272982
128969
223845
74223
223551
125337
222673
102886
222761
141220
181392
146150
255919
146989
188170
115128
223684
116925
253813
118539
223383
115776
220913
108521
223744
123103
226610
143713
213214
124097
226999
111577
223971
82890
226800
143396
225706
123188
222792
179500
244356
140116
225635
151271
232078
123721
220859
127436
182036
140027
218374
124225
190543
104644
221006
116790
229060
100291
167105
146063
132879
143119
191987
125410
170899
124778
223190
112282
219621
111561
220913
96546
125801
70974
224112
138210
211586
116312
183382
110301
224550
105626
204116
106518
222961
125827
197302
144621
221938
108524
210490
105665
225147
144723
223877
111988
178915
137646
257076
111591
220915
124817
222137
94786
222898
112298
221426
111846
180394
61603
189307
117440
230936
119833
189446
142501
221748
121648
217371
116853
221616
124353
222484
121265
221043
124733
218998
146620
184004
125559
192423
140796
172997
134368
223255
115118
222293
139222
209645
128259
223764
117695
172061
142378
167807
145577
224231
118706
223653
115904
221589
120234
225056
138393
224739
146311
225588
137915
227759
113318
217880
115808
223165
86546
222378
124835
224799
145580
253771
125292
132553
118939
221234
120848
184615
115276
225807
130385
227386
122563
221060
117229
210121
153663
226055
126406
197805
144468
219021
141366
214787
150056
219844
121880
223959
120969
152967
166257
223354
113038
206317
95895
223659
116943
228446
164687
225932
144917
215663
123961
207110
110728
223285
124028
220646
123291
222402
115341
186641
139335
221027
139022
182421
90144
224661
145805
224006
111385
209735
115133
224467
128220
218294
111833
220069
121998
222780
108380
222717
110965
216597
123723
169229
141220
224134
120900
222733
114633
224209
126062
227203
96155
229888
143417
145913
141830
224327
119738
252511
136598
221807
149815
188230
122318
222338
143191
225750
124328
221305
140973
226484
125962
221822
111966
224675
134791
226165
121143
224623
170863
208833
102300
221671
144728
223221
126959
239300
110550
215979
151618
224410
143196
187286
130703
188765
97742
266545
122229
263521
112037
222571
138458
224492
114718
166244
113170
225099
125723
216591
181177
219226
110096
228647
122601
225592
132000
221577
141330
226764
123246
221646
169132
192620
145918
220353
117693
188213
132206
221810
104121
213350
116529
204289
106377
220381
115766
151257
138107
225493
100661
220779
122567
186316
140501
200037
139270
223484
145967
221512
123469
224525
146351
152117
79731
224619
122294
220502
112674
199880
146449
223912
126164
220855
114578
219729
107420
217775
111700
219919
122308
181079
99563
220273
147575
222305
113152
204444
135664
223222
114911
177267
140813
205813
138832
221857
123068
221791
121545
229984
104951
222912
144800
224876
145876
206448
134560
218697
96379
222518
126649
189475
117996
220453
120960
126171
67241
210837
143366
221297
113405
223402
116271
222816
86098
222052
115247
221310
139497
223150
144132
131477
110430
207139
121869
221178
110194
223395
115081
151502
89075
216708
143973
223060
120743
220526
122195
221973
123853
224662
119575
216248
118558
206881
126995
223328
145387
221626
137065
222382
127552
208588
112361
209753
71837
224584
144415
222400
91964
223613
110822
222854
143591
221172
117782
219577
125284
225381
114447
220085
106512
222385
109621
218622
112395
177361
129177
193821
137996
209985
106028
222432
123381
221737
86586
209523
120958
129610
115087
222404
113110
211138
144792
206658
146285
212299
120268
218740
145490
214002
122536
219705
140427
222027
114189
219159
141202
221391
115238
222250
125878
222290
115157
201798
143696
223786
125161
218055
124621
221553
144296
154321
84073
222872
153411
129038
131558
134758
65912
219982
145122
200622
123571
225154
146419
219490
123215
213212
117758
189759
121423
216794
121346
227283
130381
225717
119302
172372
135085
220958
122984
171341
94743
154250
121103
183406
69102
223139
132747
221487
143362
154029
115210
214294
123226
228457
113178
221235
124286
212734
111533
222318
111207
211612
144134
223443
145248
221196
122897
130442
119759
203248
105558
220241
121393
225302
127946
221308
106458
223713
111496
207055
128137
223628
109466
232428
123215
223408
111729
220002
143922
222754
124289
223112
122954
222969
112083
223318
108321
224638
108407
220927
138696
186711
132685
222721
112178
238691
143805
218119
113230
204316
122188
222995
116382
219260
107146
200051
82980
221961
127857
219521
137165
220706
113782
226623
145550
115694
138869
224543
121998
224201
113459
227211
107753
189728
101287
218082
126498
224450
109003
222317
112263
224197
142178
221896
178390
206463
112066
177619
138485
221779
116693
224300
120471
218852
138248
221916
126686
220330
122751
219029
146286
179280
146423
209349
120837
220784
93202
172267
124987
225794
98123
219674
121168
220729
117202
169371
124353
192242
121108
176772
93073
226644
121272
192033
164827
132594
110661
205995
115645
225126
124750
182637
128648
226943
145136
223990
113091
224228
117456
188884
138997
222131
128085
222090
146326
220206
80045
149936
144639
221326
170935
154407
83635
222112
112041
220958
137208
218752
106058
223695
108176
223567
89028
225768
111514
221485
125189
261590
91573
186253
125945
186200
117782
237216
119424
210640
72263
224849
107021
220774
140649
175697
102859
206028
129547
223915
126743
188454
112584
223434
120756
222315
123837
221944
142880
185273
139749
172990
114407
222998
120345
221914
113208
229038
121424
206908
120053
180228
137982
219928
124263
223144
111238
164414
110686
222681
172459
225355
139217
210188
120840
211886
117592
256485
122064
219339
140815
223092
124592
220441
111594
221613
122696
252917
151546
196862
143658
219656
126434
218153
108788
218730
144446
223878
138735
222445
148619
255656
132058
219932
113661
222317
106557
227533
139707
229246
111945
224145
141674
223049
137979
239042
137143
221636
99227
221957
138988
196230
107227
229126
100952
247218
124964
224539
115885
187878
106746
218174
147080
224478
112128
224081
111739
211035
116420
128821
73158
223701
123842
221052
122950
132998
73663
250292
103044
225631
142003
221168
126979
240639
122942
217819
120708
222010
109104
189580
127685
224039
144964
221806
110584
190796
139824
182133
100234
189538
144628
222311
124799
223937
145789
221993
116199
229281
111521
127810
136724
224657
101295
193943
129902
221355
111210
224979
114172
192144
144150
222805
125244
165847
88767
257897
121739
170081
146742
221150
141118
221059
106954
220335
180688
222335
118021
222898
147075
222335
109574
222243
142501
249162
113794
172547
78563
197721
136426
220947
124375
221515
61490
219917
127225
221511
120454
223647
123751
225287
104372
203645
123234
220115
118740
221324
148485
243007
81500
188809
121587
224525
120936
225644
142142
222603
148451
211476
141632
187088
144459
223428
118701
132750
73047
223365
109618
225769
123781
194464
112894
225362
144315
286324
123814
132372
142246
221794
137717
226352
138420
131021
140661
220867
122289
217737
146661
198235
115758
222488
108800
224937
115669
222921
112764
179028
119161
222332
127200
211587
177358
219718
101434
220459
154552
221906
102219
248841
127019
292317
142357
223732
109244
220326
122193
222752
144820
222197
138133
224224
127920
222060
133931
171581
106657
256143
128054
220639
145981
241179
115350
219812
87696
224758
119600
153934
81296
221418
144761
207875
143703
224636
138378
223376
122849
225036
139325
222415
145129
181886
143855
254227
120629
178019
127507
220606
77131
227164
115230
213939
103659
221459
106128
260188
145928
249183
120769
218650
123419
222202
131355
148012
143975
223445
145584
222692
122067
225715
144985
222810
120252
219506
132943
224626
139123
212898
110924
240708
125818
256330
105840
177075
140605
189408
86535
226901
104609
230544
94229
236523
145973
222823
111921
221942
154480
211833
126577
220569
119052
222436
141180
224160
147175
226894
144650
109501
52981
223438
157686
134916
48553
185200
139665
219666
123160
219391
113009
226161
109372
224981
143364
219622
142898
221409
134289
253640
127568
203148
105083
223153
128097
148486
145981
212367
113877
221578
124160
126517
116570
224239
139659
220456
144825
217404
107929
224133
123296
219536
64749
257903
122839
177067
88936
222815
117433
221125
120920
208490
122535
223779
165782
225288
131223
219018
137606
219208
70179
184963
118918
213961
118637
218589
122684
220719
120496
221135
139862
222516
109289
223287
111792
215229
74585
188535
106319
219754
128297
222818
127861
221321
137740
208156
138079
222966
120841
217467
129109
222527
115596
206096
106531
219993
113339
235944
115463
212766
69475
217414
92671
220404
144561
233751
122378
224609
126965
217529
139628
225953
114042
205161
112452
189581
112943
221596
133893
218177
141322
224419
124330
215297
130336
190531
126817
222685
123208
188918
127676
218850
137941
218687
127404
125668
108697
158633
128206
220425
123825
150180
122305
219855
144414
219378
177980
222526
160461
223320
142643
219308
123750
221379
146463
254138
107928
133221
144086
224691
118455
179746
99175
220621
123353
228556
122813
167431
85509
218980
113172
236483
98023
223891
113930
180253
143928
188566
144062
208570
130299
217329
122973
209992
123878
222879
127266
223491
102476
211465
112250
223911
126007
223867
114195
188448
131241
209533
106994
225541
113250
189090
106322
226713
121897
222057
130162
219659
141073
194427
129961
213030
139100
216749
109496
213869
151474
222283
142474
222117
135099
224571
146159
182977
146325
209635
120699
207261
138932
223335
123879
185292
142489
222783
139750
225124
100764
209937
145603
221882
139069
186279
134559
131953
141956
219181
140380
209626
120946
215921
147858
209661
119792
193697
147217
134516
164007
217841
124444
218409
109303
223813
109860
219591
105015
188719
146242
225458
124413
224290
141333
221615
121739
177350
146064
224563
106926
208208
67770
202742
143952
219832
172636
220013
142899
219976
122056
217077
112756
221312
121514
220236
144591
242878
120391
221023
139717
201208
112137
173109
135059
218286
87351
214356
86150
197396
121524
217452
117297
224099
118633
179100
124166
226176
144093
222722
123591
188187
142933
190577
103315
218733
114525
219336
142479
219458
131028
224227
141625
221361
120476
227129
110321
221779
108995
220057
93473
219088
120097
216297
127220
219475
125655
220515
123639
216200
88761
220861
88391
218860
117628
224473
115771
223089
124170
235888
113151
222019
127505
218576
124506
222553
141564
227828
147063
241899
127601
219154
126750
219578
146052
191625
119199
214505
146432
219976
107186
222436
141513
219947
132777
219519
138919
221839
115231
222706
139800
213982
121006
180452
97871
223499
121046
221574
141703
130441
68253
185382
124487
263719
145509
220223
101247
195816
141788
189566
138663
207983
122345
221953
116609
219090
120933
207975
120370
219606
126551
219994
108735
224563
139931
133419
140051
208975
146242
218289
182616
207889
120198
217639
126089
218722
139711
177676
144167
194311
121165
186007
221854
221002
145388
223308
134246
182477
104019
223037
146138
225721
128378
223270
147932
222507
114071
188202
106084
150596
111636
220318
123890
218802
113167
222631
126152
221085
120379
206082
128384
223262
124669
221255
124379
221198
138736
219032
110000
220363
104876
239910
133075
163002
85662
204529
145655
155104
120668
223225
178163
224201
112653
216693
113303
221524
121244
223038
114065
213638
117229
221404
122797
219165
110472
222443
116212
221111
111235
220046
121851
220990
109964
189673
137776
221634
114836
220055
123156
221259
117373
224236
111356
218525
123357
260302
122358
221879
120020
218609
123295
206818
140323
200603
118061
187236
136173
217023
121485
219624
145176
177666
111170
189075
122264
218484
123384
251059
127129
228143
136919
221078
118148
176137
91410
219098
125804
223209
144734
221178
141161
220291
140740
224106
119842
218075
146109
221691
145867
220391
141805
218575
113196
220421
123069
221321
110313
223016
118781
219942
155900
219152
125342
220187
119546
245161
141038
224399
113884
221618
145611
219313
137655
225413
188215
224405
72886
132419
142823
221441
136360
219473
145145
125976
111252
222591
100783
219467
110579
219685
145325
218634
123303
219725
146542
208391
88873
220807
110499
186931
144892
221368
139776
219754
120113
220353
146327
223075
140958
222374
141522
220599
119461
219281
143011
219138
148677
221075
156817
217382
147587
221375
114264
188470
141307
218614
130363
177344
64755
225941
114089
221754
123391
226257
125365
224189
116670
222794
119995
219792
126174
221707
138259
220390
141664
230088
119361
250661
140914
219811
100657
219548
119513
220577
112041
221196
141575
220895
143359
223095
107195
218657
131334
200698
148762
221353
125698
223039
120117
201295
87825
220051
120151
219955
121182
217065
136940
221592
139355
218712
111004
221624
125508
222315
120258
222528
127964
222364
114998
218260
120527
218199
91672
218799
144380
253374
144809
217962
99985
223473
142786
221538
115790
194455
95407
219915
137242
198075
143496
183188
143360
219975
144063
267576
124521
147794
78202
221812
111345
221813
117475
218775
145062
221328
114443
254526
145347
224286
121068
209234
146506
219182
111245
223937
105847
220188
119084
130627
74551
220569
110007
220215
143990
219542
140818
189228
148536
221363
124363
207705
74239
219719
117548
225004
147518
209327
142809
226746
142089
234867
166018
220111
144340
221305
119358
221235
109025
216935
118502
219507
144086
149908
121176
223450
143775
211184
69518
221325
108010
179742
128284
225041
149039
223663
127004
220000
145978
222903
136359
247976
138779
219729
119271
221900
142309
177433
146384
217740
124741
216168
154143
215833
111641
223916
142463
208796
85825
180395
125906
221263
165153
221531
102715
257381
118974
222420
128452
221095
122855
223039
109849
132801
70327
220563
123545
229215
119546
223174
145304
220844
142306
222142
107924
392932
113183
191498
91434
221279
105916
131690
147726
217807
113591
219576
140410
204814
140980
222145
124750
219938
119784
207846
112553
223842
93154
221028
141495
223290
124500
222178
126976
223423
144854
224477
138126
218682
127543
218717
124202
220398
113599
188430
121366
148948
145556
218644
139857
226797
115831
218717
153053
225595
103435
219118
127240
223614
106250
219060
118201
218862
111704
221127
111919
223034
138583
219808
128094
221928
120120
221101
147373
219745
128826
223834
113049
220876
122303
219496
123293
220275
60975
155667
135557
188052
105918
175973
121171
219059
108718
221698
133986
222663
81079
210142
118262
218803
153365
226642
178573
217795
112115
221396
109178
227547
109020
229632
120613
222588
112666
174915
118335
206731
140290
222831
125701
182780
95387
218480
122940
221108
121687
145079
76505
223244
104470
222125
149625
128099
65680
220636
143323
219900
111463
219163
140573
220981
114718
220140
147173
223112
129976
220832
110503
219123
142191
175100
104788
218991
114859
225061
141268
223628
106852
183288
129838
222433
114934
220388
114275
221872
115541
223052
122478
129853
65108
199200
117719
219777
142771
223295
142463
225502
113521
221234
130008
229838
125462
225076
116052
211947
147268
225039
109750
222559
140394
218727
120384
220474
140597
220747
118870
223548
118554
221453
117467
222861
143168
178602
98996
221381
110716
214609
141343
226023
148767
219349
123609
225069
139873
126164
111551
221977
126766
216211
141098
191374
129164
223185
140968
237231
144943
223446
141873
225876
120100
221089
139284
227677
145354
224197
146609
218689
113005
219347
120485
223330
144969
185807
94573
219177
121694
220775
119081
221912
144193
224127
120773
217003
126425
215203
125356
224941
121126
220998
122893
219260
113067
220390
115560
222261
141743
230141
162590
216310
114943
221527
120301
174873
146263
223593
142917
188869
95753
211678
122135
224418
107837
218771
147283
219681
117103
225485
125371
218551
132629
221408
107686
220235
120427
169388
136159
223750
111286
218289
126904
253783
131241
224621
145642
184105
144887
220813
110151
177880
91961
332588
138453
220930
119051
222905
144793
196255
147325
225208
108474
218229
128627
208800
143706
227173
122297
224574
119990
223125
140622
222366
111626
222629
142130
190923
116642
224942
124470
224759
145176
220880
142139
226925
123762
223773
105363
220875
108590
218808
145509
175616
90180
218268
112715
249667
115377
221944
139673
221682
143896
227009
128178
215429
121882
178916
142929
223262
70679
226087
124215
215916
143241
220689
142067
226638
193856
225856
142586
189610
148715
230146
149091
222199
125439
186690
103668
223656
140610
225878
116571
221369
123334
208475
123697
223637
163236
223232
146939
227086
113538
187677
141347
222709
146090
207859
147135
224340
126549
191533
145883
221306
166563
230089
115983
222104
141294
