365334
251148
352692
240382
261941
254172
377654
250657
297859
227112
240773
243990
249186
261120
251953
235177
283336
282669
334526
226678
360881
240738
417103
138284
221659
232566
359543
247410
374730
228464
327050
248485
352330
223653
319937
142021
355173
204715
224323
133824
351624
203958
308882
243444
349755
201056
241444
139230
350660
223949
255135
241174
348927
258949
353574
208003
240274
137168
318873
233047
308863
164423
354438
217437
351389
228407
353481
241196
378972
236601
338596
94562
234070
250119
317985
239575
252801
240305
251762
220893
356739
231892
272431
307611
348392
208368
292710
240481
357634
193661
375730
234931
388529
249052
253851
247237
327906
142477
364003
181028
319328
115871
318955
152264
208448
246589
356334
204962
367820
229860
294346
89431
355731
116833
287992
243313
368292
247156
350484
264976
297395
240394
350208
222483
333658
242440
232311
240664
385115
130028
380481
191710
353488
235753
353851
246471
347733
243018
347189
245193
349359
235567
366412
240935
352299
238689
372280
244712
382436
227136
352196
153209
308865
233291
352984
180200
357560
242202
353805
134448
354324
239520
353901
211357
350790
232302
352020
240241
363365
224720
239329
246036
300870
247464
261796
152513
294252
237616
320844
242893
352618
187746
356818
264743
245462
245640
302732
244777
344984
237483
305450
206368
331999
246043
352214
201782
265647
231169
353840
243010
358395
239958
355139
241665
366433
246795
347686
204681
241858
247232
349697
201933
350934
246642
734220
241955
352367
263204
297750
193753
246776
243549
353209
259931
205896
247050
383559
233422
377146
244371
347868
236540
362658
201734
369519
239186
243763
250050
356747
225524
352059
243164
305715
276802
363150
245714
354239
246914
352992
211232
361755
241649
311669
230389
353228
239985
211888
240442
348512
269629
351462
242080
325154
249374
355841
166311
361592
238670
362862
246522
239727
243558
356576
201106
330640
240188
241786
248376
345600
244760
369872
234571
357467
236616
366035
244913
202842
231815
360774
242449
356819
155246
372565
248632
342743
184653
377582
248061
351955
197328
348680
241583
353825
308785
351769
243131
358966
169007
360425
233040
354543
135285
294709
241150
357606
204525
271073
281636
383598
207402
350315
265207
263897
241946
157763
247163
351644
91804
308468
242799
164143
236056
273799
240304
353105
216547
316893
244476
354025
237516
337427
200235
355486
220385
356582
245776
301865
242001
354578
237207
179513
238718
349457
243435
322669
238100
295975
230267
348884
210015
202589
236516
357287
242304
260823
265055
364327
232409
241407
244909
264497
242397
350655
241906
364851
229360
358075
231091
347548
239550
364205
240338
349435
248210
305146
236201
356266
212143
407574
241736
351365
242659
346365
240640
354800
237090
285552
234236
350794
235469
271900
266778
352261
191277
355664
238090
370598
242725
354259
244545
372587
239243
354549
234996
224126
249176
355680
236991
356321
273894
353503
244500
348468
236826
253897
235007
351641
240136
332261
243371
361723
124682
323173
243848
302542
234731
378239
274823
358551
241673
359533
209296
323402
137355
354779
231099
358050
225352
208485
105516
365925
234581
385164
204041
354075
239712
257649
244980
357645
240933
240186
229245
380316
245547
359700
184708
354543
248394
389542
243880
323625
174452
242340
139177
353237
241291
272561
249494
359202
239379
352212
248299
352175
233235
365817
246300
365686
246169
353644
243913
297159
237294
336883
101800
354104
208784
371650
242225
345936
239869
387010
250759
352369
236747
353274
103178
295694
242128
389522
226801
230096
241321
338253
265099
351835
228156
299099
85773
354726
168255
201404
154445
350732
240668
353259
237820
350780
240826
356701
223754
347358
235884
281127
238057
343831
206212
343422
249223
318725
244237
362528
236904
212406
244687
240645
230756
358301
221174
162368
236750
273933
240760
356321
247214
353722
276781
349360
246043
233610
250189
288383
244795
353400
200070
352065
199803
354722
251787
278021
237057
353793
249761
362522
246777
352012
208407
179718
240653
366851
243894
374939
229242
351344
210418
350592
248502
297535
249799
348345
242019
370296
156056
206030
223923
371679
241048
350871
237067
352222
176840
353318
228737
355662
246315
252524
233463
355151
242279
364288
203229
287848
241827
297558
225481
356130
233475
356275
239361
271813
228923
369977
240674
326437
227912
280206
95046
357502
243913
282600
237032
303004
242873
286413
156474
371503
241584
354107
239469
318770
236703
365790
235841
353453
208304
354878
238572
269822
253992
361157
236378
351702
235764
349092
231787
322652
219064
352527
242514
349962
239304
242340
237289
302250
241679
353785
240323
348645
240203
353059
268929
299648
243652
366909
226649
284354
245847
353608
246974
410162
240925
359779
207878
352544
265236
350479
230090
354313
244141
354650
235589
353419
265039
298710
247434
352235
241645
357344
235241
365853
239938
357390
240693
284721
273388
357324
242022
358899
234100
352713
245623
346767
278997
355105
240465
302820
205791
349947
255230
351911
239731
358198
239542
355072
205344
357116
238550
399321
243078
354926
244290
365433
201569
287035
278452
351897
220721
363022
230401
349072
240118
350465
249085
376848
200454
260692
138725
352672
235749
241657
245318
228572
250867
356501
216020
287311
246274
352599
236002
370487
135710
352479
221536
356904
238786
356624
203098
349925
204219
291859
235324
306903
231988
355429
238056
286858
239696
363464
177365
359787
246131
354383
179488
352711
238040
365624
227127
361567
167000
356131
243786
245874
235027
350577
230807
349674
244525
349562
246044
355700
242982
357249
237768
354378
153959
355054
244589
353464
241370
285012
242523
258964
252598
356157
274823
368438
265823
375502
174066
349805
245888
162806
275897
352786
238797
358591
220674
352027
206360
351639
234164
352164
228851
381440
232579
354028
230547
351663
244730
350649
243290
356594
243794
347359
285065
359380
239297
356457
231860
353472
239229
355907
201129
348101
224811
385582
235952
339258
237461
303484
234526
351477
236726
356138
245291
354553
207793
365060
247926
354686
239798
300145
160560
354229
224786
286692
241082
308968
261001
351886
238772
353363
241460
351334
259110
233026
245435
352360
249290
356220
241574
367581
239670
355791
240218
353993
242931
358107
236893
444711
243607
372548
240211
311039
240462
328069
249241
356815
238935
384744
208016
350220
244938
355255
236035
349201
261601
352496
236367
355175
147777
269703
243332
351092
237219
367717
242866
273292
264449
353662
269075
368277
235606
354862
280583
275166
243875
351560
249139
355854
231183
242031
245555
369104
244260
291371
243263
370084
246662
318926
247447
348449
220142
371625
232367
353095
140148
410176
240051
349863
246890
305105
240089
372116
243901
353306
175312
349723
248406
300507
191656
356288
240233
353048
128603
369654
241732
160649
232153
380677
246035
177944
229050
303376
242399
356240
243643
353111
154788
355025
244786
313066
244582
368792
243794
345152
229182
317493
241098
264118
152860
210793
121422
349842
242161
258426
249357
261337
246598
344512
224868
276683
242527
355677
222894
243883
225766
355745
248511
357069
235237
356040
279061
354462
215373
245280
243307
180813
227741
356660
202890
357847
251388
356036
238920
348667
238210
357279
243711
354029
200048
391439
240044
355590
241502
352334
207484
345858
233328
221393
228348
285677
165005
357087
232858
354568
239295
361701
246861
357935
244590
355334
207434
371816
201073
335294
245767
357859
245792
359999
205124
382242
248959
242665
247114
318907
247121
177278
244164
379352
234216
357029
239193
353204
234240
408168
229523
259211
241700
282546
243755
356939
186343
297869
236366
369315
239275
356323
236427
352905
202151
360045
235822
352764
238717
270770
241462
384040
244383
305000
255640
357069
266669
381852
245486
390732
241581
266530
236010
357468
244372
212619
237798
299999
229528
357343
242395
373290
236584
367987
237366
333034
240433
358554
243590
353915
206229
363019
236269
386967
232274
265430
246756
311834
235902
317348
225405
354742
232732
353655
204018
350623
233293
358992
166593
378393
251455
303001
243492
284862
151466
349362
244709
357800
237522
359254
244420
353200
235208
376634
230336
356568
239784
397514
153962
300447
169930
164399
245483
354598
203388
367294
197271
254283
240952
333952
236010
260338
246959
351245
238611
354972
232678
374112
201374
356098
243844
340400
242475
298379
243753
313242
248479
289267
228854
163197
236706
156427
244997
349036
236563
336056
245438
292339
174423
307127
236689
356315
266350
356933
244359
353171
132940
293344
235693
353270
131969
261321
245662
354609
274778
369902
234316
348473
250383
357968
174013
355178
238931
231411
235107
303227
169039
355226
247934
356424
229800
347579
266883
351607
229570
356499
240216
357487
243951
355877
234311
352012
243116
352948
229943
371968
237099
351780
241155
357693
245643
264409
243493
355210
245767
353494
246319
353082
231927
353371
244690
333222
237274
389391
235867
358815
169545
353817
242325
164242
242298
369917
236853
354323
93693
368393
260844
354544
246112
367907
245263
210739
237468
357684
280284
178697
230388
352894
204320
365219
238277
370800
233727
357170
244728
358057
94945
361313
206452
357258
233422
357210
241511
359419
243187
355436
244403
351396
241783
363383
205317
356930
229319
305955
234104
244422
269816
298381
237870
359802
266010
336959
274157
319868
239842
352739
154086
359756
200620
356410
235240
397834
206368
356334
138415
360421
238710
353552
171169
210323
268909
362238
293228
273644
236794
358162
243813
355733
233185
351713
227772
258276
216244
351719
245275
357014
245434
314996
245125
209203
247642
355454
235698
229113
236108
358878
236834
282609
242943
352969
232283
337514
202850
344452
227538
165526
246734
341613
236357
438646
239579
291650
244146
242043
268527
354359
243141
359988
226505
354734
244765
336982
246951
400828
250036
286055
237553
355674
143049
292057
232047
379800
207074
360486
239307
335650
238165
349313
237942
349827
244492
364745
259390
357911
240297
341891
229013
356485
261848
292927
168457
367566
240817
302575
271093
360362
238625
286520
161655
355641
233259
342475
241817
332157
240059
299370
244741
208637
247423
360405
230616
352370
237639
359240
203365
352707
236222
314394
243552
354015
237644
358380
207884
379172
246800
351894
241182
353664
237686
284200
245018
332945
141818
358343
242773
378286
209052
352447
265028
368416
244766
352819
250156
335001
247572
356127
234388
210815
238219
360827
181487
337565
243805
356198
246091
354268
240500
326064
223716
300478
237925
356619
245833
303631
238101
244377
277287
350856
233539
203698
242739
389475
235228
318046
256737
324866
238092
372134
241519
357899
238370
356039
237608
356520
210574
352423
241533
355766
191674
272194
234149
355886
231625
354380
255617
287988
236659
209500
245739
354964
202834
355455
241505
353173
225982
287096
265369
357833
241148
362258
241103
381797
237426
261499
250330
379660
218009
369241
244506
358487
204847
246202
244917
363484
160307
353616
175887
353837
225952
299920
242331
353998
238430
366681
247263
276334
245770
352917
266675
388997
264263
358969
230774
357326
226601
367139
182834
353061
242011
305225
241859
358730
248974
239602
246887
363567
201055
386056
234146
342166
238875
180436
251924
264735
231536
262510
236085
292171
117791
352600
241261
362118
234578
369949
244025
370410
236033
385995
236611
275819
182255
375153
247174
352864
244691
393857
141709
352810
202166
353472
242786
351212
236572
298539
242277
277376
249954
381896
240505
208522
273476
351329
121591
364835
111713
368075
246453
313128
244349
363809
165463
383794
237902
354230
235213
353357
238834
357165
212985
243719
235447
300551
250482
355743
240285
275467
237867
274762
239417
362315
222338
355716
204850
357914
247334
380366
254498
353835
251001
335673
239074
204638
241337
356058
236604
351680
241691
254933
249074
359809
249651
359426
233819
355757
244134
359589
242548
366339
250781
301838
235204
368291
233517
377286
226402
371335
236770
353044
117706
270875
243615
353409
247193
354884
210318
314820
221550
355699
280989
386163
304900
260982
252715
355780
243227
347205
243838
278526
234406
351595
235107
382750
247264
303033
230919
355429
248062
352092
251035
356869
241856
367987
170451
368852
279000
359097
215210
372506
242350
377294
230993
368029
233908
356492
204809
355099
240282
288196
236769
371651
228926
325663
238250
313515
238491
353744
241867
313085
151038
196319
201336
333673
191415
376522
242450
306528
248603
268051
242472
293099
237014
369543
243288
200953
244739
355616
245340
355542
237852
354755
241075
376854
243820
352759
234577
356962
240931
351959
254054
353299
243729
350446
215004
370395
232076
351907
236512
352947
288163
358575
244248
353627
201612
275912
237793
335350
246607
281377
237703
300688
240944
349556
234824
363258
249110
354627
246142
365723
246215
353071
209766
352212
242457
356975
239398
351991
229845
357789
238833
334084
253989
355999
206229
275657
224189
355956
240463
348821
259325
336200
220377
335073
240002
367328
242329
273577
240799
349092
248087
364766
225452
303729
240365
286047
242016
267987
279630
338532
199101
290509
163613
271753
244448
371237
205392
350146
224757
350038
253035
358483
205534
342907
224898
207768
237438
374180
243626
364499
242441
350988
240841
255875
127203
355011
240457
354143
122611
338651
145074
264270
243526
375561
270659
276125
217288
397715
243552
378064
239581
355754
245296
366865
230325
355879
240713
353199
274874
360032
240599
353956
242695
260473
238641
337842
248843
304435
278378
273924
274632
356047
201420
353527
209659
303236
230626
355595
209095
330555
250838
298971
244986
352342
238275
354980
273063
373187
246517
354708
244154
373106
207064
372911
220416
260018
262603
352424
237850
376313
243090
371554
236635
354687
242456
353971
268897
353369
244857
383489
270863
353091
182578
336628
241606
348586
232978
273311
244333
285471
258407
356747
196281
353814
241785
352333
234140
362745
240381
372121
232163
298837
243490
353445
206277
264987
243440
357745
235292
353776
239315
334432
245224
343571
244889
357433
247094
356233
236991
299607
245481
357149
196329
357077
186783
338215
228044
355504
244871
292378
235679
379277
240413
334049
276410
351930
208298
307483
246382
357565
244980
337921
236005
204186
261653
349351
199665
352284
247473
323034
243848
348507
220206
356676
246325
356307
235507
362070
265819
359739
247507
357163
243514
300130
235214
353066
210408
352253
234270
336942
235501
358951
239498
353921
280496
327395
227408
354061
264830
287017
238707
361666
199469
346099
236097
353674
240345
359137
230586
302480
243948
367508
232170
288300
245465
357606
243561
358328
246433
355725
243608
311954
239509
357131
200763
286916
241184
325256
234445
341874
227929
306170
237710
356075
242253
284893
240742
357941
161744
359167
240782
352128
236384
347777
243111
351030
239943
362336
224480
302205
245669
353183
244992
241816
226615
360237
237568
353251
227774
355879
237324
382649
242399
357176
266141
322776
204421
389340
168888
352336
240959
329444
241143
355780
182826
354431
269500
424736
243420
298203
184854
386783
237281
357235
140807
355997
226399
357174
241857
397739
254084
295793
244305
371241
262531
281149
238553
358105
215681
366577
235910
354519
244544
284486
236032
289565
238784
355549
221412
369434
242487
369207
223921
300638
246396
282992
254643
368731
128546
357701
243867
351299
213358
356159
250188
291058
233023
350042
236598
365318
203512
354859
247873
356663
246739
208493
242342
359947
210752
284425
243780
354449
222618
355102
272065
352674
236769
272496
240271
296788
271200
353878
244019
242386
244277
203605
238511
355255
200047
334037
242853
345962
314692
377507
200434
333337
246360
355068
243715
356885
232871
359617
229894
364804
247263
289771
228244
355571
243020
312605
237665
374994
237534
317046
253247
354781
239366
353651
248202
354904
235970
356133
244977
303586
241184
355783
225487
346061
229531
300380
170774
351844
186436
348806
245669
349801
236998
426813
243983
283588
246331
355286
245816
339253
246682
355144
241741
335333
257596
393219
176261
260725
257173
393769
235002
351316
243993
355735
243039
356138
232238
277103
246779
356672
195311
368769
226833
369553
268016
349902
241772
352017
233695
221723
243903
301334
249627
352817
235683
300259
240201
354137
238808
354920
233822
352027
196296
369134
237496
363059
241288
376133
183833
303587
243567
355438
203668
359768
243337
365524
247844
372084
221369
335610
175360
492698
275318
292833
241014
287870
243087
354847
240532
370492
201850
270726
235337
345004
244363
353110
243501
351479
224488
359368
245281
352808
236477
345505
168213
215358
241712
351511
235731
210693
246319
354601
234150
350959
203525
376839
226926
307270
213979
345540
121664
354227
235889
280993
239010
351367
199239
351379
243168
298240
244945
352777
235894
359108
232611
355219
202807
260480
242113
211719
120093
357354
206891
350967
203684
317456
240846
310983
233328
366704
283786
381633
236880
365018
234645
349563
242642
355428
224264
348461
233451
345967
232643
213226
240795
357538
232960
354857
282071
366129
140750
358430
242150
368155
247279
357683
244504
367100
228138
355045
247797
365859
243052
354997
190993
369989
246228
352662
204579
366229
239690
320833
247013
300855
251409
354541
236918
355872
246552
297761
231763
372436
142690
355159
242506
331125
240722
357915
275316
299990
234783
295279
224838
287539
246562
358828
229919
357123
244714
294741
157575
353101
239224
357368
244308
348254
238401
372726
233683
301963
247225
352684
228201
362011
182038
339326
223929
301042
169948
346981
241775
311811
244805
352764
238459
351752
203292
225764
236678
353229
203958
352998
242697
445834
246110
213309
242743
353825
254367
367638
235046
323629
245035
352226
241788
301017
243858
389303
224601
356082
245544
371492
246399
374768
193993
358660
245476
354738
207218
210210
237146
350240
247016
352892
250447
355595
244667
355955
224674
335185
238098
358324
203873
346388
246179
357011
244120
372964
242285
352058
231098
287946
273038
352443
222313
358073
234888
354347
207710
334317
235374
373640
246960
356045
230241
360236
233764
354661
203164
354614
202560
358861
233058
352735
244478
352763
240754
357715
200644
303092
237869
352815
213470
371737
245137
358598
242664
356879
232761
356637
233079
356666
209180
247110
240734
314348
237079
354731
230459
336016
236032
351452
247138
348926
231567
378646
246843
299265
201172
352705
208110
376655
207536
359673
125710
227559
241188
344152
241235
362276
204056
239208
237018
287950
237826
361597
240099
361391
198320
366079
247535
355737
99818
287248
164202
354025
243399
308305
248366
304102
242882
359049
244806
318552
251487
279054
241932
353423
231565
356275
243889
388554
239980
372658
147892
351714
231933
363715
230851
368513
237442
356332
237283
355305
244937
352280
241434
356445
153426
328066
269624
273601
244936
357385
198287
343003
243812
313032
281796
356030
213104
351517
238663
358349
244324
361902
265214
255477
248126
304281
245079
354591
301929
213730
244238
384377
249618
358595
133695
301032
247640
356402
262025
368895
242787
360152
242032
373300
265271
356288
270522
352900
246892
351495
209547
352542
246405
357747
239520
354406
271062
355685
222905
340093
194289
188557
329230
355967
96439
377821
178802
317761
164596
346330
238030
355677
245772
283621
235718
373665
242221
348594
239182
351377
202993
355142
141057
368146
243176
370854
220834
355537
243841
197214
237628
358817
242418
348968
234321
350630
172848
356601
213700
361044
239140
394462
233719
354484
237709
305507
256663
347806
234569
352295
237631
333510
226215
356098
258952
369431
162498
359531
248054
354685
241565
351313
226342
349969
232893
372151
181187
158961
246997
349617
235950
363825
240048
357441
239851
353393
202448
357523
234782
351338
120517
295091
243058
351876
239886
191965
243082
351883
245680
353516
238361
392230
244400
353318
233223
369505
237279
348749
232266
345531
233101
300988
243729
312517
234475
379367
250962
381899
241977
342782
231789
290129
237526
203117
242578
337080
241869
277622
237198
353584
242616
364663
258532
315893
243373
358089
233492
354957
244998
229151
240750
362526
231587
356194
239900
301211
244057
398745
245210
179771
239043
416293
371212
354053
239461
384913
206014
240245
241428
353405
177938
381267
263899
351135
273105
379331
207977
366383
242877
368131
246858
372770
245894
359458
244420
315081
238226
365553
247639
353015
243274
314457
235534
295485
236804
353324
244334
374563
229945
352147
231454
352597
236719
359608
234498
353718
142006
352562
202584
243668
243277
358480
280255
372478
246987
355407
245572
373465
249327
369958
245217
381040
244803
306643
242755
230698
218879
347989
241922
354052
230902
328608
238471
374841
247348
400921
240626
363788
239265
361263
155257
181674
240235
355501
237369
244121
142528
350340
201605
354663
146588
355056
228033
361572
169532
357343
152679
360908
241600
348662
193994
344981
227695
257193
239041
401295
192100
353535
213881
375956
244581
316758
246176
349934
234949
360490
244907
318070
184842
353391
203834
353243
241237
299310
259858
366193
242176
290167
169630
385184
235595
353337
236339
363344
240764
340183
237881
362325
242035
349840
236466
351481
253668
352626
229759
348762
208233
324544
230317
354152
226531
371547
270749
351766
241726
349407
259826
349280
234816
350547
241800
352336
237270
345705
239813
353047
204657
353314
240269
387143
122057
321735
233549
351224
268349
351339
177832
181546
232468
356658
202765
299849
235794
368694
166756
356236
241029
363043
240855
368624
235298
348257
237766
355913
246180
368422
241998
352591
243920
381772
224466
390321
245162
376639
238109
350588
238171
354790
192843
321034
246558
298112
233867
354368
240308
351013
219907
349269
238063
361270
226722
348751
243604
351563
261074
194250
230540
349438
242783
352872
208166
348517
184887
347155
232681
209245
237082
338294
221533
355282
209872
351570
169713
352321
237658
356666
246271
242361
239821
360356
243653
356487
247018
353022
234125
353554
201490
351995
238714
298063
241176
347633
255703
352773
267688
365552
243390
353918
122177
351026
237694
302338
243584
354815
252008
330650
235959
361983
231616
352917
231859
298132
228143
357303
226183
353575
240598
359726
205512
310238
236722
294355
239163
351260
169007
354938
243507
365131
263188
377235
229737
319307
199586
361551
165211
368564
231001
351014
244055
321268
246908
352754
210526
350321
244359
355664
209824
384134
257705
302768
239378
351121
238741
367493
242585
353631
237022
369064
228906
352702
258410
388986
240997
352317
231808
351458
231830
366968
240783
357313
184540
350931
241469
353051
233721
366769
279391
410164
188401
328690
240718
353165
244218
326049
248420
313878
220708
208035
242817
343127
223060
353018
230429
204691
245779
352213
210288
351625
242626
350069
241433
368293
243157
347317
242575
366359
191372
229077
242385
350380
234431
360144
184887
279635
225202
351040
199904
349758
235330
357584
243831
348908
251672
355162
240299
349770
243875
348941
270238
261077
241423
312967
237860
364278
264668
348340
251515
352035
189755
355184
239810
228808
243407
355048
229282
346803
245231
353198
225578
297997
238857
369766
237473
368329
222874
352333
162803
303596
241780
349223
227742
350489
237650
367616
246883
354218
258857
369573
231445
340654
241924
348208
267777
372408
241453
355915
249532
364394
247827
334822
241989
355561
245660
362469
245656
353282
242735
355865
245886
352980
242014
351564
204273
350568
232086
303357
240459
331519
174744
211576
228414
356773
249705
338307
245707
311903
236743
352031
189923
365481
243253
370907
226924
210243
133180
363166
239157
357873
234837
347749
220866
355934
241654
395215
155593
388050
184773
352618
240315
297687
239428
364002
234352
372212
236274
180885
236388
358208
234137
301001
244683
329603
280200
344887
233820
351269
233593
346011
234866
370357
160766
356517
202867
357040
243070
351645
233804
301437
244610
299873
257610
261659
244411
348082
236923
351714
132868
351023
473861
322543
242636
354520
230242
355354
241601
345823
244812
347709
241291
355564
258091
351868
246989
300342
170351
350427
287209
295898
244180
370226
241787
362848
234616
353693
239148
354134
207184
282266
249338
347402
237644
352873
242117
354710
242364
352858
246718
368954
240466
324516
227474
258619
228592
381704
246530
350083
229534
274147
238724
355501
245580
349951
241025
312412
228822
351687
234540
177334
247067
348085
238406
340937
250389
354490
222151
361423
258127
349870
248438
362970
236427
347598
261673
348770
227344
350139
241359
387053
242647
357067
230468
357077
232083
345571
235149
352611
233278
349038
228893
351218
235629
379596
245420
353963
242231
299692
239141
357692
234906
352659
220726
357314
228625
347563
267930
366445
246290
352605
247978
354108
270260
359165
243294
355253
238544
369802
264262
300592
243926
352989
177328
353975
244193
378157
246727
358901
209339
353191
196754
355006
232524
383555
241604
351967
235740
298525
227655
363978
172357
357672
244823
408767
242390
358446
223289
346278
263079
377198
124269
301995
241039
366180
243084
354101
226885
301023
221843
300183
241754
353899
245036
354682
231286
351559
240016
381643
179452
357758
241497
240283
247043
352798
239464
361601
237425
345915
265374
304500
243594
325609
274544
377707
202739
366717
238433
360072
244941
275377
243693
332528
237330
381495
237225
358065
172794
353767
208684
352607
226762
365385
165539
351020
231343
344288
243368
286341
244557
351167
234180
292797
234900
362419
225406
354286
229308
238175
273347
374657
238546
299332
236036
354380
244781
318521
231026
348631
253591
351668
232271
350838
242664
367450
243549
359031
221239
193403
240285
356936
131744
352274
272247
356912
87887
315560
237139
387473
238643
205989
277264
387153
238943
366392
234751
324484
260480
348799
240213
354881
242836
365820
241473
350542
235876
355110
260590
350964
255721
161173
271087
351970
244026
364349
210989
360601
239486
352506
247817
164293
245563
333796
256671
355905
231548
353144
255505
357464
247038
354020
266462
365183
242900
352194
234287
372087
214549
359921
244336
300919
271148
356481
246924
355223
233130
385627
229116
360261
202144
351663
238087
351787
240287
350274
244016
350891
240693
372248
248830
292957
244561
371058
248070
311903
233165
354413
147007
304589
237156
370117
243381
330004
242909
354208
242097
380748
227924
345385
231408
368892
242328
302544
254264
352748
273715
282905
250398
331762
236858
302679
241870
351884
240455
357661
233176
355167
238058
298576
189207
376321
240227
353326
235245
352912
234443
199659
287408
301876
201175
347950
268040
302217
249239
367143
248894
348527
273192
377220
243958
355187
140816
352339
247976
358947
168111
333751
248158
373396
240738
351514
249970
351864
154810
355078
238059
382359
204283
399692
247928
353872
96373
356982
246615
391908
239588
352972
236036
311686
242525
352522
245965
293674
229715
353053
236288
332383
253206
357468
239499
353801
239842
364931
241774
365814
239785
311275
235755
271058
237517
351581
244136
370648
225858
392408
233331
359951
242717
349894
238832
373996
214900
370224
205281
327475
245251
371397
226675
389706
246595
348838
244816
385084
250983
361329
238198
245017
248115
353245
207200
285786
242893
366526
246118
371646
243427
380834
228447
368008
238820
299619
245223
355577
242208
370693
245319
353424
234854
352749
243272
353600
172581
355418
262581
322372
241985
314987
236002
367914
229353
218660
245382
326062
228596
314809
270282
353584
242168
381232
233824
356757
209411
353486
238004
375237
242396
356633
234924
379911
235320
355285
168969
354104
266097
353157
238212
349437
279873
240336
242599
349492
242147
354717
204224
372983
208835
359028
243836
354955
242698
351679
239707
352081
205182
362937
240221
357632
196066
292238
244247
239868
208462
373658
181736
360417
247834
348737
159020
355935
242000
262469
248278
249203
246663
369475
210786
369339
233898
312363
244818
351198
246951
278745
290174
360968
243204
329260
239253
387980
272826
365931
251226
314660
240324
360312
242411
396298
241091
306922
238650
380686
272009
