3425
975
3395
899
2752
691
2883
898
2082
904
3699
536
2751
932
3303
529
3203
442
3355
912
3528
950
3107
909
2073
514
3480
922
3438
749
3570
937
3541
904
3580
945
3926
917
3450
932
3408
900
3668
916
3486
945
3340
945
3475
919
3302
938
3413
949
3636
899
3927
940
3327
940
3097
656
3679
912
3453
814
3619
920
3433
942
3633
943
2017
970
3670
899
3378
964
3455
830
3388
939
3043
917
3525
779
3026
932
3468
918
3982
942
1893
496
3781
910
1937
504
3398
949
3391
920
3418
890
3615
945
1952
521
3543
773
3407
942
3683
917
3518
963
3640
925
3543
925
3630
935
3049
972
2774
641
3671
932
3643
757
3415
1000
3491
755
3436
890
3435
947
3857
901
3651
942
3576
940
3370
888
3510
937
3471
957
3580
746
3372
880
3604
765
3551
922
3799
937
3226
785
3388
890
3540
950
3668
832
3440
924
3600
917
3443
511
3600
915
3553
930
3504
773
3428
915
2778
914
3643
922
3523
944
2254
940
3616
737
3405
902
3547
871
3438
910
3552
875
3538
950
3723
914
3581
962
3706
907
3621
909
3373
935
3605
942
2169
982
3503
932
3563
902
3418
965
3333
914
3420
922
3556
965
1898
519
3596
952
1874
932
2688
927
3671
902
3371
914
3393
736
3696
747
3568
955
3616
927
3458
932
3373
902
3498
943
3501
965
3714
957
3652
930
3545
538
3511
930
3534
934
3523
908
3430
752
2797
898
3498
942
2800
887
3640
963
3488
842
3498
773
3396
820
2015
540
3430
802
3490
922
3396
874
3678
918
3498
929
3399
776
3394
910
3671
922
3528
922
3500
787
3545
912
3586
589
3468
952
3508
745
3431
943
3558
934
3076
778
3612
499
3461
495
3483
909
3350
927
3706
942
3892
896
1960
907
3608
917
3632
922
3468
922
3531
787
3463
932
3830
910
2933
605
3601
924
3438
915
3576
938
3819
919
3640
947
3609
927
2121
506
1956
930
3102
897
3370
927
2573
616
3415
926
3538
929
3500
907
3496
912
2476
630
3688
896
3573
935
3292
912
3516
919
2973
551
3661
691
3568
800
3797
922
3642
930
3528
756
3588
494
3753
839
3526
935
3516
779
3774
942
3774
894
3709
924
3545
938
3357
896
3480
922
2740
939
2222
515
3393
943
3563
577
3478
937
3758
923
3771
892
3661
929
3591
956
3528
920
3338
787
3588
915
3516
929
3701
929
2581
652
3476
929
3378
761
3398
907
2711
727
3515
9244
3525
945
3460
792
3445
942
3353
927
3604
920
3493
942
3491
912
3555
773
3043
770
2915
779
3834
932
3400
912
3554
865
3616
832
3531
922
3721
955
3626
920
3372
894
3375
859
3358
9245
3566
896
3321
942
13009
915
3361
877
3413
929
3546
930
3530
929
3548
962
3712
920
3603
902
3561
895
2622
663
2356
619
3548
776
3495
945
3491
960
3397
924
3783
915
3749
957
3593
917
3438
822
3783
935
3536
937
3533
910
3501
932
3370
897
3511
970
2954
707
2663
944
3463
892
3480
966
3668
912
3523
942
3641
939
3891
912
2882
750
3516
960
3746
924
3474
698
2300
478
3455
922
3663
739
3618
922
3779
887
2146
945
2169
500
2287
508
3526
904
3759
947
3756
927
3911
927
3115
967
3563
722
3513
907
3538
939
3510
907
3480
925
3407
915
3559
930
3500
752
3609
782
2910
924
3017
937
3621
942
2533
599
3701
955
3526
952
3671
798
3493
900
3538
904
3654
902
3513
972
22248
874
2867
910
3541
886
3650
903
3460
728
3596
945
3611
922
3889
517
3551
920
3542
902
3703
932
3613
940
3405
947
2077
552
3544
929
3671
930
3653
930
3407
794
3646
900
3504
897
3606
819
3694
914
3541
955
3498
937
3478
895
3041
772
2864
674
3713
877
3613
907
3638
795
3603
985
3734
942
3701
932
3671
852
3460
948
3508
937
3506
927
3876
868
3570
949
3556
927
3598
934
3656
787
3643
927
3576
905
3661
934
3388
935
3565
922
3699
930
3803
720
3515
947
3373
832
3096
727
3524
920
2828
749
3586
910
3603
947
3480
918
3673
819
3558
940
3620
928
3584
922
2816
728
3596
920
3443
945
2546
7883
3345
962
3658
960
2149
925
3611
954
3802
770
3360
855
3525
942
2174
521
2151
919
3504
932
3463
920
3646
939
3676
939
3450
947
3407
900
3603
885
3541
917
3461
909
3623
892
2158
932
3440
471
3783
934
3466
887
3299
802
3756
942
3505
954
3460
767
3555
649
3636
932
3581
892
3580
809
3774
846
3515
927
3596
889
3626
925
3817
944
2909
772
3465
909
2876
606
3726
594
3370
937
3603
937
3523
541
2738
730
3408
933
3741
962
3635
919
3593
914
3586
967
3498
397
3553
892
3505
905
3513
822
3518
904
3734
950
3608
857
1684
909
2803
949
3803
918
3939
757
3422
856
3601
910
3465
929
3371
935
3649
904
3671
916
2559
606
3571
915
3711
957
3241
9354
3598
920
3601
897
3729
913
3796
924
3867
694
12724
880
3635
820
3668
912
2670
672
3598
892
2087
812
3502
925
3603
890
3596
935
3071
818
3506
945
3646
924
3798
940
3423
752
3727
942
3711
920
3746
913
3355
935
3892
925
3588
918
3585
915
3680
907
3415
947
3650
915
3919
797
3982
962
3395
876
3676
932
3847
757
3781
815
3676
834
3939
947
3125
912
3630
834
3693
609
3711
914
3466
914
3738
925
3535
917
2147
932
3927
773
3743
938
3566
940
3641
907
2777
730
3536
937
2928
738
3994
9898
3452
772
3475
925
4072
789
3495
934
3764
932
3909
897
3673
930
3751
947
3754
940
3338
718
4021
925
3666
923
3485
935
3814
910
3613
959
1984
629
3535
722
3749
9841
3752
919
3518
962
3546
935
3475
779
3594
975
3480
906
3488
934
3518
819
3615
925
3663
852
3548
895
3646
912
3616
912
3656
905
3819
650
3301
684
3719
940
3533
978
3724
930
3566
1015
3463
904
4054
937
3518
929
3513
942
3478
892
3653
882
3488
525
3526
925
3616
922
3914
920
4087
792
3580
859
3701
942
3806
947
3666
922
3589
860
3772
919
3535
912
3666
962
3926
950
3653
944
3566
932
2153
516
3889
927
3554
749
3079
774
3949
924
3718
892
3736
930
3791
917
3623
947
3568
920
3668
769
3925
935
3546
907
3544
923
3653
927
3872
957
3747
900
3857
910
3768
992
3701
913
3699
917
3766
666
3979
829
3646
917
3641
952
3734
919
3854
960
3478
800
12530
918
3368
852
3679
962
3693
747
3861
914
3648
917
3538
905
4110
904
3769
910
3580
935
3651
929
3664
762
3604
943
2153
501
3646
935
3548
947
3716
875
3797
944
3899
924
3874
912
3638
767
3563
732
3813
907
3614
937
3661
770
3541
907
3704
943
3496
925
3628
935
3476
892
3756
927
3087
673
3653
957
3746
962
3638
927
3676
909
3556
922
3887
907
3573
905
3564
912
3698
945
3831
714
3724
952
3528
942
3636
902
4035
949
2062
529
3768
922
3656
957
3588
917
3849
945
3721
770
3027
927
3741
882
3769
916
3724
955
3623
840
3969
917
3501
954
3646
918
3691
933
3859
894
3004
937
3688
917
3718
933
3724
910
3909
668
3656
930
3776
972
3954
915
3737
897
3595
917
3884
922
3712
840
3042
924
3868
935
3623
942
3653
942
3556
942
3674
806
3427
792
3651
917
3418
828
3643
932
4032
884
3769
947
3181
810
3648
932
3618
950
3731
777
3450
866
3579
907
3504
944
3741
466
3826
945
3768
907
3641
912
3612
780
3756
902
3723
835
4129
676
3694
929
3891
930
3350
726
3588
965
3003
673
3649
920
3803
930
3642
762
4209
905
3857
917
3143
917
2837
959
3861
945
3882
969
3488
952
3568
922
3716
910
3404
663
3708
920
3695
907
3468
932
3671
907
3603
900
3738
870
3674
912
3664
918
3751
815
3665
915
1959
411
3580
927
3846
954
3631
902
3703
810
3739
910
3564
927
3731
800
3696
824
3651
957
3935
945
3782
713
3606
945
3616
927
2405
520
3699
787
3864
880
3631
922
3849
901
3676
925
3498
935
3663
975
3883
952
3927
922
3733
927
3496
995
3596
787
3779
936
3536
909
3728
904
3474
933
3814
912
3493
930
2800
606
3741
907
3531
927
3715
937
3177
882
3606
922
3899
930
3722
922
3610
952
3347
667
3851
894
3649
939
3624
905
3626
827
3536
954
3859
909
3620
909
3763
870
3763
970
3585
909
2409
918
3819
942
3656
942
2256
538
3641
940
3699
916
3636
955
2223
525
3556
7919
3674
725
3747
912
3749
910
2429
960
3703
908
3118
779
3776
953
3525
804
3611
930
3466
794
3583
952
3226
722
3796
935
3791
907
3698
791
3776
927
3548
882
3644
917
4194
900
3626
925
3554
787
3646
696
3726
917
3874
929
3087
745
3950
700
3218
920
3592
780
3826
925
3903
762
3646
989
3418
479
3776
790
3818
889
3659
892
3871
774
3601
857
3706
908
3706
930
3743
952
3639
877
3768
917
3669
927
3754
778
3668
702
3836
926
3608
980
3502
914
3649
945
3498
939
3370
849
2493
576
3608
812
3704
942
3709
831
3546
937
3486
922
2994
697
3661
868
4016
927
3588
905
3631
929
3989
867
3721
912
3781
928
3799
795
3709
917
2957
935
3784
907
3550
925
3792
899
3613
910
3686
950
3261
918
3666
937
3863
939
4214
939
3641
902
3500
752
3608
922
3656
744
3727
915
3668
952
3528
786
3995
942
3583
919
3558
957
3545
910
3697
902
3400
892
3680
912
3907
924
3593
912
3163
821
3053
935
3611
799
3491
943
3448
940
3856
917
3664
947
3935
927
3729
942
3452
777
3568
934
3593
935
3054
787
3528
929
3706
934
2521
534
3674
932
3628
936
3087
689
2630
1040
3613
914
3551
912
3639
935
3664
910
3015
774
3504
831
3116
618
3551
948
3526
959
3596
944
3684
945
3697
882
3445
912
3761
612
3729
784
3911
724
3811
920
3711
914
3581
902
25676
917
4004
905
3595
946
3654
739
3513
818
3638
725
3533
694
3599
909
2803
730
3781
954
3511
861
3511
912
3801
889
3754
927
2807
904
3493
947
3578
907
3581
933
3741
930
2274
512
3767
959
3921
937
3613
892
3473
912
3711
887
3972
900
3581
942
3751
897
3721
950
3636
973
3551
896
3633
781
3561
835
3814
902
3535
894
3616
949
3691
882
3771
919
3595
962
3814
925
3724
919
3526
937
3784
948
3919
455
3633
950
3704
912
3799
933
3681
794
3551
688
3553
806
3696
922
3588
895
3759
902
3576
897
3781
940
3159
925
3015
790
3576
952
3739
902
4016
943
3708
930
3756
949
3636
912
3152
908
3668
917
3558
917
3079
540
3126
793
3811
918
3423
902
3646
910
3500
927
3691
927
3518
812
3616
952
3518
704
3668
905
3603
918
2615
688
3628
920
3726
927
3659
924
3787
907
3443
917
3658
950
3586
905
3752
952
2702
702
3556
784
3129
766
3688
927
3368
641
3646
947
3959
924
3631
937
3545
952
3809
754
3573
905
3551
912
3658
767
3669
947
3902
528
3793
882
3904
930
3639
920
3779
990
3448
944
3061
713
3744
810
3752
922
3643
937
3596
743
3804
912
3718
967
3772
924
3192
937
4015
904
3578
947
3618
902
3646
730
3543
894
3774
937
3769
934
3917
924
3714
902
3741
929
3638
929
3498
952
3521
942
3721
942
3611
942
3641
912
3568
594
3524
898
3693
934
3585
925
3528
939
3426
937
3821
907
3548
879
3505
940
3611
904
3508
944
3709
902
3646
855
3596
919
3746
862
3661
900
3556
934
3400
556
3713
854
3254
912
3618
955
3518
945
3819
936
3741
910
3583
902
3755
947
3691
611
3548
912
3568
786
3547
877
3734
943
3961
722
4275
506
3503
905
3614
892
3839
965
3654
932
3601
940
3921
946
3681
812
3979
924
3470
889
3701
942
3912
536
3601
940
3631
777
3839
897
3759
944
3606
738
3661
912
3689
817
3440
854
3676
962
3410
943
3696
937
3774
927
3731
942
3616
925
4019
927
3701
892
3623
912
3739
945
3578
872
3571
917
3576
988
2964
776
3646
902
3648
904
3502
912
3651
900
3763
802
3691
887
3729
896
3766
919
13036
794
3397
835
3528
923
3279
730
3618
802
3841
947
3551
762
3668
957
3773
942
3746
905
3754
888
3561
915
3533
786
3703
934
3942
935
3869
929
3609
917
3730
965
3868
942
3666
947
3598
945
3233
773
2684
656
3786
526
3652
910
3503
830
3580
902
3585
925
3927
925
3666
948
3615
766
3623
892
3670
912
3472
783
4029
917
3584
999
3745
929
3727
907
3841
942
3794
930
4044
922
3502
925
3506
897
3844
964
3693
520
4031
903
3729
919
3626
945
3701
865
3926
925
3689
975
3423
889
3846
900
3658
929
3717
880
3630
919
3764
545
3694
949
3783
810
3640
932
3498
945
3817
498
3628
9690
2806
629
3624
801
3665
895
3791
935
3736
904
3774
842
3680
932
3729
916
3666
809
3608
776
3713
940
3460
630
3718
895
3688
945
3678
953
3724
909
3837
935
3578
928
3609
934
3997
940
3738
802
3758
946
3579
940
3693
915
3727
975
3889
872
3418
917
3766
751
3620
949
3886
917
3831
695
3744
924
3561
905
3794
9592
3741
942
3714
915
3779
949
3603
910
3648
899
3787
920
3709
904
3636
791
3581
930
4096
928
3698
934
4115
928
3640
879
4034
917
3736
937
3674
902
3739
866
3751
928
3704
904
3831
576
3864
790
3515
812
3734
947
3808
892
3588
950
3683
927
3578
895
3987
781
3925
919
3749
944
3601
939
3914
960
3757
934
3811
922
3861
744
3746
905
3801
949
3778
924
3635
908
3648
932
3895
814
3831
840
3736
955
3791
854
3836
905
3671
937
3543
744
3204
837
3240
946
3789
947
3970
946
3782
932
3207
774
3545
784
3613
694
3851
940
3711
917
3862
917
3836
851
3804
922
2694
555
3833
897
3626
923
3768
760
3544
927
3969
927
3847
942
3628
939
3633
932
3956
930
3633
914
3639
804
3725
939
3846
909
3689
902
3686
945
3849
919
3796
918
3598
970
4027
944
3213
952
2314
516
3671
476
3761
920
3894
928
3653
937
3661
929
3538
957
2232
520
3794
938
3704
912
2195
536
3621
545
3771
944
3656
800
3652
932
3615
539
3666
997
2225
538
3934
920
4095
889
3896
917
3818
957
3453
920
3756
706
3684
946
3681
919
3957
924
3703
905
3738
958
3862
870
3932
947
3441
905
3576
807
3656
948
4094
935
3533
900
3751
770
3892
929
4218
937
3931
787
3719
915
3849
887
3495
902
3470
637
3123
947
4056
900
2393
932
3616
909
3389
669
3681
958
3889
821
3942
920
3811
925
3879
736
3644
892
3857
934
3581
936
2185
930
3354
910
3732
868
3794
955
3873
945
3681
917
2787
700
3155
922
3561
915
2068
410
2001
957
1875
930
3768
907
2053
525
3796
945
3590
915
3824
930
3927
875
2314
469
3784
900
3701
928
3686
932
3668
899
3670
827
3503
805
3618
912
3624
902
2029
493
3799
993
3656
902
3425
952
2986
776
3641
910
3601
1028
3543
922
3731
909
3708
913
3511
927
3555
927
3673
963
3493
990
3415
1004
2368
940
24406
9216
3448
917
3639
892
3689
915
3533
786
3779
935
3528
910
2887
917
3596
930
3613
749
2257
765
3729
681
3794
919
2347
500
3618
947
3630
929
3468
980
3654
910
3428
969
3483
908
3852
905
3555
955
3741
924
3573
903
3799
722
3954
940
3697
907
2056
782
3707
930
3764
935
3458
914
3575
965
3506
935
3726
945
3789
969
3493
775
3433
847
3656
945
3613
915
3643
912
3585
939
3638
960
3432
917
3541
957
3606
809
3771
859
3682
787
3546
850
3641
932
3738
932
3393
935
2789
882
2140
519
3533
687
3819
922
3558
952
3568
950
3651
942
3065
763
3664
930
3841
942
3907
913
2997
797
3511
940
3475
960
3463
912
3707
922
3596
919
2002
948
2581
558
3531
938
3789
922
2748
755
3480
896
3616
902
3561
933
3501
925
3659
922
3583
824
3478
927
3579
905
3644
947
3465
960
3493
902
3548
907
3550
837
3523
945
3791
935
3621
535
3408
957
2759
732
3134
865
3411
792
4100
925
3373
678
2305
519
3556
830
3565
932
3450
932
3465
930
3543
777
3495
790
3450
907
3663
889
3332
769
3613
900
3618
934
3610
854
3510
892
3552
904
3912
675
3396
917
3663
920
3446
972
3603
942
3639
777
3503
707
3363
962
3513
925
3924
938
3478
802
3611
934
3511
895
3546
947
4059
912
2652
919
3613
907
3668
929
3659
850
3540
962
3739
927
3501
900
3180
794
3337
786
3373
949
3609
942
3546
929
3729
936
3747
919
3661
927
3566
912
3522
907
3706
895
3925
902
3661
879
2175
928
3699
896
2007
820
3422
902
3476
875
3550
601
2077
925
3515
925
3829
928
3561
947
3470
904
2283
880
3448
760
3546
962
3584
962
3623
874
3581
930
3554
930
2742
928
3476
8937
3728
922
3606
935
3490
844
3502
848
4442
910
3621
915
3326
765
3678
854
3506
952
3426
804
3716
905
3535
897
3574
934
3394
719
3275
711
3639
894
3686
960
3511
895
2905
798
3811
937
3546
915
3523
910
3546
890
3642
934
3438
947
3701
935
3756
946
3797
635
3588
880
3739
950
3648
706
3491
952
3466
822
3736
935
3535
877
3556
910
3805
912
3664
980
3468
932
3579
812
3443
917
3500
967
3613
825
3613
930
3576
947
3744
919
3704
467
3754
930
3666
947
3639
907
3073
755
3694
784
3473
902
3466
940
3553
944
3718
957
3611
894
3756
937
3336
827
3433
924
3608
934
3634
885
3748
920
3485
965
3450
922
3699
970
3521
909
3566
920
3648
910
3462
907
3043
762
3538
928
3699
935
3681
925
3739
957
3664
830
3572
920
3794
754
3753
925
3784
640
2857
667
3601
925
3822
942
3724
934
3601
942
3264
865
3613
927
3626
775
3503
817
3626
834
3984
922
3375
949
3580
909
3371
775
3558
902
3581
917
3688
934
3788
962
3937
920
3824
952
3491
790
2482
952
3769
982
2395
930
3544
945
2519
943
3722
954
3498
948
3839
922
3651
927
4077
912
3418
535
3531
680
3996
947
3523
953
3516
942
3621
814
3819
936
3659
854
3737
902
3427
945
3785
932
3575
915
3654
947
3498
724
3545
947
3746
926
3634
694
3726
883
3468
917
3741
922
3544
899
3656
920
3468
895
3575
762
3458
959
3586
909
3649
920
3550
945
3801
935
3485
928
2926
929
3603
908
3861
927
3579
914
3456
790
2371
895
3681
935
3603
910
3759
894
3037
787
3420
829
3541
926
3593
897
2174
513
3866
950
3639
894
2772
716
3836
886
3511
972
3337
912
3675
932
3488
922
3536
899
3729
904
3712
922
3601
938
3917
922
3475
944
3493
914
3471
902
3458
814
3488
932
3578
915
3556
919
3055
936
3401
860
3857
915
3603
915
3603
860
3546
789
3776
907
3573
856
3576
884
3472
919
3857
889
3641
935
3779
962
2790
754
2531
680
2946
958
3543
922
3756
952
3533
942
3131
775
3618
920
3646
898
2660
899
3621
887
3478
777
3676
895
3539
744
3889
9650
3368
910
3535
977
1976
514
3076
761
3533
925
2861
917
3437
905
3172
808
3611
942
3611
949
14494
9909
3541
786
3752
909
3558
920
3589
907
3483
936
3481
749
3649
932
3649
899
3634
849
3553
940
2902
899
3519
832
3601
918
3852
10139
3621
914
3581
937
3629
768
3586
895
3506
724
3906
932
3515
870
3591
890
3373
942
3541
755
2257
511
3653
927
3390
927
3370
939
3500
887
3663
929
3566
932
3575
920
2122
535
3713
628
3601
527
3584
917
3335
943
3701
935
3600
945
3719
932
3545
776
3716
839
3458
937
3686
752
2933
785
3812
932
3518
904
3538
917
3478
899
3611
917
3495
922
3593
972
3702
755
3641
914
2262
884
3698
930
3064
788
3461
909
3521
987
3525
939
3576
942
3526
928
3380
840
3506
798
3758
977
3894
521
3488
912
3620
907
3759
927
3560
939
3616
932
3601
910
3475
767
3681
927
3511
773
3492
736
3481
940
3431
812
3756
681
3608
905
3759
909
3723
800
3425
936
3713
907
3686
801
3719
906
3485
917
3325
902
3654
932
3505
930
3481
937
2193
513
3445
862
3435
912
3684
814
3603
958
3433
940
3448
942
3576
960
2068
533
3859
942
2887
9962
2933
927
3431
877
3549
900
3789
967
3496
887
3501
935
3438
934
3523
925
3440
897
3738
902
3263
904
3528
784
3144
655
3648
865
3543
952
3579
933
3546
957
3699
940
3404
977
3593
992
3827
940
3626
904
3959
892
3706
937
3576
905
3654
939
3422
929
3573
877
3535
927
3415
754
3543
902
3678
942
3658
769
3013
898
3897
937
3544
922
3769
929
3834
945
3357
950
3658
886
3601
944
3723
857
3706
905
3525
914
2197
520
3546
913
3430
800
3510
932
3514
894
2084
910
3313
774
2394
922
3604
940
3777
925
3593
899
3620
927
3548
922
3536
942
3371
934
3593
942
3548
952
3728
930
2144
970
2072
919
3373
935
3417
882
3563
947
3697
820
3458
917
3463
872
3588
932
3714
914
3316
801
3392
904
3373
8737
3342
950
3741
882
3531
987
3694
902
3475
930
3525
924
3259
778
3171
902
3569
491
3658
517
3501
922
2688
922
3471
924
3636
922
3727
950
3600
905
3438
933
2684
693
3453
890
3478
949
3551
899
3476
930
3648
932
3688
940
3606
902
3598
924
3556
809
3946
880
3744
912
2312
913
3520
973
3558
935
3508
857
2235
578
3518
983
3387
902
3591
782
3883
916
3418
920
