19750
1004
3435
1118
3473
935
3463
1125
3455
1158
3450
1098
3490
654
3622
920
3365
1115
3426
1123
3566
926
3500
1108
3646
1120
3558
1078
3412
925
3501
1012
3628
1115
3784
1103
3401
1133
3520
1091
3749
1108
3262
1185
2505
1110
2677
1168
3438
963
3596
1132
3550
1128
3351
949
3345
933
3405
1108
3468
841
3540
609
2276
732
3458
1115
3535
1131
3496
1038
1899
629
3009
1139
3468
782
3416
1160
2339
770
3461
1208
3538
1107
3540
574
3710
892
2034
612
3580
1100
3670
1140
3408
1084
3501
1142
1957
1088
3676
1098
3583
923
3015
971
3358
1105
3556
1037
3463
1133
3563
1107
3491
1103
3465
1098
3531
905
3794
952
3659
1105
3734
1137
2804
886
2885
908
2901
945
3438
1095
3491
1120
3584
774
3814
1180
3781
1110
3726
952
3583
1110
3504
1143
3603
1113
3585
1113
2467
1112
3664
1098
3561
1130
3678
1108
3476
1127
3513
902
3485
1102
2034
1118
3086
877
3486
1059
3501
1093
3516
968
3463
1101
3528
914
3495
1106
1974
1083
3472
1128
3465
1052
3462
1093
3692
810
3578
1117
3681
1108
3613
1143
3528
1085
3598
1085
3578
1032
3558
1145
3659
625
3546
1072
2780
892
3528
1095
3631
1117
3548
1130
3598
1138
3635
1095
3049
960
3521
1100
3442
720
3483
1080
2924
938
3431
1132
3431
964
3776
1132
3570
1087
3531
1085
2089
602
2825
1133
3879
1100
3668
1080
3653
1120
3656
1095
3636
1047
3789
9397
3463
1136
3608
1097
2750
1107
2424
743
3553
1101
2171
732
3864
1083
3568
1170
3108
1088
3588
1119
3779
862
3608
1100
3736
1110
3578
1131
3283
1055
3596
1153
3625
1110
3591
1113
3823
1100
3904
1100
3819
1104
3688
1150
3884
1117
3633
1111
3826
1066
3598
1118
3771
1005
3566
1170
3671
1121
3493
1093
3861
1137
2831
1087
1983
616
3683
1094
3468
1076
3508
1105
3671
1007
3536
1140
3687
1090
3672
1108
3398
1100
3620
1040
2153
1113
3688
1130
3605
1110
3824
1085
3844
872
3603
1053
3874
1092
3355
931
3524
1111
2205
615
3821
1111
3618
758
3661
1092
3603
1102
3490
895
3511
1106
3872
1112
3468
1085
2995
1095
3502
1105
3536
1122
3412
1104
3629
1098
3553
846
3576
1096
3723
1054
3535
1052
3671
1110
3488
1075
3521
1115
3753
1128
2190
635
3468
1082
3525
1106
3382
1080
3417
1123
3604
1107
3879
1093
3663
1118
1977
635
3515
920
3700
908
2788
829
3673
879
3869
1150
3498
1100
3666
1120
3703
1100
3480
1165
3485
542
3699
1120
3556
642
3453
904
3703
1133
3406
1118
3583
1083
3541
1142
3528
1103
3538
855
3623
1078
3628
1100
3510
1115
3551
1115
3563
1088
3401
1088
3457
1113
3450
1044
3443
1108
3553
1012
3523
933
3462
1052
3876
1115
3636
930
2949
608
3463
1120
2235
1110
3498
1233
3641
1086
3568
909
1828
510
3564
748
3511
1117
3568
1135
3443
1120
3532
1129
2104
631
2120
1128
3582
838
3708
1111
3613
1115
3516
1120
3485
1145
3711
1080
3630
1109
3463
1027
3456
738
3861
1099
3041
943
3864
1093
3571
929
3105
920
3638
1103
3588
1114
3490
1047
3690
584
3538
1118
3712
1127
3490
1083
2888
1130
2163
1125
3601
1105
2990
879
2719
828
3563
1105
3606
1121
1989
635
3629
1100
3653
754
3686
1128
3595
1083
3674
870
3542
1146
3629
1125
3796
980
2124
1104
3455
1142
2423
730
3446
1097
3484
1125
3455
1063
3446
1092
2054
1138
3435
1108
2409
749
3483
1095
3483
1108
3951
1077
3560
1063
3556
934
3581
1135
3047
1110
3658
1195
3546
1102
3646
902
3491
1066
3856
945
3648
697
3644
1113
3523
1090
3508
1125
13187
1108
3523
1080
3633
1103
3461
984
3767
613
3676
1095
3390
956
3686
1119
3543
1100
3638
960
3601
1112
3450
1130
3400
1033
3395
885
3488
1122
3691
1094
3600
1072
3744
1122
3087
895
2994
920
3584
880
3513
929
3721
993
3628
1120
3132
810
2916
1152
3013
1098
3546
829
3593
882
3435
1010
3698
538
3674
833
3731
1128
3513
1108
3688
1098
2629
795
3606
1152
3524
1007
3538
942
3593
1089
2765
631
3628
1168
4049
530
3553
1115
3796
1080
3654
1110
3599
1107
3486
1118
3618
1157
2151
646
3626
1040
3690
1093
3568
1105
3581
1085
3721
1118
3515
1117
3859
1110
3580
1117
3611
1107
3405
1103
3538
1097
3470
917
3631
1112
3548
1091
3401
1127
3615
1185
3628
1093
2949
954
3512
1150
3511
1110
3560
945
3581
982
3540
965
3585
1066
3498
1095
3583
1085
3579
950
3540
1104
2119
1072
3571
951
3478
710
3605
1123
3039
925
3456
1137
3686
829
3664
631
3463
1138
3478
1100
3611
1103
3649
1080
3608
1135
3746
947
2530
1165
3465
1120
3018
1083
3491
1077
2290
1090
2071
879
3596
1090
3594
1110
3708
918
3410
1127
3573
1103
3585
1081
3546
1107
3546
1118
2077
1113
3632
1117
3441
1092
3425
1110
2174
625
3463
1108
2267
622
3531
1090
3676
1113
3450
1107
3804
1080
3591
992
3639
1070
3741
1100
3546
1150
3072
933
3796
1111
2907
883
3741
924
3511
825
3626
956
3703
1126
3077
929
3441
1093
3550
1153
2097
627
3648
1092
3488
1093
3498
1098
3037
933
3488
916
3500
1103
3460
1092
3442
1130
3546
1097
2056
657
3615
872
3606
993
3696
1128
3646
1103
3699
1107
3754
1117
3836
854
3809
1093
3601
1069
3460
1100
3636
1108
3726
936
3287
918
3492
1097
2808
872
3646
1145
3418
903
3518
885
3575
1087
3773
1088
1925
597
3545
1110
3373
894
3045
1168
3533
1107
3541
1102
3710
874
3792
1111
2538
1125
3906
1007
2507
720
3436
1117
2877
893
3638
1125
3581
930
3575
1100
3516
1135
3541
1097
3761
1121
3556
1114
3463
890
3635
1010
3578
1105
3254
798
3493
1100
3575
1100
3544
975
2519
730
3724
1115
3854
1115
3020
1112
3658
1087
3563
918
3021
948
3631
1105
3611
1145
3686
1115
3592
1148
3610
1119
3824
695
3606
1098
3781
1098
3573
1128
3488
1138
3368
922
3549
730
3491
1122
3791
1127
3646
1023
3512
1096
3545
1103
3345
997
3894
1127
3518
1105
1972
932
3639
936
3611
1113
3581
939
3323
821
3493
994
3590
789
3568
1085
2881
1097
3051
919
3586
1110
3481
1089
3689
1106
3608
933
3475
1117
3613
1078
3394
1095
3655
1097
1984
1116
3563
1148
3482
918
3438
1097
3693
930
3717
1115
3513
950
3528
1112
2068
1105
3488
1078
3480
1075
3576
1059
3703
896
3559
1156
3481
1103
2349
726
3646
941
3528
1105
3596
789
3528
1075
3533
1122
3594
937
3952
1095
3889
1097
3514
1125
3826
1114
3708
700
3695
1131
3570
1084
3508
960
2238
620
3601
934
3629
1113
3570
1085
3651
1060
3362
1136
3641
1103
3351
1055
2027
624
3583
1115
3756
1143
3568
1120
3749
1080
3793
1115
3624
1093
3588
1130
3424
1104
2208
640
2069
638
3695
1079
3511
1091
3548
808
3606
1097
3626
971
3532
1087
3528
930
3670
1090
3821
1085
3618
1115
3843
1120
3697
697
3566
1102
3413
836
3676
1147
3844
1142
3635
1007
3558
1193
3501
1125
3671
1075
2062
1103
2031
635
3633
1195
3561
609
3658
1140
3822
1068
3653
1095
3638
1103
3935
1133
3606
1080
3646
1109
3674
1082
3706
1151
3585
1123
3716
1115
3746
1108
2632
1115
3488
632
3236
829
3856
1090
4042
1102
3656
1082
3551
1105
3538
1107
3633
1082
3593
1090
3665
1123
3804
957
2737
1107
3753
1102
3666
1092
3679
1085
3736
809
3556
1095
3571
1112
2151
1133
3766
1118
3766
1125
3822
1103
3906
1082
3676
1085
3591
924
2729
839
3899
615
3801
1102
3805
1104
3675
1093
3599
1040
3573
1040
3737
847
3593
1135
3699
1080
4059
1095
3846
960
3671
1107
3957
1103
3625
1118
3744
1098
3189
932
3946
1113
3746
1105
3763
1076
3746
1099
3614
1101
3668
1113
3718
1107
4042
901
3784
1088
3709
1145
3901
1110
3794
929
3754
828
3766
1080
3762
1187
2293
656
3611
1088
3799
601
4144
986
3723
1118
3526
900
2741
795
3793
1102
3703
983
3621
962
3733
1061
3871
1137
3819
1116
3619
1100
2892
1097
3739
1105
3746
1100
2501
634
3599
1110
3804
736
2989
812
3681
1084
3593
1087
3787
1091
3603
1110
3763
1108
3789
1068
3641
1115
3732
1115
3777
1085
3783
1120
3656
920
3218
954
3658
1095
3762
1155
3839
1108
3741
1128
3759
987
3659
1100
3846
1115
3626
1122
3781
905
2222
1097
3842
1083
2532
736
11653
993
3788
1106
3624
1128
3628
1064
3862
1121
3704
1120
3654
939
3621
944
3576
975
3776
1100
3656
1123
3145
811
2286
545
3195
950
3664
1290
3592
1100
2837
802
3688
1095
3746
690
3811
8655
3641
1086
3686
1100
3693
1050
3698
887
3811
1092
3934
1110
3621
9627
3823
1087
3601
945
4069
1205
3811
1100
3714
1105
3919
1148
3874
1115
3783
918
3696
1086
3854
1103
3668
1145
3799
642
3836
1098
3844
1070
3816
958
3748
1107
3866
1113
3914
1105
3848
931
2864
824
3735
1090
3728
1103
3729
804
3711
918
3698
1082
3717
945
3658
1082
3688
1110
3781
1075
3975
9492
3809
842
3904
1112
3806
1095
3608
1113
3876
1158
3716
1030
3551
8443
3751
1082
3782
952
3742
1113
3588
1143
3844
1090
3762
1140
3683
1113
3973
1095
3774
1102
3793
950
4001
1100
3644
625
3741
1040
3884
930
3635
1108
3754
1085
3578
1087
3807
1097
3736
1100
3666
1100
3719
1123
3746
1093
3538
1105
3626
1103
3859
898
3909
1105
3943
1062
3808
1103
3638
1110
3733
1101
3676
924
3604
1082
3826
1140
3632
1103
3676
1123
3548
975
3676
640
3799
1097
3663
1082
3673
1073
3709
945
3797
1075
3761
1112
3614
733
3553
1107
3463
1090
3668
1113
3956
1142
3646
1132
3649
1105
3526
1133
3837
1090
3546
1013
3478
1055
3478
1095
3889
927
2127
1123
3624
835
1935
1079
3601
1106
3563
924
3601
1090
3616
1085
3651
947
3613
1135
2398
710
3541
1082
3811
1113
3538
1091
3825
1156
3583
1105
3530
1243
3681
1090
3743
1090
3871
549
3591
1116
3516
1094
3591
1112
13227
932
3498
1078
3872
1094
3779
1002
3571
1115
3565
997
3561
1110
3510
1123
3813
990
3309
1086
3541
1004
4022
982
1902
510
3721
1088
3501
1117
3579
1110
3616
913
3470
1138
2830
9999
3679
9740
3458
1105
2628
1092
3696
1108
3639
1112
3534
1095
3638
1120
3332
758
3761
882
3781
1024
3663
1107
3674
1108
3623
993
3576
1108
3490
1110
3653
809
3797
1123
3144
941
3729
1097
3195
535
3664
1112
3668
1085
24571
626
3505
1106
3764
940
3493
1128
3603
1115
3670
1097
3648
920
3634
1110
2573
1007
3741
1100
3616
922
3518
1108
3526
1102
3856
1086
3712
1113
3573
1097
3421
1120
3872
1130
3608
1098
3754
1083
3769
1100
3500
1107
3485
1111
3661
1092
3706
1093
3759
926
3659
990
3889
1095
3694
1092
3837
750
3696
1133
3703
1135
3723
1093
3616
1075
3613
1057
3623
1088
3570
1122
3670
1032
3656
1142
3707
1092
3649
1100
3841
1095
3686
932
2118
613
3635
1102
3523
1120
3693
1103
3726
1108
3471
1130
3576
1108
3706
1100
3832
1115
3711
1082
3528
1113
3652
1099
3565
1145
3758
1117
3548
932
3676
1105
3668
939
3761
930
3551
934
3706
920
3491
1109
3741
1113
3681
1107
3616
1110
3578
967
3678
1084
3943
1027
3531
827
3523
1115
3819
1160
