3683
1095
3468
1105
3488
980
3528
1100
3414
1122
3511
1083
3478
632
3460
913
3583
1088
2887
764
3498
890
1920
1122
3622
1108
3583
1107
3450
1074
2059
624
3695
1076
2022
1105
3438
1110
3017
933
3450
1125
1898
645
3448
1077
3468
1122
1924
641
3573
1107
3468
608
3426
1063
3473
1106
2466
717
3475
1148
3438
957
3451
1142
3490
1110
3410
1061
3435
1110
2997
935
2015
1110
3455
1095
3440
1205
3498
1120
3433
526
2541
767
3758
1111
3520
1141
3578
1100
3656
1098
3375
1085
3458
1123
3579
756
3481
1083
3483
626
3466
1152
3851
979
3481
813
3506
930
3473
1085
3400
1090
3383
1115
2316
1120
3426
956
3714
1170
3548
1093
3440
1125
3641
1095
2868
932
1894
617
3559
1067
3522
1111
3852
1132
3529
1108
3645
1128
3563
915
3584
1077
3470
1100
3665
1070
3656
1119
3493
1111
3513
604
2494
804
3515
1115
3492
1101
3383
950
3428
905
3571
1122
3498
602
3471
1116
3441
927
3463
630
3498
1120
3433
1122
3473
1111
3525
1093
3391
910
3405
1107
2358
726
3368
1107
3694
1085
2436
1128
3698
1068
3731
1092
3460
1128
3566
1095
3443
1088
3488
1045
3416
1100
2592
1101
3418
1118
3531
1083
3430
1115
3676
673
3664
1095
3544
1120
1868
1085
3575
880
1896
619
3465
723
3392
619
3413
1112
3524
988
3566
887
3398
1120
2878
868
3626
885
3604
927
3581
1027
3368
974
2421
743
2743
887
3576
1097
3498
1115
3453
935
3448
947
3669
1123
3631
952
3482
1097
3531
924
3421
1135
1993
1093
2911
894
3403
1115
3853
1053
3553
1078
3505
1095
3694
1095
3483
1141
3513
1085
3889
926
3515
1099
3648
1108
3600
1098
3766
1120
3996
1105
3638
917
3544
1040
3574
1042
3548
1160
3688
1112
2006
612
3573
1123
3535
1130
3047
1110
3448
633
3456
1122
3531
983
1990
607
3445
1122
3433
1095
3563
1105
3608
1087
3408
1047
4009
1125
2397
743
3793
1110
3659
1110
3157
1111
3571
1146
3116
1089
3448
1112
3573
1090
3844
998
2036
491
2302
587
3704
1133
3641
1103
3127
932
3621
1143
3085
1143
3491
1080
3005
1049
3799
1105
3501
1100
2025
1135
1516
1175
3473
1088
3520
1073
3496
1014
3465
1108
3544
1045
3460
1117
3688
1117
3510
1112
3605
922
3284
1103
3666
1108
3559
1121
3481
1140
3546
1085
3511
1103
3659
844
3628
1116
3483
1087
3269
1072
3545
937
3560
1103
3766
1082
3092
1120
3565
1142
3656
1103
3558
1105
3561
1093
3565
1109
2967
1010
3488
1125
3636
1103
3548
1131
2948
838
3520
990
3461
1109
3693
619
1967
630
3524
1114
3616
1092
3789
1118
3588
1123
3673
1084
3700
1137
3453
1112
3423
1080
3485
1110
3468
1107
3468
981
3644
1105
2937
1090
2903
1111
3495
1102
3383
8719
3415
1033
2915
1092
3555
727
3486
1125
2227
647
3516
1110
3356
1107
3532
1110
3570
958
3433
825
3460
1110
3462
1105
3538
1093
3532
1120
3435
1090
3536
987
3414
997
3510
1095
3751
1126
3513
1145
3649
956
3528
601
3451
1107
3658
1110
3491
1110
3548
1100
3528
1105
3227
797
3418
1138
3488
1105
3380
1135
3620
863
3570
1121
3644
1105
2219
1090
3028
1105
3430
1107
3541
823
3603
1093
3593
912
3460
1080
3436
834
3719
1097
3551
749
3713
1130
3564
1030
3024
870
3484
1100
3578
1095
3476
1122
2955
874
3464
938
3398
1025
3565
1125
3486
1033
3601
797
3696
1100
3643
1118
3541
1132
3634
1105
3573
1106
3626
1095
2945
947
3503
1115
3636
1085
3636
1115
3481
1105
3378
1116
3458
1143
3558
1065
3568
1150
3776
1143
3616
1108
3636
1112
3402
1115
3414
1113
3681
1107
3448
1095
3495
1081
3536
1079
3478
882
3574
1080
3483
791
3535
1094
3744
1097
2857
835
3418
1098
2653
1130
1922
632
3018
935
3666
1107
3354
1123
3588
1092
3493
842
1983
1090
3408
965
3628
1108
3473
1128
3542
1102
3396
1102
3521
1074
3554
1089
2858
1105
3651
1108
3553
1110
3574
1024
3824
1153
3488
938
2750
838
3476
1097
3568
1123
3634
1135
2056
1102
3594
747
3505
997
3560
1104
3430
819
3388
1138
3543
554
3481
1106
3505
1010
3530
1091
3609
1098
3440
1091
3564
1108
3438
1117
3648
1115
3533
914
3428
1107
3548
1113
3630
1112
3575
1010
3531
975
3576
1116
3498
1115
3588
1115
2205
621
3408
1083
3410
1116
3553
1105
3505
1120
3560
910
3603
1085
3555
1104
2400
636
3480
960
3710
1090
3252
1070
3417
1110
3656
1026
3540
1106
3093
953
3609
854
3616
1013
3478
1097
3548
632
3535
1098
3533
1113
3428
9993
3404
824
3894
985
3568
1095
3626
1085
3485
1081
3448
1085
2996
936
3533
1160
2935
626
3821
1054
3556
1140
3656
1080
3520
557
3417
1120
3473
1109
3440
1100
3566
1075
3415
1108
3511
1020
3711
1092
3643
1105
3566
982
3569
877
3442
1064
3779
1089
3461
1081
3438
941
3464
1097
3465
1087
3593
1118
3461
1122
3543
1097
3458
980
3440
1117
2135
1113
3478
1105
3581
1103
3599
1092
3520
1090
2491
1180
3519
1100
2915
801
3542
932
2925
732
3475
1135
3478
1115
3450
1095
3608
1102
3568
1121
3413
1099
3456
1107
2853
1127
3761
1103
3565
1136
3032
923
3483
1125
3493
1017
3551
936
3541
1027
3724
1117
3663
1098
3668
935
3050
1108
3531
1113
3566
1085
3588
1110
3458
1105
3523
1107
3485
1112
2979
1084
3413
1130
3573
1100
3603
1110
3501
1097
3531
783
3638
1107
3442
1120
2893
926
3523
1087
3618
1135
3455
1110
3400
922
3495
1050
3500
935
2485
620
3649
1110
2240
619
2604
847
3613
1100
3415
1110
2925
785
3490
958
2899
908
3531
1090
3539
1127
3611
1113
3418
1005
3475
862
3510
944
3436
1123
3438
1103
3490
1095
3659
1110
3511
943
3512
628
3568
1120
3486
1097
3528
956
3648
1110
3522
1114
3706
1040
3570
1096
3521
939
3504
1125
2955
1105
2750
8421
3744
1098
3468
1125
3619
1097
3501
960
3681
962
3551
633
3601
1113
3420
1075
3530
811
3528
1083
3465
1070
3465
1100
3496
1128
3531
1097
3584
1105
3443
1102
3628
1110
3357
1139
3211
934
3475
1075
3378
1107
3561
1075
3549
1125
3526
1105
3506
1113
3636
1062
3523
1095
3540
1108
3819
765
3578
1118
3553
875
3709
1148
3503
1080
3480
1052
3548
1120
3418
1082
1531
1115
3480
1103
3706
962
3493
1083
3483
1107
1950
640
3538
1113
3475
599
3478
987
3789
1095
3500
942
3418
1096
3280
1036
3593
1118
3413
669
3474
1161
3411
1123
3814
1135
4117
1110
3854
1127
3211
1113
3761
1117
3738
1130
3440
1127
3012
1126
3929
1115
3686
1108
2005
1122
2350
621
4182
1082
3510
1116
2612
799
3551
1101
2857
1104
3694
912
3676
1108
3534
1110
3516
1097
3749
1107
3505
1135
3466
1108
3619
1120
3540
1102
3576
1107
3518
1107
3631
1113
3599
852
2800
814
3723
1097
2034
1118
3648
1093
3706
1103
3488
939
3438
1093
2506
678
3598
1155
3726
1095
2655
856
3746
9818
3663
1126
2523
740
3508
1085
3528
1093
3515
1135
3508
1105
3576
1095
3605
1060
3425
1128
3713
1083
3601
1082
2963
930
3396
1088
3014
9057
3526
1105
3744
1101
3625
1158
3544
1115
3611
1088
3640
1095
3473
1140
3089
1130
3612
1101
3432
903
3021
1022
3420
1115
3724
1105
3663
1002
3550
1078
3621
1120
3545
1098
3740
1122
3679
1100
3503
1108
3538
932
3608
818
3698
904
3563
1100
3499
9850
3468
1075
3626
1056
3570
930
3696
1120
3608
1118
3613
1127
3629
1133
3488
1097
3847
965
3628
1068
3645
9286
3683
1113
3711
1007
3701
1082
3626
1123
3656
943
3771
1097
3562
1095
3423
1120
3709
1094
3685
631
3696
1018
3654
1127
3613
1083
3651
1065
3871
1102
2706
811
2154
639
3658
1103
3669
1093
3699
1107
3799
1100
3704
1103
3609
10150
2549
740
3639
1097
3621
1127
2102
13582
3558
978
3694
1088
3791
1096
3727
1102
3580
1103
3957
1115
3773
628
3606
638
3568
1100
3401
1057
3508
1108
3681
1110
3598
948
3728
1168
3601
1105
3626
1117
3548
1107
3621
1115
3685
1100
3695
1092
3711
1075
3173
851
3608
1133
3161
929
3684
9587
3803
1130
3599
941
1604
1130
3516
1108
3773
1107
3523
856
3609
1107
3476
1118
3924
1100
3480
1110
3957
1018
2310
620
3684
859
3681
1108
2191
614
3754
1170
3636
1152
3548
1121
3649
8751
4073
1120
3854
1102
3623
701
3645
1106
3583
1195
3867
1156
3724
1093
3796
1117
3710
1082
3706
1087
3747
1095
3719
965
3629
1110
3676
643
3579
1123
3989
1112
3693
1100
3412
1026
3576
1105
3686
1120
2005
601
3518
1110
3816
918
3623
1088
3455
1127
3531
1088
3711
706
3195
945
3593
1158
3412
1083
3886
1090
3742
1106
3646
1042
3626
1145
3580
1128
3594
1101
3551
1110
3601
980
3611
1105
3455
916
3706
9404
3367
986
3129
1108
3593
1113
3791
1092
3671
875
3686
1140
3720
1078
3646
987
3676
877
3736
1090
3618
1105
3633
959
3701
9998
3561
1125
4002
1133
3892
1132
3807
1118
3595
1101
3961
9486
3521
1099
2143
635
3661
1077
1591
1130
3719
1095
3793
1122
3581
791
3719
1140
3576
1005
3530
1110
3729
1098
3601
1031
3764
1087
2239
1105
3534
1090
3618
1042
2697
715
3568
1110
3879
928
1660
910
3927
1090
3881
1093
3556
1051
3801
1130
3495
1112
3749
1097
3773
1105
3578
1105
3543
1120
3564
1083
3671
1103
3766
1102
3679
1100
3668
786
3694
1117
3654
1075
3683
1115
3636
1125
3608
1092
3498
1087
3498
1121
3481
993
3630
1183
3571
1153
2135
603
12201
1098
3624
1097
3581
942
3538
957
3475
1133
3549
1110
2967
922
3490
1108
3453
1102
3616
1120
3558
1040
3661
1119
3446
1123
3081
1098
2922
916
3686
9431
3576
874
3585
1092
3490
1092
3716
1137
3608
1033
3648
1115
3530
627
3530
1115
3646
1017
3724
1121
3563
1122
3698
1110
2971
959
3586
807
3431
1095
3521
1091
3613
1078
3556
1095
3727
1122
3788
1103
3468
1098
1960
611
3709
987
3743
1106
3762
1087
3713
1145
3646
1112
3516
1180
3561
1040
3601
1108
3639
1099
3548
1095
3581
9730
3854
1090
2955
950
3590
914
3714
1133
3313
1128
3666
1093
3826
1118
3523
1102
3653
1105
3526
1125
3458
1102
2075
639
3772
948
3433
1113
3498
1103
3510
798
2365
632
3700
1135
3516
1090
2047
1096
3546
1118
3463
1100
2230
613
3679
1102
30445
858
3604
1098
4826
1090
3746
1095
3536
1110
3428
1105
2813
1130
3071
1092
3538
955
2833
932
3826
1087
3593
1098
3483
1103
3578
1125
3756
1137
3634
1160
3456
1113
3550
1110
3508
939
3363
937
3839
1096
3571
1095
2757
805
3476
1120
3641
871
3616
1057
3583
1158
4051
1130
3699
990
3465
658
3551
1063
3644
1130
3774
1047
3528
1102
3470
1095
3653
1113
3582
1104
3463
1143
3456
948
3812
1090
3535
1118
3773
938
3711
1112
3669
1110
3533
1138
3440
1097
3750
1098
3588
1108
3027
1128
3566
900
3458
1105
3548
1102
3653
765
3593
1127
3641
1098
3518
1113
3456
1128
3656
931
1993
7113
3771
1081
3631
1120
3706
802
3588
1091
3618
1125
3533
1127
3678
1070
2825
1095
3153
1108
3754
873
3593
1080
3596
920
3570
1100
2768
833
3596
1115
3573
1105
3501
1110
3681
1118
3589
1102
3581
1122
3722
947
3739
1105
3573
1095
3586
1088
3626
1123
