3561
1153
3423
1113
3455
1095
3516
834
3495
1125
2311
746
3493
1095
3462
724
3456
1130
3498
922
3526
751
3506
977
3435
1088
3438
1180
1912
610
3488
1080
3390
1093
3384
954
3464
1122
2949
1080
3451
1072
3395
1100
3443
1093
3438
627
3458
1114
3483
882
3480
9124
3498
1100
3500
934
3611
1078
3477
1102
3437
1166
2726
880
3474
975
3533
1100
3401
1097
3442
1105
3438
1133
3490
1107
3486
1117
3426
1113
3528
1155
3219
1042
3530
1025
3631
684
3546
1097
3678
1143
3418
1112
3448
1165
3564
1143
3391
1110
3508
1002
3456
610
3531
1108
3488
1160
3530
1079
3512
1099
3388
1000
3402
1190
3432
929
2913
913
3849
1143
3578
734
3661
1141
3505
1125
3431
1117
3463
598
3593
641
3453
932
3666
1047
3526
1099
3563
931
2481
765
3433
882
3836
1129
3483
821
3508
1092
3452
920
3473
616
3423
1115
3458
907
3533
1103
3528
831
3433
1095
3505
1093
3546
1123
3428
1112
3413
1112
2992
1103
3450
1095
3415
1093
3571
1082
3421
1170
3566
1100
3352
1100
3433
691
3531
1135
3408
1111
3502
808
3744
1082
2040
1113
2686
608
3634
1087
3606
1141
3621
1107
3580
965
3007
1082
3278
1122
3418
1045
3616
1112
3576
1093
3781
1125
3584
939
2127
1110
3500
1053
3615
1138
3546
1110
2547
1130
3430
1105
3558
1150
2271
723
3526
1007
3656
1099
2859
924
3468
1102
3593
1160
3686
1094
3595
1124
3568
1122
3608
1113
3618
1116
3402
1102
3503
1192
3701
1092
3468
1130
3484
1120
3711
1120
3608
1105
3550
1077
3531
928
3646
1088
3648
1085
3640
887
3677
939
2397
753
2030
624
3709
1140
3844
1140
3558
1110
3649
1110
3566
1118
3650
844
3516
1113
3619
1108
2285
1036
3410
1115
3612
1039
3540
1140
3361
1153
3533
907
3566
1143
3463
1120
3428
1092
3458
1082
3533
955
13456
610
3488
960
4099
1129
3583
1127
3578
1098
3500
1104
3417
632
3618
595
3742
1095
3676
1090
2989
783
2001
1127
3756
1090
3789
872
3468
1050
3565
1130
3599
1114
3803
1115
3594
1095
3476
1117
3818
1069
3619
1116
3578
1095
2557
814
3591
1071
3549
1113
2065
1108
3115
1112
3423
1105
3481
807
3476
947
3583
1078
3063
837
2520
791
2963
903
3465
1122
3495
942
3586
1080
3538
987
3550
713
3596
1092
3613
1107
3508
1024
3776
642
3423
913
3569
1105
3623
737
2682
1112
3535
1128
3738
1028
3538
1092
3188
935
3448
1112
2792
818
3493
977
3729
1119
3603
772
3681
854
3581
1113
3639
1092
3486
1100
1961
616
3543
1075
3381
1113
1906
612
3646
1103
3428
932
3493
1110
1972
648
1972
632
3443
1087
3601
615
3430
1110
3443
1098
3488
1023
3525
1033
3029
928
3488
1098
3463
1079
3490
1105
3445
1118
3501
1115
3613
1105
3463
1110
3675
1080
3401
1097
2252
662
3518
1105
3413
1108
3729
1118
3658
1059
3586
815
3413
886
3518
1115
3432
1097
3565
1119
3485
1090
3455
1116
3350
1110
3539
1098
3451
1105
3510
1127
2786
1075
1997
611
3453
1079
3373
1090
3513
9811
3435
1117
3454
1095
3608
964
3447
1106
3428
10042
3528
1052
3475
1095
3556
1098
1902
612
3549
1118
3621
1161
3550
1091
3553
1111
2094
631
3505
1113
3669
1097
3528
932
2909
1125
3666
1108
3562
1127
3591
1118
3643
1100
3536
1093
3433
1057
3444
974
2326
722
3440
1140
3553
1122
1975
1087
3586
1090
3526
904
3563
1099
3849
1093
3601
894
3575
1123
3481
1090
3542
1116
3493
1095
3450
1071
3407
1105
3664
922
3470
1143
3488
933
3633
1020
3463
1092
3726
1088
3631
1080
3791
1096
3468
1160
3420
1116
3686
1098
3581
1040
3576
1150
3463
1133
2527
1130
3406
908
3425
1090
3089
891
3402
933
3558
1077
3569
1019
3511
1101
3478
808
3543
1078
3532
1105
3495
1097
3771
1108
3521
1100
3019
1137
3435
1148
3508
1088
3693
1112
3508
945
2536
794
3413
1077
3629
1090
3531
1130
3701
978
3398
603
3673
1100
3515
1128
3091
1083
3556
947
2979
837
3521
1128
3488
1105
3521
1120
3578
1100
3576
977
3309
1026
2438
754
3596
1085
3425
1092
3616
922
3681
1100
3603
1117
3493
1110
3442
1097
3475
1087
2907
1138
3511
1095
3691
1085
3741
1085
3586
1103
3423
970
3709
1118
3656
1128
3541
964
2019
1033
3673
1099
3538
1090
3779
1095
3432
1028
3511
1095
3391
1098
3443
1113
3658
1097
3491
1090
3508
1093
3473
978
3601
1115
3618
1107
3360
1105
3448
1118
2912
954
3581
988
3595
956
3420
1108
2511
1117
3416
1114
3636
1143
2201
1122
3562
1090
3508
1122
3508
1110
3533
1052
2250
647
3463
957
3475
629
3500
1123
3566
1095
3756
1100
2038
647
3606
1135
3558
1090
3528
1096
1946
617
3640
1115
3470
1028
3493
1114
3616
1098
3425
1092
2162
651
3686
1118
3556
1103
4473
1004
3471
1128
2868
1080
3525
936
2058
1088
3505
1112
3461
1107
3463
976
3611
1168
3501
1105
3542
1080
3380
1095
3346
1057
3435
1093
3470
838
3711
1112
3661
1095
2090
1082
3591
918
3751
1095
3601
939
2267
1085
3666
1092
3483
1067
3475
1077
2894
1085
3538
1097
3634
1098
3651
1138
3711
1140
3496
1120
3405
1083
3555
9722
3542
1102
3524
1118
3522
1096
3550
1118
3698
1105
3684
1118
2146
676
2963
9426
3691
1082
3397
944
3603
1113
3498
1090
3495
539
3433
1117
3450
1110
3468
1093
3502
1107
3698
630
3468
1077
3518
1120
3521
1110
3548
1135
3558
1115
3665
1047
3771
1075
2928
928
2911
1113
3581
744
3583
1111
3475
1107
3663
1117
3618
1138
2899
830
3466
1139
3561
1107
2947
783
3538
1090
3556
1103
3603
1113
3493
1093
3498
1145
3598
1100
3566
1125
3453
1083
3465
1113
1968
1117
3561
1040
3742
1053
3929
932
2923
8630
2812
1107
3530
766
3679
1118
3540
1105
3869
631
3644
10644
2009
650
3526
1100
3571
1074
3541
880
3596
1097
3448
1051
3357
1108
3501
934
3458
1118
3175
728
3584
1095
3548
992
3516
1147
3498
1132
3425
1097
3646
1118
3009
1123
3471
1107
3513
1102
3001
743
3299
1040
3209
849
3653
1088
3528
1091
3405
1054
2735
904
3563
1135
3491
1097
3573
1107
3475
1010
3553
728
3688
925
3041
906
3496
1093
3571
1095
3663
947
3689
1128
3417
702
3408
879
3375
1020
3443
914
3608
1092
1491
1100
2566
802
3496
1090
3628
1113
3681
1078
3536
567
3718
1165
2723
841
3563
1096
3348
1100
3546
1145
2704
847
3423
967
3271
1188
3250
936
3478
1095
2059
1133
3678
637
3699
1111
3528
1107
3726
1087
3621
1090
3716
945
3646
1073
3668
1095
3673
1093
3516
1102
3638
1105
3631
1128
3478
1036
3475
915
3380
616
3668
1077
1995
1122
3716
1123
3623
1090
3534
1122
4272
1150
3681
1010
3663
880
3638
1123
3588
1085
3741
1103
3468
1151
2859
825
3713
1090
3623
1098
3633
1118
3691
1120
3563
1087
3493
760
3631
1101
3796
1130
3451
1105
3642
1122
2353
567
3441
1024
3712
1093
3563
1092
3405
1123
3448
950
3663
947
3566
1095
3604
1108
3450
1186
3741
1100
3578
1090
2713
793
3456
1147
3686
1128
3611
1139
3528
1073
3598
638
3599
1105
3605
1140
4014
1028
3643
1128
3586
1123
3578
1098
3742
1092
3578
940
3551
1112
3498
1107
3516
932
3561
1149
3437
1098
3588
1098
3852
1115
3566
1115
3559
1107
3728
1136
3764
1080
27707
1138
3568
1115
3756
1133
3415
1118
3571
1010
3633
835
3638
1101
3711
1115
3714
1120
3638
1130
3583
1120
3836
1100
2368
642
3641
1121
3540
1035
3699
964
3892
842
3481
1125
3711
1100
3809
1112
3794
924
3631
1123
2659
1103
3583
1125
3664
1102
3631
1087
2347
9791
3859
1064
3633
609
3728
1092
3802
1088
3043
1105
3392
1128
3701
938
3651
1095
2792
843
3621
621
3571
1080
3556
1130
3588
1127
3721
1023
3650
727
3689
1085
3748
1113
3706
1102
3641
1080
3683
967
3610
1135
3566
1116
3495
1115
3506
945
3668
1124
3579
907
3766
1078
3671
846
3646
984
3538
1093
3641
1067
4042
1145
2166
1128
3704
994
3631
1115
3540
1130
3696
1097
3503
1107
3481
1077
3819
1120
3507
533
3678
1105
3601
1113
3615
1095
3710
1110
3614
1073
3605
990
3601
988
3189
911
3518
1130
3746
1100
3678
862
3700
1145
3754
1092
3696
628
3626
1096
3623
1108
3682
592
3693
925
3729
1040
3574
1107
3708
731
3719
1153
3643
1098
3833
1100
3814
1145
3490
1108
2553
756
3861
1145
3713
1118
3598
1105
3618
1094
3197
1105
3854
933
3073
1115
2240
645
3493
1107
3581
1138
3674
1090
3536
1115
3443
1133
3844
1095
2147
627
3578
974
3681
1147
3719
1125
3568
1148
3690
892
4014
1055
3622
1075
3704
1107
3894
1056
3555
1110
3877
1130
3728
1162
3889
992
3406
1110
3654
1105
2223
915
3625
1077
3511
989
3581
1127
3716
1075
3949
1095
3829
1013
3606
1127
3771
9512
3824
1103
3773
1095
3543
1092
3749
1098
3676
1105
3716
1078
3819
1105
3658
1117
3788
934
3520
1105
3628
1127
3734
1133
3653
1005
3636
1200
3673
1099
3696
1110
3732
1128
2791
1040
3696
1105
3656
1093
3576
1130
3706
1106
2653
712
3714
907
3691
1093
3944
846
3539
1100
3573
1092
3689
1093
3691
967
3545
1120
3751
1150
3337
1120
3615
1108
3731
1095
2154
551
3854
1045
3819
1045
3916
1100
3708
1120
3581
1000
3661
1118
3884
993
3488
1043
3470
1123
3656
965
3703
1083
3733
975
3808
1108
3919
918
3505
1100
3653
1098
3831
1110
3698
1083
3605
1092
3784
1095
3565
1130
3608
1080
2069
1160
3849
909
3475
1085
3571
1103
3430
1088
3792
1150
3465
872
3400
1142
3778
1083
3538
1060
3643
1103
3633
1107
3611
1105
3430
1115
3591
1138
3408
1105
3674
1113
2970
1102
3598
1195
3538
1090
3476
1118
3603
1117
3540
1067
3641
1145
3513
1074
3694
9410
3693
1135
3610
1116
3606
9909
3471
954
3502
1126
3411
931
3661
1080
3721
1090
3608
1100
3555
1122
3458
1121
3403
1092
2724
1111
3463
926
3738
1093
3518
650
3526
1005
3511
1108
2947
938
3406
941
3706
1093
3623
1098
3653
1118
3598
1098
3719
1112
3619
9580
3611
1092
3518
1050
3693
1087
3736
1068
3706
890
3601
1123
3400
962
3939
1127
3714
1108
3626
1078
3433
1102
3614
1105
3490
1140
3528
1080
3521
1100
3471
1093
3473
1082
3566
748
2893
934
3831
1110
3600
1140
3703
1029
3488
1100
3720
922
3980
1095
3576
1105
3595
1110
2950
939
3470
1130
3754
1135
3578
1120
3041
1110
3896
1108
3784
1093
2948
922
3458
1113
3548
1080
3573
838
3576
1115
3523
1095
3630
1095
3576
960
3619
1078
3543
1058
3659
1130
3470
748
3744
904
3590
9567
3708
1108
3728
1140
3613
1122
3924
1053
3644
1088
3513
1100
3511
1120
3604
1098
3675
1128
3663
902
3598
1052
3428
1110
3702
1118
3693
1099
3819
1090
3558
1077
3593
1098
3666
1104
3425
1115
3420
1100
3708
1107
3772
1123
3631
1092
3508
1100
3688
1098
3044
924
3837
1096
3480
941
3561
1098
3671
1108
3598
931
3813
933
3564
623
3360
1092
3761
1082
3578
1120
3518
1108
3704
1100
3686
620
3643
1162
3731
1117
3721
1059
3586
894
3798
1126
3713
1140
3628
1092
3713
1131
3944
1102
3654
1095
3598
882
3508
948
3656
1118
3573
1094
3490
1130
3674
1119
3634
1150
3586
1110
3658
1100
