3403
933
1893
645
2969
979
3709
920
1926
1040
2868
750
3887
1102
3536
1118
3503
1123
3450
8464
3414
1080
3576
1101
2031
1088
3495
1147
3420
884
3465
1076
3566
1103
3478
1125
3515
1095
3413
935
3410
1035
3436
1105
3588
1095
3476
1093
3401
1122
3570
1095
3468
1145
3565
1092
3377
1068
3581
1108
3430
1185
3492
1092
3445
941
3488
1097
3552
1098
3506
1085
3466
964
3495
1098
3323
1103
3694
900
3563
1004
3518
1095
3496
1107
3599
1130
3650
939
3498
791
3498
920
3498
1107
3545
1093
2541
816
2067
631
3400
1112
3483
1115
3416
945
3411
877
3395
1075
3481
1130
3413
926
3400
910
3431
1087
3443
1138
3706
990
3543
1097
3521
756
2975
752
3445
832
3485
614
3461
1095
3418
915
3536
1123
3625
1135
3621
1110
2847
1083
3451
719
3481
1097
3501
888
3533
1110
3576
1133
3460
1085
2791
875
3534
734
1973
606
3287
1038
3478
1095
3096
1105
3566
1228
3268
1058
3528
1106
3445
1120
3501
1132
3378
1098
3546
1077
2699
587
3174
1029
3423
1111
1946
604
3518
1087
3431
1112
3543
1115
3545
948
3641
1120
3476
1117
3530
1098
3518
1095
3478
1098
3570
10189
3490
1120
3405
1123
3480
1115
3563
1080
3496
1095
3512
1108
3614
1092
3506
1100
3441
1108
3428
899
3538
1133
3488
1090
3363
615
3673
1108
3455
1097
3593
1130
3641
1078
3510
1100
2704
1163
3633
632
3737
1082
3520
1092
3545
1097
3641
732
3588
898
3523
1110
3584
1125
3520
1113
3889
951
3219
897
3678
1105
1994
13237
3611
1017
3360
933
3238
1087
3445
1097
3498
1095
3550
892
3535
624
2114
1092
3534
1125
3672
1082
3523
1104
3528
1103
3603
1120
3599
1097
3491
1120
3606
967
3478
1152
3669
1157
3460
531
3538
1110
3776
1113
3473
1115
3544
1097
3561
940
3553
1097
3578
752
2038
622
3611
738
3438
954
3606
1108
3446
1120
2526
813
3586
1170
3542
918
3254
954
3643
1158
3538
1105
3543
1113
3629
1052
3841
1135
3611
997
3575
1140
3540
783
3638
1117
2047
676
3585
1093
3680
1110
3511
1120
3721
1130
3709
1155
3611
1094
2761
859
3545
1093
2082
615
3538
1108
3418
1100
3435
992
3634
1112
3421
1095
3370
1110
2566
800
3460
1118
3441
1110
3624
1105
3640
1097
3666
1107
3446
1124
3470
1097
3654
1120
3450
944
3443
956
3550
1100
3508
1105
2946
1117
3583
770
2182
625
3491
10061
3588
1123
3589
1082
3530
1108
3429
974
3516
1112
3546
1095
3553
967
3613
1087
1966
640
3119
922
2888
1004
3632
1106
3571
1097
3458
1120
3418
1110
3423
1080
3518
1092
3484
1031
3468
1012
3540
970
3415
1095
4082
1127
3383
1078
3626
1130
3620
1100
3506
920
3651
1088
1992
644
2942
958
2860
894
3772
1113
3456
946
3618
944
3535
1080
3555
1125
3498
1117
3471
1097
2696
1135
3543
1102
3512
1110
3411
1073
2838
1085
3493
1143
2778
847
3498
1082
2594
803
3578
1130
3470
936
3476
1077
3541
1110
3471
1097
3644
835
2813
897
1971
588
2039
625
2990
945
3533
1137
3564
718
3596
1108
3465
1080
2546
1025
3686
1108
3442
1120
3025
912
3574
804
3662
627
3658
1120
3655
1103
3430
1105
3658
1093
3524
1057
2015
628
3954
1108
3608
1122
3435
1087
3531
1095
3538
927
3590
932
3483
872
3498
1143
2905
910
3541
1099
3571
1108
3526
947
3403
982
3415
1100
3618
1075
3465
1135
3438
1075
3435
1130
3586
1115
3496
1107
3483
938
3531
1102
2780
875
3390
937
3435
1157
3726
1107
2048
640
3531
1115
3585
1110
3508
1118
3644
1102
3649
1088
3572
1072
2919
866
3428
1122
3581
1052
3448
1192
3583
1088
3463
1105
3505
1103
3468
1117
3548
1033
2008
640
3420
1088
3361
1076
2660
1085
3639
1143
3488
1110
3478
1132
3518
1123
3420
1108
3704
1120
3490
1137
2776
1065
3631
1083
3432
1112
3581
1100
3570
1138
3348
1137
3513
1075
3636
1089
3683
1085
3583
1098
3398
1123
3540
1085
3531
1107
2932
1122
3591
1092
2037
1150
3390
939
3551
1113
3524
1007
3528
1040
3670
1098
2016
622
3438
1122
2981
824
3593
1110
2688
1120
3716
975
3538
1004
3478
1132
3461
1103
3566
1108
3406
964
3643
1088
3506
1093
3596
1095
3518
1095
2351
1128
3686
1127
3511
1125
3583
1112
3503
1133
3655
900
3443
1120
3596
1120
3463
1103
3546
1103
3385
1097
3400
1106
3551
1120
3380
1035
3624
1077
3648
1005
3596
1102
2917
1082
3606
1130
3551
1084
3573
607
3412
1105
3456
1072
3566
1108
3545
1020
3385
1098
3486
920
3500
1136
3465
950
2857
1093
1987
604
3613
1095
3513
973
3485
1118
3689
1108
3075
920
3621
827
3638
560
3388
1098
3598
1103
2630
1117
3461
1127
3523
908
3586
1105
3674
1085
2905
772
2623
1100
3510
1108
3330
1015
3411
924
2047
612
2694
1090
3428
1100
3435
1113
2763
882
3538
1110
3478
1038
3540
1095
3508
1108
3458
1133
3829
1105
3749
1110
3533
1077
3501
1105
3568
1037
3742
1130
3460
1090
3584
1167
3285
934
3470
1143
3554
1118
3471
908
3686
1080
3561
1130
3302
1103
3598
1120
3506
1133
3471
1080
3447
1080
2130
606
2065
688
3485
1095
2870
1087
3524
934
3573
1095
3425
955
3508
936
3574
1108
3457
935
3703
1105
3556
1132
3725
1040
3502
1098
3090
1131
3481
1072
3771
1138
3468
1092
3601
739
3543
1101
1973
621
3468
1122
3506
1108
3719
1086
3616
9727
3543
1118
3480
1121
3395
1072
3598
1107
3568
1098
2935
1112
3552
1113
3636
1080
3418
1103
3566
1115
3792
1170
3781
1052
3651
1067
3247
1068
3614
1107
3478
931
3456
924
3564
1112
3548
1098
3448
954
3531
1105
3523
1118
3570
1090
3769
1125
3456
1090
3543
933
3646
992
3616
1140
3498
1098
3564
1102
3591
1045
3493
1103
2097
1133
3447
1104
3749
1090
3599
935
3538
1170
3646
1116
2117
1139
3586
1113
2954
1100
1968
1122
3827
1142
3395
1040
3814
1108
3552
1107
3575
1083
3747
1095
3559
1093
3513
1108
3541
965
3400
1092
3458
1121
3428
1117
3358
1059
3438
684
3462
1080
3456
1090
3458
1080
1940
633
3423
838
3995
1092
3073
937
3365
1140
2158
652
3468
688
3347
1085
3536
1118
3442
1098
3481
1120
3418
1108
3460
1091
3628
1110
3481
1095
2975
8666
3525
1097
3521
1093
3470
1100
3541
879
3229
703
2927
1095
3493
1110
3534
1115
3480
1127
3657
1101
3590
1096
3403
1088
3573
1085
2808
887
3458
1125
3505
1121
3666
1105
3420
1100
3472
1107
2086
620
3565
925
3311
1163
2151
1106
3616
1065
3661
1057
3581
1105
2162
628
3608
965
3684
1097
3508
950
3112
829
3633
922
3726
1110
3563
912
3536
1010
3626
1107
3498
1115
3460
1103
3566
9282
3556
1080
3518
1113
3613
976
3793
852
3570
1095
3616
1086
3643
1095
3483
1095
3897
871
3779
1090
3602
1143
3608
1010
3632
1090
3580
1125
3508
741
3518
1102
3696
1082
3512
1090
3716
1090
3704
9499
3631
1122
3486
1105
3664
1097
3521
1092
3426
1120
3383
1080
3665
1130
3643
1117
3472
1083
3505
1113
3541
1098
3493
1121
2051
1163
3574
1126
3839
1096
3466
1125
3626
1098
3541
1113
3510
1145
2988
879
3603
877
3650
1097
2947
866
3137
615
3476
1156
3458
1107
3513
1125
3079
1080
3505
1125
3501
1098
3661
1120
3560
1090
3623
1100
1952
633
3550
1090
3603
1090
3659
1177
3508
1140
3774
1112
3601
1143
3570
1029
3692
469
3456
1163
3641
1125
3685
960
3632
1108
3676
634
3590
1093
3743
650
3671
1085
3192
1128
3763
949
2306
1100
3636
1123
3736
1036
3538
1150
3528
1095
3054
1116
3784
1090
3553
1095
3652
1093
3478
1112
3831
656
3603
939
3704
992
3432
1105
3589
1100
3892
1083
3608
910
3601
1082
2758
841
3606
1117
3622
1098
3791
1110
3538
1109
3688
797
3833
1107
3626
733
3665
1151
3688
1089
3475
980
3766
1108
3583
1138
3804
1084
2905
1137
3746
1120
3721
1099
3696
1030
3528
1098
3631
1033
3651
1100
3663
1090
3562
1117
3506
1110
3679
1102
3561
1113
2083
622
2169
651
2209
624
3703
1103
3611
1118
3631
1115
3748
1130
3606
1092
3706
731
2025
638
3496
1111
3541
1052
3211
1123
3651
1080
3591
1115
3831
1105
3273
951
3593
1136
3506
1075
3721
936
3493
1110
3706
941
3733
1102
3743
1103
3443
1128
3671
1125
3658
1133
3603
1163
3626
655
3906
1100
3628
1080
3956
1093
3582
1125
3636
1107
3671
1079
3538
1083
3769
1116
3784
1120
2106
616
3867
1103
3906
1095
3513
1128
3745
1105
3618
1100
3533
1094
3530
1133
3776
1105
3711
915
3936
1107
3669
941
3440
962
3971
1158
3573
1105
3705
1117
3633
1096
3619
1036
3781
1085
3523
1118
3640
1045
3876
997
3973
1098
3683
1105
3580
1085
4090
1097
3671
937
3533
825
3856
1072
3718
1097
3675
1095
3706
941
3713
928
3771
1138
3541
1145
3564
1078
3581
1108
3674
1077
3533
1073
3777
1100
3533
1030
3585
933
3573
1138
3610
1135
3779
943
3926
1090
3623
1093
3558
9720
3834
1157
3621
1107
3553
1103
3658
1133
3073
1137
3827
1092
3755
1135
3630
922
3560
1135
3653
1090
3824
854
3661
978
3571
1105
3848
1075
3659
1048
3578
1107
3671
1113
3481
1122
3863
1112
3937
932
3741
1196
3630
1088
3726
1100
3857
1090
3407
1151
3751
1100
3528
1133
3749
987
3653
936
3488
1095
3570
1127
3616
1092
3691
1118
3591
1103
3698
1099
3749
1087
3510
1168
3832
1158
3698
1120
3503
1121
3698
1040
3604
1105
3462
1095
3741
730
3768
1064
3500
1097
3548
1127
3716
1130
3543
1110
3593
1093
2225
630
3503
1128
3472
1105
3498
1092
2056
1100
3325
1024
3448
1127
3563
1168
3808
1079
3458
954
3435
1113
3510
1125
2946
8599
3642
924
3543
1102
3412
1108
3551
1116
3703
1110
3543
1111
3425
1083
3485
1095
3540
1120
3526
1121
3521
1093
3474
1113
3458
1110
3518
1108
3493
856
3656
1083
3581
1130
3717
1111
3593
1082
3586
1026
3471
1097
3669
1077
3821
1103
3558
1127
3523
1062
3573
902
3553
1090
3431
816
3559
1100
3594
1128
3481
1031
3396
1087
3741
950
3403
1113
3496
1085
3679
1121
3613
1097
3509
1015
1581
1010
3599
1128
3623
1092
3463
1032
3631
1090
3580
1101
3586
1113
3556
851
3525
1105
3608
867
3515
1093
3702
943
3625
1118
3510
1099
3478
1133
3569
1100
3659
1108
3714
737
3598
1110
3611
965
3646
1116
3676
1005
3580
1137
3704
1102
3503
905
3538
1107
3593
937
3698
1033
3492
1040
3957
1095
3668
1090
3967
1107
3854
1097
3746
1120
3634
1100
3370
1112
3638
1103
2625
760
3434
990
3150
971
3493
1082
3608
1104
3408
904
2193
649
3468
1113
3496
850
3550
889
3581
1116
3694
1016
3603
934
3689
1090
3036
922
3541
1110
3360
1111
3696
1083
2959
1117
3573
1092
3471
1105
3491
989
3431
1007
3600
1092
3593
1121
3450
1116
3528
1097
3530
1118
3595
1093
3600
879
3709
1095
2641
746
2883
1067
3633
1100
3455
1117
3505
1097
3681
1093
3564
1121
3756
1123
3578
1113
3643
565
3536
1123
2697
826
3743
1102
3558
1103
3764
636
3696
1081
3686
1090
3533
1087
3511
1110
3711
917
3679
1090
3746
1092
3706
894
3656
1112
3719
1118
3553
858
3646
1125
3513
954
3646
1022
3583
1110
3563
1112
3639
1143
3501
1107
3704
1085
3608
1093
