3773
1115
3668
614
3495
944
3452
1145
3458
622
3532
1100
3690
1098
3638
1150
3368
909
3663
1208
3604
1125
3031
977
3686
1098
2353
726
3454
877
3491
1113
2795
1085
3593
1130
3443
1083
2991
1185
1886
614
3468
1094
3539
1100
3550
1145
3415
1130
3502
953
3466
1090
3786
1176
3378
1037
3428
900
3247
1075
3511
1107
3400
1103
3458
1120
3417
1100
3415
1087
3483
1090
3496
1108
3551
1188
3539
1110
3586
964
3458
1102
3453
1138
3591
1168
3804
1105
3485
1120
3417
842
3513
1130
2746
895
2755
800
3510
1087
3430
1110
3593
847
3570
482
3618
773
3412
952
3368
1128
3510
1038
3526
1038
3402
1103
3468
1107
3631
1112
3533
1092
2755
757
3454
1108
3636
8548
3435
598
3441
1103
2361
732
3604
1120
3653
1105
3693
1165
3538
1095
3421
721
3531
1150
2757
909
3626
1108
3485
1150
1976
1100
3543
1130
3543
815
3528
856
3472
994
3434
1100
3049
912
3520
985
3017
1014
3496
1105
3512
1093
2261
762
3573
1042
3451
1150
2669
842
2278
1116
3448
1097
1901
617
3481
1065
2861
899
1908
1168
2768
899
3115
884
3595
1108
3518
1087
3493
1115
3645
1023
3746
1148
3536
1107
3013
938
3623
1125
3493
1102
3558
927
3488
1117
3726
1084
3653
1088
2116
1117
3606
891
3558
1105
2858
784
2187
612
2218
554
3471
1115
3493
1099
3609
1092
3598
1083
3470
863
3916
649
3668
992
3559
1137
3403
1130
3568
730
3388
1143
3410
1120
3591
1072
3438
930
3545
1108
3623
1108
3634
1085
1917
1095
3662
1030
3661
937
3484
1147
2551
1030
3540
1123
3471
753
3859
507
3703
1092
3613
1141
3596
1122
3864
1107
3548
1123
3649
1120
3575
1092
3929
1126
3566
1097
3615
1092
3473
1093
3483
1057
3316
1028
3197
1103
3468
1083
3601
1110
3643
919
3496
925
3498
1095
3488
1084
3518
668
2509
1127
3505
1072
3482
1103
2982
817
3576
1108
3405
914
3651
928
3583
1097
3626
1106
2334
735
3534
1020
3065
1085
3601
974
2912
835
3568
914
3677
1107
3638
1092
3423
1105
3540
1127
3503
1086
3488
1047
3806
1090
3460
797
3456
9698
3662
1122
3716
1120
3521
1137
3471
1109
1996
1113
3505
1088
3327
1068
3478
1115
3561
965
3570
1110
3441
1105
3763
1085
3461
931
3388
1107
3436
1115
3435
1110
2733
1120
3475
1110
3440
932
3693
910
3528
1092
3468
1143
2987
934
2195
9767
2929
1098
3433
1136
3734
1088
3481
1128
3652
1075
3390
1120
3438
1087
3563
1057
3556
960
3428
634
3559
1105
3541
1028
3555
1125
3635
1105
3553
1113
3486
1107
3398
1090
3410
1120
1985
667
3461
1060
3518
1122
3564
1132
3543
950
2232
695
3481
1048
3593
954
3485
1084
3104
1107
3420
637
3618
1107
3546
9592
3653
1113
3445
1112
3593
805
2169
640
2798
1135
2056
630
3636
1097
3788
825
2644
836
2103
639
3089
1066
2878
1090
3460
890
3561
850
3295
1102
3689
1143
3428
1161
3473
1123
3491
1115
3493
1113
3460
1097
3600
809
3446
906
2023
1153
3448
555
3446
1118
3596
965
3063
727
3326
1109
3548
1097
3478
1127
3600
1100
3460
1073
3518
922
3526
1120
3588
1098
3596
1101
3481
964
3518
922
3558
1103
3433
1097
3608
1105
3663
1100
3511
1113
3423
1116
3536
1153
3503
1101
2986
956
2803
1120
3593
1108
3706
1111
3443
1125
3643
1108
3468
935
3431
1118
3532
985
3593
1102
3621
1092
3473
1087
3424
1117
3620
9522
3505
1097
3794
1053
3593
1097
3043
897
3569
935
3404
1105
3438
1117
3611
1090
3430
937
3640
1099
3600
1097
3688
915
3568
1093
3260
922
3580
1117
3412
1042
3656
889
3305
1245
3524
1103
3458
1102
3433
1110
3074
1187
3621
1023
3633
970
3410
1113
3536
1095
3786
880
3721
1128
3488
1107
2909
959
3538
1113
2725
881
2142
1107
3568
1120
3524
1095
3523
1109
3508
1105
3593
1052
3480
1100
3606
929
3421
1110
2635
1108
3531
972
2969
840
3553
1125
3598
1110
3553
1118
3622
1100
3831
1085
3566
632
3505
939
2927
1083
2047
9865
3415
1068
3478
1123
3558
1098
3485
1105
3663
1019
3373
973
3548
1083
3548
1108
3711
1101
3583
1105
3493
1105
3508
1118
3483
1073
3528
1097
3693
1097
3575
1100
3511
1129
3549
1078
2898
808
2562
787
3766
1098
3338
1108
3214
1130
3596
1024
3505
1105
3506
1145
3528
1130
3505
1072
3438
943
3524
890
3418
1112
3814
1095
3583
1125
2754
831
3495
1099
3661
1090
3548
1095
3626
1140
3522
1071
3556
1131
3605
1088
3508
872
3526
1112
3605
1089
1973
1092
3462
1123
3428
1097
3530
950
3676
744
1979
1110
3498
1095
3566
1085
3641
943
3646
910
3458
1092
3400
1092
3260
1063
3555
1095
3430
948
3546
1067
3536
1105
3538
1143
3615
1112
3474
1108
3318
1067
3510
1093
3428
730
2009
927
3738
1090
3393
1108
3598
1113
3518
1075
3550
1098
3551
924
3533
1110
3608
980
3506
1112
3425
1118
2010
932
3516
1135
3493
1100
3591
1103
3686
1108
3060
1003
3608
1130
3598
1110
3304
908
3614
1135
3661
940
3461
1105
3500
1088
2735
1128
3535
1103
3775
1100
3574
1108
2963
1087
3766
1113
3608
1115
3425
1088
3506
1113
3511
1132
3483
1102
3520
908
3636
1135
3604
1093
3551
1105
3584
1125
3496
872
3559
1033
3478
1125
1999
597
3566
967
3689
1092
3503
568
3578
1117
2526
802
3448
601
3493
1127
3536
1120
3513
1118
3528
1125
3451
931
3451
1080
3441
1118
3610
1100
3488
1092
3398
1111
3560
1115
3590
1130
3465
1113
3598
1102
3575
1123
3669
1122
3614
1085
3560
1107
3598
1095
3503
1093
3646
1090
3706
1110
3636
1103
2778
1123
3528
1105
2053
656
3491
1096
3575
1095
3383
1098
3623
908
3671
1083
3491
1125
3556
1117
3450
1096
3575
1100
3531
1103
3418
1098
3798
1145
3666
941
3583
1092
3615
1090
2897
1097
3472
1122
3568
1135
3551
839
3541
649
3659
1130
2901
842
3556
984
3591
1100
3591
1097
3553
1075
3405
1097
3641
977
3548
1145
1976
627
3456
1087
3501
1111
3503
1115
3568
1135
3605
1108
3593
1091
3528
1115
3420
1088
3390
934
3438
1079
3413
1088
3610
1122
3433
950
3639
902
3706
1118
3503
1110
3448
1100
3528
1108
3595
1095
3513
1083
3588
1105
3610
1095
3555
1122
3515
1102
3500
1031
3610
1120
3363
894
3568
1120
3515
1126
3581
1127
3473
1100
3503
1093
3636
1108
3453
1113
3576
1090
3576
1096
2706
909
2924
935
3518
1117
3460
1165
3573
1090
3373
1105
3476
633
3540
952
3603
1033
3730
1111
3543
1107
3566
1123
3484
1092
2047
1110
3651
1082
3548
1108
3566
1125
3651
1102
3709
1095
3644
1112
2967
779
3626
1110
3684
1088
3666
1105
3448
1095
3563
1115
3588
1197
3636
1120
3556
1085
2876
762
3633
1081
3733
1075
3481
1107
3388
1117
3461
1099
3418
985
3581
1140
3618
865
2214
628
3576
1095
2342
1097
3540
1100
3717
1115
3573
1093
3650
1093
3819
698
3546
1100
3530
1092
3620
730
3756
1137
3398
1117
3511
1105
3538
1103
3553
874
3694
1153
3708
1095
3651
1092
2908
796
3601
1120
3618
1105
3534
1115
3533
972
3769
1120
3458
1099
3530
1157
3789
1054
3531
1145
3555
972
3603
856
3636
1115
3566
972
3579
1120
3766
1117
3551
1123
3594
1095
3079
885
3681
1179
3532
1092
3235
920
2206
1114
3832
1125
3651
1132
3574
1090
3518
975
3591
1108
3618
1104
3741
917
3636
1157
2884
862
3584
931
3696
1113
3618
1095
3430
561
2922
832
2191
647
3649
1113
3719
825
3112
885
3649
648
3593
1127
3629
1093
3915
1067
3656
856
3110
912
3713
1137
3573
1100
3505
1095
3570
943
2701
651
3822
1090
3761
943
3753
1093
3819
1085
3650
1140
3654
1048
3776
1108
3738
836
3704
1085
3613
1116
3605
1092
3873
1118
3615
1121
3656
1110
3162
937
3814
1121
3721
1120
3653
1102
3736
1104
3644
1098
3516
1117
3685
1110
3588
1123
3814
1038
3605
1130
3568
1095
3713
1003
3432
1097
3863
973
3556
1118
3654
1068
3909
1123
3932
1156
4034
1098
3806
634
3573
931
3658
1128
3633
1107
3738
1108
3593
800
3784
1073
3636
977
3450
540
3700
1125
3553
1120
3686
1107
3656
974
3656
1142
3871
890
3110
941
3581
1102
3754
1085
3638
1100
3874
1095
3618
924
3707
1107
3719
1113
3708
977
3843
1130
3772
1063
3595
992
3814
947
3586
1105
3023
1095
3696
1111
3639
1039
3483
1100
3899
924
3578
1124
3125
1110
3658
1097
3604
609
2168
627
3884
1093
3664
1093
3583
1083
3707
1075
3669
1130
3661
1095
3721
1085
3756
1078
4320
1085
3551
1128
3595
9292
3611
1095
3558
1135
3686
1107
3545
1090
3102
921
2948
8133
3591
1123
3754
1110
3732
1118
3786
1122
3806
1213
3631
1084
3669
972
3784
868
3675
943
3644
1125
3868
1112
3703
1117
3372
1110
3553
1110
3831
914
3638
1085
3523
1130
3593
972
2555
678
3819
1092
3070
825
3654
1110
3628
931
3591
1133
3546
1094
3601
1095
3590
920
3819
1087
3438
1032
3784
1007
3715
1100
3721
1092
3552
1078
3660
1118
3711
1123
3695
1042
3620
1143
3498
924
3564
803
3781
1130
3621
866
3738
1130
3269
802
3596
1108
4087
1131
3648
1115
3526
1115
3883
1090
3613
1080
3694
1092
3633
1110
3581
929
3741
1110
3806
1110
3783
1117
3691
1148
3691
913
3807
1093
4010
932
3751
1110
3453
960
3488
538
3668
997
3007
822
3708
1105
3598
1075
3398
1105
3109
924
3565
1100
3416
813
3615
1112
3511
1120
3729
811
3498
1087
3624
1074
3437
1097
3553
1103
3528
1110
3686
1113
3468
1045
3691
1088
3493
1095
3531
1107
3628
1133
2942
1095
2863
830
3664
1098
3641
1077
3571
1098
3759
995
3528
1093
3636
942
3175
799
3516
1118
3488
1085
3697
1160
3578
1073
3531
1092
3561
1158
3676
1108
3728
1098
3647
1093
3446
1117
3531
1113
3571
1135
3525
1118
3074
920
3463
1105
3641
1125
3659
1147
3491
953
2889
926
3541
1130
3563
1131
3718
943
2896
860
3741
1090
3515
1112
3433
1098
3501
1096
3011
10962
3839
946
3573
1125
3508
948
3387
1108
3488
1113
2672
826
3533
1120
3650
1115
3608
1115
3578
927
3679
932
3516
1107
3013
1091
3626
1155
3626
1102
3608
1052
3639
1108
2617
807
3591
1080
3608
1120
3601
1100
3530
1095
3749
1110
3410
1118
3428
1123
3506
1130
2853
727
3554
1137
3616
927
3751
1105
3613
951
3463
1078
3426
1125
3588
1072
3573
1105
3688
840
3613
1150
3709
1131
3668
1097
3536
958
3658
920
3541
1075
3089
1110
3523
974
3531
908
3651
1113
3624
1105
3696
1077
3609
965
3813
957
3505
1110
3408
1015
3528
1126
3478
1107
3653
1094
3673
1029
3535
919
3581
1108
3658
1118
3729
1095
3628
974
3624
1094
3525
1120
3611
1020
3538
1116
3556
1105
3542
1128
3969
933
3553
896
2169
606
3694
1120
3020
918
3068
935
3460
1098
3494
1085
3005
926
3783
1097
3636
1085
3541
1137
3606
1115
3685
1147
3312
974
3719
1122
3618
1161
3754
1123
3485
1127
3550
625
3398
1130
3688
1135
3247
1115
3478
1042
3768
561
3631
1115
3598
1087
3761
1105
3631
1087
2069
9754
3648
1095
3794
1101
3714
1106
3781
9847
3727
932
3544
1130
3542
1113
3581
1138
3530
791
3628
1108
2969
929
3555
1095
3476
1150
3616
926
3653
1022
