3578
1103
3538
615
3566
956
2937
932
3416
1106
3550
1205
3480
1157
3445
1112
3425
1085
3043
1098
3461
1097
3618
888
1980
1102
2268
741
3488
1175
1884
619
3543
1099
3608
1097
3433
1089
3493
1096
3440
1131
2878
954
3473
1093
3406
943
2997
1121
3458
1103
3447
1110
3606
1100
3378
917
3544
1080
3431
1102
1964
610
3480
1097
2504
809
3422
922
3448
1054
3481
1172
3405
1092
3544
1082
3509
1115
3400
1105
2677
1091
3448
925
2364
772
3574
960
3601
1110
3408
1106
3492
1093
3426
912
3586
1110
3554
1083
3473
1002
3468
1008
1523
1155
3548
947
3550
1110
3638
1095
3691
960
3465
962
3466
877
3518
1107
3608
772
3648
1007
3576
1080
3526
1106
2974
891
3383
599
2677
800
3468
741
3669
1152
3530
1104
3500
1118
3510
1112
3605
804
3599
1027
3452
9932
2053
612
3515
1050
1930
1133
2322
712
3546
818
3494
1126
3423
1110
3440
1110
3486
1098
3601
893
3480
1122
3474
1102
3390
835
3498
1120
3445
1088
3475
1094
3648
1113
3503
1090
3426
1098
3636
852
3493
1110
3433
1110
3631
584
3564
1095
3736
1112
3620
738
3458
1105
3541
1096
3731
1148
3342
947
3591
1140
2853
922
3475
1072
3528
945
3598
1123
3959
1095
3644
1112
3014
1110
3543
1117
3572
1065
3423
922
3226
842
3443
972
1917
1108
3535
1107
3458
1123
3541
1105
3398
1080
3530
995
3686
990
3536
1095
3676
1012
3443
1097
3458
1098
3515
1090
3542
1105
3744
1058
3618
1015
3431
994
13173
1083
3681
923
3461
1104
3558
1098
3631
937
3484
1115
2671
1130
3488
1110
3766
1105
3591
604
3496
1132
3568
924
3503
1103
3299
1096
3565
1118
3716
1128
3919
1095
3631
1112
2778
742
2593
598
3515
1100
3466
936
1980
612
3643
1123
3539
1106
3711
1108
3486
1136
3566
1090
3558
882
3626
1089
3421
920
3410
1077
3703
1095
3589
1095
2958
783
3669
1095
3733
1038
3934
1143
3688
1135
3753
1122
3601
729
2899
1158
3560
935
3564
1120
3749
1070
3430
1087
3574
1106
3585
937
3658
823
3894
1083
3545
1103
3710
1137
3094
945
3506
1097
3462
1099
3403
1087
3538
845
3566
1110
3458
1100
3445
619
3478
1092
3566
1095
3360
930
3614
1095
3483
1137
3480
1108
3531
1103
3536
1088
3482
942
3561
1133
3420
1093
3445
1092
3481
939
3393
847
3598
1128
3609
1082
2892
884
3781
947
2085
601
3058
1105
1905
1105
3651
1105
2471
1107
2186
1131
3553
1115
3556
1095
3417
1093
3575
1087
3356
631
3573
1132
3498
1095
3606
1115
3771
1093
3450
1183
3638
1140
3513
948
2851
1081
3438
939
3571
1133
3480
1125
2609
1093
2295
1085
3456
700
3428
1127
3536
1118
3418
1015
3544
1098
3634
1112
2992
810
3588
1082
3523
1125
3641
1103
3592
1140
3616
1109
3482
1135
3413
546
2682
1097
3031
927
3403
1186
3530
1122
3541
1105
2984
1100
3477
942
3509
945
3523
1087
3515
1135
3472
1080
3422
1102
3528
1100
3686
1117
3570
1090
3556
1097
3460
1084
3558
1097
1973
630
3573
1107
3827
893
3644
1096
3638
882
3257
903
3241
1140
3530
1141
3450
992
3511
929
3482
1095
3455
1110
3784
1100
3535
920
2935
1138
3428
990
3018
1105
3701
1082
3854
1122
3503
1130
3438
1087
3418
993
3485
1143
3531
945
3635
9332
3430
1095
3478
1113
3633
910
3463
1114
3433
1038
3457
1108
3457
926
3447
1112
3453
914
3831
1115
3508
950
3799
1097
3513
1115
3466
955
2835
842
3691
879
2063
631
3588
764
3448
1043
3578
1006
3011
1102
3747
1040
3569
1107
3644
1105
3541
1113
3470
1115
3628
1133
2567
1110
3402
637
3610
1105
3548
953
2930
1033
3472
1122
3435
1083
3101
906
3492
1118
3448
1112
3480
962
3443
1115
3458
1112
3406
1192
3473
1128
3523
1100
3539
1110
3581
1117
3533
1120
3493
885
3488
1118
3598
1103
2055
1165
3546
1103
3623
1057
3434
1100
3367
907
3676
931
3093
796
3606
1093
3583
1100
3403
1019
3561
858
3386
962
3129
809
2980
903
3846
1110
3493
629
3536
1038
3523
1162
3561
1095
3458
1113
3528
1117
3566
964
3678
1030
3593
1100
3636
1100
3460
1108
3560
1119
3511
1115
3515
1105
3531
1097
3707
1117
3595
1112
3435
1120
3148
1123
3011
1107
3648
1140
3499
972
3525
1100
3548
1105
3593
1085
3621
1105
3428
1080
3628
1142
3358
1110
2855
1111
3568
1130
3416
1108
3563
1016
3559
850
3555
1122
3668
1120
3643
960
2054
678
3463
1110
3546
1040
3563
1138
3541
1117
3619
1092
3422
1131
3295
1040
3653
1095
3470
1120
3618
1083
2115
954
3412
1114
2057
1118
3634
642
3528
1117
3546
932
3526
1158
1994
9772
2367
698
3621
1113
3553
1093
2940
931
3554
885
3546
1082
2262
1061
3548
1100
3548
1098
3488
1170
2776
1110
3478
1082
3466
1095
3686
1138
3508
1118
3476
1085
3651
1063
3483
9633
3053
817
3518
1115
3661
1162
3458
1133
3631
1117
3611
641
2103
11941
3424
1026
3020
1122
3551
1115
3744
1096
3548
1123
3512
1110
2945
880
3386
1108
3574
1098
3608
1123
3454
1108
3488
727
3433
1110
2026
1098
3764
1109
3538
1095
3648
614
3581
627
3657
1095
3500
1130
3506
1113
3661
1100
3443
1100
3769
1198
3583
1105
3560
894
3591
1010
2960
1218
3720
1066
3545
1102
2057
623
2172
657
3605
990
3658
1123
2991
860
3504
1103
3909
1105
3471
1142
3453
1095
3506
975
3580
1083
3550
920
3476
1102
3475
1116
3520
1110
3450
1102
3377
1092
3462
1085
3508
1118
3533
1098
3678
1120
3789
1090
3688
1072
3480
950
3470
1112
3500
1133
2539
808
3639
1127
3437
965
3570
1095
2755
898
3443
1107
3616
1102
3443
1115
3731
1120
3513
967
3463
1032
3759
1113
3357
965
3495
1124
3538
1120
3544
1102
2673
815
3668
1082
2061
1132
3892
1185
3013
1118
3468
1095
2950
933
3401
1125
3511
1120
3600
1108
3540
630
3403
1130
3598
1102
3650
1120
3571
1120
3513
1090
3583
1106
3502
1110
3498
1090
3488
1116
2020
9695
3484
1095
3472
1097
3406
1088
3628
1087
3508
1095
3408
902
3575
1123
3534
1127
3515
1114
3486
1178
3382
1098
3422
1113
3596
635
3754
1095
3713
1125
3633
1110
3511
1137
3415
1078
3563
1102
3446
1097
3643
932
3452
1123
3543
1125
2910
792
3435
1094
3603
1052
3598
1045
3476
809
3621
1121
3565
1133
3503
1117
3488
970
3551
1108
3516
1014
3588
1082
2200
1193
3454
1067
3548
8797
3638
1033
2742
1086
3463
973
3581
1145
3536
877
3481
1105
3711
1120
3686
1089
3666
1105
2376
660
3491
1095
3531
561
3563
1082
2616
9720
3448
1085
3476
1083
3231
1054
3524
1122
3729
1100
3568
1120
3543
1107
3586
1125
3599
1120
2060
1101
3538
1025
3473
1128
3801
1118
3861
1148
3425
1092
3513
1100
3719
1095
3491
1103
3658
1108
3568
934
3571
1077
3380
1064
2124
669
3488
1157
3381
1100
3678
942
3538
944
3398
1096
3570
1108
3593
1097
3798
1138
3314
1113
3714
749
3523
1065
3498
1111
3540
927
3609
814
3558
910
3771
1103
3719
1113
3510
1083
3425
1047
3525
1090
3316
928
3616
1100
2899
858
3536
1114
3514
1123
3606
1115
3648
1128
3684
1120
3628
1098
3525
885
3561
1092
1942
10849
3508
1137
3516
1110
3628
1108
3460
1115
3445
856
3593
1136
2284
635
3553
9774
3776
1137
3738
1115
3772
1102
3611
1092
3526
1095
3503
1053
3510
956
2316
634
3206
838
3749
865
3475
914
3568
1067
3779
1033
3563
873
3701
1067
3705
633
2996
1105
3977
902
3837
1093
2955
825
3816
1112
3598
974
3616
1090
3481
882
3239
956
3789
1120
3573
1094
3480
1101
3518
1098
12539
1112
3734
1127
3623
1136
3629
1085
3501
1099
3788
1090
3620
1128
3633
925
3630
1120
3692
1075
3678
1118
3498
1095
3279
829
3799
1093
3666
1108
3724
1120
3309
937
3610
1107
3678
1121
3586
1105
3598
953
3788
1125
3403
1105
3711
1110
3511
1108
3548
1119
3620
1077
3513
1080
3578
1054
3575
1085
3570
1095
3570
1022
2772
1106
3650
1113
3668
1123
3628
1145
3548
1038
3636
1110
3656
1097
3681
1098
3735
856
3759
1118
3742
1092
2292
624
3551
1120
3678
1030
3575
1080
3736
1128
3660
1128
3536
1128
3827
1121
3473
1092
3912
927
3508
1103
3574
1130
3713
1127
3443
1127
3553
1117
3959
911
3638
1162
3545
891
3944
1019
3754
1100
3753
1081
3861
1077
3829
1082
3716
1157
3621
1095
3723
892
3536
1122
3882
1073
3864
1120
3545
1096
3606
1100
3781
1075
3629
920
3546
972
3488
1102
3771
1106
3513
1100
3583
1100
3596
1078
4546
1095
3516
1123
3539
1117
3754
9406
3638
1122
3706
1101
3801
1122
3614
1106
3633
844
3515
1117
3393
1110
3805
1092
3826
1077
3531
1039
3448
985
3478
1091
3756
1142
3505
1107
3736
1093
3743
957
3929
1096
3621
1075
3693
1110
3746
938
3681
1080
13013
1102
3431
1035
3613
830
3705
1102
3708
1112
3791
1110
3802
972
4037
1110
3543
1128
3129
923
3688
1115
3734
1120
3708
1105
3698
1151
3801
1125
3718
1072
3481
1093
3548
1120
3869
1107
3568
1052
3604
1114
3696
1116
3698
1105
3843
932
3698
948
3588
935
3856
882
3761
1095
3568
1003
3628
1178
3488
1115
3559
1098
3682
1102
3831
1100
3679
1108
3664
1108
2973
790
3623
1097
3954
1085
3633
9645
3511
1107
3608
1100
3511
1102
3636
942
3596
1118
3498
1090
4039
1128
3889
1077
4019
1018
3589
1022
3706
1083
3638
943
3621
1050
3689
1130
3486
1075
3673
1005
3548
1090
3884
1058
3115
1097
3510
1077
3667
1087
3536
1125
3534
1100
3681
1029
3716
1142
3725
1093
3430
1136
3594
1113
3616
1098
3584
838
3440
1115
3533
1129
3989
1110
3626
1118
3494
1087
3741
922
3535
1098
3626
1113
3620
935
3661
1123
3623
1080
3498
957
2906
943
3616
1087
3668
1117
3729
1010
3726
1100
3601
1092
3077
920
3498
1100
3508
1098
3759
1093
3630
1113
3438
1010
3007
812
3724
1113
3553
1075
3578
1148
3734
1082
2337
606
3543
1042
3523
1085
3554
914
3488
1115
3543
1133
3731
1101
3638
1077
3478
1130
3511
1111
3506
1093
2054
602
3475
1134
3478
972
3523
1088
3476
1043
3596
793
3558
1100
3515
1098
3523
1123
3558
1175
3432
1125
3944
1078
3022
802
3825
1082
3559
752
3499
922
3665
1113
3656
1097
3740
1090
3598
916
3681
1092
3764
1115
3749
1125
3264
844
3724
1133
3588
1109
3616
1085
3473
1002
3488
1198
3530
1103
3435
768
3471
1128
3518
1133
3849
1098
3370
1157
3719
933
3668
1082
3488
1123
3495
924
3522
938
3561
724
3452
1049
3591
1095
3523
1150
3614
1038
3470
619
3558
1110
3904
11345
3500
1085
3623
1120
3563
1059
3693
866
3585
1122
3548
1113
3610
1188
3536
944
3822
1090
3786
1120
3581
888
3163
1123
3616
1115
3470
1135
3626
1117
3616
1095
3129
544
3728
1068
3571
1122
2885
864
3548
1104
3671
1106
3721
1097
3656
1078
3664
1135
3496
1132
3491
1120
3458
1090
3438
1160
3759
1113
3761
1112
3142
951
3686
1078
3709
1105
3561
1100
2817
729
3521
960
3482
1118
2125
648
3508
968
3518
1113
3564
1102
3247
1098
2023
1085
3749
775
3588
1137
3611
1103
3922
1140
3585
910
3671
945
3435
1042
3606
1103
3618
900
3563
1122
3528
926
3673
1105
3779
1092
3559
1093
3757
1130
