3451
1110
2842
637
3453
1078
3448
897
3426
1155
3538
1110
3538
1148
3418
1123
3486
1123
3463
929
3442
862
3543
1153
1944
1108
3435
772
3478
9542
3466
464
3506
1095
3446
962
3420
1123
3346
1125
3380
997
3701
972
3574
1087
3441
920
2913
1085
3491
1112
3548
1098
3468
1133
3585
1090
3460
1099
3483
1133
1937
618
3521
1100
2504
815
3610
1088
3523
1108
3453
1091
3403
1082
2909
1131
3526
1130
3498
1097
3585
1095
1987
1029
3491
1123
2980
1102
3565
1098
2601
846
3541
1123
2300
800
2750
1125
2646
804
3576
1143
3425
992
3468
1116
2900
741
3528
1108
3450
1122
2896
821
3403
964
3585
1216
3488
1167
3098
920
3568
1108
3929
1102
3645
1108
3418
742
3468
546
3516
1080
3478
747
3610
1135
3698
831
2922
943
3671
1105
3678
1130
3476
1035
3551
983
1965
607
2899
932
3493
1095
2748
739
2038
614
3633
1150
3445
984
3523
911
3420
997
2390
706
3495
1155
3416
1083
1959
609
3468
1110
3628
1106
3470
1203
2760
1114
3553
1079
3535
1113
3475
852
3448
1085
3476
1097
3525
620
3643
764
3550
1097
2451
728
3453
1085
1807
559
2985
922
3473
1113
3588
1108
3538
1109
3513
1110
3510
1115
3511
1112
3768
1106
3685
1078
2909
1117
3415
932
3651
937
3433
1087
3516
1080
2019
616
3464
847
3513
1107
3424
1110
3511
1084
3606
1082
3751
1093
3556
1070
3503
1095
3475
1128
3611
1113
2397
879
2974
1090
3406
967
3484
1090
3413
1007
3453
1122
3791
1130
3598
975
3416
1086
3463
1118
3664
1083
3591
817
3578
1088
3538
1107
3440
1126
3486
605
2837
874
3562
956
3696
1085
3175
1118
3628
1097
3692
1126
3549
1133
2953
934
3606
1082
3473
1112
3811
1100
3446
992
3526
595
3503
1148
2440
739
3566
9910
3442
1133
2809
1093
3650
1137
3681
1138
3373
1010
3511
1115
3486
1135
3463
1132
3586
972
3696
1120
3639
844
3924
1123
3646
1105
3006
920
2470
744
3446
902
3524
1090
2933
1092
3438
1105
3580
1080
3701
1153
3513
1092
3586
1106
3505
750
3669
1133
3598
1131
3581
997
3501
1102
3561
1127
3598
1092
3598
1098
2679
836
3483
1107
3345
1115
3448
1095
3480
1093
2587
1069
3544
1107
3464
977
3488
1131
3545
1128
3713
1113
3656
1102
3425
1095
3488
10113
3473
1103
3518
965
3424
650
3666
1138
3579
1097
3518
944
3556
1100
3546
1097
3482
1110
3563
1103
3493
1095
3654
1087
2187
1137
3645
1127
3443
1133
3480
1035
3560
1150
3516
1185
2925
907
2891
1125
3702
1110
3853
1077
3521
936
3560
1097
3418
1095
3388
1115
2955
1118
3606
973
3498
1138
3551
1107
2152
1133
3424
1104
3583
1042
3585
10080
3460
1090
3588
1093
3493
1027
3493
950
3628
1085
3445
1078
3513
1109
3510
1120
3498
532
3450
1105
3411
1023
3546
1120
3510
1093
3506
1007
3646
1080
3565
1090
3603
1100
3513
1090
3392
1100
3531
978
3789
1115
3358
957
3526
1153
3606
1128
3073
1120
3564
990
3575
1080
3603
1125
3603
1145
2316
710
3538
1130
3438
1100
3723
952
3524
826
3464
1125
3581
1110
3066
1127
3510
1082
2381
774
3437
1080
3582
1082
3511
1021
3502
1091
3196
1045
3465
889
3901
1117
3548
982
3643
1127
2913
1120
3535
1095
3498
1093
3516
1110
3493
962
3555
1107
3646
1092
3472
1118
3520
1117
3398
1123
3378
1128
2873
850
3407
1113
3390
1095
3496
875
2802
837
3512
1113
3520
1100
3201
1028
3599
943
3546
820
3583
877
3425
636
3447
1101
3514
1022
3669
1117
3446
1113
3568
967
3568
1082
3445
1098
3686
1110
3032
951
3748
1105
3425
942
3669
632
3610
1130
3501
1133
3526
1110
2971
1130
2952
810
3631
1103
3658
1100
3009
1122
3648
1093
3544
1107
3616
1085
3696
1100
3666
1098
3549
1102
3523
1100
3681
1128
3543
1100
2912
930
3541
1082
2626
1068
3516
627
3628
1089
3333
1073
3478
1073
3797
1147
3386
947
3603
1118
3493
1115
3566
1113
3581
634
3656
880
3716
1128
3443
1098
3599
1021
3613
1075
3410
1088
3434
1123
3639
1052
3505
1110
3698
982
3440
1022
3528
1039
3530
826
3023
1115
3534
1122
3593
1113
3458
1090
3618
928
3388
1102
3721
1100
3797
1080
2353
732
3681
1125
3626
1130
2895
764
3465
1093
3724
1050
3518
1080
3131
1098
3347
918
3523
1118
3605
1095
2170
641
3465
1105
3535
1092
3478
909
2855
800
2912
1043
2902
868
3598
1135
3536
1108
3583
972
3693
1097
3638
1110
2389
996
3618
1112
3498
913
2168
619
3421
1118
3385
1136
2018
1125
3368
1107
3483
1112
3428
1120
3460
1142
3583
854
3511
1075
3645
1118
3651
1113
2833
882
3551
1097
3583
615
3518
1020
3704
1110
2738
1132
2887
876
3505
1107
2371
1028
3480
1121
3518
1108
3528
1087
2324
743
3498
1110
3533
1093
3558
1105
3423
1092
3620
9484
3564
1125
3421
948
3411
920
3543
1123
2826
1115
3599
1148
3470
1122
3671
1125
3545
1112
3518
1178
3654
1097
3643
870
3631
1132
3475
1125
3450
1133
3691
875
3490
1081
3583
1118
3604
1084
3416
1096
3521
838
3491
1147
3643
1108
3510
1130
3504
1094
3661
616
3514
1088
3643
1130
3536
942
3558
1100
3475
1115
3538
1123
3616
1140
3526
1183
3621
9434
3701
1090
3631
1097
3676
1038
3538
1115
3455
530
2091
602
3501
1095
3508
867
3503
980
3528
1095
3483
1128
3636
1092
3493
1115
3515
920
3548
1043
3536
907
3372
1103
3581
1176
3420
1115
3438
1123
3578
1135
2823
878
3522
1099
3669
1117
3576
938
3673
1098
3787
1027
3556
1082
3804
1110
3549
1102
3554
789
3466
1096
3408
1130
3552
1100
3538
1095
3643
1117
3678
1022
3714
1088
2776
1127
3628
1052
3576
1120
3098
791
3610
1102
3458
1030
3564
1105
3478
1127
3541
1097
2926
1095
3530
859
3058
9473
3646
1122
3488
1126
3630
1111
3791
1115
3516
1135
3444
1076
3420
10970
3493
1102
3716
902
3743
1095
3608
1126
3642
1120
3576
1125
3836
1129
3428
1002
3581
1093
3586
1137
3433
1107
3661
1102
3521
1076
3431
1118
3566
1030
3373
969
2139
1106
3598
1105
3405
1128
2070
601
3491
1118
3463
1086
3681
954
3386
1035
3556
1133
3488
1142
3503
1107
3548
1095
3533
1105
3412
1123
3425
1116
3443
1107
3608
1138
3486
1077
3526
874
3526
1098
3535
1110
3431
1122
3538
1085
3606
1098
3481
1103
3485
1036
3708
1080
3548
919
3503
1125
2109
635
3690
1087
3391
1065
3412
1102
3563
1113
3611
935
3536
955
3902
875
3588
1138
3716
1110
3776
1085
3660
1109
3520
627
3574
1130
2790
1083
3578
948
2405
686
3513
1105
3835
1105
3808
1077
3668
1040
3519
1131
3533
970
3668
1125
3676
999
2792
1088
3458
618
3583
1100
3600
1095
3608
1136
3541
1040
3568
1128
3543
1117
3585
1096
3020
1108
3425
1085
3596
1120
3558
1092
3688
1120
2267
627
3861
1108
3500
1085
3505
1110
3515
1090
3383
1080
3718
1092
3616
1056
3663
1108
3588
1102
3506
1117
3538
1147
3461
1108
3595
935
4009
1128
3121
935
3506
1113
3765
1115
3642
1095
3611
1115
3609
1110
3513
956
3530
1092
3373
985
3413
1095
3844
1109
3440
892
3741
968
3563
1120
3769
1100
3548
1032
3625
1128
3510
942
3554
1103
3475
1132
3413
1141
3561
1107
3538
1130
3538
1120
3488
635
3586
1105
3744
1100
3857
1098
3453
1133
3581
1113
3568
822
3528
1123
3706
952
2059
627
3568
1113
3051
880
2399
1095
3658
1110
3746
1106
3481
1155
3691
1110
3566
1115
2743
812
3533
747
3538
1173
3716
1002
3631
1120
3721
1106
3461
1077
3618
916
3255
1095
3568
1105
3899
1090
3663
1127
3528
1107
3546
947
3069
847
3723
1133
3811
1151
3500
1123
3904
920
3606
1110
3608
1125
3630
1098
3794
1087
3628
1108
3585
1095
3043
889
3808
1093
3589
977
3583
1133
3644
943
3653
1105
3589
1037
3495
966
3060
815
3485
1110
3629
1085
3751
1037
3551
1088
3568
950
3541
1115
3676
1119
3639
1097
3771
1077
3612
1135
3672
924
3207
941
3681
912
3544
1098
3736
1074
3503
1034
3520
1122
3588
887
3596
1090
4120
1095
3401
1100
3573
955
3721
1111
3618
1127
2716
812
3633
1091
3646
1127
3618
1188
3581
1125
3909
1120
3773
1142
3598
905
3638
1143
3814
1127
3764
1158
3641
1165
3671
1102
3969
892
3416
906
2810
1033
3037
932
3736
1105
3678
1100
3628
1098
3653
1094
3768
1100
3560
1142
3217
1110
3639
1112
3734
1083
3816
1085
3645
1113
3655
1082
3791
1133
3841
1153
3548
1123
3601
1110
3757
1020
3636
1017
3506
1095
3576
1120
4269
1181
3849
1080
4020
1158
3693
1118
3668
1150
3462
1128
3643
9614
3676
1098
3593
1092
3794
1141
3606
1118
1973
601
3595
1120
3709
933
3634
1092
3121
1098
3863
1095
3694
1122
2211
1088
3676
1062
3696
927
3781
1004
3718
1075
3623
1019
3681
1075
3745
1092
3459
1049
3596
1103
3565
1024
4069
1095
3566
1087
3253
8276
3351
903
3545
1216
3595
909
3711
1123
3531
1105
3864
1120
3633
940
3701
1090
3608
1033
3777
1108
3691
1128
3443
1117
3681
1120
3854
1112
3436
1100
3579
912
3927
1110
3593
1102
3696
916
3673
1117
3779
1090
3716
1043
3594
1135
3786
1160
3661
937
3795
1100
3831
1090
3653
1093
3728
1050
3769
1123
3572
1137
3731
1105
3556
1100
3625
1108
3643
1140
3709
1103
3589
1078
3448
1087
3388
1107
2740
1124
3869
988
3756
1092
3721
1096
3719
947
3528
945
3721
1106
4002
1100
3704
992
3839
1105
3591
731
3651
1111
3574
1092
3523
1133
3674
1123
3430
1093
3488
1103
3610
1019
3703
1093
3551
1103
3365
1033
3708
1127
3533
1087
3558
1135
3463
1137
3468
1100
3483
1097
3568
1102
3651
1117
3628
1089
3553
1002
3588
1113
3149
934
3604
1123
3468
1127
3486
909
3555
1116
3571
1126
2022
9913
3286
920
3448
1028
3558
976
2971
935
3638
838
3588
1108
3590
1092
2938
920
3516
1036
3480
1127
3475
1115
3690
1085
3636
1128
3176
932
2203
593
3643
1085
3037
1068
3631
1100
3981
1100
3174
978
3570
1101
3693
960
3470
1093
3516
1115
3460
1145
2055
599
3430
1110
3593
1117
3678
1170
3586
626
2865
833
3616
1130
3443
1082
3488
944
3779
1135
3460
1105
3555
1077
3438
1093
3585
1105
3495
850
3526
1098
3573
1143
3626
1131
3433
939
3079
1113
3688
1106
3789
1108
3641
1133
3670
1090
3561
1020
3806
1043
3679
1075
1984
607
3511
1045
3476
1051
3590
1081
3475
1087
3663
1075
3744
1093
3631
1123
3240
908
3504
1121
3510
1075
3610
1093
3737
924
3698
1103
3656
1128
3631
1105
3967
1155
3568
1110
3689
1087
3123
1102
3530
1100
3402
1113
3711
1128
3543
1182
3117
712
3297
1057
3488
1111
3626
1082
3670
1088
3678
1091
3436
1090
3711
1120
2861
1095
3668
895
3620
9880
3410
1077
3677
1130
1615
468
3488
1105
3563
1107
3716
1118
3677
1098
3335
770
3109
958
3543
1088
3588
1050
3478
1102
3661
1106
3574
1080
3611
997
3631
1107
3616
1113
3671
1100
3686
1105
3669
924
3390
1095
3939
963
3546
980
3553
1105
3573
647
3744
906
3658
1095
3873
1112
3618
1042
3518
1098
3606
1135
3658
1120
3323
1098
3655
1103
3480
1120
3531
1138
3486
1012
2106
597
3534
960
4059
1113
3619
810
3626
1098
3593
1112
3721
1101
2846
875
