3480
1012
3458
1087
3435
1127
1898
611
3531
977
3559
1083
3471
1108
3428
1112
3440
1128
3455
1087
3424
1112
3528
914
3646
1092
2877
1097
3418
1105
3441
619
3528
1123
3573
1094
3433
1070
3568
1072
3304
846
3430
1115
3464
1088
3406
966
3358
1105
3548
1097
3360
1113
3518
1117
3435
1093
3470
1082
3420
888
2937
906
3460
1080
3450
1080
3849
1084
3484
800
1964
1122
3423
1078
3428
1133
3561
1171
3535
831
2941
941
3576
931
3490
1099
3871
1104
12513
1199
3571
733
2344
738
3455
1153
3442
1100
3593
884
3619
1170
3423
1142
3428
962
3365
962
3516
927
3671
1097
3472
667
2304
1123
3413
1100
3581
1090
2815
943
3676
1137
3438
954
3548
1117
3440
798
3541
1120
2345
732
2338
732
3718
999
3536
1118
3608
1135
3563
1085
3460
884
3461
869
3491
1128
3445
1148
3451
930
3643
1118
3508
1092
3453
1057
3448
1127
1888
622
3476
1100
3385
1010
3440
647
3378
1098
2140
639
3521
1028
2616
1113
3473
1110
3446
922
3543
1142
2654
1118
3509
1025
3618
845
3531
1110
3525
1125
1908
1100
3498
960
3663
987
3714
1143
3618
955
3581
1100
3033
894
3546
1116
3433
833
3365
1115
3456
9484
3445
1087
3563
926
3874
1115
3552
1145
3490
1122
2969
907
3514
1093
2535
1059
3701
1115
3593
1197
3383
1108
3605
856
3498
1108
3616
1110
3508
1087
3641
1126
2929
1117
2301
739
3628
874
3453
1108
3535
1124
3491
966
3531
1115
3528
1083
2883
832
3583
1105
3440
1120
3731
1113
3783
1080
3473
1113
3541
1120
1975
1110
3458
884
3516
1073
3508
932
3549
1100
3558
1080
3786
1100
3786
1100
3915
1035
3874
1153
2910
945
3653
930
3478
931
2495
691
3628
1020
3450
1130
3465
942
3340
1035
3443
859
3694
1094
3681
1100
3699
943
3518
895
3582
1123
3438
1112
1969
1095
3425
1127
2566
1087
3426
895
2650
1089
3643
1163
3003
1108
3758
911
3093
818
3070
1115
3731
1077
3733
1084
3631
1047
3869
1092
3556
1098
3526
1122
3546
977
3565
1103
3696
1115
3463
1091
3603
880
3525
829
3530
957
1918
624
3776
934
3809
1108
3540
1102
3445
605
3511
1112
3531
749
3511
1088
2779
1047
3511
1103
3571
1023
3528
1110
3496
1117
3673
1107
3541
1080
3602
1083
3546
1111
3425
1131
3633
1098
3526
1137
3375
996
3431
1143
3563
940
3513
863
3791
1103
3418
1115
3440
1118
3544
1126
3523
1110
3411
1161
3519
1128
3393
1100
3674
927
3566
1130
2141
576
3538
1106
3610
1107
3578
1122
3756
933
3530
1095
3737
1130
3548
1093
3502
1042
3714
1100
3475
1128
3421
1010
3481
1104
3518
1077
3481
1140
3511
1215
2917
882
3521
1095
3588
1123
3576
1113
3501
982
3606
1115
3631
1108
3504
1093
3430
1063
3466
1107
3526
1109
3600
1110
3872
1106
3636
785
3313
1107
3548
1135
3666
936
3403
1098
3541
1080
3560
1093
3583
1022
3881
1145
3480
1108
3506
1080
3490
899
3608
1121
3629
920
3524
1125
3435
1097
3789
1037
3755
1120
3518
1092
3565
1136
3083
922
3673
1090
3019
825
3521
892
3528
948
3601
1010
3423
1103
3403
747
3619
1123
3728
1118
3490
1100
3410
1098
3533
1157
3573
1098
3679
1110
2108
640
3130
923
2353
713
3514
1093
3398
1115
3505
518
2997
1116
3526
1123
3604
1112
3485
1097
3472
1187
2973
1137
3426
1120
3483
1095
3490
1098
3546
1122
3571
1110
3540
1097
3448
1035
3455
9542
3411
1153
3443
821
3655
1106
3400
833
3523
1007
3514
932
3498
1127
3335
1057
3711
1121
3576
1098
3528
1103
3659
1115
3681
1130
3653
1082
3488
819
3388
956
3520
928
3463
1143
3669
1065
3628
1213
3571
1102
2944
795
3471
1121
3556
1094
3581
1113
3451
1102
3603
1109
3646
1012
3626
1122
3423
1072
3643
1119
3598
1105
3428
628
3576
1097
3443
1153
3508
1115
3606
1103
3512
879
3538
960
3541
1100
3564
1127
3383
1088
3638
1127
3573
1095
3510
1145
3398
641
3545
609
3566
1105
3591
1082
3558
1098
2766
1030
3723
1015
2918
1105
3481
1195
3408
1131
3047
1095
3558
1120
2472
1093
3616
1110
3531
1113
3623
1092
3669
1090
3491
987
3523
1130
3633
1085
3530
1068
3561
1153
3674
1116
3523
842
3608
858
3679
935
3521
939
3483
1087
3578
793
3583
1097
3525
10286
3446
1080
3629
1080
3558
906
3616
1125
3468
1098
3455
1135
3576
919
3578
1110
3498
1097
3443
1170
3428
976
3448
1093
3450
1097
3450
633
3210
1056
2969
932
3461
1088
3664
1110
3405
1107
3423
1173
3466
1108
3401
1097
3561
958
3483
945
2748
1064
3533
1087
3471
935
3608
1098
3618
1090
3691
1083
3501
1014
3941
1096
2975
932
3450
1070
3453
1095
3333
821
3440
1110
3513
1112
3442
1090
3541
987
3633
1105
3496
1100
3520
737
3363
1113
3541
931
3430
1112
3601
1087
3506
9501
3563
1107
3445
1103
3468
1110
3649
1093
3438
1121
3563
1135
3468
1113
3481
1107
3716
1098
3654
1118
3500
1098
3596
898
3806
9547
3578
1163
3727
954
3583
654
3410
1120
3660
1147
3649
1107
3455
1085
3432
1123
3723
1091
3596
1115
3538
1095
3573
1090
3593
1115
3611
642
3523
1095
3518
1098
2075
1130
3403
1090
3515
1152
3532
1110
3438
1132
3521
1120
3704
1093
3791
1110
3641
1115
3347
1045
3636
604
3769
1098
3593
1115
3533
1102
3636
1092
3508
1100
3794
1099
3503
8541
3535
1110
3584
1146
3468
1097
3560
1138
3395
947
3410
1130
3593
1092
3610
1133
3555
1095
3508
1121
2057
627
3548
918
3540
1100
3436
1078
3707
1052
3702
1095
3568
1014
3039
1082
3506
1076
3503
1092
3586
1070
3663
1125
3410
1110
3606
1135
3683
1115
3535
1114
3496
1044
3516
1065
3626
1120
2953
935
3451
1040
3586
574
2916
918
3621
1077
3498
8807
3761
1087
3518
1118
3576
1135
3121
1121
3400
1105
3546
1092
3531
1110
2026
634
3573
988
1960
633
3585
1122
2534
815
2549
666
3598
1130
3610
1082
3521
1098
3580
1075
3458
1142
3861
1075
3603
1087
3651
1097
3556
958
2963
903
3686
968
3540
1110
3593
961
3771
1110
3558
1133
3189
861
3616
1092
3663
1133
3478
1093
2965
1105
3443
1115
3528
1110
2869
903
3568
1105
3431
1095
3749
1127
3460
1100
3436
1095
2097
655
3593
1108
3508
1091
3636
1093
3610
1110
3583
1108
3674
1103
3561
1103
3448
1120
3476
1112
3531
1105
3481
1080
2967
794
2909
897
3691
886
3435
1108
3543
977
3435
1095
2584
844
1514
798
3585
1120
3862
1125
3608
1140
3578
1104
3671
1105
2063
601
3646
8377
3536
1123
3686
634
3875
1090
3425
1090
3518
1110
3692
1092
3744
1132
2712
813
3546
1107
3604
1087
3539
1105
3576
1111
2195
616
3518
1088
3505
1123
3719
634
3681
1133
2965
783
3641
1122
2827
1084
3621
1084
3521
1088
3335
1113
3744
1110
3510
1108
3523
1075
3786
1098
3636
1003
3674
1177
3321
1023
3538
1112
3470
1105
3571
1102
3453
1115
3903
1105
3831
1128
13197
935
3430
1108
3004
1120
3568
1110
3565
604
3761
1099
3520
1080
3526
1105
3832
1118
3418
1110
3551
1087
3661
1082
2023
10008
3736
1105
3134
932
3570
1110
3650
969
3694
1108
3596
1117
3839
1077
3545
734
3613
1090
3583
1127
3533
1113
3636
982
3604
1051
3640
1093
3613
1088
3669
1108
3445
1098
3729
1107
3631
1097
3866
1092
3551
1131
3503
1100
3658
1043
3091
938
3643
1135
3671
1105
3596
1123
2677
1113
3538
1079
3009
779
3621
852
3891
1090
3463
1093
3596
1104
2174
606
3771
1085
3470
1100
3512
909
3523
1127
3370
912
3548
1111
3521
1110
3789
962
3624
1083
3616
1090
3777
1095
3704
1115
3729
1097
3551
1125
3693
1113
3816
1116
3656
1118
3613
1166
3654
1113
3869
1145
3573
1090
3700
1106
3531
1112
3736
997
3129
943
3631
1094
2107
617
3503
1125
3661
1083
3600
1110
3478
1128
2963
962
3640
1096
3689
917
3648
1000
3471
969
3521
1115
3729
1130
3430
1022
3586
1122
3505
1115
3929
892
3803
1115
3688
1097
3638
1110
3687
927
3549
1116
3626
995
3686
1079
3664
1140
3838
1087
3877
937
3736
1120
3623
1038
3588
1109
4022
802
3807
1113
3691
1105
3891
1115
3744
1108
3691
882
3586
820
3538
984
3584
1110
3691
1108
3693
1115
3711
1112
3631
1045
3691
1098
3491
1101
3801
926
3732
1107
3380
1045
3691
1143
3758
952
3784
1153
3045
1112
3488
1118
3741
967
3852
1075
3651
1109
3644
1125
3661
1102
3533
1115
3660
1130
3536
1122
2519
761
2228
631
3713
1095
3541
1107
3847
1133
3779
1085
3586
1117
3711
1097
3799
1087
3779
1145
3428
1108
3676
1105
3641
958
3681
1111
3656
1118
3592
1128
3804
811
3651
1095
3834
1050
2302
611
3620
1108
3518
1127
3794
1092
4019
9539
3606
1104
4009
1125
3656
1057
3626
1112
3759
1111
3585
1132
3616
1015
3726
1110
3696
1102
3714
1080
3518
1102
3528
1052
3728
899
3705
1007
3676
1116
3716
1123
2990
846
3708
1109
3650
1100
3638
1115
3761
1097
2466
724
3518
1090
3603
1143
3608
1103
3711
8589
3500
1133
3538
1108
3596
1093
3586
1090
3666
1108
3511
1125
3644
1145
3761
980
3737
1018
3774
1130
3721
1077
3659
918
3909
1110
3879
1117
3526
1125
3583
950
3878
790
3708
1107
3726
937
3686
1148
3486
1115
3876
1115
3676
1080
3609
1103
3578
1130
3628
1103
3378
1120
3437
947
3628
918
3648
1097
3789
1108
3771
18570
3904
1078
3825
1115
3893
922
2490
722
3753
1120
3744
929
3670
1156
3684
945
3571
1108
3473
947
3526
1090
3798
929
3573
1107
3556
1098
3518
1102
3526
630
3528
907
3558
1031
2110
1113
3448
869
2491
12694
3604
1110
3485
1085
3448
1097
3716
1070
3435
1122
3590
882
3626
1098
3506
1117
3598
899
3673
1119
3628
1094
3556
916
3418
1102
3548
1100
3468
1080
3426
1131
3611
1113
3512
1090
1941
611
3611
1112
3433
1083
1971
636
3693
1186
3661
1072
3779
1121
2754
1140
3591
1077
2166
640
3649
1098
3716
803
21705
867
3862
954
3478
1090
2858
678
3558
1108
3463
1120
3610
984
3558
625
3648
1083
3563
922
3480
1113
3544
1107
3518
1110
3578
1110
1521
1107
3063
857
3881
1099
3478
1048
3443
1090
3684
1095
3458
1120
3683
1098
3463
1128
3676
1076
3590
1108
3515
937
3501
1120
3478
1152
3488
1161
3446
1122
3485
1102
3578
1102
3513
1100
3488
1166
3559
1067
2977
1077
3606
1093
3561
606
3673
1054
3596
1118
3545
1093
2973
801
3426
1133
3671
1110
3520
1127
3694
1073
3468
1118
2588
789
3510
1097
2906
960
3448
1105
3618
1168
3655
935
3586
1112
3475
1085
3791
1005
3753
1072
3696
1125
3528
970
3568
950
3470
1075
3608
1088
3500
944
3568
1100
3616
1105
3763
1072
3739
1095
3091
966
2150
1112
3633
1098
3593
1107
3543
953
3450
1012
3582
962
3651
1099
3536
1100
3578
667
3513
1102
3563
1115
3737
1131
3711
1077
3695
1095
3646
1085
3535
1107
3691
1125
3422
1100
3611
853
3751
1084
3829
1120
3615
897
3561
1123
3538
979
3598
1105
3651
1120
3683
1105
3590
900
3631
599
3440
1087
3881
1135
3809
1107
3781
1110
3646
805
3573
1128
3450
1083
3626
1135
3493
1107
3703
912
3644
927
3588
1106
3584
1141
3478
1147
3585
1095
3629
1082
3624
953
3767
1103
3536
1100
3794
1132
