3552
1076
3503
1072
1983
618
3478
1113
3437
975
3540
10095
3405
1095
2832
1085
1912
611
3474
972
2760
1140
3503
1168
3600
1130
3523
1092
3456
1075
3525
1150
3738
1130
3458
1140
3498
1072
3533
1097
3531
1127
3471
1077
3493
1113
3536
1070
3629
1105
2960
939
2985
941
3460
1120
3499
980
3621
1102
3525
1102
3548
1111
2956
1108
3426
623
3520
1105
1488
462
3413
1110
3465
1111
3556
747
3414
1030
3510
673
3426
1265
3535
1108
2960
1037
3538
1105
3573
1113
3478
1134
3378
1075
3515
1095
3476
1095
2791
1097
3633
1097
3579
1087
3470
1097
3411
1163
3491
959
3481
939
3433
1087
3536
1135
3478
607
3425
1098
3488
1113
1902
1130
3553
1052
3766
1120
3393
1103
3543
1112
3378
1107
3737
1133
3548
1046
3583
1083
3443
1117
3733
928
3525
575
3475
1095
3425
1105
3511
1111
3430
1113
3413
1130
3415
638
2505
802
3548
1083
3491
920
2044
1101
3493
1113
3654
1095
1900
603
3441
1098
3658
1097
3448
1074
3458
714
3611
1112
1967
1087
3437
1094
3545
1109
3428
844
3408
1065
3506
1135
3523
1108
3466
1090
2432
643
3388
1130
3504
1075
3751
1088
3714
925
3455
998
2929
867
3392
1105
3465
964
3440
817
3555
892
3608
1138
3689
1098
2539
806
3543
926
3440
1158
3431
738
2040
632
2939
1101
2842
1133
3463
1103
3450
1098
3508
1085
3515
1108
2956
1026
3582
1110
3556
947
3666
1110
3659
1028
3556
1085
3425
1123
3588
1083
3463
828
3380
1146
3668
1082
3563
634
3603
613
3766
1111
3523
932
3468
1075
3473
1108
3528
1095
3363
1134
3358
1044
3007
923
3049
840
2056
659
3674
637
3482
1100
3603
1113
3670
1112
3715
1103
3616
1107
3541
1115
3423
1127
2969
1127
3606
1095
3057
1123
3123
772
3596
957
2545
745
3721
1115
3436
1092
3593
805
3615
1118
3656
1108
3453
945
2709
605
3613
1140
3642
1131
2640
785
3733
1110
3533
1101
3492
1085
2036
609
3701
1100
3568
1075
3658
1093
3553
1107
3653
918
3799
1110
3648
1112
3661
920
2917
741
3559
735
3804
1114
3496
1107
3448
1128
3213
1129
2139
1113
3619
1085
3504
1085
3524
1120
3453
1077
3536
872
3608
1122
3656
1122
3549
1036
2830
1118
3899
1105
3520
1105
3560
1112
3559
1092
3644
922
2770
877
3588
1115
3405
575
3731
1108
3514
967
3493
772
3518
886
3450
937
3450
1108
3797
1095
3302
778
3570
922
3408
1153
2213
608
3601
1107
3574
946
3515
1110
3011
926
3626
1103
3558
1092
3478
1132
3653
1097
3546
1040
3508
1120
3410
793
3590
1098
3483
935
3574
1082
3443
1087
3408
1125
3593
1130
2930
953
3624
1105
1910
1097
3508
1110
3375
632
3611
1097
3545
922
3671
1102
3385
985
3636
1093
1889
870
3644
1095
3555
1101
3518
1093
2802
887
3553
1090
1897
565
3483
761
3525
1123
3581
1105
3461
1123
3538
880
3425
1088
3751
1120
11803
847
3086
901
3518
1098
3539
1122
3556
1062
3485
1125
3522
1120
3529
1140
3510
550
3680
1097
2899
933
2776
1073
3554
803
3545
1050
3481
1110
3639
939
3470
917
3496
1113
3481
1133
3595
1083
3611
1115
3747
1100
3656
1092
3456
1043
3573
1148
12854
1100
3670
1072
3395
891
3456
952
3453
795
3499
1082
3505
1095
3506
1102
2575
731
3563
799
3593
941
2666
1153
3532
962
3440
1112
3536
1076
3606
1083
3405
1097
3280
1002
3663
1012
3586
1128
3485
1109
3623
732
3038
942
3502
1085
3526
1079
3460
1105
3558
949
2934
925
3769
1098
3580
1125
2978
943
3641
891
2969
909
3626
1097
3772
1083
3590
1080
3821
1093
3490
931
3512
1095
3669
1115
3583
879
2018
877
2500
605
3406
935
2889
848
2988
1092
3556
893
3420
1116
3491
1142
2566
1181
3749
9782
3418
916
3600
1105
3571
1095
3471
1094
3546
1133
2804
760
3418
918
3446
1123
3437
1088
3528
1103
2827
903
3412
9261
3500
1113
2927
1110
3556
965
3448
1176
3598
1100
3438
1099
3543
940
3611
1196
3476
982
3826
1060
3533
1115
3734
1121
3518
797
3590
1103
3621
1153
3655
610
2876
1117
3465
892
3508
924
3283
1120
3648
1148
3465
1107
2441
742
3611
1107
3600
1107
3536
1125
3596
1093
3451
1097
3594
1120
3534
1100
3533
1122
3586
1115
3523
1085
3528
1112
3490
1128
3488
1100
3670
1102
3516
1097
3488
931
3483
1095
3472
1098
3511
1080
2996
954
3598
1095
1520
1113
2922
938
3588
928
2950
611
3508
9817
3646
1118
3609
922
3656
1107
2808
1155
2083
620
2933
1007
3498
885
3541
1110
2608
1106
2913
1108
3656
1120
3842
1049
3521
778
3546
1092
2139
1107
3628
920
3548
806
3433
942
3541
1110
3490
1115
3581
938
3590
945
3505
1119
3581
1127
3531
1122
3446
532
3564
1135
3531
1123
3718
908
3731
1019
3631
1120
3422
1105
3478
1099
3393
1080
2899
864
3538
1130
3503
1130
3400
1148
3518
1160
3593
1105
3420
1111
3473
1160
3491
1075
3514
1108
3488
1100
3656
1112
3548
1135
3566
1110
3699
1095
3542
962
3426
1123
3579
1086
3005
945
3578
1088
3545
1103
3451
1087
3467
1114
3626
1092
3498
1138
3596
1128
3498
1155
3433
1255
3571
1090
3570
1107
3528
1096
3440
1126
1975
636
3470
737
3569
1062
3664
1005
3611
1102
3671
1127
3959
1073
3543
949
3543
1131
3661
1142
3491
624
3473
1105
3395
1120
2871
954
3260
1097
3478
1010
3503
1123
3573
1102
3539
1068
3618
1105
3716
1058
3573
1106
3512
1150
3452
944
3611
1095
3534
10161
2174
1125
3563
1088
3628
1007
3490
1130
3512
1073
2943
626
3560
1113
3518
939
3754
1023
3554
1103
3421
848
3446
1118
3468
1106
3441
957
3641
1060
2171
674
2898
1088
3420
1115
3545
1115
3388
1108
3546
1108
3501
1078
3696
1095
3708
1003
3619
1073
3496
1110
3498
802
3571
1107
3589
1065
3659
1098
3495
1100
3546
1123
3458
1105
3518
1080
3528
1117
3473
1128
3503
975
3508
1080
3701
1097
3613
1092
3445
1110
3460
1080
3520
1108
3413
1133
3565
1130
3524
1063
3474
1108
3533
1098
2680
844
3468
1077
3576
1071
3565
1120
3456
1083
3555
909
3576
1128
2777
870
3486
1111
3430
1095
3473
1117
2967
9375
3491
1080
3229
938
3496
1110
2994
939
3561
1103
3496
1120
2607
793
2509
1130
3461
920
3566
1088
3485
782
3420
1094
3548
717
3631
1116
3608
1110
3476
1042
2872
1101
3486
1123
3413
1115
3581
1103
3678
1087
3508
1070
3438
1107
3558
1110
3530
935
3604
980
3430
1115
3698
1098
3644
1100
3716
1092
3611
1114
3869
1078
3846
1108
3713
918
3784
1072
3415
1098
3601
1105
3510
1102
3661
1043
3600
1088
3571
1108
3531
1110
3736
1108
3731
1130
3626
1110
3574
1100
3586
1106
3478
1088
3638
605
3699
1100
3613
1101
3392
1022
3573
543
3528
1106
3493
1017
3596
635
2826
879
3604
1098
3861
1113
3794
1095
3482
1072
3596
1138
3594
1113
3483
1118
3580
631
3495
1087
3436
911
3406
1160
3563
1070
3703
1125
3465
1115
3575
1085
3588
1106
3453
1105
3571
1117
3078
820
3525
1090
3233
920
3351
1105
3791
1097
3558
1075
3601
1108
3363
974
3475
1135
3683
9632
3714
965
2856
894
3533
9604
3671
1083
3674
1103
3463
1063
3606
1127
3240
1118
3600
1112
3494
1103
3440
1099
3728
1107
3662
1077
3866
1138
3882
1084
3406
1030
3495
1140
3445
1092
2808
1018
3668
1020
3615
1096
3781
1080
3538
1112
3506
1107
3540
990
3748
945
3560
1107
3618
1103
3818
1145
3533
1110
3443
1111
3484
903
3586
1088
3545
1157
3716
619
3053
1118
3859
932
3759
1020
3425
1123
3686
1095
3476
1090
3509
1105
3621
1130
3744
1115
3742
1127
3706
837
3603
1093
3974
885
3596
1110
3761
836
3932
1099
3957
1117
3644
536
3681
1128
3771
1142
3643
1115
3909
1117
3741
883
3969
1022
2691
1128
3500
1110
3944
1112
3819
1143
3640
1115
2937
8717
3499
1095
3667
1060
3598
1098
3931
1103
3593
768
3563
1129
3561
1120
3822
1093
3535
1106
3824
942
3791
1240
3569
962
3193
1120
3403
1106
3448
827
3598
1095
3668
997
3363
1057
3561
1123
3801
1075
3846
1148
3528
982
3939
1110
3628
857
3408
1115
3708
892
3774
1002
3608
1050
3753
1105
3726
1077
3552
1107
3656
955
3578
929
3458
1141
3583
1128
3768
1115
3683
1104
3606
1110
3688
1127
3365
931
3633
1095
3809
1102
3675
1097
2716
750
3528
1107
2903
1115
3547
1038
3681
1118
3648
1093
3640
1110
3701
1105
3580
1120
3545
1105
3583
1135
3443
953
3869
1096
3746
1105
3103
777
3631
1125
3778
1128
3576
889
3671
1135
3701
1113
3510
1107
3639
736
3846
1140
3723
1097
3749
1115
2008
624
3684
9567
3481
1117
3708
9511
3659
835
3603
1145
3583
1110
3748
986
3000
725
2998
776
2194
630
3613
1118
3814
1094
3671
888
3731
985
3972
708
3759
1147
3538
1077
3641
1103
3766
1110
3806
1101
3703
1105
3726
1078
3837
1107
3824
1050
3678
1113
2712
842
3781
1107
3566
1118
3571
1038
3749
1127
3678
884
3584
1090
3653
1095
3521
1107
3571
990
3585
1073
3628
1115
3330
1044
3935
9460
3071
1088
3686
1093
3651
1120
3633
1092
3817
922
3753
932
3522
1100
3556
1145
3664
8565
3921
1125
3648
1054
3523
1120
3580
1079
3671
939
3937
1102
3723
1116
3651
1093
3949
1097
3533
1104
3559
1061
3827
1100
2529
814
3264
1120
3723
1028
3784
1098
3629
995
3673
1068
3651
1105
3866
1098
3490
1122
3464
1128
3498
989
3535
9742
3599
922
3680
935
3791
1120
3087
920
3423
1100
3758
527
3581
1117
3576
1077
3541
1103
3513
1102
2777
840
3558
1097
3428
1120
3599
1096
3600
1078
3591
1113
3555
1093
2993
614
3599
1065
3673
1098
3927
799
3458
1092
3548
1107
3728
952
3521
1123
3644
1075
3406
1126
3393
1090
3666
942
3458
1123
3466
1133
2784
859
3139
929
3761
1185
2891
942
3484
1118
3604
1118
3586
1107
3591
1104
3478
889
3586
1166
3630
1123
3698
927
4110
1077
3651
964
2977
920
3666
1100
3640
1155
2125
1152
3551
1083
3220
853
3553
1117
3490
1087
3640
1103
2850
1121
3776
914
3544
1173
3526
1103
3728
879
1890
427
3794
1107
3621
1088
3488
1145
3578
1109
2628
936
3615
989
3653
1123
3455
1002
3105
1104
3661
1122
3636
1117
3612
1115
3694
1123
3613
1118
3516
1095
3460
1111
3707
1112
3648
1133
3693
923
3581
1090
3536
1084
3508
1112
3621
1087
3481
1129
3456
1115
3413
997
3584
1115
2143
1105
3961
1135
2993
806
3816
631
3569
1097
3655
1117
3768
1143
3565
1153
3545
1115
3578
1120
3041
1108
3751
1145
3756
1032
3614
1105
3508
1110
3551
1115
3545
1072
3480
1110
3483
925
2699
1108
3421
1107
3927
1107
3370
1100
3573
1083
3601
1177
3390
1070
3594
935
3576
1136
3613
1103
4032
1050
3734
739
3745
1125
3644
1143
3536
844
3103
950
2805
865
3659
1097
3743
1092
3548
1118
3448
1115
3568
1079
3636
1118
3503
918
3572
1103
3719
1092
3583
1065
3590
1100
3724
1095
3546
1120
2728
1160
3591
1098
3616
922
2640
789
3570
9288
3558
1125
3623
1112
3606
9620
3555
1135
3922
1112
3711
1085
3804
1087
3709
871
3422
1088
3566
1112
3689
957
3690
1111
3453
766
3591
915
3593
1107
3696
1103
3422
1102
2022
1098
3731
1108
3609
1128
