3488
1145
2981
909
3478
1198
3395
1100
3430
1115
3442
751
3585
732
1896
1089
3365
987
3112
910
3423
864
3573
1115
3468
1088
3413
985
3534
1090
3521
1105
3376
1111
3407
1108
3480
1103
3555
1085
3493
1118
3531
1130
3378
1113
3410
945
3460
948
2734
881
3463
794
3453
947
3533
671
3480
1171
1987
680
1708
1103
3435
736
3503
1111
3398
1128
3443
1085
3584
1135
3456
1085
3472
878
3623
1148
3588
1130
1922
1123
2005
719
3481
1138
3558
924
3435
1178
3473
912
3428
1108
2813
923
3474
1097
2156
661
3496
1110
2919
1122
3561
1063
3546
1112
3184
891
3476
945
2682
844
3480
1095
3465
1064
2686
832
3839
802
3842
682
3616
1123
3531
1117
3451
1136
3435
873
3731
1108
3621
908
3568
1093
3530
1120
3130
842
3609
9094
3468
1120
1893
1093
3481
1087
3450
1092
3482
1083
3450
902
3540
1110
3513
918
3505
793
3480
1120
3791
1110
3480
1105
2765
1122
3420
1075
3490
1100
2787
876
3418
734
3618
933
3498
1095
3774
730
3463
1090
3468
1111
2505
10563
3581
1120
3566
1098
3483
1145
3741
624
3664
1105
3590
908
3499
1102
3503
1110
3628
1098
1932
603
3604
1188
3621
1120
3593
1093
3510
1095
3454
1074
3418
1067
3523
911
3440
1115
3445
1102
2482
1057
3453
1103
2900
856
3545
1116
3136
928
3418
1112
3536
756
3586
1100
2994
1105
3606
1133
2120
1092
2732
1105
3664
1125
3606
1123
3555
1258
3476
1122
2613
835
3533
1040
3561
1120
2059
1027
3716
1107
3580
1108
3518
1108
3466
1148
2074
1083
3482
514
3605
1093
3729
1042
3007
922
3476
1093
3358
1040
3709
822
3596
1078
3631
1104
3714
1097
3533
1125
3623
1105
3751
1098
3413
1090
3516
1133
3467
920
2908
10028
3686
1105
3463
545
3640
1123
3729
1115
3500
1080
3601
1117
3725
1110
3466
1128
3323
983
3451
1005
3455
1133
3456
962
2730
1115
3518
1100
15055
1146
3588
9509
3684
1165
3536
1105
3500
920
3441
1014
3568
1120
3965
936
3630
1024
3009
1083
3778
728
2296
761
3718
1078
3609
1105
3493
1130
3571
1105
3598
635
12472
1080
3526
1105
3768
1147
3606
1085
3538
1132
3558
1092
3061
916
3458
810
3513
942
3482
1138
3699
1112
2515
800
3468
1075
4144
1107
3556
1193
3515
1112
3423
1097
3595
1113
3508
1090
3528
1112
3408
1108
3529
1095
1963
618
3546
962
2724
1083
3619
1084
3623
857
3533
1120
3563
1100
3357
1095
3506
1105
3541
1100
3483
1090
3726
1103
3521
1095
3431
1117
2156
7335
3558
1130
2928
950
3453
962
3458
1105
3556
1123
3520
1133
3543
1133
3588
1045
3495
1123
1966
645
2604
851
3636
1102
3468
1105
3488
966
3475
1127
3528
1177
3438
1131
3486
937
3553
1002
3535
1108
3510
1025
3586
1096
3495
1111
2274
733
3440
933
1863
568
3603
796
3543
911
3566
1083
3806
1105
3651
952
3571
1188
3533
1158
3696
1100
3521
627
3723
1110
3441
962
3478
992
2933
1110
3575
1145
3451
1007
3568
1092
3691
1105
3594
1152
3518
913
2548
818
3476
993
3431
1120
3623
954
3390
1125
3473
1117
3603
1215
2600
1175
3706
740
3606
1092
2080
616
3428
1108
1978
598
3091
946
3498
1135
3801
1125
3488
1100
3516
1115
3654
1168
3583
1099
3877
1108
3822
1027
1972
622
3485
1145
3641
1128
3603
772
3568
1121
3467
1095
3538
1107
3445
1105
3413
1123
3541
1108
3463
1115
3593
624
2327
689
3606
1140
3455
892
3817
1097
3339
1050
3468
970
3408
951
3545
1093
3699
1090
3401
1130
2842
1084
1920
608
3648
1093
3606
1088
3541
1118
3475
1103
3530
867
3266
868
3421
1042
3608
1097
3571
1107
3563
622
3481
1105
3726
1098
3468
1107
3548
1105
3669
1057
3538
1093
3578
625
3586
1087
2012
932
2841
878
3571
1098
3811
1095
3625
1148
3518
1109
3533
927
3465
907
3413
1092
3502
1138
3564
1110
3596
1123
3385
1105
3536
1118
3360
920
3621
1023
3563
1088
2041
1117
3611
1122
3476
1105
3603
828
3508
1142
3645
864
3558
1113
3472
1143
3428
1033
3418
1042
3521
1077
3478
1113
3603
962
3475
929
3518
1130
3613
1117
3521
1113
3531
1105
3545
1110
3706
1113
3659
1097
3501
605
3442
1079
3470
1110
3523
1132
3460
1137
3442
1092
3884
1107
3483
1113
3678
1080
3625
1118
3481
1113
2085
626
3651
1090
3633
1102
3428
1103
3530
1127
3767
1120
3559
1105
3563
1092
3443
1149
3470
1105
3576
1135
3523
945
3543
1138
3583
998
2836
880
3863
1115
3524
1091
3393
1021
3523
933
3659
1077
2094
1145
3458
1100
3690
1117
3568
965
3491
467
3498
790
3573
1087
3714
1098
3696
1102
3581
579
3430
1092
3538
1121
3678
1026
3514
1126
3470
745
3593
1095
3631
1119
3478
1093
3548
839
3573
935
3553
1093
3595
574
3514
1083
3473
1100
3455
1100
3470
1095
3774
1119
3465
1133
3392
1112
2001
971
3451
1084
3591
1078
3683
1100
3553
1080
3575
1096
3486
1123
3468
1088
3638
1145
3598
1140
3546
1116
3496
1112
3696
920
3796
1093
3481
854
3584
1106
2060
653
3659
1132
3623
1105
3661
929
3478
1046
3259
1018
3436
1090
3560
1133
1625
1097
3466
1115
3606
1102
3425
1135
3170
1017
3591
895
3566
1108
3506
9479
3525
1060
3603
735
3490
1109
3304
1056
2949
1077
3491
1123
3553
1113
3453
1105
1685
1080
3511
1170
3619
1112
3007
934
3456
851
3450
892
3416
1103
3656
1075
2914
1104
3505
1096
3563
1138
3414
879
3578
1087
3465
1118
3450
1125
3009
1085
3450
1110
3744
1100
3595
901
3520
927
2433
1095
3595
644
3771
1112
3393
930
3599
1131
3639
858
3628
1111
3422
1097
3654
1100
3626
952
3205
1059
3611
1128
3430
920
3548
1121
2988
958
3491
1105
3548
1128
3480
805
3403
1085
3576
1090
3573
1103
3811
1125
3654
1106
3466
1099
3550
1148
3642
1009
3500
1103
3461
1122
3558
1103
2003
621
2912
918
2034
608
3694
1053
3420
1115
3613
1095
3360
882
3485
1108
3243
981
3539
789
2120
1130
3689
1110
3541
1118
3385
1093
3608
1047
3626
1116
2944
1130
3670
943
3596
10301
3476
1107
2571
787
3544
1102
3593
945
3450
859
3325
1125
3721
1083
3508
534
3396
913
3558
1102
3438
875
3523
1156
3556
1102
3596
1163
3541
1107
3553
1148
3744
1070
3448
1049
3736
1158
3506
1092
3629
1105
3508
1105
3503
972
3656
1107
3569
1095
3578
882
3541
1173
3593
1100
3540
1107
3558
1030
3518
1090
3586
1104
3466
1103
3450
1100
3473
927
3616
1096
3596
1077
3754
1107
3586
1103
3588
1110
3729
1123
3681
1151
3676
1128
3649
936
3563
1103
2712
1067
3540
1155
3653
797
3663
1105
3481
1020
3465
1125
3471
1097
3558
1100
3431
1117
3485
1100
2754
774
3731
1004
3960
1131
3596
1113
3506
1128
3603
1158
3546
1110
3430
1086
2665
727
1976
561
3626
1108
2944
1090
3676
1087
3616
1107
3611
1121
3538
1125
3486
1110
3521
888
3611
1012
3599
1087
2923
866
3601
1140
3624
848
3726
1127
3503
1117
3471
1135
3453
1085
3551
1092
2751
1113
3483
1107
3556
1113
3027
1094
2080
675
3624
1112
3590
1035
3623
1107
3832
1135
3718
895
3518
1104
3666
1112
3594
956
2721
937
3640
1125
3697
1125
3383
1093
3523
1105
3596
1145
3721
1193
3598
1095
3923
1205
3666
1175
3620
872
3814
1128
3171
842
3478
1115
3621
1125
3624
1128
3611
9803
12701
1110
3684
745
3679
1104
3458
1084
3693
1107
3626
924
2117
1120
3565
948
3691
1088
3864
1102
3535
1110
3546
1120
3702
632
3614
1110
3593
628
3799
598
3678
1125
3671
1113
2991
853
3663
1107
3630
9266
3448
1056
3693
1076
3648
942
3706
1120
3762
642
3807
1111
3628
1103
3586
1066
3701
1120
3590
1138
3671
1157
3976
1123
2145
633
2108
1127
3683
1107
3593
1102
3061
1087
3476
1115
2039
1092
4042
1087
3605
8638
3589
859
3633
1105
2121
1125
3576
1112
3771
950
3521
1102
3483
950
2742
750
3669
1132
2682
1132
3536
808
3756
844
3811
1155
3694
1097
3561
725
3671
1087
3861
1090
3706
585
3538
966
3769
1093
2901
1065
3651
1105
3604
1085
3486
1113
3666
1120
3503
1140
3735
945
3632
1103
3688
975
3536
1095
3624
1106
3541
1110
3753
1100
3566
938
3743
1176
3794
1085
2184
617
3511
1130
3107
949
3744
1107
3728
1142
3762
1135
4041
1112
3693
1117
3478
1130
3640
1106
3861
1140
3471
642
3516
1107
3672
1107
3681
1118
3087
944
2622
885
3869
1095
3530
1098
3038
828
3867
1105
3671
1093
3706
1157
3684
1190
3666
1115
3761
1108
3616
739
4019
1105
3676
1104
3939
1018
3756
730
3358
1113
3644
937
3856
1102
3641
1110
3609
1092
3217
919
3871
1075
3803
1093
3696
1143
3710
602
3521
9683
3494
808
3771
1133
3779
1103
3724
1148
3610
1113
3676
1075
3535
1098
3604
1099
2419
1143
3766
1077
3678
1115
3776
916
3643
1033
3917
1138
3687
1108
3631
1098
3771
1098
3764
1095
3626
1120
3468
1089
3786
1108
3785
1105
3691
1108
3561
1160
3831
1085
2917
838
3750
1088
2843
1102
3380
1078
3630
1129
3706
1092
3609
1115
3532
1135
3042
924
3907
1090
3614
966
3685
930
3631
890
3681
1145
3516
1120
3623
1137
3525
1115
3601
1112
3861
1015
3747
1079
3578
1115
3839
1143
3598
818
3564
1099
3635
907
3676
1097
3641
1130
3646
1132
3733
616
3741
1146
3573
1150
3628
1111
3693
1086
3844
1122
3591
1090
3929
1078
2975
785
1978
1105
3664
1133
3739
943
3565
978
3825
1115
3694
1105
3723
1120
2877
1117
2135
639
3563
1112
3500
1117
3069
920
3503
1125
3523
1110
3028
1125
3465
1100
3528
1110
3005
907
3656
1138
3633
1107
3631
1128
3493
1098
3558
1092
3511
1120
3586
1080
3510
1092
3538
1113
3528
1072
3704
1093
3373
879
2646
745
3460
1108
3446
1180
3450
1115
3566
1078
3443
904
3588
1228
3508
1135
3515
899
3546
724
3620
1140
3625
1113
3468
1105
3531
928
3789
1094
3689
1037
3656
632
3101
945
3506
1077
3581
9607
3581
1079
3470
1110
3509
1040
3485
1083
2687
839
3558
1117
3668
813
3613
1160
3513
1146
3548
758
3783
1106
3037
443
1820
497
3501
650
3544
1140
3659
1029
3475
935
2908
922
3593
1090
3628
1100
3406
934
3624
1087
2515
1120
3551
1108
3553
1109
3498
1110
2626
1087
3511
952
3199
1127
3664
1102
3819
1102
3491
947
3676
1082
3588
1084
3602
1145
3747
1098
3373
1103
3789
1097
3731
944
3671
9409
3498
1099
2140
1108
3623
1102
3578
1097
3560
1097
3831
1103
3708
1080
2967
912
2467
747
3623
1099
3576
1095
3610
1100
3656
1023
3864
1110
3504
1155
3636
1105
3553
1137
3407
1039
3531
1103
3561
1105
3623
1092
3767
1102
3721
1105
3531
1108
3634
1103
3481
1110
3771
1095
3634
1135
3748
1091
3595
1092
3613
950
3766
1080
3452
1120
3606
934
3586
1083
3654
1053
3639
1132
3643
1105
3706
907
3797
1095
3576
1113
3794
1101
3583
937
3564
1173
2095
622
2801
847
3523
922
3631
1073
3681
979
3688
1118
3569
1115
3596
985
3593
1095
3536
1032
3751
1116
3580
1096
3849
967
3161
1105
3781
1088
3774
1091
3478
1093
3632
893
3497
1150
3485
1109
3521
1047
3480
1102
3624
1118
3654
1093
3501
1135
3553
1125
3841
1020
3586
1095
3410
1118
3553
1110
3370
1085
