8593
882
8477
894
8775
504
8875
993
4249
415
8991
915
8565
974
5016
912
8875
879
5936
894
8917
741
8780
920
9075
940
5367
577
8610
899
8853
451
9474
416
8757
939
8519
795
8792
882
8539
950
9234
982
8462
862
6770
943
7155
697
8818
900
6438
897
8663
957
6491
937
5334
915
8813
915
8690
930
8692
875
8885
899
8623
952
8908
990
6121
874
7429
727
6993
842
8462
906
7567
711
6857
591
8988
887
8795
902
9098
979
9018
907
8978
947
6533
396
7849
786
5876
888
8640
955
6262
855
3709
507
8898
932
7556
808
9361
918
7708
1120
9163
709
8723
877
9028
920
8978
902
8910
904
8612
467
6400
551
8853
755
9474
896
8881
914
7585
503
8836
764
8971
750
8921
922
9407
864
9354
962
8066
837
8584
916
4501
409
5477
867
4317
478
4179
355
9038
919
9045
932
8823
885
9029
932
8725
387
5829
680
8895
942
8775
972
9298
900
8865
897
9292
930
5079
980
8870
869
5936
940
9021
867
9131
872
8893
925
6533
922
4567
903
8923
910
8768
897
9176
464
8647
892
8939
649
6129
916
8923
887
8588
1123
9444
984
8668
400
5771
937
8937
965
8520
386
8602
867
9008
925
4785
875
4069
972
8755
852
4203
476
4211
912
6384
632
5895
920
7000
850
9026
1042
9131
947
7508
918
6976
645
8703
947
8873
766
6874
680
4829
907
9173
902
8780
892
9076
898
8511
904
4605
486
8888
918
4089
923
5360
919
9326
994
8720
708
8756
915
5825
388
5925
576
8945
878
8995
885
4371
913
6136
924
5377
430
9149
406
8836
1132
8953
869
9021
935
8803
900
9105
892
9168
852
9069
927
6586
483
8755
930
8820
689
8878
967
5403
366
5419
671
7145
882
9149
899
8862
787
7744
899
8675
892
8783
824
8667
897
8840
934
8713
877
5500
516
5210
907
8873
894
9226
950
8545
897
8958
892
8984
895
6356
885
9232
772
8979
960
8725
878
9294
877
6070
610
6015
606
8860
854
8958
911
8509
902
8800
444
8543
396
8916
925
8836
892
7416
1108
8833
908
8712
939
8791
935
8788
952
7919
804
8990
541
9006
677
8804
932
8624
1127
8777
922
8965
944
8619
970
8837
915
8908
1182
6597
924
8863
942
8840
898
9029
502
4034
882
8790
781
9127
929
8832
597
8913
887
6644
647
8875
947
9322
900
6152
621
6880
952
8891
922
9194
950
8930
882
4207
473
9074
804
4228
668
9011
751
9009
912
8920
972
9087
472
9218
935
9013
902
9577
845
8907
925
8723
942
4035
384
8976
917
9236
949
6375
597
4243
806
8821
927
9038
927
8955
623
8915
920
8865
944
8928
490
9058
944
8986
692
8884
937
4824
603
9206
420
9076
942
9216
856
6124
905
8630
932
7888
932
8637
940
8842
932
8768
932
4031
386
8880
979
9143
842
9036
882
7264
742
4365
395
4158
485
9063
884
8730
919
9099
902
9013
852
8608
928
9119
720
9324
894
8775
912
8613
1038
8818
887
8738
942
9163
568
8820
675
8881
914
8946
904
9081
771
9106
917
8792
756
6311
900
14427
481
8662
859
8635
897
8953
915
3882
869
6674
702
9151
952
4779
872
7397
747
9018
947
8908
962
7506
902
9086
875
8713
950
9851
902
9427
875
8921
819
5261
534
8750
880
8679
935
8725
887
9020
900
8888
882
8683
654
8610
656
8782
576
9094
967
9144
915
8593
964
8915
602
9041
890
4372
535
8655
844
8687
907
8939
967
8761
702
5266
542
9099
379
8539
906
8911
942
6621
980
9322
854
4192
361
9035
917
8795
920
9129
884
9083
880
6913
942
8979
922
8682
461
8840
877
9010
993
5631
842
8743
900
8958
910
8770
917
57685
990
9632
886
8943
745
7305
481
9065
927
5220
645
7295
395
6666
608
6918
673
5177
920
9314
847
9123
510
7442
924
8740
954
9512
943
7827
797
8810
872
9236
927
9269
854
9529
919
8926
709
9259
932
9000
964
9234
600
9214
872
5534
889
7532
917
9324
920
7558
752
7437
874
8967
939
8705
889
9148
804
9269
821
9104
980
9273
892
9071
1065
9003
910
9224
885
8970
406
9061
478
9056
1060
8948
510
9237
932
7155
922
9109
824
9029
954
9535
933
8880
897
9049
639
9051
922
7422
948
6251
616
9341
887
9119
908
9121
1118
9181
794
9419
957
7287
780
7239
852
9334
925
16403
894
8552
920
9312
933
9094
944
5899
652
9382
882
9143
935
9081
965
9274
942
9626
982
7221
992
9283
882
9462
942
8743
875
8986
940
8926
867
9151
972
9131
950
9207
899
5095
445
9038
485
6786
910
6325
730
8683
924
9188
695
9048
894
4370
915
9527
902
9299
917
4235
735
8793
907
6240
982
7664
729
9021
919
8863
942
8777
713
9174
443
8846
914
4421
740
7566
731
9144
962
8733
947
8868
469
4219
990
9371
864
6402
614
9487
766
9105
876
9025
882
9296
1107
9903
922
6191
599
9114
887
8891
917
9271
880
4466
369
7574
784
9148
462
9259
1028
6218
905
9126
882
9139
917
9377
912
9163
925
4276
892
9088
914
8880
922
5493
849
4079
866
7598
905
9151
926
5439
635
9306
914
4477
514
9399
624
9322
904
9211
929
9164
1082
9226
905
9252
962
8886
914
9187
937
6451
605
9542
962
9214
862
5463
505
8820
967
9477
801
9314
894
9056
899
7565
769
8988
922
9161
973
9049
942
9105
944
8838
492
7452
905
8951
877
9079
711
4625
806
9219
884
9073
895
9069
913
9608
1050
7509
1082
5529
904
8919
696
6806
879
6909
755
9044
935
9184
874
8853
453
9366
967
9194
827
9005
920
7717
797
6259
550
6495
882
8883
497
8854
942
9329
887
9281
925
6725
629
7419
695
9084
898
8801
960
6434
600
9068
898
8974
909
8919
910
8702
499
9377
1050
7507
682
5370
932
9026
922
9093
497
9292
859
4355
384
7922
929
5756
889
9309
884
9143
358
6356
922
7201
950
8008
935
8380
817
9246
722
6244
597
5533
919
8695
693
6094
922
9233
924
9183
852
8998
910
8986
839
9580
880
9148
940
9246
954
9131
940
6365
905
27499
924
9218
955
9164
919
8063
887
8944
927
9103
507
6326
746
5338
512
7706
460
4390
671
8692
900
4539
777
8938
920
9121
929
9447
947
8935
880
9023
902
9216
925
7142
790
8928
651
9203
603
7949
897
9434
959
7546
930
7750
930
5355
469
9068
859
8816
928
9128
910
8808
963
6590
940
8956
960
5565
648
6804
884
9429
977
9693
930
4316
860
9366
940
8993
932
9276
621
7764
992
4249
872
8801
902
5408
512
9544
952
9003
936
9295
884
9149
882
8660
858
8912
877
9271
954
9534
1128
5631
904
9430
987
9249
634
9237
978
10010
885
7718
440
9504
892
7070
932
9928
1063
8748
423
4324
385
9547
930
9056
922
9046
905
9199
879
8800
736
6807
877
9607
910
8795
974
9286
947
9241
938
8873
922
7715
791
7750
889
9023
889
7244
887
9432
539
8891
919
9309
798
9199
400
9088
995
7408
676
9128
902
5470
902
9435
920
9276
870
9121
885
9394
882
9054
900
4351
388
8823
922
8951
927
4336
474
4488
396
6612
882
8684
902
5858
940
7670
836
9196
912
9110
932
9088
917
5328
521
8873
907
9030
907
6870
720
7100
909
9348
1135
7537
363
4105
545
9049
894
8458
939
9417
912
8744
879
7868
750
7629
890
8203
361
8953
932
9071
902
9011
910
8845
965
9018
393
9136
361
5726
522
9116
856
7826
940
9001
946
8865
887
8957
879
8888
912
8933
932
7639
861
9345
887
9178
776
9391
889
9046
912
4243
914
9554
419
10740
925
8976
884
9312
965
9174
907
8720
711
9021
885
7798
574
9111
922
5252
899
7599
708
9113
793
6244
874
9281
870
9011
912
4006
923
7150
895
5668
927
9079
703
9094
875
9023
874
9219
904
6870
662
8860
694
9026
869
5265
857
9116
909
8667
820
7271
890
9163
548
5415
885
7387
729
8808
880
9116
952
7757
975
9181
919
7470
927
8688
897
7371
701
9201
490
9134
912
8828
767
8828
912
8420
945
9279
667
8921
953
8956
696
9419
887
7023
892
9096
897
9484
516
9242
755
9036
942
8795
834
9036
867
6538
907
6595
925
8680
909
8928
668
7489
922
9567
953
9284
947
9056
917
9106
438
9076
929
8747
922
9183
914
9143
904
9151
916
9254
481
9051
897
9159
987
9484
496
7605
804
9179
904
9003
712
9464
916
6901
895
9578
739
5606
918
9505
842
9146
955
9110
930
9141
955
7081
914
6414
884
8923
915
9307
840
5438
887
9040
811
9279
696
9256
874
9568
868
9309
927
4220
385
9063
612
7051
683
7845
955
8897
908
5674
902
9354
427
9181
925
9336
960
9271
967
9211
962
9437
857
9121
688
7493
904
6912
959
9140
987
9212
893
9391
864
9346
962
7042
942
9394
640
7717
937
7495
915
9053
969
9206
948
8127
499
8898
927
8968
908
8920
378
9118
930
8951
925
6128
925
9241
947
9239
850
9464
962
9076
867
7991
905
9183
927
9635
864
8054
711
9083
633
5434
649
9127
821
9113
915
8024
471
4514
693
9303
834
9289
914
8948
914
9406
928
9083
934
9056
917
9354
892
7450
910
9225
964
9091
834
8966
668
9296
913
8790
787
9015
975
9067
927
9227
958
8976
924
3903
872
9073
909
9272
927
9779
469
9131
937
9194
645
9148
935
8998
910
5686
498
8848
936
4244
382
9024
897
7604
731
5568
882
5551
1118
9116
897
9547
977
9183
902
9316
945
7183
654
9274
899
8963
905
8670
990
9053
892
9296
642
8975
857
6420
942
5556
980
5320
562
6379
449
9239
844
9131
867
9690
972
5515
889
9188
905
9542
965
4468
647
6213
711
4367
732
9489
666
9268
716
8991
907
9516
928
9278
968
9308
922
7131
907
8630
823
9552
902
8557
892
9219
959
8732
904
6091
940
6616
905
9306
885
9632
947
8655
862
8772
1025
8770
879
8895
900
9718
910
4377
1000
7918
716
9196
917
9255
874
9263
938
8731
874
9063
912
9176
385
9346
890
5706
894
9439
875
9319
929
6845
895
7487
902
8546
856
5297
671
8893
917
9404
907
9241
927
6347
899
7971
930
9472
906
9476
678
9011
942
9361
915
7703
923
7829
882
9465
905
8812
946
6781
882
8634
896
9522
895
8901
566
5297
908
8933
723
5559
892
4278
392
9236
917
8993
892
8920
930
9384
877
8862
907
9795
956
8756
870
6203
730
7118
842
9445
837
9163
720
8935
902
9155
446
9243
962
6493
667
8188
917
9487
857
9505
989
7117
900
9259
684
9336
914
9066
954
8945
386
6992
930
9540
892
9319
934
4804
927
9058
791
9229
887
7328
929
9164
908
8902
903
7261
937
9281
922
7345
899
8795
716
7725
860
8895
890
8413
929
9048
960
9211
965
8888
934
4989
904
4426
553
7612
902
9136
945
9394
689
9055
955
9129
874
9690
937
9282
715
5349
895
7567
1045
7277
905
9602
912
9256
947
7606
967
7285
727
9038
917
9304
920
8980
940
8407
913
9720
929
9262
870
6656
886
9269
942
9274
902
9161
865
5246
920
9602
653
5195
577
9390
948
5389
899
9104
950
9512
703
9294
899
8745
915
9096
922
9652
905
9489
912
9397
715
8941
957
8786
906
7521
702
9307
849
6903
590
7791
958
9730
885
9251
962
9065
1027
8753
940
9499
880
9119
902
9284
995
9322
1003
6875
708
9324
882
9315
884
9361
922
5639
461
5087
513
5841
536
9459
902
9399
965
4853
940
9001
940
5731
747
9237
889
4359
925
9444
926
5389
875
7597
920
5208
894
8128
770
7780
875
9344
985
9263
786
9274
892
4016
659
5892
892
9186
912
7870
902
9447
895
9672
952
9812
590
9495
955
7430
894
5945
917
9246
862
9109
865
9059
877
9354
890
7377
945
9712
1015
9401
925
9172
729
7740
895
7051
607
9321
919
9251
925
7318
768
7094
983
9309
872
5462
924
6772
677
9403
936
9680
1072
4696
935
9004
937
9224
900
8997
902
8614
899
8866
902
9213
354
9362
890
9524
947
9456
842
9155
895
6642
935
8800
877
9246
969
9484
886
9070
945
8189
904
9134
876
9510
922
6815
955
6708
483
5387
504
8897
908
9073
1000
9366
386
6465
599
5454
987
9177
990
9309
880
9490
930
9158
917
9078
880
5368
932
9427
814
7774
880
5419
685
9339
830
6916
887
9304
929
8068
761
9186
382
6044
944
9399
927
7659
762
8970
905
9286
897
4599
391
9605
849
9113
879
9276
932
9069
892
9357
1020
9432
919
9116
952
9353
827
4318
773
8879
920
9156
977
8874
599
7603
894
9136
870
4430
355
9522
907
8948
705
8591
732
9462
877
9327
877
9547
919
9080
912
9061
945
9056
680
9106
811
9081
927
9222
930
5445
508
9129
912
8846
844
6999
849
9291
929
9066
900
9434
902
7892
927
8936
902
9251
875
9136
884
9196
937
5408
587
6275
481
8991
622
9281
954
9319
932
9053
1027
17084
882
9372
895
9191
900
9346
877
9578
802
7958
644
9041
914
5178
962
7936
892
7135
942
5691
889
9083
990
9020
895
8008
930
5293
909
9074
378
9233
691
9003
1125
7879
880
9214
935
9068
894
9247
874
9030
897
6899
464
9527
919
9209
937
5940
513
5788
884
9234
942
9908
937
9406
978
9367
800
8563
842
9344
982
9211
937
9452
950
6374
401
7850
882
9454
915
9269
1077
9151
840
9495
857
8875
889
7869
929
7814
767
9141
922
7335
882
9096
867
9056
905
8122
940
9298
387
8153
877
5681
930
9227
902
8920
979
9329
935
9141
867
9575
750
8780
979
9146
857
9554
865
4437
447
9377
894
7465
874
9364
457
9141
499
9440
912
8843
997
9189
1000
4537
515
9189
905
9356
997
9389
687
9202
864
9038
920
6147
930
9236
690
9229
915
9597
925
8976
879
9406
872
7976
733
9557
895
9454
945
9247
950
9049
915
9211
878
8828
897
9752
739
9281
597
5262
907
8923
875
7061
938
9369
985
9464
857
9400
937
9635
922
9016
965
7505
912
8943
553
9379
912
9285
998
9276
616
9356
910
9021
912
9645
388
10033
852
9046
879
7096
986
8926
774
8991
929
9216
904
9171
967
5555
890
7908
962
8829
679
8925
898
8951
906
9444
902
9128
387
5397
899
4367
964
7288
962
8618
955
8983
912
9131
875
8198
940
5862
1030
5607
895
9551
947
9437
899
9199
847
9429
895
9421
948
4428
899
9556
689
8935
1038
5526
522
9284
902
5162
1150
9171
962
9714
886
9286
680
9381
865
9379
887
9171
945
9466
907
9271
955
7079
922
9121
862
9484
924
9223
895
9756
909
9599
862
9659
755
9436
928
9161
770
9299
905
9093
895
9263
862
6485
892
9158
927
9402
944
9619
854
9153
905
8933
746
9233
737
7327
1052
7544
714
9441
917
7764
699
9063
879
8018
915
9321
909
7787
734
9474
764
9254
852
9517
894
9306
904
9063
894
9572
920
9660
915
9276
937
9181
910
9261
932
9156
914
9176
897
6655
596
9116
970
8908
767
9317
907
9103
829
5556
469
9366
952
9291
934
9517
900
9614
922
7955
886
9209
954
9574
889
7896
914
5482
877
9206
907
9597
857
9462
912
8715
892
7574
926
9179
942
6870
856
9577
1102
9349
954
9354
852
9369
908
9081
919
9277
813
9238
787
9201
909
9235
915
7270
392
9239
889
8820
879
9131
975
9289
942
9141
632
6704
945
9589
786
9498
919
5336
967
9301
829
8998
892
9487
957
8688
912
6257
900
8929
907
6952
894
7703
700
9226
591
5492
902
9148
547
8745
917
5846
907
4477
420
7605
945
9389
688
9241
902
30810
937
9454
594
7199
879
5615
957
7675
868
8974
588
9291
1055
8918
957
9777
664
9736
937
9228
842
7644
889
9292
544
9299
932
9457
936
5543
895
9334
937
9498
733
9088
932
9196
935
7744
897
5021
870
7293
909
9584
665
7817
713
9359
593
9411
954
6994
900
7679
710
9287
691
6263
906
9512
872
9216
832
9063
892
9710
875
9687
503
8566
830
9417
925
9334
1010
9239
917
4311
487
9279
940
9183
926
9567
915
7738
905
8918
889
9329
834
9828
1095
7708
780
9322
974
9475
967
9505
940
9322
878
4511
883
9263
940
9733
1145
7558
718
9139
947
9283
955
9447
898
9088
927
8001
910
9011
930
9319
965
9147
889
9788
888
7790
904
9390
914
8895
904
9677
940
9515
850
9198
872
9239
900
9209
918
8948
488
9078
664
9402
932
9550
940
9144
915
8284
796
9489
995
8046
897
9336
875
4674
932
8968
988
9224
932
9156
982
9168
892
9329
927
9183
885
9382
897
9386
948
8918
880
9129
928
9201
984
9802
475
9582
842
7719
902
9289
960
9344
457
4197
492
5694
877
8941
932
9777
900
9161
784
9302
902
9930
938
9331
603
9487
952
9045
476
9026
914
9229
907
7505
731
9103
910
8133
747
9436
910
9947
732
9021
907
9515
868
9514
904
9101
885
7412
900
9086
892
6797
899
8951
940
4397
411
9316
932
4239
390
7098
940
9228
972
9415
512
9229
909
8897
526
9351
855
9100
965
9056
752
9599
915
9271
940
8941
623
9271
907
9245
772
9456
872
8955
534
5256
915
8723
917
9439
894
7509
935
7166
520
7540
751
9372
897
9126
907
8580
924
9243
907
9606
753
6837
949
9441
905
9018
753
9104
694
9665
915
4886
365
9138
907
6730
907
8913
870
7929
927
8996
877
9070
767
9266
890
9193
937
7100
904
8710
870
9325
927
9562
889
9575
703
9414
954
8948
923
9378
912
9740
922
7519
713
7556
703
9602
920
7102
703
9229
1035
9479
930
9417
915
9307
877
9351
942
9302
937
13487
919
6688
826
9251
1005
8886
939
7896
793
9221
875
9101
684
9274
888
9001
904
9316
859
9397
977
9379
890
8943
910
8796
949
9036
673
8958
774
9208
514
8903
909
9286
852
9404
887
9249
864
9164
887
9442
896
9819
940
9264
915
7492
917
9466
869
7994
850
9050
1022
8646
890
6832
655
8674
900
8140
907
9529
734
9431
899
9512
867
9384
884
9294
478
9204
909
7340
933
9367
690
9110
802
9223
677
7911
716
9171
932
6433
910
7900
904
9419
852
9520
912
4689
398
7706
917
9322
933
9650
674
9281
917
9349
872
7728
594
9198
992
8998
955
8958
846
9271
940
9111
912
9682
969
9347
885
9377
920
4267
885
9449
900
6307
1020
8157
890
9426
960
9484
671
9354
962
8988
872
9253
936
9226
443
7228
800
9179
938
9669
927
9166
446
9216
819
9181
909
6575
598
9224
701
7712
962
9787
917
9211
770
9334
915
9229
682
8903
479
8657
929
9269
895
7844
965
5467
898
9169
894
9286
877
8138
849
9033
882
9464
892
9427
764
9231
952
9512
895
9459
993
5747
933
9033
858
9509
947
9389
909
9201
912
5489
446
9456
601
9487
912
9337
938
9541
917
9693
717
9256
899
9247
864
8959
924
9680
850
9461
766
9584
1080
9461
872
9477
852
9362
912
9545
992
8041
892
5384
489
9679
906
9141
644
9271
890
8063
930
9183
942
8133
864
9010
912
9390
945
9674
896
9010
940
4251
846
8773
849
9244
880
9111
952
5150
917
9106
880
9036
902
9501
925
6600
887
7881
932
8818
857
9535
887
8092
773
9284
920
9577
909
9199
746
9510
942
4925
882
9828
488
5831
927
9159
908
9231
490
9109
905
6955
663
9538
968
9023
914
9033
912
8978
855
9279
894
9191
905
9444
460
9442
902
9467
728
9314
862
8802
912
9258
942
9006
972
8843
935
8966
892
9229
762
9502
742
9479
857
7051
689
9323
730
9273
884
9388
535
8947
900
7869
902
10155
932
9377
874
9262
741
4281
900
9127
820
4818
553
9219
903
7603
880
9123
880
4472
375
9299
892
7669
922
8980
958
8916
942
9356
880
9303
879
9471
872
8875
967
9115
914
7911
796
9035
892
9319
934
8910
899
8857
899
9540
967
9554
919
9071
899
9384
912
9454
957
6255
845
9098
889
19653
937
9401
902
8301
987
8524
914
9509
944
9376
889
9204
839
9386
897
8891
895
4251
899
8143
868
8700
927
7848
766
9506
915
9353
902
9006
967
9451
900
9093
925
7833
758
7125
887
9554
925
9179
880
9304
674
9457
882
9364
959
9101
874
9139
942
9246
947
9327
904
9179
840
9429
889
9467
903
8667
566
9241
865
9657
661
9166
857
7773
917
4627
442
9114
910
7730
746
9279
920
9175
900
9454
1000
9000
892
9179
935
9502
857
7559
915
6281
939
9401
955
7992
897
8012
888
9369
779
8683
942
9582
870
9093
932
8935
909
4324
399
8818
950
9522
409
9296
877
8451
787
8158
866
9131
959
6198
590
9634
899
6693
1060
9532
919
7962
932
9549
945
9438
957
9413
895
9349
937
9619
980
8990
975
6814
932
9246
879
9374
975
8738
937
9061
942
6843
942
9212
922
9342
920
4519
414
9000
919
9259
959
9256
808
9139
865
9497
912
6976
930
9652
892
9592
761
9360
925
9214
949
9264
806
9391
917
9041
935
9372
924
7838
776
9309
894
7600
915
9594
1037
9192
960
4843
963
7442
774
9466
952
9517
847
9575
904
9316
894
17512
980
9399
930
9504
872
9339
934
9161
912
9261
985
8147
937
9010
927
8246
894
9648
945
6520
860
9404
950
9287
855
7886
1127
9154
885
9224
940
9081
880
7601
725
9036
859
9637
932
9334
780
6068
997
9552
942
7867
903
9153
389
9235
838
7246
897
9697
947
8545
620
9389
887
9231
750
9295
484
7868
964
9357
677
9261
886
5226
523
9607
952
9208
900
7838
593
9372
892
6488
914
9793
927
9239
975
9833
929
9346
945
6931
643
9321
659
9609
924
9314
967
7795
900
9499
980
9011
882
9171
927
9311
890
