7778
1383
7342
1083
8157
1428
7698
1390
8016
1383
7761
743
7655
1348
6987
1171
7688
1439
7816
1096
7911
1464
7637
754
7808
1361
7188
1406
5246
966
7570
1354
5322
1418
4940
946
7590
1440
7996
1380
7783
1463
7410
1375
7462
1426
7688
1391
7723
1357
8126
1449
7768
1418
5084
874
7532
1376
8314
1351
7480
1418
7863
1451
7702
1416
7883
1336
7302
1454
7740
1289
6690
1323
6435
1217
7848
1095
7690
1499
6127
1329
7893
1459
5361
1461
7880
1368
7824
1217
7888
597
4507
756
7557
1400
7830
1363
5654
1350
7650
1400
7883
1102
6430
1431
7613
1431
7650
1371
6038
1114
7708
978
7597
1421
6154
1441
5640
1366
7697
1365
7629
1316
5498
955
8029
880
7608
1368
7878
1311
6295
779
8111
1441
7775
783
7843
1419
7668
1366
8184
1398
7785
1343
7555
1384
7457
1255
3574
668
7600
1426
3814
582
3914
768
7821
1449
7805
1514
5606
1179
5358
1431
7635
1466
4540
1416
7547
1398
7597
1406
5636
910
7592
1528
7502
1356
5129
1443
7527
1356
4731
1371
7640
1401
4987
733
7823
1363
4644
1433
7619
1369
7647
1401
6003
1102
8058
1308
4256
783
5635
1481
8061
1391
7808
1401
7901
1393
8061
1501
6004
1408
7736
1416
7685
1373
7549
1413
7497
1384
5651
1455
7367
1383
7750
1398
7920
1343
4550
865
8089
1333
5339
1035
7662
1383
5418
747
7996
1366
7773
1466
7595
1393
7753
847
5651
923
5292
888
7840
1353
7807
1359
4607
1516
7765
799
7577
1386
7848
1379
5489
934
7504
1469
8021
1436
7818
1369
7703
1424
7717
1501
7427
1445
7810
616
7605
1400
4591
1267
7858
1278
8176
1413
8387
1478
5555
908
7750
986
7815
1391
7670
1428
5215
905
7558
1398
7893
1431
7823
1421
8181
1408
7885
927
8043
1401
7572
594
7976
1393
7722
1388
8143
1409
7618
834
7798
1076
6080
1381
5348
922
5945
1131
6922
1376
4058
1370
7618
1591
8021
1496
6154
1105
7559
1416
6388
1177
7935
793
7703
1396
7836
1376
7798
1388
7600
1358
7861
1467
8021
1403
3553
1390
7725
618
7670
1393
7687
1340
5010
1418
8096
1423
6687
1343
7696
1399
7763
1400
7705
1333
4520
1371
7896
1449
7738
1428
8053
1328
7677
1438
8046
1393
7758
1383
7688
1350
5258
864
6389
1172
7645
1383
7661
1328
5421
1409
7881
1281
7893
1224
8139
1399
3396
552
7898
1451
7575
1386
7650
1383
5523
1351
7823
1006
7518
1363
7626
1361
7808
1480
7808
1363
8023
1448
7895
1459
7978
1426
4042
696
6712
1383
5808
1066
7866
1509
18838
1327
5205
1419
7933
1407
7680
1393
7815
1461
7840
1423
7648
1425
7968
1423
4783
818
8179
1035
7802
1436
5977
1474
7856
1385
8124
1444
7841
1410
5812
1034
8272
827
7983
1380
5547
1375
7873
1426
7620
1415
8123
1413
7632
1280
6175
1398
8013
1426
8184
1349
7488
1302
8046
1303
7703
1363
7853
1385
6792
1361
7970
1325
7530
1395
7615
1047
7875
1023
8147
952
8021
1453
7983
1418
8016
1164
6259
1507
6959
1400
4791
1451
8181
1491
6183
1390
6860
1409
7896
1411
5529
1351
4663
858
7440
1421
7878
1378
6055
1433
5441
1346
7594
1329
7741
1415
7555
1316
7783
1011
8026
1186
4580
584
4659
1433
7720
937
7783
1433
8251
1481
6679
1358
8001
1406
7921
1508
8066
1468
7593
1323
7781
1323
7825
1366
8186
1403
17889
1425
7948
1418
7533
1411
6183
628
8152
1353
7823
1338
8142
929
5276
1346
7645
1427
3386
596
7984
1423
7710
1428
7833
747
4716
1454
7695
1175
7836
1483
16418
1341
8132
1196
4696
1390
7941
1197
4554
1320
8026
1381
7963
1370
6539
1373
7713
1468
7868
1113
7848
1471
7785
1258
7226
1371
7808
1504
8068
1390
6401
1413
7846
1461
7851
1499
4836
1434
7715
1371
8066
942
7802
1433
7851
1155
7835
1353
8597
1441
6653
1378
7803
1316
6891
1082
7630
1083
7798
1441
6041
1008
8061
1506
7986
1483
6715
1184
8223
1343
8079
1383
6100
1453
7881
9857
5715
1441
6184
981
8066
742
5769
1468
7936
912
7908
1513
8081
1433
5916
1371
7862
1390
8004
1340
7863
1375
3520
1411
4891
1451
8276
1349
8124
1431
5941
1031
8166
1439
7942
953
7863
1371
5302
894
7878
1341
7637
10222
8359
1353
7670
1351
8291
601
6727
1380
5283
1015
7751
1491
8041
1333
7798
1355
8312
1456
7583
1413
8375
1431
7846
1368
5739
1396
7858
1348
8376
1449
6050
1103
4947
1471
7792
1403
7831
1361
7783
1410
8402
1095
6001
1438
8051
1405
8121
1403
7741
1436
7248
1115
8236
1461
8021
1485
5096
1086
8302
1391
7033
1478
7905
1406
7894
1423
8255
1396
7492
1421
4122
1313
7835
1421
5898
1383
8159
1416
8219
1316
8457
1421
7823
1456
7866
763
8036
1468
6010
1490
7920
1405
8004
1428
8053
1496
8209
1394
7988
1403
3960
1444
7933
1431
8196
1350
7821
1400
8186
1441
7928
1383
5721
934
5428
950
4922
746
6520
1393
8191
598
8547
1418
7978
1410
8702
917
8269
1306
7923
1386
8113
1393
7808
1381
8041
1418
7858
1401
7963
1395
7481
1305
8422
1346
6200
1037
4549
1489
8146
1203
8029
1441
6551
732
7433
1428
8011
1335
7913
1431
5485
1453
7711
1381
7974
1409
6090
1346
6692
1439
8061
1321
8071
1463
7547
1431
5583
1409
7873
975
8430
1421
7933
1331
7738
1424
7820
1366
4670
740
5069
1391
6002
1290
8048
1470
6273
1376
7688
1410
6880
1588
5683
970
6710
1481
8094
1494
8066
1378
8071
1366
6546
1128
6885
1406
8057
1370
5397
752
8395
1124
7228
1471
5993
1368
7838
1386
5886
975
8039
1416
8068
1424
7826
1406
6363
1416
8068
1371
8264
1393
7838
1454
8029
1433
8542
1299
7896
1416
8266
973
7913
1419
7696
1276
8186
1363
7921
1438
8552
1306
6220
1393
8332
1331
6038
1373
8023
1348
8367
1351
7236
1358
6904
1188
8367
1358
6328
1333
7790
1378
8312
1486
8381
1391
7868
1290
6733
1393
7941
1431
7718
1516
6264
1456
5804
1451
7493
1411
6219
969
3804
1370
8058
1363
7866
1403
7963
1355
8078
1414
8124
1066
7050
1097
8319
1451
8281
1414
8116
1563
7843
1416
5923
1398
7918
1406
7032
1411
7610
1390
5029
1367
5640
951
5989
1328
6375
1020
4959
1318
5520
1363
3641
1446
7813
1349
8253
1388
8184
1313
7818
1134
7885
1421
7971
1516
7722
800
8317
1498
6125
1032
7885
1401
7984
1405
8201
1431
4690
1380
7933
1320
8397
1413
8364
1390
8001
1320
7348
1426
7956
1390
6873
1428
7688
1247
8274
1363
7986
1433
8096
1295
7848
1398
8214
1415
7903
1347
7741
1464
5051
1468
8337
1408
8043
1360
8194
1319
4128
595
4752
794
6290
1383
8114
1379
8036
1413
7885
1388
8089
1359
7118
1445
7876
1366
8237
777
6886
1395
7919
1447
8203
1411
45983
1358
7720
1429
8013
1356
7472
1375
7008
1184
8414
1338
7926
1401
6235
1089
7833
1335
8188
1433
8064
1393
8034
1388
6457
1403
7830
1174
7931
1455
7926
1323
8029
1373
8067
1427
7537
1393
4950
1411
6820
1158
7697
902
7882
1408
8096
1481
8096
1421
7808
1383
8575
1489
7622
1443
7648
1394
7718
1416
8058
1453
7988
1345
7740
1347
7911
1408
6813
1318
7862
1408
6726
1370
8131
1476
8136
1445
4912
1491
5040
815
8086
1458
7919
1486
8111
1440
7870
1424
5618
1466
7901
1329
5726
944
8114
1421
15846
1155
5412
782
7718
909
7851
1411
8109
1418
6955
1384
8337
1333
7785
1356
8244
1313
4845
1197
3754
905
8003
1383
6732
1391
5804
1389
7267
1368
7954
601
7930
1359
8131
1416
7881
1531
5564
897
4816
1316
8058
1426
8299
1441
8054
1443
8284
1358
8276
1413
8064
1423
6117
1048
7623
1385
7965
1349
7762
1461
7925
1408
7818
27703
7926
1325
6501
1438
7805
1699
8427
1326
6523
1297
7878
1340
7923
1353
8146
1345
8181
1446
7705
1068
5462
1348
8212
1466
8179
1299
8246
1335
7833
1459
8199
1086
6925
1165
7732
1406
8076
1414
7951
1333
8148
1319
8263
1450
7605
1393
8177
1394
8089
1378
7996
1429
7850
1370
8530
1411
6922
1488
8114
1461
7801
1441
8191
1423
6027
1343
8131
798
8594
1459
8492
1363
8116
1377
8026
1418
7943
1441
8431
1378
7983
1330
8202
1413
8314
1454
8286
1365
8129
1448
8231
1421
7998
1438
8149
1499
7968
739
8006
1386
7996
1418
8142
1451
7943
1425
8237
1426
8194
1466
8237
1371
8157
1154
8454
1509
8059
698
8189
1350
7976
1425
6773
1439
8134
1393
7899
1339
8018
1361
7921
1408
8161
1468
8056
1159
7934
1356
6853
1401
8116
1390
7981
1486
7728
1386
8284
1343
6192
1041
7017
1426
8306
1449
7285
1368
8011
1501
7931
1280
7968
1369
7876
1405
6727
1226
5013
852
8411
1468
8091
819
7828
1373
7953
1115
8016
1446
8106
1373
8104
1320
6529
1379
7991
1356
7948
1360
8153
1370
8490
1360
8054
1361
8018
1406
8189
1446
7723
1410
8123
1408
6477
1403
8211
1448
7700
991
7876
1371
8265
1417
7853
1338
7828
1413
7209
1461
8502
1351
8219
1548
8254
1501
5923
1014
8632
1426
4875
1431
6327
1470
8642
1361
8307
1405
8131
1414
5603
938
8116
1289
8314
1458
8081
1383
8058
891
6239
1456
7999
1340
7931
1326
8169
1424
8409
1361
7877
1474
6790
1421
7883
1323
8116
1431
8209
1366
7875
1396
8527
1425
5504
1349
6104
1395
8567
1421
8276
1481
8612
1478
7978
1496
8244
1356
8138
1364
8214
1331
7242
1376
3656
728
7680
1398
17404
1345
4778
1355
7986
1557
7914
1438
7830
1386
8209
1333
7948
1440
8044
1444
8011
1378
8236
1365
4902
1064
7563
1401
8232
590
8532
1353
7878
1338
6773
1373
8122
1428
7384
1192
8251
1451
8015
1326
5052
1453
8174
1466
8016
1461
8069
1429
8173
1323
6852
1230
7968
1391
8176
1440
6503
1198
8296
1451
5176
1398
8171
1361
7828
1343
8502
1428
7905
1051
8111
1333
8725
1508
6301
1373
8077
1473
7986
1419
8056
1353
7826
1419
4516
767
6928
1363
7878
1341
6470
1471
8472
1141
8181
1438
8434
1510
8259
1444
7537
1399
5551
1371
7835
1371
7891
1388
7948
1444
8013
1459
6470
1481
7868
751
8630
1503
8185
1353
8146
1331
7896
725
8239
1346
8026
1428
8019
1373
4951
1448
8033
1363
8091
1453
7853
1378
8033
1368
5602
1353
7016
1406
7998
1333
8217
1459
8471
1293
5930
979
7971
1161
7953
1273
8347
1423
8066
1471
8156
1418
8282
1397
8124
1406
6810
1123
6199
1416
8107
1333
8319
1456
8151
824
8156
1434
8050
1423
6475
1111
8166
1358
7645
1453
8079
1437
6916
1400
5397
1413
8212
1345
6745
1170
7906
1353
5409
930
5014
1431
8337
1433
8197
1501
5950
1461
7963
1077
7647
1081
7731
1380
6187
1448
4885
1463
7962
1443
8066
916
6293
1420
8286
1414
7821
1371
8289
1366
8549
1355
8181
1421
6887
1205
8177
1463
8201
1393
7973
1421
8334
1408
8179
1423
7981
1196
7998
1375
6750
1398
5442
860
8199
1445
8099
1384
8194
1434
7821
1375
7833
1378
7551
1226
8081
1368
8296
1411
5355
1335
8136
1499
7740
1399
7953
1406
8179
1534
7842
1403
8044
1446
4096
547
6746
1503
8095
1408
8058
1426
7770
1484
8003
736
8450
1360
8440
1408
6017
1317
7958
1373
8166
1384
5433
1338
8449
1365
7828
1403
7683
1466
8141
1257
8372
1393
7843
1383
8129
1478
6680
1406
8299
1448
8125
1423
8173
1421
8141
1328
7162
1328
8144
811
3756
589
8544
1331
4986
1373
8640
1157
5843
1004
7584
1411
8053
1363
7793
1356
8011
1395
6176
1484
6682
1361
8385
1366
8444
1383
6754
1129
8131
1433
8257
1348
7928
1475
8638
1288
8091
1405
8317
1441
7966
1364
8001
1084
7766
1465
8134
1393
8006
1390
8397
1381
7710
1320
8121
1408
8031
1313
7721
1363
7928
1396
4795
1536
7132
1361
7969
1498
8102
1418
5653
1474
8557
1456
8211
1514
5296
1394
8327
1477
7896
1368
7891
1451
5186
1485
8297
1356
8104
1358
8009
1393
7825
1421
8138
1401
3926
588
8324
1438
8305
1376
7833
1323
7928
1446
6305
1049
8156
782
7737
1463
8109
1383
8099
562
7868
1399
6416
1085
7850
1022
8083
1376
8279
1388
6598
1366
8457
1406
8136
1393
8367
1386
4514
1386
8212
1079
5726
904
7738
974
7973
1365
8417
1508
8003
1388
8283
1343
8356
1498
8482
1451
8269
1538
7953
1326
7858
1361
8189
1224
7948
1333
8171
1325
8276
1419
8335
1349
8625
1458
4486
1361
8565
1396
7903
1426
8096
1358
7883
1416
8147
959
8216
1417
8309
1363
4902
773
5009
1333
7938
1425
6590
1408
7964
1403
5279
1321
4762
1431
5842
1493
7572
1338
8259
1360
8184
1431
8103
1453
7688
1391
6587
1391
7982
1510
8499
1378
8013
1095
8186
1350
5535
1313
8059
924
8339
1009
8091
1454
7916
699
8407
1410
8149
1393
7863
1389
8231
583
7956
1378
8772
1449
8106
1356
8337
861
8086
1411
8309
1370
8151
1376
7905
1398
8226
1363
8366
1403
6495
1334
7981
1358
8136
1521
8462
1209
4147
664
8610
1438
8279
1123
7913
1370
8520
1363
8078
1414
7943
1388
8224
912
8021
1403
6678
1406
4921
1297
5060
778
7990
1426
8259
1390
8199
1466
6262
1350
8402
1433
6817
1521
7815
1433
8277
1384
8239
1360
8144
1479
8442
1109
6371
1081
8116
9915
8374
1353
6542
1069
8422
1365
5729
1448
6457
1360
8159
1409
8444
1490
8469
1481
6405
1051
7931
1376
8277
1371
8071
1539
8392
1348
8382
1384
7995
1445
8515
1393
8482
1476
7918
1105
6659
1340
8264
1431
8277
1391
8020
1516
8407
1390
6873
1013
8269
802
8010
1373
5014
865
8374
1137
8061
1463
7710
1463
5398
1356
8171
1423
8089
1393
8204
1528
3884
588
4839
1425
8194
1405
8128
1378
8031
1343
8123
1446
7964
1211
8229
1436
7834
1373
7941
1388
4781
1479
8352
1026
8181
1346
8124
1373
8211
1380
8466
1403
6690
1515
8224
1400
8101
1473
8079
1418
4619
746
8056
1406
8292
1418
6781
1509
5112
751
6397
1012
8141
1429
7077
824
5193
770
6394
1082
8063
1411
8381
1456
7955
1071
8057
1315
8283
1393
8091
1328
7248
1464
8525
765
8186
1411
6231
923
8094
1430
5248
1496
8234
1488
5987
1025
8139
1388
3947
872
8201
1420
8329
1139
8492
1401
8429
1341
8396
1416
5226
630
8272
1066
6976
1346
8161
1428
8222
1297
7961
1423
8046
1400
8638
1388
5373
1498
8136
1373
8058
766
8414
1486
5223
1441
8084
1439
7012
1207
7938
1406
8397
1416
8512
1378
7832
1411
8036
1374
8159
1446
8231
1329
8091
1446
8382
1088
4882
1387
8510
1291
8264
1335
3960
556
5283
1425
3839
1359
7878
1461
8159
1448
7960
1416
7928
577
8036
1299
8302
1410
6900
731
8632
1348
8423
1533
8406
1384
8473
1376
7119
1567
7296
1456
8331
1438
4886
772
8083
1344
6714
1451
7986
1393
6600
1469
6601
1423
7966
1399
8096
1532
6794
1126
7866
1496
8141
1415
7267
1476
6561
1358
7790
1431
8332
1385
8344
1401
7953
1409
8212
1504
5054
1413
6982
1556
7935
1371
8592
1378
7191
1154
7238
1155
8317
922
8307
1368
8296
1459
8257
1327
6037
975
6902
1413
8377
1226
16617
1368
8322
1215
3808
1433
4156
1380
8121
745
8184
1039
8134
1371
8229
1363
8149
1411
8205
1393
8103
1328
7884
1318
7591
1346
8151
1401
7836
1333
6463
1416
7858
1361
6904
1163
8229
1348
8159
1391
5437
808
8044
1376
8401
1403
7861
1444
7966
1356
3953
630
8245
728
8034
1365
8136
1262
6264
1006
8154
1343
6459
1461
8104
1338
3939
1385
8199
1428
8202
912
8010
1361
6567
1082
8033
726
8449
1373
7870
1463
8129
1405
5812
1298
7769
1234
8126
1323
8000
1401
8034
1398
7972
1374
6340
1063
8046
1445
8470
917
8018
1451
8545
1430
8339
1355
7996
1391
8202
1211
8427
878
8610
1443
7877
1381
8319
1393
7018
1383
6513
1183
8680
1413
6802
1446
7781
1147
8039
1483
7123
1104
8066
1471
8618
1375
7050
1184
8584
1385
7969
1426
7731
1264
7814
1433
8176
1335
8232
1356
7157
1486
7974
1369
8018
1401
8156
1473
7878
1486
3849
1367
8024
1418
8267
1383
5189
1423
8387
1508
8277
768
8397
1368
8291
1463
7995
1496
8056
1405
8387
1428
4838
1443
8459
1401
7976
1444
8209
1388
8208
1400
8489
1331
8088
832
8276
1398
8161
1439
8064
1428
8118
1353
8575
1360
8219
1416
8570
1438
8154
1444
7959
1429
8337
1359
8219
1390
8242
1426
8577
954
5044
842
8627
1466
8266
1361
7795
1441
5158
1368
8249
1396
8364
1426
8271
1373
7833
1383
6836
1415
8331
1438
4830
773
16771
1463
4024
580
8091
1360
7888
1396
4885
807
8171
1411
8221
1397
8119
1325
8527
1415
8171
1528
5534
1217
8101
1294
7990
1421
6021
905
4130
1380
8192
1433
8374
1423
6873
1395
8452
1463
8071
1308
6199
1221
8124
1305
8305
1380
8379
1433
8129
1350
7825
692
4888
1383
7945
1356
7880
1411
8399
1348
7374
1424
5321
751
7500
1446
7063
1403
6926
1217
3906
1367
8146
1438
7130
1454
8177
1434
8427
1454
7996
1453
7971
1315
7981
1353
7730
1403
7966
1395
8487
1404
6723
1458
8101
749
8074
1411
5663
1443
8011
1556
8141
1426
7301
1323
6407
1006
3998
693
8304
1449
8404
1401
7992
1361
8024
1373
6373
1389
7335
1421
6587
1368
8083
1328
8126
1339
8003
1323
5985
1439
8137
1388
8121
1115
7299
1196
8156
1438
8397
744
8249
1305
8216
1398
8164
1378
8066
1411
8069
1418
8457
1469
8456
1383
8081
906
4181
1390
8246
1410
6150
1306
7695
1346
8354
1443
8144
1341
6559
1491
7966
1496
8324
1363
8201
1398
4180
1409
8407
1449
8361
1441
8151
1443
3738
613
8214
1203
7993
1461
8319
1326
8057
1416
8196
1466
6551
1379
8592
1414
7750
764
7966
1141
5699
863
7896
1378
8252
1398
8406
1328
8500
1393
8332
1386
8476
1038
8302
1453
8068
1357
7558
1478
3867
1301
8329
1273
6966
1161
3781
588
7994
1423
7733
718
7842
1396
8088
1416
6866
1320
8507
1408
6216
1320
8242
1440
8121
1373
7005
1341
8116
1531
7868
1466
7117
601
7951
1325
8705
1360
7012
563
6909
1208
7941
1513
8021
1413
8111
600
5953
1044
8407
1363
8239
1384
8229
1426
7878
1105
8377
726
3711
1340
8613
1373
7896
1411
7784
1365
7351
1138
7991
1453
8186
1365
6732
1408
8156
1370
5230
751
8559
1368
8087
1406
6710
1328
8154
1352
7911
1290
8166
1386
8249
1467
4935
1351
7685
1429
7940
1393
5627
1391
8051
1367
6792
1435
7798
786
8026
1368
7710
1413
6792
1385
8068
1425
5015
1393
7770
1363
8081
1029
7740
1338
4251
1366
8279
1323
8116
1398
5577
793
8164
1443
8217
1426
6513
1482
9191
1280
4782
810
8219
1359
5813
1436
8269
1365
6986
1368
3734
607
8182
1366
4895
1321
4901
1483
7746
1359
8314
1024
8407
1493
5941
1353
4972
1459
5410
1414
8199
1369
5960
990
7935
1498
7710
1309
7014
1328
8031
1481
8440
1456
8319
1413
8158
1428
6657
1373
8139
1415
8269
1371
6596
1024
7921
1363
8016
1423
6761
1385
5592
913
7971
1356
8479
1400
8072
1385
8021
1428
8267
1471
8209
1376
8535
1420
8161
1092
7760
1348
8121
1366
5937
955
7870
1318
8226
1112
8281
846
7533
1365
8111
1476
8363
1425
7802
1428
8173
1401
8049
1403
8214
1489
7872
1396
8286
1425
8297
1367
8038
1117
3873
1328
8510
1326
6898
1338
8198
1353
8309
1420
7945
1461
7994
1356
8136
1546
8301
1443
8304
905
6870
1425
7758
1398
8707
1338
8389
1405
8203
970
5924
1330
8103
1395
8282
1353
7850
1148
7866
1358
3749
1393
8337
1383
5318
1361
4069
572
8147
1413
8515
1385
33630
537
8051
1476
4166
1386
7044
1441
8091
1393
4964
1426
8392
1370
6559
1391
8444
1425
8362
1356
17482
1418
8333
1289
8056
1461
8106
1484
8137
1498
5153
820
8249
608
8286
1316
8549
1325
7012
1395
4763
767
8051
1326
7984
1353
8276
1360
5077
1349
7881
789
8539
1361
4837
1356
7895
1421
8151
795
8068
1508
8314
1491
8286
1350
8091
902
8094
1401
8337
1085
8489
1451
8367
1479
5218
1368
8357
1403
7840
586
8274
1429
8167
1408
8319
1448
3643
599
7968
1458
8048
1343
8620
1188
8252
1483
8249
1338
6922
1399
8178
1461
7978
1346
6825
1051
7040
1136
4133
1374
4963
1499
4917
813
8209
1376
6872
1347
8206
1434
8058
1388
8251
851
8460
1216
8321
1421
8555
1406
8441
1371
7931
1398
7998
1408
8241
1347
6639
1433
7634
1404
8003
1340
5008
801
7818
1451
8548
1387
8285
1318
4814
1523
7936
1343
4840
771
4465
1426
8049
1351
8396
1410
6816
1145
8004
1363
8209
1461
8026
1160
8181
1443
7015
1121
4836
784
8372
1368
8478
1353
8384
1107
8068
1431
6590
1380
8292
1370
8239
1488
5610
862
7020
1152
8928
1540
5676
945
6702
1341
8061
1291
6857
1383
78435
1418
8687
1464
7728
921
8232
1476
8028
1421
5346
1476
8402
1388
6608
1051
8064
1403
8231
1464
8632
1391
7063
1468
7881
948
4411
1411
5223
819
7998
1308
8344
1127
8264
1511
5913
1390
8447
1329
8414
1343
7981
1321
6964
622
8186
1431
5434
1439
5014
752
8342
1343
8254
1380
8194
1370
8235
1102
7449
1347
8176
925
7855
1408
7748
1300
7783
1331
6820
1183
8073
865
8063
1466
8187
1430
8271
1456
8003
1433
8024
1434
8660
1385
5638
848
5111
732
8302
1458
3886
575
6910
1524
8357
1435
8003
1438
8292
1399
8207
1566
8219
1451
5274
832
8600
1455
5567
1404
7932
1426
8542
1410
8089
1423
7861
1393
8099
1401
8319
1139
4224
770
7726
1345
6932
1448
6928
925
8362
1448
7625
1426
6415
1406
8432
1393
8422
1394
7893
1433
7931
1403
8402
1355
6236
987
6839
1440
8134
1451
6594
1353
8379
1391
7988
1388
8154
1341
8790
715
7871
1298
7572
1355
4104
560
8146
769
8134
1378
4598
741
6126
1353
8171
767
8099
1310
3937
1513
8738
1323
7918
1494
8119
1346
4765
1454
8336
1433
8011
1341
6672
1213
7715
1388
6853
1451
8194
1409
7841
1411
5289
865
5694
1381
8161
1143
5210
897
8066
1379
8698
905
6810
993
8630
1413
7717
923
3750
1350
8189
1376
8006
1461
8061
873
7890
1461
8514
1411
4776
1375
8269
1356
7990
1380
8001
1371
8074
1365
8354
1108
7143
1193
7996
1373
4231
1318
8191
1439
5741
1406
8197
1303
6645
1404
8231
1405
7916
1449
8635
1505
6976
1144
8051
1486
8339
1397
8442
1400
8109
1474
8091
1414
7991
1396
8109
1404
8163
1353
8574
1358
8233
1465
8562
1341
7094
1171
5295
1477
8097
1446
7878
1425
8231
1398
8287
1365
8098
1406
3816
581
8241
1448
8710
1433
8275
1403
8402
905
6653
1420
7559
1328
6750
1409
7776
1388
8522
1434
8462
1363
8246
1181
5588
850
8301
594
8354
1146
7946
1433
8419
1386
5065
1416
8071
1381
8304
1408
8365
1376
8352
1411
8231
1321
8399
1363
4898
1326
8161
1396
8572
1358
8174
1363
8433
1333
4060
571
8452
1353
8085
1415
8108
1458
8073
1124
8309
1486
8184
1323
8560
1326
8186
1444
8216
1536
7993
1363
8379
1393
8297
1401
8317
1229
8675
1096
5133
1378
8272
1441
7170
1441
