20213
5309
20400
5532
19881
5340
19202
5287
14916
4112
22749
5318
13370
5491
19735
4255
19601
5269
19831
5227
19504
5362
20127
5348
13594
3509
20021
5300
19856
5507
19605
5324
19667
5348
19603
5325
19713
5370
19572
3512
11834
2979
19971
5436
13037
5670
9904
2992
11133
2963
13450
5257
19662
5305
19632
5235
11210
4390
11339
3033
13699
5297
19692
5327
10498
2733
19840
3010
19881
5314
20234
3609
23496
5387
16311
4387
20302
5285
19643
5272
18570
4950
19765
5249
19731
5287
19859
5157
9545
2248
20445
5375
23644
5262
19926
4272
11347
5300
12871
3345
23276
5605
20013
5269
15078
5475
19918
5502
19763
4424
19701
5356
13070
3464
11385
5470
19748
5265
19269
5363
15171
4079
12798
5174
20034
3677
19928
4506
19564
5314
23436
5272
17330
4511
19979
3999
20146
5282
18969
5292
19512
5350
19924
5305
12230
3231
11514
5545
19668
5344
14800
5340
13796
3578
9303
2364
11901
3024
20554
5295
19718
3403
19938
5480
19525
5425
20270
5339
17116
5325
14282
3887
20151
5354
19885
5555
12218
5373
16515
5585
11577
5393
19827
5352
19357
5335
11391
3057
19517
5327
20281
5410
19911
5286
20261
5543
11447
5295
19015
4246
23020
5365
15038
3950
19863
5547
20504
3083
19791
5340
20126
3269
18112
2297
16826
5297
9749
5274
12780
3549
19996
5377
19790
5455
20432
4176
8755
5617
20307
5456
11551
5253
19803
5440
11506
5305
20006
5282
16297
4281
13562
5262
11548
2929
16326
5455
19954
5487
20021
5288
20262
5392
20066
5507
19715
5545
18205
4109
20103
5545
20605
5282
19853
5237
20419
3536
19818
5347
20317
5434
20049
5247
19621
3000
9200
5483
20367
3979
19981
5250
20222
2218
9235
5348
20066
5472
20114
4049
22835
5313
13973
3497
19757
5305
20224
5265
16903
5465
19800
5309
19627
2738
20743
5259
14111
3827
13560
3569
19909
5327
20628
5347
19778
2790
19976
5282
11649
5538
15440
5277
20018
4273
21582
5547
23382
5601
16683
4231
23770
5318
19785
5284
22314
5373
17039
4349
20244
5312
20214
5464
20403
5397
20251
4691
12270
5372
20191
5280
16419
4495
19545
5390
15908
4208
24171
5270
19480
5327
14909
4006
20114
5280
19998
5415
16277
5357
20056
5425
20454
5517
19765
5308
20072
5178
16836
4526
16795
5270
19720
5490
19372
5347
14633
3856
15393
5315
15678
4180
8930
5523
19956
5352
11789
5603
23718
5290
12818
3455
13075
5455
20092
5580
19653
5385
19597
5310
11540
2896
22231
5453
20221
3086
19697
3845
20011
5314
19914
5264
20019
5292
19866
5314
44366
2939
16674
5310
22529
23358
17086
5362
19585
5330
19949
5302
20159
5325
15601
4056
16780
5278
23875
5252
14734
5284
19777
5282
9019
5375
20201
4541
12831
3399
19771
5246
15806
4280
16074
5385
15873
5272
19823
5318
11762
5299
17009
5303
14097
5290
11029
5488
19777
5245
19686
29431
19901
5298
14399
5420
19342
5259
20048
4247
17153
5490
23426
5322
12434
5283
19988
5300
20287
5212
23920
5607
12056
4474
18217
3792
20465
5292
20141
5295
19990
5297
20354
5260
16893
5302
16742
5272
20279
5533
15372
5452
19961
2287
19839
5169
20239
5269
20495
5393
11923
2968
9058
2255
13542
5305
16027
4222
17364
4560
19707
5363
19883
5598
15277
3518
17168
5377
19517
5500
20137
5349
19735
5402
19532
5307
20309
5265
11745
3031
16617
3568
23121
5483
20212
5389
20006
5293
20208
5254
19969
5292
20940
5282
14719
5473
19565
5548
19475
4687
19297
5335
19703
5300
22783
5595
9026
5355
22133
4417
13498
3434
20166
5297
19710
5375
13285
3446
20154
5275
19402
5308
13494
3551
19629
4546
20379
5322
19891
5355
19277
5412
20186
5260
19970
5433
19842
4522
11013
5289
22171
5304
11030
2980
19983
2385
12036
3093
15657
5296
20058
5327
19718
5505
20174
5384
15485
3896
20154
5276
23932
5270
11551
2984
19915
5289
19783
5340
19793
5312
17368
5314
8807
5583
8451
2243
13455
3450
23045
5252
19972
5498
19853
5284
19683
5365
16209
5363
19535
5272
19918
5380
19663
5337
11954
3000
19736
5360
15174
5347
20342
5287
19415
5262
22494
5370
20627
5204
20369
5312
20158
5360
19793
5539
20597
5457
24065
5358
20462
5283
19735
5287
20018
5247
20208
5408
20257
5382
20096
5382
16385
4425
19628
5407
16984
4433
16775
5162
17318
5187
13214
5302
15215
5384
20151
5613
19858
5615
20256
5295
11584
5282
20327
5312
9155
2223
15948
5313
17375
5315
19505
3590
15732
4708
13743
5229
19962
5325
22732
5289
22996
5618
19818
5519
20108
4535
20186
5511
19989
5345
20434
5312
20101
5340
19838
5335
16707
4464
22306
5372
18786
4967
19868
5520
14971
4051
11300
2917
19575
5487
20550
5384
14541
3854
23719
5363
19475
5405
19597
5275
12551
5487
11936
5320
16572
5318
22990
5507
16139
5355
20835
5380
14940
5230
19886
5417
17565
5360
19497
5202
19795
5323
20280
5352
19679
5390
21597
5266
19832
4576
20740
5308
19768
5430
17116
4520
20094
5382
20069
4211
20222
5285
20289
5257
20795
5390
17674
4507
19886
5329
20044
5488
20284
5197
15237
3918
19884
5333
20071
5415
19763
5164
19793
5309
17400
5265
19728
5270
19955
4311
20700
5322
24382
5353
20512
4031
19730
5457
13922
3554
20908
5307
24171
6502
15093
5282
20732
5353
20469
5628
22950
4038
17334
5522
20191
3976
16964
4505
22534
5555
15465
4001
20365
5328
11588
2960
19915
5374
20016
5310
20335
4581
17389
5430
20399
28297
20592
5505
19360
5380
21019
5292
20086
5382
19966
5537
20514
5443
20048
5327
20419
5483
19717
5448
20074
5350
20076
5580
20860
3931
9394
2264
20159
5329
20128
5272
20354
5592
20607
5352
19989
5566
22291
5322
15087
3891
16224
4320
9315
2244
20013
5257
17357
5446
20487
5238
16705
4143
19763
5352
20270
5284
11790
5502
16849
5587
11786
5382
17324
4356
21108
5234
20056
5257
19344
5080
11634
5543
19728
5518
19973
5245
17239
4429
15909
4103
19958
5262
15222
5284
17484
5292
20505
5305
17237
5237
12137
4697
19379
5000
20547
5353
23456
5497
20146
5303
19936
5520
18747
4927
20066
3843
23421
5362
20261
5212
19410
5347
19888
5593
20557
5663
22589
4482
20633
5425
20068
5115
14236
5227
20696
4760
19923
5314
18836
4966
20349
5302
22676
5353
20247
5280
23652
5469
20356
5295
10582
5583
17563
5370
19986
5370
17028
5383
12139
5333
22817
3381
20544
4476
19562
5358
20144
5282
21486
5235
11642
5111
20723
4886
20585
5340
17255
4566
11600
4402
20510
5178
20164
5500
20213
5302
16988
4457
17159
5492
18426
4988
20540
5320
17245
4472
20221
5224
20629
5322
18060
5380
19741
5349
17318
5274
19848
5504
20056
5357
19959
5302
15532
5308
20457
5272
15186
3856
23442
5290
19952
5387
19705
2943
20229
5307
22578
5284
20406
5365
19780
5298
23304
5392
20236
5443
12151
5387
15838
5372
23096
5310
20158
3904
20307
5284
20207
5315
20269
5522
19906
5259
20294
4585
15514
5410
20367
5272
20745
5533
20176
5320
20241
5187
19555
5400
20078
5352
20266
5239
15317
5327
19989
5592
12198
5272
20619
4287
19652
3473
20457
5240
20366
5330
20176
5761
19803
5298
16298
5497
20006
5398
18877
4990
22522
5307
20584
5337
14965
3875
20805
5392
20305
5302
14848
5345
20391
5307
20209
5505
23388
5282
20280
5392
20346
5295
19943
5140
19256
5343
20268
2785
20174
5608
19946
2987
20469
5397
20389
5300
20304
5365
22081
5402
20166
5259
20113
5568
20741
5254
19931
5282
20585
5350
15788
4081
20006
3167
20818
5460
19725
5350
21169
5412
20410
5298
20136
5348
20008
5269
20289
5157
19923
5285
20481
5389
14195
2936
19773
5518
19925
5287
20722
5309
22742
5377
20319
5330
13467
5345
20114
5479
22258
5242
20177
5343
20540
4226
14872
5237
20352
5380
20272
5215
20662
5570
15524
4009
19906
5535
22407
5879
17383
4783
20321
5517
20465
5334
20336
5365
17113
5340
20760
5342
20138
5317
20563
5402
20337
5226
19865
5242
16577
5365
13772
3520
20647
5249
9221
2263
17716
5365
19683
5209
12985
3438
20138
5299
18980
4303
19001
5510
19790
5482
12176
5353
22629
5202
20344
5375
19884
5294
21923
5359
12858
5365
20643
5445
20046
5312
19733
5470
20567
5287
19811
5280
20267
5452
19490
4884
20144
5507
20634
5310
19463
5186
20815
4408
20243
5448
20121
5375
19677
5324
19953
5450
20990
5305
20224
5595
22474
5395
19944
5395
19956
5323
13707
3563
22466
5502
21247
5368
20108
5277
20244
5366
20743
5235
15723
5660
20063
5385
22985
5375
20254
5260
19562
5314
20623
5299
20833
5500
17161
4482
20101
5318
17101
5355
16809
5434
19783
5394
20389
4488
20327
5365
22126
4997
20106
5458
20312
5525
15470
3940
20216
5327
19841
5252
19916
5313
20501
5358
20354
5239
20404
5665
20714
5330
17145
5290
20156
5300
16428
5510
19973
5264
17199
5279
20449
5294
23649
5342
20111
5216
19778
5297
20364
5262
19793
5324
20457
3535
20663
5635
19969
5239
22369
5192
20164
5332
20244
5235
17094
5334
20274
5247
20251
5310
14541
3849
20206
5453
19858
5392
17117
4451
20735
5187
20088
5289
19973
5296
20296
5352
20414
5430
19778
5250
20041
5312
20102
5284
19864
3898
20014
5561
17702
5357
11774
5342
19107
5189
20278
5282
19901
2847
20261
5345
20868
5340
20084
5344
16187
4088
20371
5513
15510
4015
20828
3841
17177
5360
19770
5294
14916
5415
17390
5558
20555
5352
20302
5468
23166
5295
20577
5443
20006
5370
17179
4470
20523
5245
20439
5365
17261
2997
15442
4559
20377
5410
20121
5294
16499
5427
23948
5252
16235
4338
20299
5185
20372
5465
20071
5392
20131
5284
19823
5398
20454
5523
16356
4278
20126
5453
20123
5267
20023
5225
17865
5234
23835
5573
21663
5376
20174
5357
20337
5264
19838
5465
20352
5482
20181
3831
20723
5227
19758
5242
20653
2769
15380
5355
20153
5513
20763
5304
20219
5324
20372
5309
22885
5297
20291
5299
20462
5280
20422
5288
20193
4382
20319
5626
20890
5310
20665
5312
19903
5236
17082
4247
20612
5501
20094
5330
19941
5563
15955
3309
21131
4093
19954
5252
20572
5315
20577
5380
23945
5490
17545
5450
18988
4414
20107
5339
20049
5369
11655
2911
19682
5508
20477
2718
19896
5427
20191
5606
20395
5447
20770
4995
19841
5550
22644
3011
20267
5382
20226
5370
20847
5316
20370
5272
15596
3929
20271
5458
20637
5225
13549
3535
23103
5310
20677
5343
20592
5568
16752
4582
20429
5741
20172
5305
20860
5262
20203
5204
19770
5350
20052
5317
20132
5302
20392
4524
17132
5428
19858
5369
20124
5443
20351
5480
20284
5303
19602
5422
19823
5469
17170
5249
17314
4459
20332
5354
20682
5277
20905
5217
15906
4113
20666
5282
23935
5392
21875
5292
19753
5232
16280
4576
19705
5460
19723
5279
19846
5322
20364
5217
47377
5392
20301
5372
19996
5415
15583
5392
20139
5287
19532
5408
20264
5345
22602
5245
19138
5234
20049
5520
22273
5365
20098
5368
23667
5318
48737
2853
20668
5467
15721
5240
16000
4274
19126
4986
20618
5287
17286
5340
15244
5222
13220
3565
23183
5403
20602
4062
20111
5580
20166
4428
19798
5172
19701
5255
20306
5292
12904
5406
20106
5219
19688
5315
20780
5553
20354
5313
19925
5354
13688
3547
20425
5450
21003
5436
20304
5262
20031
5338
20515
5234
20000
5363
15147
4031
19933
5280
20296
5314
19379
5305
20544
5330
20154
5373
19878
5373
20422
5520
20457
5375
16658
5548
20234
5302
19976
5365
20635
5402
19898
5139
15710
5400
20202
5287
22029
5608
20374
5343
20392
5844
20046
4074
20820
28763
23550
5309
20028
5352
19766
5443
20086
5299
9407
5831
20116
5310
13565
5318
20559
5505
19938
4028
20121
5313
17219
4488
19751
5209
13140
3445
20048
5282
19623
5533
20349
5545
19820
5315
20071
5522
18993
5289
15561
5407
19863
5362
15804
5304
19680
5292
19813
5399
18685
5193
20582
5285
19891
5485
18231
4504
20319
5302
20170
3488
20141
5279
11385
5296
10871
5284
19976
5427
20401
5330
23942
5300
20637
5357
20479
4327
20671
5427
13753
5320
16870
4421
19886
5347
16651
5235
20264
3498
23897
5725
20138
5312
20317
5317
19680
5252
16511
5314
22874
5299
16168
4394
20504
5495
20346
5318
13710
5320
20002
5403
20553
4093
19602
5245
20147
5577
19673
5546
13473
3587
22298
5224
20309
5343
19758
5337
20430
5306
20407
5285
19749
5280
12510
5354
16527
5503
20188
5465
20384
5570
20281
5282
19955
2909
20036
5342
20965
5362
8743
5413
20103
5435
20009
5320
19898
2898
20460
5405
20369
5250
11477
5295
20461
5412
20199
5297
19849
5305
19685
5550
19797
5131
20953
5322
12972
5420
20971
5350
15081
3146
17130
5437
11957
5417
9519
5334
19795
5388
19800
5526
20156
5089
22055
5255
20094
5566
24166
3549
20334
5332
20573
5408
20181
5332
20194
5345
18810
4863
22281
4444
23534
5300
20097
5323
19823
5244
20525
5372
20710
4082
14003
5385
14061
5407
19896
5433
20310
5575
19835
5290
17137
4171
16653
4511
19695
5305
20515
5317
20607
5306
21579
5460
20144
5368
19452
5368
19755
5373
19883
5202
20617
5220
20413
5230
19861
5354
15019
5275
19738
3335
18706
5355
23817
5427
20545
5187
20148
5298
11925
5284
15038
5325
20294
5332
19850
5457
10919
5322
20143
5288
20535
5302
20094
5330
20286
5362
17087
3563
19843
5314
20312
5487
22738
5418
20101
5260
20417
5319
19603
5365
20509
5330
20054
5262
20029
5372
9310
2241
19825
5370
11224
5342
20890
2359
19427
5278
20292
5124
21700
5330
20236
5279
19859
5195
20888
3636
19641
5378
22863
4034
20077
5339
20289
5344
22058
5255
20672
5345
23539
5287
23770
5834
11780
2203
20365
5325
19876
5490
20000
5305
20299
5586
20632
5250
20362
5360
15828
4248
16570
5490
20392
5296
9024
2282
20101
5460
20151
5395
20264
3038
20131
5265
20394
5470
32762
5328
20214
5333
11806
5322
20196
5195
19833
5337
20354
5290
9418
5327
21244
5385
20449
5405
20753
5194
20101
5252
19843
5400
20285
5342
14101
5438
20708
5315
22615
5324
20048
3891
20294
5239
20199
5337
20131
5320
20452
5405
20322
5312
19996
5398
14270
4799
20234
5375
13932
3604
19991
5340
20130
5358
22764
5320
20450
2785
20447
5284
20088
5205
20374
5390
20023
5304
20409
5330
20299
5309
20224
5248
20213
5348
19998
5390
20510
5289
8617
2237
13571
5425
20132
5323
11949
5335
15543
5340
19901
5355
15376
5631
20141
5392
20848
5442
20663
5327
19978
5603
20189
5402
19908
5347
19006
5570
19464
5222
20246
5282
21444
5357
20271
5262
20537
5443
20773
5438
19662
5329
19946
3260
20618
5731
24333
5447
16729
3516
19953
5245
11703
5270
20456
5345
20099
5603
19530
5240
19687
5335
19681
5244
23359
5320
8954
5219
12257
5372
20547
5392
19595
5339
16498
5317
20011
4429
19976
4402
20467
5576
21384
5443
20547
5225
20229
5315
19863
5387
20392
3029
17828
4494
20402
5370
16902
5530
20309
5335
21800
5365
24058
5370
20059
5405
9428
2276
19183
5011
20194
5255
21366
3791
53543
5420
24311
5693
20336
5282
20374
5337
15796
3041
13852
3536
13919
5260
20344
5362
20352
5314
16774
5473
24088
5352
20166
5225
8919
5187
19600
5332
19891
5598
20670
5210
19766
5340
20517
5267
20537
5545
16062
5615
14390
5568
20296
5157
8779
5315
9023
5495
19648
5277
9193
2211
20329
5365
19760
5392
20640
5317
23768
4408
20523
5581
19748
5430
16578
3534
16635
5425
19941
5297
20131
2675
14278
5354
20022
3437
20359
5378
20412
5488
20296
5385
21251
5370
11988
5444
19856
5290
20277
3572
19810
4524
20149
5618
19939
5362
20642
5498
20422
5325
19936
5383
12256
5517
22356
5414
13305
5237
20568
5157
16141
5312
17416
3546
17334
5199
20306
5252
20116
5190
17313
5368
15751
5520
20405
5309
11878
4477
16051
5324
15126
5330
20620
5375
19718
4213
18628
4611
20557
4457
16991
5005
20550
5274
20459
5269
19520
5382
20690
5237
8737
5353
20364
5312
55810
3938
9644
5224
20760
5505
20116
5445
18225
5004
20126
5312
20572
5538
20161
3555
16246
5054
16607
5462
20109
5388
12234
5257
20131
5590
20032
5212
20648
3056
19102
5204
9480
2197
20302
5264
17322
5445
9510
2323
16992
5378
19710
5394
16993
4456
20522
5397
20409
5232
13533
3384
19940
4497
20392
3900
17409
4573
23368
5781
13606
2317
20123
2908
10559
5354
19870
5377
20314
5305
20524
5199
19991
5440
20375
5476
19778
5595
20247
3515
20319
5288
11482
5407
23864
5262
19447
5375
20219
5272
20201
5491
20133
5407
20312
5430
20605
5561
20211
5305
20319
5505
16867
5225
19778
5330
20051
5270
9207
2296
13442
3273
13759
5250
9102
2246
20267
4177
19894
5249
12848
3201
16687
4408
19888
5267
20257
5297
20294
3035
20638
5395
20301
5358
16881
5315
22527
3591
19928
5598
20361
5513
19955
5300
19722
5192
17117
5322
23902
5460
19944
5146
19859
5443
20104
5315
20242
5327
19319
5335
20652
3170
19969
3140
13654
5407
20302
5423
20662
4523
20933
5443
16368
4053
20394
5249
20625
5318
20203
5387
19607
3838
13624
3570
19951
5127
30593
5302
20464
5312
11798
5496
20262
5290
9345
5240
12278
5162
20410
5292
17145
4467
20304
5087
20361
5468
20315
5403
16658
4352
20186
3707
16529
5392
19645
5262
20477
5322
17212
5325
19726
5342
8778
5342
23005
5307
20288
5353
20234
5235
21487
5317
22134
5442
20231
5275
19612
3033
19583
5256
20410
5387
20287
5220
11890
3221
20334
5310
9035
5262
20590
5425
17537
4465
22452
5347
20567
5337
19645
5430
20477
4264
9480
5307
15838
5606
22850
5330
20372
5302
23401
5435
8905
5295
20334
5367
18930
5473
16818
4367
20369
5418
20479
5327
19955
5520
11671
5438
20460
5292
17632
5318
20003
5337
19448
5273
23489
5329
19791
3998
20472
5590
19891
5327
20099
5317
20577
5137
15729
5282
19941
5385
19735
5453
12044
5355
9192
5302
13003
5377
20157
5365
13844
5666
21823
5360
20211
5473
20267
5297
20427
5136
19318
5578
19617
5478
20285
5400
19745
5363
21033
5260
20504
5530
20613
5450
20091
5313
22872
5279
11975
3009
9120
5375
9532
5315
20181
5200
16355
5262
19800
5463
20680
5342
19632
5186
20286
5366
21773
5606
19233
5458
17143
5273
20064
5545
20090
5530
20392
5503
20603
5503
20166
5365
20578
5355
20074
5335
20239
5272
17207
5400
13567
3624
19595
5394
20415
5540
16253
5566
20104
5501
20241
3938
16572
4258
14214
5591
20016
5224
20670
5347
19735
3555
20041
5234
20519
5282
20229
5253
20319
5282
20477
4221
20063
5415
18879
4444
20577
5761
20397
4103
22372
5280
19778
5258
12808
5412
20745
5292
13780
3395
19978
5249
20182
5362
19918
5329
19815
5225
15575
5274
13902
5334
16982
4406
20572
5280
19898
5155
19755
5486
13512
3601
20304
5571
17297
5508
13094
5385
20019
5337
20188
5485
20530
5354
20282
5481
17292
4439
19655
5437
19545
5285
16742
4535
19701
5298
20822
5438
20268
5209
20156
5358
20219
5292
18855
5282
19971
5215
23955
2259
15881
5422
18906
5385
19743
5488
18947
5547
20537
5303
19655
5214
20039
5645
12208
3015
20547
5370
12289
2900
14434
5350
20026
5210
19575
5180
15661
5508
20360
5348
19981
4591
9773
2235
19978
5340
19573
5300
20355
5289
19072
5301
20452
5220
17123
4484
14991
5255
12543
3166
19743
3253
21853
3554
16897
5575
16923
4416
20292
5498
20179
5317
17457
5404
20284
5340
20713
5461
16826
5365
16677
5439
16418
4178
20472
5310
19613
5432
16031
4112
13831
5275
16092
5312
11826
5289
13340
3356
20728
5407
20425
5437
20276
5558
20073
5488
19475
5280
11704
4271
19958
5438
19384
5287
19567
5460
20167
5403
21725
5455
19603
5330
20429
5304
20585
3485
20415
5628
19502
5265
20008
5134
19113
5332
20946
5348
11715
5294
20086
5265
16445
2391
12327
5262
14234
5350
20196
5479
12205
5389
20667
5639
19713
5352
20011
5230
19004
5240
20725
5295
9184
2283
20975
5290
20545
5282
16563
5300
20207
5240
20490
5293
15751
5382
20401
5242
19725
5390
20365
5440
20357
5229
17723
5438
20229
5267
17125
4018
19948
5375
19986
5325
9012
5403
19810
5498
20106
5376
20445
5204
19975
5367
19891
3554
19266
5502
20130
4254
21189
5513
20460
5295
19810
5292
13179
5387
19475
5348
19625
5350
16823
5367
20871
5566
19505
5387
19871
5270
20520
5330
15246
4023
19818
4503
19525
5362
20630
2922
20117
4122
22016
5470
20553
5523
20026
5362
20575
5412
18631
4868
19928
5218
15279
5287
22945
5248
20457
5360
20958
5531
20618
5362
22451
5392
9143
2245
20191
5532
20269
5570
18774
5051
20131
5310
20409
5340
18951
5047
20520
5357
20359
5616
19427
5330
16853
5276
29030
5340
20124
5543
20513
5329
20477
5430
21066
5359
20862
5455
16736
4456
21143
5630
20231
5462
20269
5344
20241
5355
17392
4705
12054
3016
19904
5255
12825
3417
20033
3046
19126
5283
20342
5325
20271
5325
19951
5355
20164
5192
20400
5397
20059
5350
23998
5334
19218
5370
19861
5460
20678
5520
20434
6068
19658
4477
20522
5270
11919
5335
19924
5475
21254
5720
20044
5483
17219
5542
20452
5312
20370
5337
16984
5398
15341
4142
20543
5242
19504
5337
21244
5585
19490
5433
12862
5688
20241
5217
20696
5184
20473
5345
16940
4532
20678
5470
20437
5277
19875
5442
16984
4594
16946
5285
11356
5402
23193
5503
20500
2821
19946
5495
20132
4209
19514
5307
20086
5300
19705
5252
20169
5620
20261
5475
20637
5274
20342
5345
11746
5302
19780
5683
19558
5390
9901
2455
17782
4546
15309
3828
11753
4903
18282
5300
18328
4268
20996
5578
11644
5229
20232
5601
20324
5288
16839
4450
13860
5297
20620
5262
19508
5295
20905
3134
20480
5424
22166
2829
20447
5339
18080
5600
53726
5322
21209
5537
20545
5462
24389
5310
20314
5555
19996
5282
20304
2987
20454
5389
20272
5325
20306
5485
16324
5521
8898
5290
16977
5255
20052
5467
20021
5377
14554
4288
15698
4018
20304
5265
13571
3469
19978
5475
17327
4526
14059
3471
19994
5327
24065
5269
20946
5480
20605
5257
16658
5385
20038
5252
24096
5207
20151
5328
20204
5483
19272
5315
20281
5375
16794
5217
23672
5542
21064
5172
9358
5332
20272
5280
19901
5252
20242
2851
19778
5447
9251
5558
20020
5358
11731
3041
13159
5482
13431
3427
20194
5254
21702
5209
19430
5450
17371
2247
13438
5262
20049
5134
52017
5299
20545
5310
20800
3494
20608
5350
20520
5190
19372
5295
11100
5352
20186
5297
8985
5375
23506
5453
20038
5445
12762
3092
20500
5375
21080
5492
19981
5309
19854
5503
20597
5440
20727
5516
13865
4466
22789
5347
22003
5290
17242
5273
19785
5387
16833
4474
20099
5367
11738
3022
24591
5024
21036
5334
16542
5523
19625
5234
18632
4562
17683
5290
20211
5368
12294
5463
11638
5312
20226
5312
16712
5390
20400
5349
19998
5493
20501
4318
20517
5500
21038
5322
20094
3045
22918
5438
20680
5715
9630
2247
23529
5434
17051
5533
23570
5230
14506
3689
19642
5292
20237
5375
19834
2769
20392
5603
19971
2403
19738
5527
16542
4455
19886
5338
17913
4515
20060
5322
20661
2831
20222
5255
20049
5440
20178
5280
22883
5326
20121
5257
12628
5317
22031
5550
20350
5390
16697
4429
17585
5475
20475
5305
13822
2877
16060
5490
8836
2215
19869
5315
16648
4079
20127
5289
20422
5581
20043
4115
19750
5385
10162
5237
12634
3333
20427
5364
9057
5430
18792
5799
19512
5460
20840
5408
20415
5405
17021
5362
20411
5302
20174
5270
15517
4006
16893
5502
19383
3902
19758
5480
19693
5427
20369
5385
13339
5435
17102
5292
14626
5402
20133
5387
19119
5317
20454
5282
16172
3527
20149
5342
20387
5267
20246
5525
19999
5310
13247
5292
11941
4562
20110
5318
20139
5255
19968
5408
19790
5390
13406
5300
17290
5397
20592
5292
20169
5270
20665
3573
20305
5306
12209
5312
11942
4518
19776
5302
20437
5242
20189
5628
20132
5360
20202
5332
17254
3797
16925
4526
19926
5369
19400
5365
19980
5290
12308
5357
19575
5212
16761
5560
20650
5217
16794
5345
21669
5535
19860
5430
17565
5249
20166
5355
19920
5358
20154
5327
20097
5555
19197
4970
20357
5631
15308
5327
20297
5566
12196
5453
14793
3870
11689
5264
19962
5367
19529
5229
11201
2263
20495
5375
20396
5480
20400
5399
12634
5520
20479
5236
