107261
41355
106505
41278
49883
41824
90361
35500
75391
28175
111684
41891
106369
41185
105155
40914
110973
41021
64036
41207
87010
44097
111386
31434
110801
41281
103690
39554
110163
41279
110914
30865
110947
41373
111205
27797
60367
23141
62667
22374
118118
41378
109772
43232
110447
43017
111444
23822
106552
41022
71791
41894
108208
22061
115069
32023
109807
40801
92390
43523
111500
18033
107311
41430
143483
41971
110583
31089
49766
18450
111606
41888
110850
41748
99980
33650
93900
41110
107283
40841
111283
26778
49853
28895
108026
41638
110238
43710
69218
25993
110135
27489
108767
42545
110659
41693
60100
41207
110504
41300
110516
42329
97072
41816
108692
42863
105523
41530
92009
41779
110885
41558
65190
23892
48990
43048
75471
28044
85433
31567
94628
35503
110541
42292
111275
41628
111261
41190
114072
27704
79727
41679
113385
41638
110607
40977
109444
40879
94149
43554
78161
42996
110811
24520
63094
40996
106702
41666
63885
22531
62148
23678
116042
25321
49519
18184
108496
41951
72238
29137
92793
35019
61780
23316
112130
42576
110085
41431
110820
42853
109928
41124
111273
41393
110411
41412
107138
41172
109361
42710
108396
41042
64592
43125
110628
41140
74530
31017
112939
41547
110431
41117
111967
42678
109246
41463
111276
41888
110486
43430
49147
18300
107351
41871
110772
41819
108406
42363
110471
43194
83315
41998
47778
27665
62711
41555
102296
38774
110459
41588
108220
41054
47725
17705
75485
43688
110765
42432
110988
43505
111971
41245
110899
41400
108867
23011
93060
30288
109642
44218
108950
41882
107364
41545
107537
41330
94980
34674
79324
30568
111436
41395
80285
40754
109386
41716
59435
44936
134093
41661
109382
41515
92880
34667
110120
41553
110760
41526
110024
43103
47734
18176
83904
32264
107667
41031
113220
41413
112935
30083
110995
41696
106131
43099
67767
24541
118429
41721
76174
27826
111243
41788
108852
30188
81961
43280
109556
41305
74976
27651
59886
41162
107617
43585
111776
17861
48816
18188
111243
31467
113265
41630
111811
42518
70142
27374
111048
18355
87150
43239
83185
42760
109750
40739
72720
43106
80363
40936
72824
27660
72418
26289
112135
32626
110418
41302
106542
41541
111192
41365
110707
41490
110622
41623
50284
41427
109932
27828
51785
31193
107336
27503
75597
43512
110140
42695
94471
35532
111834
43532
109878
41227
107855
40799
109832
41373
111669
41446
107066
41665
62583
41213
109874
42996
110338
41339
110521
41690
107384
41800
48682
18019
110346
41515
111132
41215
110937
41961
109669
42903
93727
42755
74575
43595
93729
42719
113072
33275
115178
38913
94027
35655
106875
34790
106851
40986
107186
19397
110839
41431
110283
41410
110496
40964
107276
41766
111175
42642
61363
22907
86590
41277
110416
38960
110080
23087
110349
41144
65974
24546
109827
41700
108116
41503
105946
41197
111418
42750
123946
41655
111606
42562
107174
42490
93330
43417
109376
41403
110692
24020
112561
42846
110982
41866
142149
41317
110285
41553
108028
42855
109025
41111
74955
41430
59457
17650
109423
41475
110218
43271
110601
43292
79878
41320
74547
43295
111476
23778
93583
41017
93214
34778
110193
42086
109122
40949
111115
43425
110633
41370
109321
42112
110189
43399
61493
21860
111058
41776
111817
41363
109200
41300
106422
40380
90235
33592
108689
43274
108459
42804
111706
41826
110328
41813
51544
41037
110833
41357
70114
26463
106747
26560
88553
33220
48930
18111
107968
41086
110606
42230
93192
35147
111561
41019
94000
34846
95735
35123
112859
41223
112047
42662
111741
39989
109754
41493
96998
35135
76173
27644
81542
40961
110218
49635
85042
31591
110992
41220
109574
36336
110664
41378
110732
40944
109003
42378
107925
41937
50379
18518
125573
41260
71503
41714
109238
41656
74464
43557
112774
41084
109351
32777
108040
41104
107161
43282
111772
22040
109519
41185
109817
41221
108214
41518
109682
30643
86262
31175
110471
40954
110649
41972
108304
42016
111015
41897
128131
41535
110366
41431
113954
45828
107920
43086
111441
42510
110418
41753
110641
41364
110714
41558
111127
41934
49002
17382
109050
40843
110503
41337
109718
41646
110770
41693
79903
30253
93539
34541
112964
40408
108391
41120
47156
41600
107086
41583
106948
41485
81683
43016
110249
41360
94217
34528
110727
23217
113588
43903
94424
34728
111361
42072
111987
41543
111806
43096
108862
21808
112451
43092
109276
43219
61040
23916
108627
41523
95235
36558
105775
41969
110534
41594
124280
43766
107998
27479
112947
42848
109646
31612
86842
33563
109263
42069
110476
43469
109548
41501
110458
43300
110196
41563
109848
41197
149986
36403
107282
41405
111052
41061
48870
41490
92971
29374
108562
41157
108002
41285
109679
42012
74038
28286
110621
32629
112703
44450
111676
41185
107742
41280
107091
42197
108061
27744
110471
41949
110584
42863
108356
41804
112891
41563
93722
40597
110789
35159
109436
30378
110428
43641
107835
51967
112124
41994
111674
41272
80847
31681
109453
41924
64119
23913
107669
41092
73092
41270
80672
29927
70613
42054
106585
41538
110737
36466
74490
28283
107051
41433
94075
35192
107193
43319
107643
23214
102513
35845
81308
41304
112341
41515
108416
41392
92847
42989
80441
42047
73079
28993
111431
43452
114114
43132
112586
28218
67654
26090
112004
42613
108257
44652
112488
42184
76137
43510
111531
41398
107116
41557
111363
41738
106557
42257
108021
31104
107672
41539
60381
23185
75343
27569
108692
27744
111173
41155
110629
41488
106943
41360
112806
34691
110411
41488
93452
35217
108136
27594
110888
42598
118464
43035
89646
40972
109368
42548
110050
23477
105798
39120
111504
41413
106560
35612
75307
27560
120012
43946
111127
42467
106866
65328
110491
41463
64064
22979
111158
40663
72886
40886
111413
42962
65761
24165
109133
41287
81610
41213
63496
23655
95891
35484
110804
41304
111265
42237
111090
41385
110840
41448
109291
40871
60781
23532
106970
41608
110439
41310
142604
43253
90636
42934
109749
32615
108251
41543
112914
43084
106948
41665
107352
41087
48741
18251
111025
41781
111110
23977
106382
42546
111478
41325
100966
38720
108008
41223
110180
43843
112628
41871
107795
42001
111390
41870
94564
34923
77217
27926
109732
41144
110363
41818
106840
41592
94073
40791
110751
43530
109098
41432
110667
41089
109369
41152
107700
41527
107732
41321
110664
41876
128179
26765
106873
22325
108008
41319
111641
31500
109961
41461
107018
40957
107557
41222
82275
39262
110965
41623
109564
41575
109828
27051
73351
27871
107268
27371
111245
40864
110709
42776
110050
40879
112192
41842
110644
41333
108056
41172
113532
38894
111504
41563
108737
41463
109875
26955
51128
43440
110913
43019
94643
41407
108920
41207
109143
40929
110363
41578
82486
30359
112122
28547
107229
41409
108910
42375
112855
41410
94985
43037
112906
43009
79248
30100
111170
27228
108396
43638
112902
42786
110626
41192
111368
41185
108870
41089
110381
43036
111954
41074
95620
36110
88817
44219
108715
41282
87884
43450
49282
18398
112200
28608
111290
43147
79063
30423
110980
40909
110263
40872
91230
43069
113254
43029
47285
23637
109701
41956
110121
41603
95409
40676
110167
40940
105102
39833
109762
42197
88601
40959
110804
41139
73702
26723
123267
41621
108428
23872
110386
41231
109431
41740
110425
41796
108138
41270
107354
41285
111521
42166
110559
41195
111088
41801
87406
43261
63261
23505
108051
41811
87428
43212
108130
29376
106016
41537
106187
41217
111245
41861
111789
41710
108351
41711
109496
41380
106219
41217
110042
41683
107135
41726
110446
42026
111301
24100
108199
41909
73009
27850
109744
41305
108261
33015
77023
27487
78932
17791
109837
41430
110275
43224
110634
41861
112649
25003
132502
41174
109243
41333
107857
41262
99759
46605
93841
42785
114523
43435
89637
41415
109652
41518
109672
40866
109994
41595
93709
41034
110661
41197
111049
43628
94693
41801
110531
41325
111351
42650
111544
41508
110180
41723
108088
22771
109462
41877
110433
40901
109617
41290
110977
40861
111774
41200
110902
52588
76506
29181
131329
45026
107809
41305
112328
43117
109787
41257
89445
41709
110998
42621
109815
42949
107835
27417
112263
41287
89921
32799
110674
41583
110238
42117
109665
41199
69763
26496
110782
41523
108938
41596
111040
42510
110040
41329
106873
42738
111839
30089
110268
41771
113055
43429
109253
43252
47782
43119
109391
42750
74410
27605
110944
41430
109950
42833
112287
42323
112410
42357
114704
41332
83513
42758
116753
44056
112079
44592
108003
42292
106503
40158
94231
34920
114299
45111
112360
42893
74263
29982
108228
26077
110353
40806
112691
43605
87052
41263
143731
41696
112794
43553
108003
22623
110025
41703
110150
43221
84399
31342
108024
32240
107937
41618
116022
43415
120938
41505
112233
44582
50735
19167
110185
41410
112283
41756
109506
42661
117465
44530
108070
32091
111499
31487
108527
42174
110070
31858
110468
41488
109288
41500
94958
37455
110431
42006
108539
27980
109421
41646
92743
43350
111042
41936
112228
32756
109225
41024
85873
31727
110654
41533
110203
40922
112654
42452
111842
42077
110058
22742
119226
41836
110366
41886
110584
41059
91156
34452
108433
41369
109434
34347
107479
41961
109639
41563
108584
28052
49777
41906
111448
20390
106723
41906
72524
27701
111117
42830
110149
40641
109496
41899
110141
41262
89816
38288
112567
41683
110749
43011
80729
30414
84263
33711
110704
41095
111065
41353
108621
23687
106957
43600
114302
43282
107299
42876
111564
41645
110110
41778
109862
27545
109469
22333
151560
31931
110125
40922
108559
28355
107903
30202
109516
41638
109599
41225
48994
41631
111909
41072
93718
34934
109965
41776
49019
18112
108103
41397
111025
32820
110007
41710
73539
34983
92334
34779
110873
31921
108927
41410
109133
41543
112944
40627
111075
42051
106270
38583
111075
22967
108967
42642
110975
41282
109982
41423
114278
18513
82266
41866
82442
30128
111361
40954
110903
41200
50195
17808
110754
41576
81248
21430
95714
34958
111696
41169
110837
41806
109341
22643
108673
41317
109489
41345
110491
42869
110203
30401
108486
33186
103902
43442
94048
34399
79592
41712
111002
41200
105433
41954
110779
41588
85451
41866
109417
30875
111456
31510
107409
41841
142541
42755
107705
42179
110882
41834
148012
43180
109449
41596
110076
23279
110306
30369
111170
41305
104671
39220
90588
34671
92018
34368
110323
41085
111041
41701
111604
41295
108471
35056
85859
41225
109265
41294
108842
41314
110920
41244
107479
23832
155367
41388
152540
34764
107670
41270
91581
41267
95599
35066
85741
42202
107682
41766
110486
41067
110033
41535
110532
35361
108359
41425
109758
41260
91994
34728
96810
45214
111376
41289
108779
42014
83301
17919
110463
41357
85112
41580
107479
41553
127188
42791
113894
41175
49458
17968
94253
34874
64739
41097
109567
41596
111113
41578
47425
42713
108472
43513
115879
25970
92561
44590
110877
41550
110626
42648
109408
44444
90526
33126
109932
41430
112333
41160
107898
35209
109559
41179
112188
33440
108525
41204
64332
24022
60565
23040
108045
41440
113315
42931
111090
41498
84518
29416
84972
42698
111288
23938
63769
44884
110739
41425
114520
43460
72986
41257
107322
43219
62076
42512
112430
42673
112769
44387
131579
43771
92973
44304
75827
41779
109143
44467
112335
30503
109469
41099
78963
30231
91835
34528
110346
41109
110173
41968
107552
41368
107614
42117
110621
41174
110072
43079
109449
41267
108393
41741
110288
41730
111362
40906
108268
41251
92258
35365
111023
41287
110148
40924
63901
40684
111949
31971
84948
41904
87150
33278
50452
17731
108584
41671
111699
40886
109651
42080
110424
41287
109221
41620
112549
23995
110488
41064
99828
52137
110373
41681
110992
41247
110068
41525
73941
43134
109670
32773
109774
27431
110487
35023
142696
27909
107298
38677
108893
41182
85833
31680
84192
31253
111566
41413
62063
23001
92680
34967
112669
45179
82689
42552
110942
42959
111541
40779
109114
41864
108511
41771
95849
36404
68098
43793
108403
41922
74802
27864
107104
41104
94381
42016
113575
41586
108476
41390
107429
41643
108336
29207
112438
44099
110541
42014
93547
35300
110173
41333
114195
36036
112741
41403
88728
41553
109985
41202
111080
33146
111148
42712
80594
30973
49787
17749
63797
23012
110034
42912
66175
43525
108667
41507
111448
42325
110063
41743
111937
42021
93151
35082
111854
41533
109850
32938
113277
44023
87689
33181
110767
31638
107276
42027
108637
30414
108068
41182
112102
41836
107139
41610
109018
32079
82887
43284
111847
41507
111653
43107
48747
41769
111005
76708
106960
40894
110668
41130
85064
43069
111251
41770
85706
31376
109486
40936
113505
41367
109737
42352
81671
29572
110409
40972
109517
40984
49909
18118
109737
41277
65721
42744
110922
41879
94240
41129
112412
41880
114164
26377
124553
34859
108755
41543
125012
41385
109652
41257
111381
43953
109507
41723
110929
41198
111411
41934
109935
41904
112345
41861
65383
24042
110092
41548
82263
41738
87781
33365
109615
41151
107129
41390
110055
34614
121706
42790
110992
41460
110817
40764
112884
41781
124037
18111
109131
41290
110280
41181
76292
27616
110789
26395
109023
26527
94001
35055
112992
41540
111450
41894
108489
41130
107978
41046
112092
41210
112413
42701
111649
24227
110837
41470
113210
41268
113919
43615
110031
41525
109900
43477
90404
42172
110000
43379
109251
41347
110985
33188
50136
41415
107647
43180
107926
23872
94253
41074
110932
41513
108028
23738
51554
44107
110409
41626
89194
34328
63437
27359
113777
41793
109326
40781
110749
41849
95078
35108
111024
41405
61257
22617
110166
41264
109156
43209
109106
41383
110264
30111
47862
24061
110724
41129
110512
40944
111017
41613
95048
41204
95202
35277
110313
41651
112391
41954
110982
24511
89156
33184
108031
31768
92089
41344
59132
21911
107973
41783
107021
41310
110484
43244
109657
40796
111017
41249
111774
41200
111376
40801
112776
41285
111259
42770
111303
41395
110797
38811
111431
43269
107486
34562
110251
23600
109947
41791
109216
40881
89635
33681
111143
41798
93200
41380
110344
42470
113377
46867
108872
41292
112263
24103
93721
35203
107988
41192
61108
22700
91039
33465
109900
34539
107314
26688
111256
40906
112989
42703
111671
25275
114573
43898
109441
42944
86474
32496
109654
35034
65027
24530
111684
27516
90245
42760
110547
41385
110233
41741
109870
40957
109752
41046
107435
41589
64765
43039
110902
21535
83739
66924
111787
44124
108038
42884
106815
41177
108569
41725
110857
43567
111654
40882
111783
20104
84335
31583
109135
42281
111396
38750
111305
41792
111365
41174
61335
34410
110131
41952
48723
17872
110324
40939
109055
41265
110071
41389
49288
18246
110849
23967
111351
42906
173917
41393
117567
45923
108083
31310
106334
24558
92636
40924
109624
41422
110689
41357
109219
43028
108988
43410
92948
34680
63142
22792
112335
41448
110373
41273
74807
27229
103550
41006
107830
25763
107918
40837
58933
41372
107625
42788
48482
18091
110800
41258
108546
30282
89656
33336
111795
41512
48390
40859
65584
42290
113548
41009
110734
41300
95089
41523
111406
41488
50246
41420
62014
24250
108452
18034
108401
42987
106512
41663
108278
40947
108850
41089
108386
22272
110198
41548
110642
41395
111060
41711
72822
27117
107820
40829
111704
41390
110228
41072
111520
41040
101996
39781
110729
40894
62523
23542
110827
43072
110359
17727
112609
41638
110794
22378
90987
35141
114989
17852
109421
42309
109161
43041
104121
39556
109992
27862
48164
43701
108960
42009
95468
35109
109587
41345
49913
41598
107356
35011
48946
43390
111767
41207
109997
41027
83009
31502
108392
41210
80055
29829
110756
41114
66156
23383
125430
41079
113044
43773
92382
42928
111503
41666
109093
43237
110366
43162
111221
43097
65498
42167
63188
17938
91869
41312
109301
23870
110547
43214
89738
40967
110616
42745
110807
40786
109784
41518
85797
31571
110148
41671
49650
17957
109751
40921
82328
30022
111343
41214
122782
41548
110590
42507
110904
41405
107665
41473
110426
41034
110135
23979
122384
41232
73909
41415
91395
35073
108396
41177
109083
41425
111516
42047
107747
41769
63454
41325
79830
30223
109088
43136
54803
43265
109982
27260
93919
43116
109622
41210
110132
43344
135578
41152
77265
28055
93038
41698
85669
41460
50565
41234
112068
41187
65885
41005
111305
42966
108912
41660
70350
41976
111053
43176
109754
23648
63461
22935
148488
33743
58990
41119
110627
42923
107188
41074
63757
42941
95828
36041
91937
34680
94944
41150
109273
42873
109604
41072
109311
41979
112285
41668
110822
43211
110997
43164
112015
22609
109800
42883
86593
31732
110805
41961
109975
41393
107221
44328
109830
44116
109852
41398
49738
18442
105876
38326
62529
51537
73816
27609
111254
22806
109817
28746
112686
41786
108434
24199
50813
43076
110782
40763
110885
41838
107965
42257
108030
44151
111434
31983
110451
41272
111460
42465
94489
18547
62975
22665
107943
38821
109389
23287
109384
41591
111534
40919
107983
41601
109238
32794
107106
41221
92382
36965
108968
41691
110810
41491
100629
39161
104654
40042
63752
22602
108602
42478
111323
22781
91546
41696
110426
41921
108822
41398
99408
37350
110997
41409
111325
31538
93704
35353
111163
40718
111097
41282
61355
23572
110503
41176
109539
41092
111361
41029
63595
41671
74886
28057
49819
41585
110862
41165
111781
33254
94890
34614
103759
42999
109043
41079
114968
43936
109468
41858
108740
41323
110223
41686
113230
41132
94645
41141
111466
22244
110993
42445
107897
41335
59586
41548
91676
34620
108505
42127
92416
41322
63488
22994
107727
41706
133749
41451
110076
70376
86168
28017
48201
17540
112568
41254
108469
41257
111543
41768
96687
41177
111213
41285
103714
39339
107749
43089
113228
41282
93632
41640
109702
23748
86286
43192
110975
41505
108878
41801
109656
40687
106211
41731
88182
43044
110468
41327
75714
28317
107537
41806
93931
43109
111298
41305
66041
35780
106790
28001
71517
26969
108482
41600
82630
31511
110474
41756
110366
40859
62540
41099
63180
23859
106252
41944
110251
41222
50635
41250
109355
41620
110363
23728
101612
39137
107958
41177
107953
42046
108108
41696
46859
41377
135419
23823
106545
42691
64037
40739
94116
35174
109406
41453
109980
41184
113470
43220
108008
41222
138924
43385
106943
41134
108807
41788
107236
42818
106971
43552
114808
41603
108649
43249
109614
40984
62591
39774
107415
41495
111025
41240
106256
40746
110386
41135
63208
41282
110932
42167
109459
41102
107530
41390
110381
40986
106144
22772
106970
17584
106861
41789
63995
30890
101984
38984
94581
31235
107838
41721
110464
41112
75704
27879
101836
39675
110018
53700
108973
42738
65114
23785
107314
41573
65904
23904
76032
40977
93367
35161
89046
35494
107111
41811
108106
41195
66147
26474
112060
41435
107415
43287
110647
41703
68450
25375
108973
41455
109010
42107
109261
42039
110985
41951
109406
23415
105489
33557
106565
41641
110781
41836
106630
42069
111035
66090
110331
42553
94032
34469
109965
41856
48535
40784
109760
42149
111844
41192
94088
44540
61192
23290
108717
64754
108358
41175
109854
41330
100777
41285
109173
36117
110303
41100
109669
43219
90522
35186
64927
41146
116011
41806
110334
21669
105212
41723
113273
41358
105490
41197
108496
32167
108607
41264
100772
39403
111663
17885
108269
41871
46898
19182
109870
41006
64493
41670
110374
26799
66245
24140
120650
41716
107094
42653
115202
43953
110551
32044
100727
39811
111297
40774
100737
38967
108591
28195
89873
34650
105094
41593
111977
41565
69436
26063
72217
26197
110576
41734
61613
41447
133942
43237
93764
42951
109863
41666
109930
43405
93503
41638
111097
41395
106788
41339
111987
41912
107081
41859
114681
41680
107240
41425
79602
30980
85657
31983
110434
41101
92914
34762
108933
27471
105019
41606
107720
41122
105838
28106
111187
29659
108750
42811
82342
30072
63063
24194
108489
42460
110825
43240
106916
41663
107828
41766
111499
41327
109982
33043
111952
40759
108369
41212
112395
41653
109880
41774
106687
41543
107124
41732
101756
38500
113468
43244
110894
43548
99468
41538
92874
34982
108424
41680
110165
28962
111511
41120
110537
41726
107091
41703
60365
41089
99447
39021
111353
37087
108427
41693
69472
25621
106449
43570
115480
41458
110827
41375
107451
41631
109850
41357
107727
40656
110188
40994
111108
43325
105743
41984
105287
41483
111508
41178
110674
42808
102272
39234
110932
41222
109933
41112
102602
40979
110173
28049
106695
41728
110065
41959
99626
40934
93935
34766
93436
27458
111614
41748
110501
33203
113683
42024
108058
41189
111826
41882
61711
21467
109344
65638
48612
41501
63201
40913
110088
41581
63758
24379
101011
40904
109442
41738
113898
40817
104966
43097
111687
42382
108684
40852
108308
43193
110244
41034
110163
43547
108817
31403
87124
32911
89448
35753
75328
41445
110892
40957
109121
34906
107071
42884
108644
42705
110667
40854
90383
42557
106612
41503
109258
41555
107479
41581
111203
41225
112022
43587
110187
36108
110290
41343
105286
42134
112726
42205
107627
30178
107306
40954
106699
41896
110536
41621
88847
33140
110325
40904
109353
41223
108895
43677
109721
28183
104756
41638
108392
41109
107481
40903
108990
27920
126270
41221
110549
40666
107392
41347
75595
41149
88538
36328
110924
43217
112520
42152
108471
42274
109323
41759
109504
42137
82319
42089
93492
41532
110811
41530
109051
41996
94993
43317
80877
40836
105618
41461
107191
41382
113057
41535
84831
41522
101190
41543
108557
41280
108720
41405
107913
43309
108817
41164
83570
31205
109971
41923
108925
41201
63358
41168
108497
42613
107922
40851
109315
41408
63757
41696
106878
41635
110875
42854
110588
41966
46918
43109
109551
41488
108210
41736
110359
41535
80233
42422
110038
41776
108630
43314
112398
42031
109621
41393
110159
41175
71827
41373
108915
43127
111057
44024
105234
41538
110363
42300
106995
30196
106617
41518
107901
30108
81857
39507
94976
41833
91699
35025
109228
24027
111624
41641
108506
33759
112313
42377
112228
41568
111178
41633
105255
39031
102648
39635
108932
41254
108599
43638
110962
40621
106356
41245
89588
43204
115901
44537
83643
31765
66121
25832
105497
42754
105182
43162
113293
41127
108103
41415
112709
41260
62924
23831
106953
41231
110138
43292
94393
35323
106412
41550
112827
42909
94641
35044
110435
42370
59236
39132
102502
39250
109559
41105
75739
42254
115798
44362
108943
42042
78061
18346
110634
41277
108316
41250
111446
41357
106096
41252
100336
40002
112470
41936
110324
27660
107840
40894
107477
42681
109293
41560
109649
41100
94264
34829
110805
22491
107567
43227
107845
42793
107917
41515
111603
44347
90817
40992
109875
41062
106974
43007
111140
40586
87900
33543
81882
41502
62271
23738
64874
44594
107164
40659
111090
40854
68943
24006
65746
41117
109925
41899
112847
37562
108550
41760
111974
41691
115734
43976
107041
44442
112250
41517
85653
33109
79756
24312
111656
25072
103081
41214
110175
41621
92497
35051
107647
43745
155392
37041
112776
42906
111747
41496
109288
41731
110067
41465
114002
45923
66022
26031
109294
35551
92021
35068
111162
17647
109730
41606
106272
41678
48072
41658
46691
17893
112193
41997
109448
43437
65440
23984
73165
26952
113388
54736
107896
42620
111960
42117
105375
22979
109564
41235
105540
43767
107321
42886
63263
24147
49656
19561
99032
42635
105522
41628
89910
32990
112742
42006
62440
43297
111431
40929
107935
43394
109787
43177
113996
44009
120984
45786
80885
29426
110977
41776
106126
41655
110373
43306
63528
71652
109758
43603
62736
23264
107940
41816
115614
43535
107896
43334
108925
40210
109000
42305
73452
28908
109476
41485
108183
43495
110667
41613
110374
42733
61825
23129
107778
41786
109832
41588
113759
43230
107976
33914
111015
41782
108860
44232
105705
34671
115000
43710
111027
41581
107479
42001
110121
40789
105472
41668
82539
41463
107474
42175
107356
41222
118941
41403
105672
41438
111358
41718
111729
41357
82899
43563
112809
30233
110556
32267
107166
42542
109278
41560
109200
41645
109624
41909
107604
41811
64594
24096
106337
41991
107669
42901
63779
22875
109860
41991
106143
33240
110113
41844
107371
42850
83347
31333
110421
21981
111060
38160
75245
49202
63163
23798
113759
40990
105941
43114
63748
25391
77834
29628
103749
41889
84495
43299
110551
43754
113395
42087
110539
43873
108015
43021
114410
44608
70174
25984
109133
41587
110287
41643
90150
41047
109627
18830
49844
18922
83926
33637
83941
31102
81830
32207
112297
26633
110073
23209
106830
22474
108900
43031
50225
17659
111802
40764
106437
31605
111331
43943
65210
41089
114568
43457
109199
42149
108534
41300
111684
40960
62140
42836
111145
24955
110449
41137
114556
43913
107698
42563
100499
23689
109547
40952
106974
36476
107431
41149
76570
29155
111360
22563
65215
42294
106843
42615
109774
42959
110998
40832
116195
43575
111556
43199
111175
42262
106570
43109
105445
28642
94346
41283
109604
42210
107617
41275
110261
41510
111266
41094
82660
31494
114626
44116
109248
91513
131216
42983
109597
32511
109874
42672
101753
39186
108338
41620
110674
21735
111420
42126
63326
22795
111889
41260
74145
42648
96346
36669
60731
41821
111236
41515
74344
27180
51681
40743
108579
41979
115106
42180
114405
40934
108672
41873
108750
41505
109752
41027
94132
20517
105435
41853
49888
41888
108516
34869
106615
41375
111716
41085
65440
23632
93561
33001
95206
41626
97977
42573
111148
42032
107109
41732
105848
41067
122579
40911
70908
26584
107767
42290
108970
42801
110506
41942
111365
41859
109189
41077
105908
41733
110789
40746
107547
41325
110027
40661
75720
27652
105241
41756
106342
41904
110053
41538
111172
32079
107444
41432
110539
41036
91320
34776
89813
35075
94204
38659
84016
42741
93204
41267
109889
41180
107126
43826
106575
41586
91976
41676
109007
41162
47529
41332
112478
41718
102980
39398
105683
41044
105159
39373
110309
41644
109732
41395
111648
43480
62484
41377
78172
29871
93389
35337
90301
43309
107992
43397
109284
41530
108284
43279
129226
41227
110927
34421
91049
42199
63052
23715
108692
41391
69824
25693
110669
41299
110930
43059
110943
41391
110354
41518
64771
24305
108797
41535
106745
41877
100645
42798
109258
42660
