204312
85852
214382
85524
211050
85093
203660
85140
203858
85953
138157
85036
128464
54212
206717
86091
142731
58158
173169
50256
209872
86208
203517
87970
223473
85727
204384
85443
232489
85488
212703
85022
119805
69433
210381
85196
115169
47963
158136
87278
123839
50362
110748
85837
141827
87097
210338
85829
143996
89914
236137
85739
202878
84667
158170
64652
208684
85306
209952
85775
203206
55540
209037
84434
238368
38267
179567
86456
204407
86077
210797
85804
202898
88353
211348
88290
93283
36740
173569
72659
137261
85729
234218
86213
219179
105272
206110
85426
210647
49573
136774
58779
210867
66098
162139
65566
116407
89100
205564
86914
226212
36831
209208
84840
211723
57387
206923
85011
210478
84369
212200
86016
118081
57759
196196
80967
140071
58034
148033
65403
203539
72219
160633
65425
153802
62185
210514
85471
209235
85291
138606
66338
212662
86263
211442
85018
161321
65658
121224
49412
209774
58616
138380
51942
120615
48106
138475
85338
100496
85369
226177
50697
207163
84534
90790
40174
120522
85679
114055
49024
202653
85727
202525
87266
170355
69209
206384
88844
210293
58261
213104
85203
208050
85336
209102
86576
209529
57267
94853
39487
208565
85837
177615
72085
165025
84594
202545
57990
118271
85649
204853
85135
208113
85522
143187
57465
176151
85895
207611
85717
93350
38441
203104
88939
208218
58377
203499
85666
95165
37378
115718
48850
209897
86047
210047
86707
209521
85992
179045
73077
207739
85245
164501
87456
121823
47983
208699
87769
203753
85880
119320
50074
134743
58699
119444
86090
207879
72145
207642
50735
209256
67848
210466
88092
175795
71566
207785
84879
203547
65795
208960
87844
178658
85316
209897
57882
204587
85371
198019
81029
118449
50727
149270
88130
203998
86513
206264
86837
210018
84965
234438
38929
212646
66995
208982
86789
212605
39394
150187
71754
202750
86441
208752
85193
118528
86346
206737
50231
207409
85524
137070
55653
209100
38269
207216
86271
179454
86531
149646
62679
176712
73448
209960
86118
205935
86040
208441
85724
123697
49989
176784
72188
210493
84035
204893
85447
206068
66323
116151
48845
210904
85957
209987
87138
208048
85123
154662
62165
207581
112210
208133
84509
92428
38314
150317
63267
207286
59183
203722
87168
233196
87175
209018
87419
209679
85176
203743
85422
208596
85486
201504
84935
158347
85123
210281
49192
232256
89214
207313
87165
203221
87203
210112
58678
232754
57937
209623
85506
210241
85033
119045
48275
209030
86005
205416
46233
173729
85601
229014
84958
95403
37590
209150
62600
207068
86572
208766
54012
205802
53239
155235
65808
216445
90693
171808
73124
209310
46361
207889
86077
203723
125370
115592
49146
210984
84883
209024
85797
210318
85915
210328
86258
207980
85626
205875
86757
208647
55059
209020
110842
177038
85524
155831
66025
207252
86341
208791
54586
211024
87182
204547
84574
211328
85188
212919
85655
205956
57418
124610
50102
206068
55378
210317
63230
207381
85203
210456
86165
128852
87396
222328
86223
205171
67588
202976
84700
204014
113846
210282
86023
139447
85852
124264
49605
208185
46698
209475
84849
220313
85253
197720
81205
175953
71472
90724
38427
209376
85907
177068
84940
203231
73514
205362
87952
162262
85283
211060
73645
203409
87170
207040
86144
207807
87375
210325
85705
219550
88073
208228
85413
176271
71735
211492
56495
208896
66391
213054
84719
164393
65763
204243
86288
208519
84857
208163
85727
218268
85847
155586
58308
209160
57672
204094
85481
202568
85286
213768
86173
206321
85474
206584
72559
132345
54490
224493
84880
120546
85519
169573
70258
204011
86240
117577
86410
202475
54916
120871
86162
155843
64977
194363
79628
211032
85767
178698
72387
207476
124343
207902
85037
151180
85541
210370
101254
210088
67832
193371
52629
91750
38515
209242
69663
207774
85611
210628
57028
209516
56328
203299
87349
209280
62132
203655
85493
123744
57614
112451
46937
210433
62890
203981
85662
205865
84654
209263
84577
201172
85108
209985
87857
156929
88179
203447
69046
206130
85722
139331
57574
209917
85126
148272
79643
209669
74673
204139
89145
210188
66172
208776
86343
210496
85925
206550
86499
88643
36756
211044
57383
207224
85178
209639
87342
209183
86564
203755
85318
93931
85463
209770
88772
205785
86326
212340
86581
205586
47008
177939
73138
211576
86381
207702
85240
150058
113653
207196
89164
244774
91675
147473
87014
211736
86018
212711
88273
209158
69269
113514
45020
121555
50197
209320
86007
161893
65149
210558
48081
177893
72273
185540
89172
209278
91092
217739
126525
179849
72727
167785
71698
137459
87220
211952
90144
162354
85050
177517
71999
211197
85275
208672
47730
203369
86166
211445
84426
224968
37060
208927
85100
208381
86005
94087
36928
118947
85604
212225
85651
204686
66565
213069
85837
210130
86128
164304
86597
180308
66055
207153
85586
205645
58237
217639
88178
222877
85137
164510
67458
143358
57150
208171
86965
212135
87672
123775
56459
94134
88145
183998
65392
173109
84699
211422
85659
204787
84990
197795
57691
208491
88997
210252
66518
209196
84817
162008
88203
170595
68210
162714
67161
208000
88032
209661
62954
206636
86188
143269
65725
163495
65512
166940
68872
207296
86990
207141
49668
149598
62494
210847
86300
198289
36943
208989
87404
212059
62931
164639
75802
205826
90155
176790
71669
204276
86874
247914
86733
177663
74630
209669
86168
176377
72908
216707
77164
207336
86403
123890
49874
209536
85640
209223
61618
202821
85913
209776
85984
212085
54097
222574
87616
209589
87345
207283
85451
204672
112922
208880
85494
204907
86174
214106
90991
232874
88222
242999
85216
203926
86305
207567
86646
196149
80069
209416
85918
203046
84900
203432
84684
124029
49967
210748
85734
163898
68740
203419
87801
217800
87625
144744
57170
204329
58025
211523
58116
210300
85988
206935
85469
207090
86393
104540
41536
202548
85571
209369
57683
204400
85938
209885
59485
237849
86601
206707
86361
207116
85842
197029
57646
206592
85709
138484
86631
165779
80080
208684
85288
176937
71992
180512
85860
212570
84860
203520
84591
206777
87699
205938
89205
97287
38665
204096
86544
178603
71751
174009
71526
211087
84810
205094
57569
202572
64598
212578
85893
209178
86932
206703
86356
203758
85269
209303
86161
233974
85699
207700
85542
205963
85892
139134
87643
206424
88037
209017
85246
203662
85651
212678
85052
164321
69003
205610
85113
235125
65450
211105
85647
206987
86093
244930
85319
208876
86727
209784
84184
165352
86579
203904
85471
212528
85451
209105
86785
205497
86376
206575
47153
206226
49493
141635
57021
137328
73677
159877
66150
209055
87762
204790
86834
208165
84977
168515
86956
208664
85186
207135
63225
209200
86481
209348
86205
208895
85970
138955
55120
207985
86548
176827
71670
207742
85103
208509
85657
118966
48448
206143
85404
203843
87275
218293
64547
209892
47656
211566
85819
138974
68751
205883
85963
118072
49667
209737
55131
209096
85095
118992
85520
208464
85409
138503
58593
205905
85228
209065
85340
205937
55566
210445
87067
208238
85935
128206
95032
210088
87042
204854
87181
209379
45133
91562
36561
208584
85424
177823
72549
120893
85860
205514
85842
119342
47923
125468
56718
206021
85190
210872
84973
139601
85709
205679
85128
209394
86032
207204
85845
145073
57695
204935
85359
204327
85513
209930
65202
203905
85484
204214
84952
210034
85352
124377
88130
208290
85961
205051
85258
177883
73113
196465
58119
205973
86053
208048
75345
210355
86248
95153
38506
95294
38457
206694
63104
123637
48587
177612
72621
210178
85659
211325
85354
165017
69976
209233
57834
205765
85314
208727
47075
209022
68495
176911
58867
178079
72318
206622
66250
205177
45469
175957
88456
202938
87098
208840
87272
173275
86058
213457
87291
210676
88746
170842
70962
144719
58825
205828
84396
107803
45454
178756
73758
126374
68999
211075
63108
99054
87702
208486
85573
156045
58705
210153
86115
177656
72417
207631
85797
93146
38455
207875
85169
205602
86802
176759
85055
216555
85497
210801
85466
208915
85203
210616
58870
171755
69123
210045
85413
211861
85508
207880
86674
207845
86294
207286
85737
207343
86243
237205
85434
214284
92593
215830
89996
209676
85626
203234
85745
209962
86752
202150
85837
213542
88689
204640
85311
248814
58115
205093
87050
202790
87445
210501
54724
169852
70252
121078
84883
204848
85105
203956
85652
209940
58203
204925
84783
209956
58783
209969
66129
202204
84647
122597
49553
218223
58666
209912
58331
177409
72696
208458
65955
161707
57975
209168
54079
207344
85522
208281
89019
183503
76489
205998
85553
174824
74583
123366
66201
216429
73230
173605
72675
158430
89382
207961
85760
167816
70102
212530
88174
206203
84868
208286
85063
209661
85384
156275
67221
209125
46017
120082
48424
195248
87927
163375
66323
211646
87448
142994
61153
165897
70125
195713
86815
217146
61415
199513
84306
210153
57201
209415
49275
92179
72400
208577
88318
206369
86701
211761
93188
208368
88584
161925
85614
161611
85571
215998
70569
138889
86386
139121
57366
144883
57933
121975
52631
212222
85494
209942
85005
206010
87979
208917
87140
208992
85166
211674
85822
251343
68953
151571
62750
123780
49453
125467
85002
207310
66144
214230
88390
251608
47522
208942
85782
209360
85594
211894
86316
210147
58363
210779
85095
205685
85664
94191
38702
171984
71927
210841
80839
160750
66244
180396
71959
123368
49753
205286
58626
207135
84675
204813
85559
174629
37226
206667
85953
204630
87110
183128
85992
206845
85539
209586
87453
203615
85376
173082
85749
138456
54554
209716
65877
209346
46021
156951
88212
175725
71929
207922
86054
94293
85462
155352
63207
206354
73757
208518
85228
208831
85151
210593
50161
90475
36832
208717
62390
242833
58748
209927
85516
203008
84706
208502
87015
208885
85211
165862
88561
225473
90507
210565
86331
203688
86155
181608
71977
201019
87221
138123
85233
208815
86196
206190
46665
206251
51893
219782
91370
223859
86333
210373
87048
203901
54756
211223
62739
203800
85266
208336
85549
201157
49625
214123
120214
212453
86153
203339
87293
208534
85697
210698
85834
108176
44719
94961
88599
208251
86486
213953
50113
117143
46598
204189
84830
94355
36847
205790
86312
95024
85987
169225
68680
210406
80849
204923
87716
208128
48296
204182
85694
211703
85542
176743
73569
208737
88230
151376
72178
204123
84983
210355
85396
196515
90684
143100
85419
207717
84917
208985
85313
209656
62753
173093
86867
154370
62424
140989
57376
207138
86842
210247
84645
195156
80786
203758
67862
208022
85995
206800
84877
220028
93244
208157
55297
197137
81300
208659
87543
209065
47223
215192
37769
203788
87308
121147
48173
178953
72043
208513
85354
123467
50133
209821
71966
210145
114030
94081
86970
195868
89278
205805
85127
204810
85017
212301
85626
203595
86133
214590
62813
176526
72364
218955
88674
165844
68828
208726
84857
177266
73399
207787
85837
205169
85960
208874
85396
156255
89315
206022
86441
212303
89059
206557
45874
133940
53480
172548
72108
95160
37969
210804
89109
131571
55514
206248
55667
212448
66193
210941
90240
206655
87982
210195
66323
237705
85281
208085
57450
207196
63278
203504
85559
168459
69364
119314
49513
175215
71863
209336
84728
211423
53048
209784
86707
205687
85587
207504
85723
205087
53994
209471
84660
199785
80783
209664
91121
208765
87917
208636
65775
222894
85424
206852
90699
214835
62476
215467
88671
215411
91424
124102
49316
198442
82375
161154
87250
210578
86905
204321
85448
211669
85406
209200
86331
142331
57179
210723
85779
204299
85481
203715
86181
208135
84792
204076
86015
208178
48187
125355
85329
116110
58519
208734
66602
210990
63382
174259
38250
177770
73108
207067
85759
175407
71988
235406
85105
202996
85386
174715
86771
209709
85133
223383
84441
207343
85091
207892
65352
207313
85671
172022
72109
208577
57813
208902
97569
108881
45796
197861
86268
207719
67840
209711
85840
91855
85396
171631
87212
207300
47771
208263
58330
209967
73361
206980
68623
202618
87799
208936
86047
218234
89485
164301
47594
209564
85584
210413
100946
118205
48213
159014
116609
163450
64691
209718
85654
121909
48804
213856
88704
217597
90642
210297
85726
172176
87060
208384
87671
207605
85276
175082
72364
142944
57994
220897
86572
208802
87847
94015
36973
207862
62782
208071
68585
207010
85746
213415
103833
215425
86576
208214
64105
205689
85528
172921
120851
208634
86832
210413
86503
211050
85481
206441
86985
178590
72783
209182
86055
203363
58737
204149
88185
176452
72078
208727
84803
207922
85196
209128
46529
209556
112360
214409
90091
203903
47828
210317
85116
206312
85516
153497
63582
205199
67023
206284
87206
205166
86754
94709
39071
214657
90349
210491
57196
207622
86093
124383
85411
249604
85316
202801
86421
208839
85233
208461
86563
204835
87117
178873
73880
208035
85264
121264
86243
209711
48398
210133
63056
204475
86090
205973
84985
176390
87408
207897
96416
143224
86288
203332
86258
117275
48398
119648
86897
128538
73749
216918
93258
128707
70856
202331
58942
122536
49742
141002
86591
95580
38489
209390
85922
208950
84952
210533
57509
210822
86649
209355
85246
209326
85952
124872
49054
156454
88886
205845
85729
208396
85447
160574
65248
172715
86290
206877
85867
203901
85995
206920
86747
94098
38285
154777
61927
197107
79988
119715
87342
226786
38261
207424
55317
219532
87174
207186
85800
208872
72713
142722
57022
178668
86819
209035
86817
209158
85482
211028
86114
206540
57271
209255
85236
96968
38824
164984
70223
205619
86368
209056
87581
130298
49292
211313
85960
177576
85992
119466
86606
123272
50114
241039
38771
116437
48833
211351
85992
209496
87453
105481
42159
125128
49843
166821
87789
138135
56679
203558
84930
203008
85248
180720
75666
208245
86321
176909
72001
208426
87589
207444
87597
209712
85196
205697
85206
206870
89057
98607
89453
207311
85671
196588
94011
206877
85369
208050
53903
172516
72335
173917
87281
250377
58809
209962
85626
213229
65742
212538
85554
221391
85859
227130
39102
114705
85386
206657
85503
205414
62527
167071
87456
205915
87088
176664
73195
208146
86852
94554
87230
204888
85448
208995
88313
211714
47143
207705
88648
176872
86350
158928
86972
173706
71963
210940
86749
209188
86303
208216
85539
216856
84858
204695
84859
218424
92043
206554
88320
178296
72441
122664
49015
142608
57179
177369
72397
107551
85910
124499
50579
206665
86077
207016
57845
179368
78595
114312
47856
124378
53563
208295
85418
121765
47315
207685
86418
119371
48173
156637
65641
214042
85280
176892
72955
208293
85359
209599
85797
174101
85777
202755
87095
142982
58000
204971
49215
207351
85629
179022
72697
94360
37170
197882
80658
208865
85613
143420
57104
118104
47936
212658
74715
211834
87453
213120
92628
210533
86083
208323
85066
206870
86240
207739
86313
197482
80545
121067
47871
149634
88217
123102
49563
205334
87947
94800
38303
120295
49987
204765
85596
135144
85607
212668
91322
207383
85554
209774
48716
220699
85229
207310
86512
123739
86598
208200
85684
141988
57572
208273
85171
143210
85754
94694
87092
204068
85379
117978
54677
208646
86658
205855
85324
210879
86065
94147
88080
208919
86764
204415
84879
174276
82619
179372
72455
119693
84907
171833
87639
125249
50621
208930
85444
206188
85907
129146
52962
209408
85649
215049
88164
124687
50270
178441
74226
94637
37909
209303
85744
178881
86105
198239
85259
143421
57452
113511
47581
93453
38530
204710
85283
207088
85353
204051
84929
178990
87681
122825
48221
209183
86281
205534
57250
214409
87719
210496
86519
120090
47477
210496
68372
198080
39743
208627
85813
178278
71069
143690
72452
207930
86446
207156
85506
204831
91044
201458
85692
204822
37194
90147
38687
232441
85451
205001
86115
207978
85692
115828
48074
205381
85709
157651
65414
219045
87916
193267
84689
170208
68886
226452
87015
208932
65913
207471
87706
207137
84474
212407
85462
217118
88670
207987
85644
208316
85025
119771
49008
226492
84967
207875
85133
210083
84754
210446
84950
208546
85258
93973
37944
208524
85939
210771
49144
196425
80830
211105
85714
208151
85762
144420
57463
208692
85318
208240
86335
142628
56991
141173
88025
132706
53121
209421
85804
221614
87117
210285
87453
213127
85755
122702
85211
177926
85887
208827
85349
209814
87053
210235
65802
210804
85371
211678
115809
143103
58130
91786
37155
135718
59306
207233
86900
176419
72336
163925
68678
118208
48339
206677
86438
207434
58281
207035
85654
206110
84582
208802
58640
144220
57752
207727
85634
209511
87210
208671
66708
170852
68752
209930
87603
170496
69373
203855
85318
207306
85117
178019
86133
207872
85992
120811
48401
124089
88539
209263
87193
210505
57747
208797
89029
248360
59158
209945
85256
143330
85176
209223
86655
119775
87488
211609
59686
210325
51631
209208
85844
144917
87035
131933
84704
210646
85983
208042
85862
207925
85180
209681
72543
119003
87544
209435
85692
222043
86829
212631
86661
207777
86461
168779
68417
205982
87931
92041
37551
182425
81280
205821
86015
93057
48384
120412
85669
209473
85376
140450
59163
209894
85829
207484
86705
210636
85418
206800
85717
176618
53874
112635
47169
205575
48432
206449
106567
205537
85922
204079
85186
209228
84869
209829
57374
124152
47363
208855
62534
211625
85454
124302
49965
168324
51008
169124
68395
206929
87829
207767
86251
208851
86479
174643
72747
175897
85757
210653
47009
213435
86912
155310
64378
208591
84454
122113
84830
208721
65972
207359
57637
205214
86411
210120
86350
233759
84838
205634
86208
135013
55309
218223
80962
164549
70229
193272
80762
119125
49805
210809
86000
209098
85239
210092
87647
211596
86065
208188
84930
208238
58087
208078
85182
210915
85491
207696
87298
234761
84850
204517
49213
166797
69586
207351
84910
132368
54260
226603
74014
120101
48081
202485
85950
129995
54630
209704
85975
208064
57253
100376
40471
121772
94184
209688
86002
209017
73329
209160
85621
211168
50674
209198
85340
205398
87303
208318
86724
208765
58685
208163
86010
209804
85736
116467
88069
209696
85639
207359
85894
204297
87280
204954
63095
138761
85897
204414
85371
208356
86075
150760
90581
143214
56019
142285
58176
210075
85750
160674
66391
210019
85423
207035
87731
212252
85997
207917
65350
231767
85605
121203
87115
207972
86070
124353
49122
178854
73335
209946
85774
177740
39107
120044
47734
118172
85644
204262
55148
117860
87118
205387
86493
204949
85606
90332
85193
120803
86253
210710
63061
205983
48400
107557
43399
123994
50459
209663
85980
210309
117668
209949
85837
177055
73330
177323
71642
208661
56989
137640
84960
119779
49089
206346
85514
200854
85360
169230
89099
211272
87100
171307
88498
207471
86947
193253
69420
197729
80809
210405
87916
169260
67996
207637
57502
206516
84582
170728
70101
208436
85311
215407
85714
209912
88400
210007
85285
162687
85236
211103
86562
208809
84972
208193
85050
206005
85987
98206
37361
208975
86191
179623
83482
207802
86453
210143
57471
140204
57694
169662
85349
207306
84873
204454
86714
206817
87248
121164
86762
209962
86185
208767
86443
208449
84845
152322
58353
203818
84627
206268
86990
142206
58056
218514
85805
205056
87060
205644
86235
138422
57263
203926
85198
232282
86035
209516
88177
207100
86032
207464
49663
205947
85819
138243
87535
206336
86036
206343
85060
207436
86238
205986
87092
208155
85176
208178
85909
123487
51028
207902
59498
212791
85572
210046
58442
209734
85583
169297
68327
208833
85817
206885
85111
166547
68638
206010
45878
212117
85334
205176
85521
213849
85697
215360
89433
203798
85353
117016
86501
117438
47332
208245
86551
190176
87466
208033
85619
205392
85905
206725
57952
203274
84730
234212
50278
208644
86253
213768
68240
117874
49562
208364
84802
229772
84872
208471
85331
172904
85897
209491
83946
211628
57782
181114
73392
209152
87691
92405
85764
206083
86769
210147
84850
241743
85426
177201
72638
208960
84900
209315
85379
203911
86258
205657
86784
209212
57814
205639
85055
209504
86368
208273
85774
208820
86611
213521
86536
206361
85737
208403
46570
239163
81967
166562
70101
207634
86107
208907
85126
198531
80729
138516
55551
211403
86023
204026
88350
206131
85339
211635
86276
200080
80703
208123
87674
208589
85245
208729
85607
211376
86508
207326
87932
125448
49770
207378
84313
207965
84689
204324
85897
198887
85569
211776
73721
208326
85832
208331
85374
208203
66141
207943
84697
205083
85486
214730
89897
205903
88200
209228
57278
211921
85544
206965
87278
208418
87032
186284
58063
169824
68667
210899
121448
175683
72594
206779
87573
205106
85007
165717
69021
151245
62309
211070
86654
209731
87907
212062
86298
205243
85000
206853
85895
208120
65184
210524
85361
155519
62651
205259
56911
208379
86588
210619
85552
150923
84913
118040
48653
209048
85369
206128
88358
210591
85922
120368
49691
194463
104306
210496
58330
204382
85707
210398
84687
204710
84821
210638
86007
203585
86411
134025
53094
178803
72819
205853
58027
205023
87603
207456
86542
207514
48185
210714
85047
207887
85659
173887
84945
178343
72651
120646
49019
206254
86275
209473
86208
206297
87250
204644
85486
203697
85581
125255
50592
204537
88931
205752
85923
209300
85480
208577
86211
208536
85897
205008
85667
212866
86103
174136
134376
204374
84942
210217
86176
210293
50333
210209
62178
211413
86875
208346
85704
210405
85756
210734
86135
210894
87276
211000
67954
205665
85406
207033
85238
204547
87138
204049
57574
208445
85488
123605
47476
204044
85769
208145
64578
206500
48238
199368
81941
230110
86597
206719
66915
207223
85884
205043
86448
203034
85406
211114
86052
207858
50278
208449
84362
207750
49297
207983
86095
209270
86353
210476
86298
175688
72026
207857
85709
209807
86832
205013
87310
205285
67292
227249
85343
209509
87729
207469
86804
208554
88751
153362
71583
118840
48012
211082
86046
208897
63006
203442
86629
227748
47374
209383
58884
203828
110902
209571
87315
119871
48904
174699
68731
206712
84953
163410
66719
165383
85664
221568
72910
169698
68933
206374
85950
210090
85859
119441
85935
210195
86078
207685
85699
179011
87739
234880
87034
212132
86912
177382
88164
159861
65042
176597
85324
211370
86481
198738
87290
172504
85282
151738
62865
214014
57681
208220
84607
179702
71626
138433
88213
207223
86381
173506
86566
207238
87839
208997
87498
167682
73028
209434
58986
131983
53001
204048
84020
205569
69266
209528
85521
208912
85912
153164
81649
210268
84775
204276
85631
210276
86245
211816
85917
177528
89518
202966
86489
174884
88664
209816
85379
210348
85438
207146
58195
138353
49531
119360
47403
198800
81170
205646
84431
124186
98717
206462
89293
193447
87678
122072
48052
205296
85870
205564
62197
209316
86496
171524
87691
212546
68175
211265
86210
213801
103879
232140
87629
179541
72837
193526
81300
207905
86313
124072
49007
209387
85884
136390
73563
202828
84614
168702
73028
208962
87120
178664
87929
201858
85402
206167
104876
211563
89150
211112
90448
210534
85517
216953
69901
177960
72915
206657
58566
174896
90390
178329
87258
205537
91099
208779
58701
203038
86174
205583
55141
209882
85433
195224
80109
209621
85882
211265
85596
203695
88282
220744
91959
94085
37092
209987
85652
211749
89636
196159
81017
208914
85276
204284
86536
196937
80745
209656
85504
210258
47104
214251
88271
120941
74531
218782
91250
164334
68224
210235
88491
209591
86466
168502
68484
120146
47689
204566
89796
235300
52329
213452
51160
143909
58170
208090
85637
208677
88117
206178
85990
205507
88055
210085
86404
164746
67597
213127
87586
138130
86819
124587
51370
212731
91358
177097
85246
207451
86206
123148
49541
207231
85320
218880
88464
211698
65674
183362
84920
220511
42869
209513
86712
204299
84667
210841
72238
208130
87824
212185
91144
207631
84979
207361
88480
218018
92432
215029
55235
252147
90799
210345
61928
208396
57197
206141
47268
183267
73162
210654
85471
207669
89733
211864
87473
209581
86141
206993
86146
213089
89924
213748
92236
209217
50120
209330
92044
208328
87959
210906
87756
211400
87999
202711
87045
139390
58053
213728
87030
209196
86218
210556
91104
216868
91496
207922
88301
98183
38836
208891
86699
219035
94156
208068
86248
211496
86271
209646
84686
216277
75525
207356
85073
218246
90012
207191
46423
207068
87446
160302
65796
211939
87495
209336
85939
204703
85163
202188
49584
195032
81252
213813
57873
208015
49681
205239
49247
206269
86584
142183
57051
207129
85661
209100
86674
144377
57336
167059
69387
214534
90245
208804
85909
207827
87714
204958
87501
208757
67129
178532
84048
210852
87003
251968
87356
137535
56406
205349
86153
218990
66611
224410
91534
214212
88891
166871
69080
204499
85085
217567
90174
205602
85208
208154
68911
211395
85366
178975
73052
90493
38498
177605
48898
205925
84231
156061
87469
118689
36975
169556
40645
175449
72636
218364
90959
245012
57499
211127
90929
193043
91693
209045
87022
208766
38963
119746
84938
210824
89586
211338
90869
219908
90713
219436
85724
175052
72541
205381
64778
210308
84301
203397
85336
207288
85927
211536
52844
206070
46058
218838
88107
141068
58466
117635
48440
209802
53785
160218
68337
162474
85461
231477
88683
174573
85867
214345
89422
218684
90359
209132
98691
156749
57823
209235
86018
116576
48390
205883
86200
216266
91335
126872
60523
93709
37341
191409
81198
207434
84792
206938
48123
131084
54424
211884
87030
183168
74112
205381
85260
208664
86529
217351
89555
220436
86992
205467
82905
210201
78272
205648
85865
207055
86255
205430
84313
205755
85178
206947
85308
146648
88273
204780
87252
209273
85757
205772
87097
122470
87068
167586
79843
211533
65343
204354
85612
205772
86909
209157
85977
206449
85113
201417
85439
198614
81130
211034
85784
206948
58543
120103
47716
94439
37936
135715
86777
140992
85214
208112
84179
203315
86077
205238
62904
173648
85361
172137
69588
210200
85872
211145
98957
205610
85702
211155
58476
204765
85111
206735
86393
207133
85670
208281
87621
207661
85048
210012
88010
205532
62887
206419
85707
208155
86549
208721
66053
205620
81738
120170
86368
210047
86166
203401
54952
142268
58587
178780
94054
175288
86050
178768
73335
205391
51805
206023
84975
205186
88233
212440
85575
211555
85654
196894
80370
93406
86379
206110
85406
206733
87706
209200
68474
175588
72767
208075
86150
207905
84809
208240
58740
207406
86028
143252
58480
208343
85782
211448
86784
209117
86960
203588
86053
207281
86887
171348
69309
209792
85832
208604
85462
208862
87143
207702
66821
209872
85998
173009
49832
205983
89746
207584
85469
206231
86483
206183
86349
204735
48075
211945
85699
173438
71826
207138
63714
