8968
855
8883
862
8733
856
8794
920
8800
852
4072
382
8532
894
8683
877
8663
880
8259
387
9119
930
8940
643
6015
765
8758
995
8736
896
7120
480
4029
373
7244
798
8778
834
3779
918
4900
906
8991
481
9197
844
8815
889
8900
907
8736
907
8564
654
8762
907
8507
942
8923
925
5895
934
6048
917
8560
914
6335
641
8870
892
8893
880
6202
880
8695
847
9309
668
8715
934
8480
774
8640
932
8515
900
8765
940
8949
923
9131
862
8833
846
5740
630
7438
743
8417
850
6017
898
9144
890
8556
869
9450
895
6697
690
9168
865
8762
365
8735
905
8542
930
8972
897
8895
857
8880
874
8855
907
6269
560
8764
957
8745
922
8801
902
9221
905
6218
722
5868
561
6648
601
8835
946
7291
890
6731
623
8755
920
4159
485
8940
912
4495
496
4250
394
9129
620
5946
567
5819
877
8775
892
6137
744
5145
474
6976
859
9239
892
8718
586
8984
465
6528
887
8783
912
6074
757
9144
912
8447
982
9028
982
9189
859
8881
915
7349
884
8998
1078
6481
661
8908
882
9293
902
6554
923
9010
912
8983
925
9334
644
9081
837
9068
874
8572
557
5381
902
6228
607
8614
895
8773
868
8758
924
7569
987
6777
904
8846
476
8988
400
8960
661
4707
457
9076
924
9118
708
5465
483
8605
902
6570
671
9163
937
9071
919
6867
515
8806
847
9154
959
5286
862
6872
900
9088
867
8720
876
8710
939
4355
376
9249
942
9063
1005
8705
732
8745
897
6175
369
9126
877
6152
725
7461
718
8770
884
8918
909
8726
900
9472
905
4052
1085
9043
378
8747
894
9602
885
8792
923
9139
435
8767
905
9343
894
6140
516
6181
870
9026
982
9017
533
8722
902
9013
889
4948
874
7062
895
4067
380
8860
935
6504
647
4248
399
8883
903
9201
927
8832
511
9229
912
8703
872
9361
864
9439
900
8949
867
7254
885
6014
895
8908
920
6167
592
8712
857
5680
551
9056
855
9179
1060
8945
906
8726
496
6118
752
8765
419
8915
944
9171
398
8688
850
9224
367
8850
897
9153
852
9419
935
8998
900
9063
942
8200
886
8893
377
9019
872
9146
457
8885
646
8657
889
8566
947
8924
914
9073
539
8887
588
8642
907
7784
892
8685
852
8775
884
8953
905
9404
920
8817
877
8525
904
6296
378
9033
623
8766
887
5127
944
8945
887
8680
917
8755
907
8940
872
9148
832
7208
900
8936
874
3877
847
7124
894
8923
919
4936
603
9168
733
9165
590
9106
862
8848
914
9367
1060
9124
917
9018
892
8901
859
6119
638
3797
378
9030
852
5011
932
8505
580
8984
909
8580
459
8955
917
8903
892
8928
704
6923
1077
7337
919
8943
923
9392
862
8916
904
6667
592
7892
902
9011
720
8752
902
8880
828
8781
892
9276
932
8841
862
9083
899
8993
942
9254
874
8868
371
8823
454
9296
847
3822
897
9060
858
9000
501
8550
920
5866
899
7380
731
6770
877
6656
932
5717
569
7583
883
6268
919
9078
918
9282
973
8918
867
8975
927
9370
862
8793
730
9279
902
9023
505
8998
1029
9403
917
9098
907
8998
847
8870
733
9244
955
5076
841
8655
905
8913
877
8828
732
8878
872
9046
902
8649
631
9121
902
8888
887
8753
892
8976
910
9005
687
9407
909
8998
902
8941
917
7589
900
8740
932
4024
892
8747
742
5958
683
8965
762
9281
886
9705
625
7527
924
8968
942
8996
882
8670
878
9254
720
8738
877
5454
715
8772
395
8928
784
8837
887
8793
917
8602
980
8916
836
7563
758
8770
827
4423
462
7704
932
9236
894
8820
983
4589
825
9184
745
6369
859
5385
1082
4002
381
9171
872
9079
856
7560
760
7657
743
9031
837
9141
884
6816
920
8041
474
5587
622
7111
867
8996
872
9171
947
8113
879
9421
926
9011
720
9169
598
7295
924
9061
887
5282
479
5459
477
8683
1045
7254
910
8986
923
5461
952
9327
955
8848
960
9419
715
9109
940
7486
877
6484
599
47103
857
5448
836
8502
945
7826
935
6406
932
9729
890
9361
696
6263
804
9339
922
8448
950
6361
690
6807
681
8963
1058
8798
902
9307
746
9173
870
6833
923
9161
915
8978
887
9289
880
8810
882
9038
912
8725
855
9098
718
6455
927
9029
894
5598
624
9177
952
9174
783
8833
887
9437
890
9374
942
9176
856
9106
879
9179
924
8810
902
4303
879
4285
930
8896
924
7810
616
8983
990
8946
1118
9253
782
6838
713
6996
945
8989
898
8610
837
9454
932
8852
897
4020
476
18950
879
9384
950
8876
920
9131
634
9003
855
9246
950
9231
993
8903
940
9108
681
9131
867
9086
874
8822
884
4190
369
7413
929
8903
896
7542
850
6710
880
8962
899
6922
827
7462
706
13169
737
9193
895
5378
480
9056
934
9028
940
8954
940
9108
897
5427
877
8896
930
6759
685
8948
882
8918
912
9367
872
8173
923
5984
917
7731
929
9351
920
6068
925
8873
857
5562
895
4122
922
9792
917
5641
616
9449
950
9387
875
9474
902
9066
925
6338
620
9131
952
9131
912
8853
950
4065
846
7652
872
9441
859
5731
904
9409
637
8885
819
5432
877
8962
887
9167
885
9179
920
9241
897
6646
751
5197
597
6393
847
5730
493
9242
920
9201
880
9204
922
9389
895
9139
944
9111
381
9399
898
9216
888
9862
877
8951
942
9219
937
8918
945
9364
461
8537
835
7329
747
9219
935
8960
501
9276
651
7469
900
9014
909
9195
887
7010
592
5138
918
7745
743
9565
932
9455
880
9033
929
8830
900
8843
893
6296
932
9031
894
9073
517
5800
730
8630
860
8425
920
9271
907
8905
894
8940
885
8655
888
6148
930
6405
620
7632
864
6788
887
7389
847
9028
925
7230
635
9119
864
7698
905
8988
880
9158
912
8945
976
7704
885
7867
528
9201
885
9051
842
9117
900
5235
595
8909
932
9224
872
9141
967
8695
792
8921
862
9148
890
8772
892
9383
862
5476
950
9336
864
9214
899
9417
905
9229
867
8983
854
6088
607
9050
907
9369
889
9214
39359
7764
924
9206
899
9243
940
9191
894
7111
913
7527
705
17310
916
9462
935
9121
751
8968
999
8882
553
9071
872
8961
770
8938
925
7410
842
9279
862
8923
880
9412
855
7501
681
5274
922
8778
507
6250
640
9056
932
8830
889
9183
917
7162
852
6416
897
9235
920
9454
699
6688
965
6920
952
9105
917
9279
899
8705
925
5479
1070
9306
810
9181
892
8830
882
9594
896
9051
972
9269
938
9055
922
9765
922
8911
1095
9612
900
9236
940
9272
887
8510
889
8728
906
9145
893
9622
718
5993
671
9286
870
9594
394
9598
870
7597
713
9121
909
7231
877
9259
910
8594
811
9302
922
8547
667
8264
860
4324
902
9329
685
9394
882
8959
887
7654
489
5600
940
7079
905
9163
902
9173
920
5392
673
5969
870
7166
664
9520
942
7511
897
6304
592
9231
905
7645
867
9347
959
9197
922
6924
705
8089
773
6657
485
9296
845
8895
889
9485
907
7264
867
9151
664
8951
882
9256
867
8930
885
9198
860
9205
888
8782
912
9165
601
7045
665
4199
667
7569
922
7450
899
7664
885
8737
854
9028
904
5690
952
7882
495
8234
887
5083
475
6588
845
9296
856
6087
872
4387
730
4235
819
9013
952
9231
847
9223
857
9349
879
9251
892
9181
915
7700
887
8020
726
28063
861
9151
482
5530
920
9209
897
8923
869
8601
909
4314
380
5584
886
9081
915
9396
867
9480
849
9051
882
7357
872
8956
920
9079
919
9003
892
4358
885
8830
862
9159
942
6966
702
6834
892
5380
962
7915
832
7826
902
9091
892
8758
904
9331
840
5107
515
8805
870
9163
651
5684
637
9201
889
8885
910
8710
920
4355
870
7920
750
5827
700
8923
890
9001
894
9482
900
9074
899
7664
867
8988
917
8945
875
9001
417
9001
882
9391
865
7955
879
6965
860
5645
895
9245
914
9455
940
8650
872
8993
885
9316
954
8828
914
32728
908
8885
924
5117
588
9128
879
8928
514
9650
920
7491
740
9675
905
9111
890
8830
920
8973
885
9282
977
8120
872
8045
766
7469
894
8938
849
9080
896
9381
877
6834
665
9181
875
9169
895
9426
618
8552
866
7140
945
8951
977
8966
856
9064
875
9667
907
8901
515
9412
943
9056
900
9444
573
6139
845
5660
526
7630
870
9251
824
9131
942
8904
872
9136
872
8861
844
9788
875
9266
920
5699
591
9412
925
8643
945
7885
904
9193
962
9316
927
9025
870
9447
888
9379
651
9208
870
9247
920
9276
909
9013
919
8793
709
8973
914
9549
1183
9422
607
9111
862
7421
872
9151
897
8959
484
9114
907
9133
948
7196
895
9113
902
9622
884
9018
932
9412
927
9414
907
7176
627
9417
837
9376
915
8886
849
9594
870
9532
916
9088
835
6814
639
8918
917
9157
902
9284
927
8873
915
5987
558
9271
877
8933
845
7828
755
6532
890
4610
382
9560
904
9121
942
9277
903
9447
874
7673
765
9074
875
8958
950
5859
907
9025
900
8862
461
5365
875
9196
867
8096
710
7783
702
9302
922
9307
907
8738
912
9169
885
4405
903
7403
692
6538
495
7246
862
6518
904
9083
902
9136
653
9094
919
9396
804
5975
866
9598
890
8412
882
8764
952
9306
492
9424
937
9179
676
9219
856
8938
909
9234
869
9354
890
9215
909
9460
945
5558
969
8822
396
5279
932
8895
862
7305
900
5340
970
9251
923
9181
850
9441
877
9191
937
9091
875
9024
917
9254
895
9093
890
9311
530
9499
862
8566
932
7761
914
9537
486
9366
416
8893
922
9396
884
8978
862
6422
865
4188
453
7094
907
9101
867
4367
887
9451
842
9572
362
9034
945
8878
895
5357
939
9263
832
8163
882
9525
897
9059
958
7607
744
9491
897
9595
867
9044
945
9329
914
8821
887
9123
935
7018
917
9148
847
5234
597
4300
365
6653
930
4383
485
9046
887
8076
894
6065
492
8768
850
7566
887
9058
915
9209
927
9459
907
9687
855
9121
882
9544
872
9265
877
8758
990
8585
882
9715
975
9061
882
7698
789
9301
752
9579
862
8201
902
9592
474
8629
827
9494
892
9329
940
9031
852
6343
571
8750
937
9108
914
9254
912
8919
882
7561
868
5513
855
8766
958
9173
882
9459
894
9096
872
9633
955
9148
912
9078
907
9446
938
5263
892
7224
962
9231
1070
7442
865
8998
920
6283
723
9198
972
9389
521
9064
907
6244
874
9119
1007
7096
862
9156
857
9352
932
9394
684
9223
619
9297
870
9282
937
9131
892
9432
623
8966
914
9502
874
9409
877
8727
918
9249
872
7493
922
9133
902
8818
915
9756
899
8893
862
9271
950
8938
632
9584
907
9214
925
7539
716
9150
769
9090
864
9243
917
7549
728
8149
753
9412
826
9009
889
9065
920
9525
930
9033
942
7856
950
9347
870
9881
920
8825
876
6393
614
9432
988
9249
915
9183
909
9547
867
9486
716
9098
945
9198
917
9381
914
9332
892
9016
920
9487
850
9126
897
5493
902
8640
738
7573
905
9041
751
5829
872
9061
952
5179
866
9091
585
9236
694
9076
900
6868
912
8762
892
9153
897
9273
850
7619
847
9457
882
9507
902
7381
882
9389
924
7479
781
9198
912
5368
1103
9144
729
9099
942
9133
902
6048
513
8490
860
8946
925
9064
894
9011
908
8780
882
9380
907
9126
645
9347
880
9604
677
9467
844
9171
499
5722
518
9128
865
9144
904
9439
558
9562
920
9081
924
7836
865
5976
451
9286
886
9284
915
7690
747
9549
915
8098
723
9487
962
9113
628
4502
693
9195
847
9156
855
9278
721
9053
932
4374
725
8080
915
9910
898
9299
887
9209
854
8766
906
9083
902
9111
917
9362
562
9081
920
9397
890
9580
874
7210
889
5897
892
9727
715
9077
835
9491
580
9381
897
8868
890
8407
762
9314
688
9617
874
9151
910
5712
627
9391
877
6321
862
9246
375
7001
892
7888
803
9211
884
9059
841
9079
935
9432
823
8631
895
8896
1028
9349
495
9236
890
9291
831
7298
875
9577
1120
9039
695
9103
920
9424
864
9516
892
9385
892
9073
935
9820
857
9321
890
9018
584
9502
882
9377
865
9722
884
5476
601
8961
888
9392
952
7253
912
9289
932
9259
852
8955
545
9124
419
9312
864
9542
908
9269
780
9595
942
5730
884
9166
919
9116
842
5403
916
9802
912
4457
889
9208
741
9141
887
9241
366
9499
867
9161
930
9213
870
9276
892
8285
874
9159
933
6083
532
9305
821
4414
629
9414
892
9384
747
6648
910
7604
959
9041
915
9370
829
9622
920
8660
1065
4455
890
8785
939
9171
908
9530
924
8770
877
7583
885
7852
880
9071
905
8796
782
9030
855
5485
925
9814
862
9186
936
8542
816
9460
872
6083
880
9131
879
9163
897
9169
897
9542
886
9116
965
7039
962
5476
589
9213
576
8826
685
6741
892
9390
575
7446
890
9935
914
9118
831
7511
720
9374
916
9472
905
9066
847
9376
983
9161
872
9346
917
9352
919
5494
864
9326
845
8170
764
9416
900
9141
890
4162
369
8094
772
9515
925
7380
923
9494
897
5563
500
9136
597
9189
885
9139
892
9216
877
7995
904
7506
898
9312
517
9079
882
7734
874
9474
902
9630
533
6618
578
9344
909
6438
910
9602
852
4409
872
9178
722
5409
472
9284
671
7496
918
9311
877
9064
892
9047
950
9855
844
9060
872
9376
917
9587
877
7950
963
9374
909
9430
846
9061
919
9269
844
9421
884
9625
866
9354
940
8991
885
7439
902
9038
852
6055
955
4485
875
9048
772
8187
884
9410
880
9271
922
9066
731
8911
887
8613
855
7236
920
4327
501
9515
701
9401
937
9501
722
9267
920
7551
922
9281
895
7886
690
9489
910
8722
890
7928
960
9374
925
8507
910
9033
902
7083
927
8977
866
9541
492
9197
655
9194
920
9055
897
8986
551
9457
1095
9299
756
9447
917
9387
897
9049
897
5700
516
7370
866
9239
878
9065
839
9228
960
6292
743
7577
922
7601
905
9334
680
9252
682
9664
907
9655
955
9394
905
8078
699
9183
925
9475
914
9344
892
7658
862
9043
887
9655
895
5678
531
8122
705
9414
937
9304
932
9514
795
5791
882
8323
940
9279
882
5462
651
9544
372
9151
902
9316
869
9118
864
7698
915
9652
933
9253
894
8251
732
6570
942
8910
930
7883
382
9654
914
6912
832
5565
942
9667
859
5269
520
5917
856
9855
762
9504
915
9276
900
9537
929
5864
917
9424
939
9068
867
9131
879
7579
717
8890
887
9549
929
9734
920
7384
744
9294
932
7725
882
7113
745
9223
927
9055
887
9259
617
9193
885
9505
882
9770
885
9399
880
9645
930
9331
844
9414
864
9379
867
7510
471
9261
902
6312
587
6597
878
9439
610
6976
870
9281
872
9306
652
9132
912
9624
815
9312
910
7031
724
9313
932
9118
887
9024
910
9328
844
9248
877
9136
812
7515
947
9662
982
6965
655
9429
889
9246
842
9288
852
9733
925
9261
698
8259
954
7909
905
8248
894
9116
882
9221
937
9394
884
9015
899
4239
371
7659
898
9304
502
6180
535
9218
899
9281
894
7788
721
9116
869
4811
930
9141
888
5401
902
8996
862
9191
882
9391
992
7332
877
5632
892
5629
850
4721
464
7728
917
7109
634
8943
759
7782
915
9088
928
9294
885
9221
892
9434
918
9399
920
8173
813
7302
885
9059
860
9444
910
9566
888
8122
934
9472
1015
9407
865
9362
909
9351
867
9334
877
5601
437
9798
1009
4702
559
9647
962
8035
712
9347
927
9773
930
4821
855
5640
476
5328
837
7538
872
9547
902
9910
597
8955
902
9431
945
9749
909
9023
442
9482
889
9304
890
9196
917
9379
892
9294
854
9537
912
9164
874
8928
640
4805
493
10043
962
8848
1008
8903
909
7366
640
9273
386
9464
870
9326
852
9156
897
9109
899
9329
798
9376
877
7836
922
9644
876
7039
900
15606
947
6344
804
9251
910
9407
912
9171
582
6533
882
9096
892
7592
930
9436
955
9301
916
9241
918
9417
852
6544
872
9404
862
9051
866
8700
887
7686
704
9599
905
9649
888
9028
875
9094
1052
9224
9201
9389
749
7607
696
5718
867
7406
880
8918
922
9191
892
9426
820
7930
834
9397
920
9123
892
9378
744
9046
701
9380
914
9081
892
9727
932
4579
912
9266
856
9484
892
7079
912
9279
819
6726
934
9188
892
9201
882
4547
371
9409
899
7417
753
9199
900
4498
817
9938
714
7045
917
9384
862
9609
875
5623
658
9303
912
9314
854
9424
919
8014
965
9077
880
8980
914
9268
900
9474
884
9179
922
5751
874
9304
671
9304
837
9514
912
9519
945
9505
872
6688
590
9579
947
9662
902
7776
887
9005
844
7781
449
9014
869
7813
725
9213
882
9545
694
5973
867
9098
910
9031
758
5729
518
8827
879
6814
922
9392
741
9456
919
4435
368
6192
877
8975
715
9234
811
7751
896
5693
795
9184
910
8998
888
9013
893
9076
970
9625
872
9207
895
6948
869
8983
997
9692
902
9472
904
9299
922
9439
858
9269
909
9562
972
9494
872
9655
859
7036
859
9060
899
4794
866
5523
892
8857
919
7187
899
9841
937
9224
897
9352
882
9238
880
9262
920
9446
892
9364
897
9672
880
9246
891
8586
878
6575
584
9186
586
7937
882
9514
940
9214
874
8147
772
9416
890
7934
909
9778
870
9407
900
9452
574
7826
740
8276
808
9446
852
9091
922
7953
1005
9609
880
9049
899
4906
370
9497
870
9188
877
7424
724
9259
857
9309
929
9065
904
9306
894
8918
934
4430
1123
8765
491
9411
894
8893
959
5604
721
9291
1098
9343
869
9499
950
5919
915
7615
668
9342
9789
9549
889
9514
979
7864
916
6962
900
8920
880
9251
383
7709
867
9374
696
9587
910
8002
761
8973
907
9432
945
9337
915
7143
942
8935
943
9369
569
9309
925
9557
900
8046
559
7736
720
9387
907
9544
879
9614
976
9627
904
9301
839
8251
887
8878
930
9526
907
9279
604
8934
890
9299
849
7509
698
9446
905
9189
889
7518
955
8639
820
7016
874
9422
895
9441
925
9081
959
8845
894
9307
879
9227
882
7248
711
6375
588
9374
917
9098
1005
8295
766
8898
890
9382
882
9439
935
7963
894
9302
651
9534
892
9257
910
9021
511
9263
869
9402
786
9537
872
9517
912
9507
918
9728
1037
9312
930
9291
923
9489
872
9438
612
7634
882
9139
899
9258
918
18027
897
8312
636
9672
862
7793
878
6620
573
9412
957
7180
703
9248
642
9615
1062
7660
864
9206
902
6269
894
7579
888
8033
811
9401
847
9241
844
9299
728
9041
659
8768
833
10133
872
9394
946
4419
867
9021
885
9355
847
9287
840
9370
889
9257
927
7854
870
6582
919
7848
677
9742
836
9612
889
8135
927
9402
919
7120
890
9415
872
9168
924
9489
867
7244
940
8101
700
9171
859
9444
1150
9564
926
4099
857
9546
925
9837
937
9427
1018
5593
513
9364
730
4490
860
9291
879
9289
747
9329
954
9868
935
6561
894
9005
371
8988
948
9393
945
9738
895
8096
869
7850
743
9176
869
9580
952
8875
897
9750
909
9202
888
9605
935
9020
950
9139
880
9502
914
8863
932
8835
862
4502
882
4594
459
9281
924
9121
889
5372
920
9299
663
7618
920
7661
867
9184
855
9805
915
9049
906
9512
922
9101
585
9632
897
9514
902
8996
877
9098
839
10321
932
9758
870
7845
944
9306
879
8938
945
9349
885
9376
631
9560
939
8940
884
9105
924
9477
1050
9532
850
9570
974
9516
900
9719
945
7709
919
9382
894
9635
563
8958
920
9314
568
9765
743
9246
910
9403
888
9031
985
9612
905
9221
705
9334
930
9298
849
9667
884
8946
853
5745
877
9272
912
8935
842
9327
935
8545
939
9481
745
9555
930
9572
752
7938
722
9219
884
6074
847
7435
912
9416
912
9405
882
7543
937
9101
877
9332
912
9376
946
9645
880
9276
923
9810
882
9000
857
9572
916
8163
917
4474
915
9284
902
9419
928
9185
654
5784
510
9216
912
9502
882
5048
649
9174
884
9607
947
8354
933
9289
879
9420
872
9380
895
8949
877
6108
884
8014
723
9304
882
9479
922
9722
890
9361
886
9273
824
5929
499
9209
944
9362
842
9306
910
8248
748
6764
626
9374
860
8020
850
8940
890
4507
809
9645
874
9575
780
8251
903
4180
733
6218
699
9136
827
4383
884
9234
1032
9872
847
9580
918
9126
918
9239
1015
9299
915
9296
924
4832
875
6936
933
9700
892
8816
870
8943
905
5697
885
6897
663
8976
594
9301
942
6532
947
9113
939
4214
945
9750
548
9324
878
9268
906
8134
937
9524
910
9439
899
9575
910
8961
904
9194
879
8619
887
4460
593
9309
882
7953
882
9374
924
8865
957
9201
852
9534
1042
8990
889
9685
807
9186
920
9351
745
6802
694
9369
869
9672
869
9288
897
7945
827
9297
927
7866
506
9131
855
7206
784
7703
887
4330
387
7541
701
8083
449
9420
956
9363
900
7974
887
9630
877
7346
895
9227
733
9466
890
8126
914
9477
890
7586
932
8107
889
9346
917
5574
862
7015
692
9354
917
9296
915
8948
905
9018
865
7754
469
9532
892
4338
872
7295
997
9231
872
9524
924
9141
978
9347
957
9757
907
9662
972
8103
882
9454
912
7746
885
9820
894
9369
895
9532
829
9742
957
9138
889
9171
862
9665
822
9364
902
9655
914
9277
786
9625
471
9438
859
9512
907
8044
942
9680
892
9274
952
9504
842
7455
787
9199
962
9675
668
9079
912
8855
693
9476
889
9116
857
9764
912
9282
852
5453
882
9598
859
7049
924
