1525720
617868
1563214
545057
1137098
691491
1533330
801202
717293
787879
1518563
457205
1025678
660038
1553554
600217
1539833
556785
1280333
679291
1551893
635254
1417522
786519
1568128
685886
1510912
566427
1557330
750535
1563883
813252
1501316
797576
996683
541257
1515823
548948
1573244
790322
1532838
636698
1496483
800513
1158108
533229
1539078
563683
1496020
577206
1584820
642855
1431775
684078
1433459
474553
1558823
510928
1228172
738247
717674
426649
1545552
791925
1268452
658186
1559949
800768
1543300
790928
1206800
484710
1523920
572656
1056071
679901
1299790
796855
1543158
693126
1552649
689500
1545783
682974
1597378
471059
1542804
686093
1582971
562728
1556463
798395
1553226
679824
1554832
567650
897776
644027
1483740
796704
1570758
655497
1593861
799455
1012343
549004
1586938
797922
1271986
657464
1587061
491956
1063270
797925
1327076
795506
1173503
686583
997125
603820
1553368
797652
1257634
690873
899696
797920
959912
427517
1362906
734045
1338833
587286
1533793
496653
901538
796799
1560081
799705
1315237
658602
1562339
792747
1258085
574579
1421895
687105
1151549
695009
731309
435455
818109
507505
736550
430318
767814
437276
1322828
561270
1575935
513044
1557250
670475
863731
603342
1592673
677521
980342
436589
993863
796356
1205129
859946
1548793
796623
1550963
496140
1349277
751290
1569583
603901
1554804
510064
902120
796879
1558562
688230
1279512
550409
1567461
633801
1543586
800129
933051
800065
1541095
473952
1574547
798620
953865
799182
719421
860463
1547645
799638
1313969
567445
1558640
725436
902875
797150
1192204
695025
1451124
547565
1249351
661666
708830
431178
1554675
505802
704542
430023
1191297
660884
1601048
504048
1322394
687691
689808
783453
1603636
422085
1540787
578818
1330565
821112
1551093
462814
1318801
790873
1575008
487843
1540421
531597
1560973
495419
1057756
691859
1577454
664645
1525322
795990
1185463
472174
1578243
844563
1534680
662827
1562976
568935
1550432
501366
1540516
574795
1575218
621473
1549059
685121
1558878
689675
1542225
469755
1555661
545003
1547511
790144
1542977
596677
715186
791261
1143494
637629
1272365
563535
1555173
842441
1321289
593579
1547066
800541
1540117
685689
1559349
693911
1560502
637930
1586297
565857
1533891
566559
1466532
798824
1542833
796226
1602293
831321
1540000
798060
1587577
684054
1551309
491615
1554844
798025
1595177
799683
1092811
602055
1328870
793716
714609
481034
1556949
603324
1570882
505800
1555540
795957
1314320
742267
1370727
473918
1603711
795791
1583770
797410
1549803
690032
1274142
664693
1311339
801988
1526164
680240
1556655
799004
1547552
518401
1160954
639129
1536076
804154
1551727
839825
1307511
574489
1587840
508775
719063
420053
1535568
800613
1573038
428517
897147
800157
908154
489210
1532382
687823
708833
429173
899063
808128
707246
428424
1597266
423563
1072283
690643
1566709
504452
896846
489306
713507
800069
1064660
540778
1584360
797706
1569189
798005
927550
800509
1538313
581138
705415
794245
1207962
688973
1550863
809610
1563890
790976
1193851
721561
1070672
796829
1591967
555319
1565055
487934
1581102
481855
1322686
684008
1557802
687272
1255001
689853
1573950
796884
1078709
687653
1318608
795398
1568675
799084
1473271
686837
1545483
687639
1069997
564656
1465682
473720
891122
617794
903766
496939
1546147
689484
1577885
689055
1545223
797491
1213641
567095
1218895
624580
1339304
826726
1110771
468577
1594307
602677
1581779
666054
898651
797375
1560417
470653
1349050
801652
1571269
792412
1201967
713876
1554659
793358
1270278
807900
1548980
535015
700309
441863
1281031
658799
1528403
720104
1540977
556899
722750
429995
1552128
801034
1022773
800227
1076427
687051
1550923
589141
1070456
794669
1551089
462586
1314960
796588
1559237
796296
1270026
483226
720888
423812
1205609
484161
1552269
499822
1593448
564509
1453698
428934
1548084
798317
1558477
475490
1551123
764131
1172144
746239
1081058
565074
1551775
798200
1558337
797381
1548414
528454
840264
796085
1552551
780119
1533192
797243
1547795
502074
1572262
849929
1603793
678804
718171
800745
1598331
658154
1544385
460702
1309695
688361
1562357
507794
1556124
805150
1549449
496720
1200670
683172
1543978
841597
1172415
476074
1464192
689911
1550893
693394
1161643
609891
1140788
686523
1306895
803540
1560699
838907
915815
507602
1150979
688260
1073939
815524
1544446
690834
1574844
740868
1543240
688532
1544014
504753
1552159
843904
932898
504624
1540000
797884
1109246
852878
707608
432282
1549708
613380
1546650
485951
1560518
541221
1469097
574560
1479178
789352
1557623
689467
901384
792818
1552727
690408
888282
508521
1484760
474361
1542400
578859
1540391
575027
1507514
796995
1559983
476104
1570059
799365
1312174
686927
1129568
840188
1533657
845721
1150675
603051
1577215
544651
1213135
686073
1209015
687933
1205224
691706
1552340
687773
1454560
659680
1526366
802605
1561181
836071
932426
507803
1601481
509755
1563890
685544
1558408
795035
1552546
732371
908901
603480
1266555
690908
871399
526032
1533537
838167
1551747
573391
1219042
637715
1449096
684603
1284104
796258
1543492
479859
1567302
795799
707479
440167
706946
423116
1286758
844880
1585194
684593
1160121
477031
1593392
794722
1541341
564450
1561828
691807
1573311
799270
1540127
771095
1556893
792033
1358054
692151
1551158
586262
1542820
529955
1547711
798142
1563757
560562
1535179
797093
1562046
489913
1316163
598564
1541842
655971
1605811
798969
1545937
507905
1571057
534310
1558688
555058
926903
599230
1532640
802327
1587536
795531
1462321
577411
1539095
836783
1395312
458868
1350808
476966
1568603
792256
1265155
801190
1597196
595784
1541972
798688
1276387
796531
1213129
730837
1541964
686344
1555318
796874
1542483
699972
1561777
763403
1540950
690581
1544599
557533
1550657
461743
1564880
562636
1551131
484976
938735
662482
1075232
792276
715418
801821
1551918
496423
1558342
798231
1578042
802515
1554047
544369
1269374
688538
1324218
603013
1200941
686760
1201480
798267
1557412
541905
1539023
796731
1547497
576975
1488284
662591
1552920
559176
1375382
630616
752778
795997
1459237
571474
708738
442172
1541488
813067
1135648
555698
1566105
730176
1033051
551464
1535593
526810
1320930
626143
931872
653443
1539101
797503
1541667
794872
700393
435848
1326263
653895
1572963
530869
719833
430729
1364493
611490
1563600
692026
1563671
798431
1543335
693263
1546705
802189
1452992
799087
1562786
689737
1545826
559615
902266
797974
1534775
556568
1328783
690046
1530546
792421
897926
417045
1550328
626675
1586865
508876
901706
492466
1572713
801476
705797
772269
1542024
845784
1554301
610179
1538880
663448
1480535
573558
1556751
491675
1062566
681327
1323182
681151
1547735
565244
1570595
505094
1539757
688551
718950
769018
1552384
478675
1554691
500118
1253232
633138
1557032
512659
1463972
475235
1481875
481047
1566353
853907
1542441
792447
1532866
565180
1560590
575982
1540980
562292
1559115
705289
1543661
799831
1071874
663104
1567825
720720
1543771
686190
1533375
516081
1165271
430058
1583963
793799
1532598
844948
1147715
664130
1555453
633362
1549053
572212
907703
662240
1332184
689631
1564528
511438
1555881
796602
1154261
691763
1578689
795278
1038106
621364
1338289
803807
1544611
800994
1083518
687739
1544468
842692
1539221
835102
1268433
659867
1546477
687475
1558515
734405
1249672
681575
1559602
688196
1546199
797147
1563037
609661
1547059
843205
1549788
573969
709379
426932
1546107
577213
1563790
495484
1270799
690030
1555340
692259
1561888
621434
1057963
792672
1599208
798759
1333006
797225
1541200
566679
1277853
685588
1545009
502469
1557002
790224
1544892
801147
1207417
684243
1580766
529523
1563919
837196
713753
801069
1167653
802783
1415107
544420
1551915
562535
1545355
557463
1593463
672612
1552146
799559
1198385
800818
1566331
792286
1563787
800276
1208865
689408
1548625
801630
1540409
475948
720294
795812
1340931
684567
1348910
660061
1562717
833012
713650
798625
1544956
547265
1540211
776281
1552731
797679
1567602
795997
1551807
558558
713630
424745
1570455
686192
1552296
689644
1551298
798130
1546863
458488
1545748
632785
1450806
571172
1540544
522187
1550306
514158
1283495
630118
1519518
458185
1260802
662113
1550079
796153
1322474
670970
1566985
802390
713873
425902
904843
801086
1553792
799703
1268031
687933
1278037
798415
697312
425187
1555215
659504
831567
422719
1545249
460900
1542726
575818
1557315
577380
892048
801543
1556460
573571
1573444
659951
1563845
659438
1544102
797836
1569851
494635
1564632
796158
1226324
687445
1364918
687411
1541504
792449
1545756
845924
1543170
571033
1567117
687262
1466730
838510
707291
794619
1252903
661509
1539174
514129
1562837
688392
720756
425524
1543216
805229
1072327
662239
1546683
847628
1548773
833794
911026
596127
1572963
802906
1597460
473669
1557252
794436
1578964
622075
1553071
572805
1477566
568303
1562832
513903
922312
688671
1540832
526810
936903
784764
1551970
793825
1563860
812310
1186201
795321
1331653
659823
1560291
562291
712284
797604
1061575
658977
1452487
686757
1027321
553779
1609437
802337
1541626
460531
1073003
796850
1561958
795162
1548545
503856
1321068
577573
1540860
799330
887974
504197
1598167
798479
1560308
510776
1481405
688164
1567924
562869
1564637
801963
1553265
804437
1552556
849068
1544829
795841
1561870
535066
1311359
572569
1541635
798075
1606490
537668
1550090
508909
702653
795200
1530162
571622
1610163
536458
1550412
851414
1550919
857106
1571387
504147
1539362
791681
1558282
523123
1555135
843889
1574194
796659
1027896
798821
1552027
540193
922226
859714
1549788
505922
1565249
483532
1317506
683506
1551263
801435
1587073
505722
1540902
548061
1271663
655475
1544453
671355
899206
800463
1570946
599159
1581490
510006
1555723
525983
1545851
797426
1548179
793910
1550576
422720
1538512
830087
1564323
533304
1551790
575597
1557818
530435
1050660
655825
708730
798415
1553694
684769
1596265
839858
1356128
505152
1577496
572253
1543346
603966
713561
425094
912473
500367
1414918
602818
1559732
787036
1554667
458341
1540950
503972
1621402
800139
1555052
800172
1564677
505074
1603048
800735
1552830
799756
1546259
559055
1477302
475950
1566042
793655
1267083
654963
1539757
798977
1556215
824107
1299993
641313
1579586
801370
1559846
687951
1537888
459168
1545435
809771
1541797
548116
1336924
565840
1565539
798503
1539497
498028
1255269
685641
1541188
795589
1532733
481885
1564581
796782
1152070
503535
1547532
455287
1589183
804223
1556430
572039
1551507
792539
1545590
458795
1548096
834408
1541325
688541
1545946
508993
928338
687806
1196049
675512
1557411
575536
1595768
502900
1568383
848738
894769
578625
1549036
550244
936397
684807
1555012
564805
1146013
659681
1544413
723784
1315126
783566
1568017
510399
1614855
517489
1249959
798005
1258379
683504
1573068
575614
1329019
573903
1198792
666797
1402243
833333
1114250
467286
1555044
522632
1555287
687686
1330433
688426
1545486
845884
1253510
691167
1563060
543119
1539599
493396
1544590
561768
1545476
460997
1312226
480498
1131556
796433
1560374
484019
1479698
813357
718237
429112
1527968
801234
1573452
796599
1511600
433015
1582525
604911
1286674
791796
1212071
794534
1519517
791868
1536399
472707
1555405
795787
1560869
804552
1533222
538972
1504686
662528
1321422
789582
1351050
687161
1279809
684434
1458873
475858
1536595
561406
1579044
799110
1467546
678874
1539156
689705
1209585
793497
1555919
796030
1552151
526830
1548565
455121
1543483
535160
1316113
687240
1551479
503744
1547793
799476
1549033
851627
1537171
690567
1575472
534968
1034337
547447
1511177
843746
1545485
797658
1157922
680145
996735
528626
1550616
480270
1328090
795925
712063
788097
1585577
657282
1570909
532994
1537966
796581
713008
430453
1576191
796831
1548314
824602
981086
787134
1575878
460223
1549654
418734
1538747
575594
1561785
798341
1540992
507117
1475889
546527
1542068
552503
1545993
689277
1317005
792675
1541712
571167
1022145
796779
1577466
487734
1543119
566355
1545518
503319
1554413
801289
1552081
608770
1542301
682292
1550850
474749
1317952
833461
1213185
687209
902056
496903
1510251
794588
1535858
500809
1550015
567409
1614040
573376
1537878
514784
1546616
688211
989673
539365
1554338
736356
1542153
485387
1556862
798856
1564732
420212
1559690
838169
1317465
424039
1336544
514095
1551655
797047
1536953
494226
1549228
571531
1566381
853225
1557792
468031
1317226
655886
1545192
466589
1563970
506659
1033485
683601
1541225
823292
903968
797854
1552213
455321
1546758
745153
1554907
689142
1580197
514043
1175834
630783
1549802
458423
1469935
742804
1303658
689262
1545974
796596
1536733
512480
1551792
456312
1328682
849774
1302807
636014
1253310
697017
1540646
596967
1560339
484969
1587185
658905
1150212
652434
1160365
688525
1543689
708467
922578
504072
717468
424165
1541363
481891
1454610
681265
1150839
600281
1291943
512176
1199903
605510
1339435
802031
1551635
818694
903375
710678
1544914
797524
1592496
549115
1551231
685634
1551343
528095
1017577
656961
1537770
662136
902931
788310
1151347
605307
1537890
690224
1544328
793950
1558567
795644
1548334
540296
1064918
684239
1537001
565498
1062431
506218
1545783
794426
1555855
792977
1203160
511820
1545673
685890
1542445
462637
1310630
858946
1261777
481826
955039
435173
890021
648298
1560046
635327
1542461
565010
1540429
576957
1549542
867952
1569189
496316
1315266
556950
1174271
481964
1547961
576646
1541446
562059
1390271
564223
1556813
803675
1553131
691906
1543659
518231
1558465
802046
1537660
686763
1572402
619092
1322970
609301
1326945
795145
1542323
570158
1070109
834747
1553661
793815
1030244
686136
1315921
570275
1582547
533878
1549868
797461
1558586
801227
1568626
801900
1495257
801646
1305442
687420
1538010
555516
1542331
797406
716960
852632
1552526
798774
1572215
493496
1548728
514450
1539174
544750
1206489
662949
1553674
548856
1553552
796666
1573507
797168
703760
800192
1556889
602641
1322618
602282
1561204
660869
719728
799204
1325755
497116
1327230
690887
713330
432831
1257588
662265
1551411
727608
1344620
793952
905934
752677
1561214
660143
1397471
841607
1497315
691128
1534638
575588
1311787
474249
1546437
840163
1019138
506830
1327216
658884
1539261
797808
1441238
683599
1516333
542945
1547996
610611
1544288
503603
1550074
578685
1575639
795201
1553922
687703
1325464
692624
1546057
461651
1541321
495592
1480915
580004
1499693
848803
996880
690977
1557006
800625
1533437
817782
1539933
494028
1532147
474762
1565681
573314
1539895
797358
1443477
835506
1542460
471756
1578717
663050
1548675
479314
1328771
800728
1366605
561419
926662
790662
1547324
467871
1544771
581268
925535
509389
1575271
486223
1386119
459699
1026561
795987
1323542
633956
1059047
804617
1326246
579038
1241053
428797
1323175
485213
1535630
661831
1558581
573593
1251937
517402
1560858
463344
1560109
531264
1560793
847072
1555095
573156
1556418
554329
1552123
566861
1542579
569715
1546132
843812
1545215
690421
1582792
836532
1462836
563480
1555994
574917
891085
498569
1547955
686864
1522832
572560
1523868
506867
1568753
801555
1159039
796746
1569304
835673
1198221
424771
926511
689338
1545260
797024
1539806
532578
1552170
688684
1549183
485092
1494714
468360
1572541
845127
1516338
650351
1562337
798170
1320447
422868
1571254
576580
1556713
610605
1535637
576044
1073569
791406
1563960
578811
1557636
802432
923726
510012
1565975
688169
1334586
473753
1244812
653277
1534262
798072
1569160
629987
1560849
576900
1553283
811671
1552835
476376
1545946
535844
1538345
494492
1545996
798690
1546655
659273
1546455
785006
1545639
611731
717144
427217
1545809
421093
1556391
793597
1538042
628741
1546063
798529
1552864
658831
1243964
797779
1339979
686233
893770
794960
1561054
483567
1574190
507136
1562855
796098
1173154
473320
1559610
422605
1556214
420357
1554148
800724
1071227
800771
1549094
495064
1539985
799608
1553145
801297
872276
600071
1553564
687430
1273146
857187
1582519
784729
1570415
784335
1557325
578757
1557350
797047
1039563
471549
1560610
801127
1585760
605592
1550123
570710
1491182
796736
1594390
800280
1033567
476018
892877
795321
1551937
576675
1544994
688055
1549099
551080
1335428
689576
1257702
797744
1468399
687203
1562625
797751
1559924
802482
1567465
523254
1550192
484486
1323926
484655
1556623
499816
1543464
685866
1534963
801359
1568616
627799
1575995
536298
1523676
575312
1538745
510091
1535051
799560
895118
685117
878750
486023
1550303
798496
1484033
804589
1360815
570249
926826
784654
1342688
658032
1082581
473614
708374
428303
1549605
789528
1534187
556149
831192
438802
1544847
578454
1531147
827462
1557754
688614
1557307
794431
1540805
457883
1563980
497185
1558184
687927
1488511
533027
1547538
455174
1559154
689731
1567586
803703
1589153
422637
1554288
798521
1556858
799045
1237545
798862
1206598
797228
1545361
531163
1307044
796990
1537237
687294
1552875
482895
1536467
570422
1545211
794228
1549670
800770
925084
515492
1541020
623776
1553015
536189
1533633
790965
1546716
657079
1178697
846743
1575546
789452
1435392
495135
1548197
855010
1569631
499795
1553266
685745
990580
531484
1554398
509654
904027
584757
1590587
803683
1540865
790719
1544912
569319
744266
432424
1201747
629004
1535197
794890
1534404
479666
1284181
656400
1462578
458174
1592453
539145
1540238
565591
1563474
657496
1555416
800623
944176
798892
999124
537574
1583139
690917
1555180
480491
1156361
513105
723995
799676
1555288
608465
1544826
574598
1547883
801601
1559350
795220
1557495
794178
1312622
688006
1470099
687326
1325415
797130
1547102
827321
1309852
762223
1265266
665689
1556501
838534
1541332
522155
911156
492174
1572008
566460
1320815
688435
720571
426160
1564775
796977
1544332
508010
1561772
566238
1561634
803857
1549076
565578
1422330
798252
1313628
605930
1548081
799578
1549304
617658
1574041
797391
1316532
560335
1316736
507724
1551049
512671
1310893
682924
1543448
769402
1560474
793762
1118216
547654
1537061
793491
873694
479528
1576023
795354
1553154
577275
1586539
722888
1550005
535566
898697
661453
1552151
578626
865219
417496
1130192
564095
1051840
796933
1534295
793066
1540933
808388
1548249
455665
1539481
802049
891969
502233
1341040
600340
1235571
717764
1455319
795372
1555190
799698
1547748
800670
1228340
793659
1545688
802512
1553844
562991
1556831
433310
1566057
473738
1199528
687728
1552108
793151
1551670
549957
1266051
833166
1341667
666687
1588136
853533
1558668
795303
1560675
799506
1439711
631455
1586396
601614
1565025
597121
1553824
794594
1291949
798745
1195963
859680
1066670
712021
1561440
457166
1550116
682265
1543676
512502
1569157
795025
1540715
795266
1458190
434028
1544020
565952
1301701
551459
1576820
796819
1330977
690578
714013
800595
1535475
531049
711250
433944
893613
798184
1580220
843899
1566874
841923
899871
496418
1564516
634135
1320617
581523
1278853
623431
1199305
796025
1333421
783795
1551441
799127
712838
424838
1551231
848245
1230568
850750
1542902
800610
805510
471875
1551862
452832
1551626
799846
1551667
464253
1090015
798629
1539689
798932
1544342
468814
718037
418470
1561214
459531
1548106
567781
1580252
800984
1565659
800801
1562211
485857
902959
796025
1548587
520657
1552008
479138
1327338
693938
734136
441954
1307425
662654
901871
802608
711753
425210
1560439
602229
934975
511710
1545751
684754
900514
797197
1547728
678407
1542370
505912
1137688
604019
1545037
472244
1544117
521461
1556448
642856
1543842
575795
892877
713406
1408061
797429
1561915
503375
1605425
796247
1594575
685187
1122437
548425
1556643
798120
1571903
560177
1550991
799778
1324208
590430
709547
802209
1558947
841302
1561591
689450
1487249
511997
1032450
752639
1409555
473185
1591741
544777
1557147
854822
1320534
798039
1577844
655464
1574854
534402
1562151
613853
1550870
510263
1576022
813436
718728
797270
1476472
835638
1263901
656867
1589033
502826
1556866
658094
1540457
793065
1570452
722198
941533
660794
1549103
556825
1553065
565195
1151738
601231
1553769
572992
1541115
797646
1489729
575971
1545075
576030
1557029
798411
1550272
794644
1552426
458979
1553040
690795
1544699
798107
1559207
503912
1532103
475953
1538957
532552
1553604
495367
1533413
612479
1544600
576542
1562722
846974
1561546
504599
1555539
456180
1564674
686359
1570986
836084
1555676
798365
1276114
689120
1553061
797488
1499952
551018
1562835
691354
1547697
793998
1553739
690422
1537607
810198
1549564
799330
1554920
485238
1575822
798435
1590000
812470
1555824
552407
1554258
803830
1534755
502025
1544575
600788
1602237
465964
1552720
463338
1335976
689769
720601
428299
941020
598693
1605368
790615
1471965
607527
718368
428048
1551823
622613
1455168
689608
1557681
459851
1312571
690091
1558110
656437
1554633
553541
1047138
581559
1550204
499362
1221674
794749
1339673
802861
706957
426727
1557109
478199
711064
420127
1561787
830211
1076087
625795
1568979
544040
1061925
562364
932759
796987
712786
421410
1585379
573374
1543953
612953
1540572
430976
1153816
434381
893271
691579
1559901
575207
1567651
846316
1479910
658202
1559106
856055
1193320
596639
1548345
564359
1543210
663477
1104400
795434
1619488
534638
1561390
496141
1575428
602258
1163467
655377
1559871
800593
1210926
697446
1223904
550080
1583763
492254
713482
798715
1259040
796353
1125887
428687
1110405
800239
1565011
513853
1561574
793845
1550920
797251
889457
801869
1596395
505601
1566709
799853
1562951
799378
1565285
797443
1545016
690630
1033975
795979
1321835
659193
1533646
796001
1526885
850514
1556734
577254
1548366
575785
1554847
513055
1563930
495033
1548314
797580
1553278
547027
916761
646067
1570470
792762
1567050
454963
1065983
569493
1161920
796123
1571780
498165
1324583
690574
1572468
624346
1557550
804269
1266841
688607
1557595
828559
1554030
545741
1562812
612029
1577771
541566
1317019
682040
1543929
821063
1269718
860663
1320822
690762
1563699
789778
1564199
512423
1536775
690944
1565834
690052
1589827
493491
1052363
635382
1557006
551715
1556863
802108
1262644
566216
1561791
572253
1593784
549380
1365046
797646
1576649
517191
712896
427592
1555586
794111
1579785
511392
1478630
798092
1557169
794662
1554499
685363
1060324
486060
1213968
629415
1461722
472030
1539823
847002
1249832
686924
1545412
496115
902123
692732
1539065
534322
1536442
803329
1257407
801999
1579007
798789
1571089
690924
1543357
838355
1083151
798859
711862
430788
1299505
568179
1554890
842308
1562822
841622
1269005
691965
1564940
801635
1068563
569795
1537426
494404
1582295
808095
1581262
802424
1556523
473486
1575053
505752
711273
426165
1551028
576643
1558680
590468
1552416
571348
1072702
849896
1448582
704362
1068215
802528
1150837
601354
1594182
512808
1553279
474988
1387662
530369
1558523
504862
712486
427420
1537916
803131
1014100
671948
1563845
838140
903042
794151
1232219
567646
1072915
686285
1552464
702591
1573201
506162
1550655
537199
1577691
553086
1545463
454112
1037455
684058
1316973
475744
1158268
669987
1545763
756679
1556548
612262
1549627
578049
1552219
688361
1377680
474399
909067
494597
1391717
801758
1549469
425030
1552300
827586
1535034
794193
1318443
685631
1551704
800152
1560286
687505
1552143
845922
1321239
795917
1460410
847200
1576135
790122
923655
795130
1535336
572359
1145094
798162
1548114
540162
1142830
796959
1544669
831314
1506036
427134
1544892
689868
1547277
848879
1550770
685139
1125244
483924
1546680
684628
1612025
575192
1567799
802803
1563469
474059
1571896
488487
1255182
657732
1537201
457514
1288085
564981
1559741
566266
1590293
838850
1145468
796315
1578118
689656
1533263
798999
1085078
684061
1559754
464716
1566366
567482
1223736
563242
1540218
572726
1563855
687083
1580087
565262
1540667
690925
1464227
692799
1535473
504755
902408
796717
1578544
613002
1200681
790791
1547894
797631
1556375
512092
1567510
637610
1311617
690009
1561711
822799
1311504
477657
1556473
690144
1552059
520896
1153451
604431
1556721
533189
1564877
506452
1578862
534519
1470005
793406
1579857
568451
1557001
794602
1552163
796338
1161722
471390
1546191
859170
1593452
799451
1562020
674897
1549046
741361
714172
434875
1565583
797782
1279189
796855
718491
434204
1540165
795509
1570597
604179
1583299
530762
1557929
689455
1543746
454299
1546064
691888
1542521
567595
1561522
844672
1539857
485782
1077357
475488
1591228
796113
1549770
785601
1540353
796687
1312289
472433
1549051
691932
1495669
685182
1561339
522592
1378023
564774
1545597
797914
1565228
795942
1445987
504057
1555145
799924
1520246
455191
1546769
565409
1272554
797335
1551742
690706
1554393
794096
1547498
475205
908642
493404
1536838
516034
1551221
685976
1550429
527759
1551324
612635
1203284
553277
1553443
797840
1534335
798784
1556257
795538
1089401
796627
1310510
565759
1556375
796273
1467861
475559
1553489
499381
1256911
531255
1547406
571691
1561492
535394
1425180
551748
1245298
430178
1586818
496928
1549181
836403
1564847
532543
1247000
564628
1556190
800676
1571400
798441
1568475
633066
1556095
611982
1550041
689935
1559783
660590
980351
799377
1414378
534163
1575848
738621
1322507
567560
898029
706604
1586477
625214
1465772
794702
1553731
798660
1535848
794376
1314484
800773
1577213
550083
1562093
575497
1557163
790480
1320692
683216
1570803
680628
1558736
502065
1573958
803053
1474300
801896
1335497
861548
1331725
711403
1557353
688285
1142077
792884
707045
431820
1560509
797327
1562490
801636
1594022
536284
1195573
578381
1467517
801183
1200558
623517
1553679
508844
1538828
798794
1550599
564507
1549266
566465
1014353
788420
1555190
541009
1344265
800186
1543509
485956
870084
483727
1548469
844495
1551806
849308
1269795
798305
1569325
836117
1590635
534009
1304164
556044
1541652
823836
1531714
687694
1357840
838845
1367808
797408
1562561
608914
1249963
798987
1044123
430511
1554719
846180
1562644
433438
1537517
799220
1579749
793610
1467433
432887
715683
425976
1083444
683467
1326615
685817
985695
460964
967621
484810
1166934
653196
1564774
796847
1519102
778071
1474156
786412
1139738
691396
1557303
467134
1326917
655697
1543920
635395
1552544
691009
1551124
533197
1552414
581273
1582110
687186
1275919
748152
997535
479682
1550437
639914
1525063
815843
1569022
509449
1329606
800676
706008
427131
1533695
727412
1458356
480993
1567195
798271
1516403
474430
1558066
467360
1458249
453208
1548701
793765
1565721
797310
1548903
429253
1557308
856780
804771
789064
1524206
507514
1550337
840572
1557955
787390
1510848
679933
1556142
502531
941301
797393
897422
500060
1545923
798245
1545916
581635
1538003
801652
1540687
795333
1471993
690132
718785
794862
1542541
795293
1540809
793602
1541381
843970
1164603
472619
1539120
456216
1567922
485581
943045
797032
1454907
837530
1546395
576382
1534543
797587
1566927
725493
1567549
796669
1538750
513981
1593623
632675
1549039
688747
946392
678306
1323014
787032
1543965
514934
1545754
695947
872355
793297
1580616
797658
1581405
561469
1557069
692896
1551412
504942
1537906
780554
1568809
492419
1564900
797158
896552
502592
1568887
501098
1594561
541848
1536775
839224
1321234
788924
1463965
581631
1536764
794494
1542478
796030
1551308
683808
1576872
797365
1434834
798583
1223515
688536
992684
691139
1542265
797701
993664
528842
1554298
497913
1558652
660807
1548342
507615
703843
421305
1535979
800470
1558936
799676
1559810
467495
1548317
791184
1559535
798340
880006
484824
1577391
797113
1443090
801895
1542674
685553
1326420
803089
1562274
461208
1559823
532115
904284
491436
1554420
488946
1257541
566652
1574542
719131
1251329
552577
1555250
801765
1051941
794777
1558389
579326
1545024
802159
1547498
796213
1475598
619359
1559285
797035
810038
457004
1542950
692727
719880
800433
1546560
495886
1548365
575814
1081861
795799
1556898
548554
1530759
798764
1548970
794488
1547637
597657
1459854
534864
1571944
502788
1078505
713657
1576364
794607
1581540
507721
1204032
796267
970697
853915
710138
425023
1342296
688469
1540528
794656
922969
601293
1460053
573239
1541920
688445
1589494
507482
1544877
468618
1558429
608962
1544936
799195
1270741
613946
1560813
508851
1033534
546123
1552709
612716
1544428
797043
1207267
684188
1563852
800277
1567596
472441
1557480
459352
1549099
576043
1560721
531666
1155304
691040
1300856
518263
1051247
793995
709847
424729
1545798
570890
1279694
829900
1581801
493368
1572588
845984
1419746
569690
1563159
843987
1552195
803437
1548893
798796
1187444
658899
1574284
579487
1250338
466234
1232130
802933
717248
437536
1546742
534796
1536222
803196
1555285
569828
1574693
694681
1558190
574799
712905
423463
1546725
574248
1552568
799123
1463888
688508
1572915
796531
1548800
798255
1558064
762753
1330252
799250
1561201
486559
1560417
795657
1065765
428878
1544749
844591
1149752
793807
1543503
467296
1338886
692206
1579706
796875
1547966
798422
1501315
573056
1577680
545919
1549643
854173
1549655
565118
1557866
588176
1563995
548964
1259020
661284
1560212
562527
1468819
690896
1554501
493886
1573788
791993
1449043
796000
1484726
433539
1535946
798896
1548189
688973
1542849
795116
1565444
548457
1567524
634803
1343782
427881
1539885
796042
708542
424667
1582079
505107
1555382
573653
1524439
687751
1392614
550208
1075852
802836
713359
426626
1325329
857274
1550776
575117
1539972
797092
1541568
458546
1470178
691995
1287329
474456
1460874
850728
1494862
456487
1553332
654523
1544878
429557
696949
798500
1544704
500946
1319675
649579
1555280
797698
1548655
800334
1553167
854389
1203307
802798
1559181
791113
1580114
569479
1573505
799117
1546188
481309
1569350
557478
1568611
799259
1447447
566091
1549018
539823
1259254
692577
1549153
559453
1615190
798695
1552471
844659
1553861
797904
713747
424016
1540171
802983
1580423
835295
1563046
691238
1537391
670087
1535256
492659
1329937
687556
1508719
547906
719576
801764
1553999
798292
1562045
798368
1189834
474578
1556674
687163
1316014
838176
1227235
615015
1315957
802520
910017
796794
1097521
798235
1557165
567359
1575389
797573
1333244
660989
1547502
793364
1528185
531976
1536793
684888
1555975
513733
1557034
747398
1559968
797270
718973
433610
1558804
849588
1584753
484307
1552088
684651
1550536
566704
1551373
849805
1571786
798596
1578744
658689
