6973
908
4053
868
7101
887
6222
920
6863
917
5002
706
7345
927
7443
945
7377
887
6911
897
6368
918
3072
907
4766
585
4722
862
4610
634
7304
922
7431
932
7107
672
7330
721
4487
589
7619
916
7139
937
7099
905
7299
957
6830
798
7294
912
7116
829
7149
856
7014
935
7384
483
7419
927
6840
914
7166
938
4847
878
7239
910
7139
932
6183
902
7412
892
4859
657
7024
862
7552
914
7515
847
7565
762
7076
902
7652
918
7282
935
5055
618
5201
552
7167
987
7119
879
7419
857
7186
800
7367
972
7429
885
6903
872
7444
915
7189
932
7112
1233
7177
889
5680
712
7066
867
7270
884
7380
900
7346
947
6881
902
7070
910
7283
947
4665
613
4139
877
7272
930
7184
879
7517
461
3934
942
7394
876
5122
927
3770
352
7588
512
3404
497
3704
386
4515
578
7465
600
7898
866
7354
865
6976
746
7179
882
7440
864
7390
943
7285
879
7224
930
7264
952
7512
900
7885
928
7354
1004
7164
944
4288
583
7142
922
7312
870
6939
912
7359
985
7159
908
5082
952
7297
972
8156
601
5715
679
7700
653
5042
615
5980
900
4233
862
7500
970
6547
952
6307
905
5261
919
4942
606
6913
940
7226
912
5850
730
4811
916
3868
912
7162
899
6159
648
3893
922
7219
942
7642
900
4822
567
7350
925
7242
885
5438
683
7352
925
4217
895
5420
555
7068
902
7206
940
7567
925
4778
963
4884
999
7194
872
4726
584
6933
902
7257
842
7627
785
6653
797
7377
928
7158
887
7166
943
7585
733
7345
988
7833
461
7124
691
7066
865
7475
693
7600
872
7134
955
7430
879
7012
888
5281
960
5775
850
7602
912
7485
568
7009
880
7615
859
7148
844
7206
904
7440
925
4976
830
7317
929
7289
919
7044
886
7492
606
6744
910
7394
899
7756
9212
4861
882
5656
713
7753
852
7094
776
4251
515
7553
654
7587
932
7319
870
5203
588
7910
584
7287
897
7108
938
7174
898
7630
1070
7053
899
7280
937
7327
847
7497
904
7169
916
7189
885
7534
947
7232
930
7400
902
7501
842
3408
935
7670
905
5024
940
5003
618
7141
929
7400
943
7309
942
4789
631
3402
355
6128
947
7327
646
7109
985
7221
897
7194
915
7367
932
7136
885
7364
887
5466
874
5683
580
6457
756
7707
955
7459
1157
7421
902
7168
872
7314
952
7493
394
7264
925
3043
711
6130
892
3607
382
7310
940
5516
662
7285
884
7051
960
7553
907
5294
835
3501
402
7322
506
7109
897
7113
711
5618
703
7502
929
7702
905
4934
904
5314
573
4370
894
4480
993
7861
892
3089
386
7357
957
4849
897
5896
667
7580
937
7540
922
7164
867
7217
872
7221
954
5941
697
6235
872
5286
727
7194
889
7320
910
7021
904
7547
862
7367
988
7567
900
5732
758
6849
885
7107
939
7450
661
7324
897
7099
997
5271
874
7062
944
7452
957
5761
903
3771
542
5880
887
4498
877
7454
632
7354
975
7173
962
3618
364
5333
896
7585
920
7204
942
7487
855
7455
609
7422
842
5977
832
5399
707
7382
935
7305
905
7635
874
7237
826
7222
882
7453
854
5725
885
6535
802
7525
517
5982
856
7796
880
7242
714
5994
689
7292
896
7129
905
3223
367
7276
885
5362
720
7322
715
7384
924
6233
940
7106
877
7457
877
5600
897
4223
773
7575
925
5371
763
7607
882
7194
860
5849
912
7513
900
7364
960
7665
897
5278
718
7424
857
7340
862
7219
947
7585
912
7552
1047
7046
948
7239
885
5431
932
7590
952
7277
908
7798
972
5359
928
7189
937
7457
868
6491
926
7342
930
7397
899
7269
925
7164
895
3404
489
7618
897
5846
922
5536
613
7858
919
5000
634
4515
511
7309
912
7560
907
7292
889
5121
910
7465
957
7462
892
7400
915
5785
942
5830
627
7003
912
7216
646
6233
927
7449
852
7200
909
5890
625
6962
661
7200
919
5981
917
7573
749
4904
897
7144
915
7672
910
7294
722
7217
892
5507
914
5986
915
7465
942
7657
924
7901
995
7287
621
5859
667
7872
884
5542
887
5937
950
7442
960
7497
969
7568
919
7452
886
5040
610
7833
1110
6559
857
5821
676
7307
889
6704
885
7326
890
5232
653
7670
862
5843
625
7492
954
7375
938
7690
907
5945
890
7707
922
4474
599
8256
889
6254
972
4876
928
7423
899
7295
927
6049
935
7332
890
3607
486
5334
634
7695
962
7457
832
7420
912
7517
913
3512
535
5305
972
7594
907
7571
875
7440
982
7620
970
7522
930
6999
746
7234
895
7552
905
7570
972
7703
922
7725
909
7201
890
5419
643
7482
437
7349
915
7387
949
6112
852
6514
492
5020
906
7610
862
7472
718
7682
823
7499
832
7242
904
8046
920
5758
869
7615
914
5089
942
5588
938
7405
907
7455
674
3414
501
7568
920
7783
618
7527
884
7329
902
7485
900
7141
880
7068
886
7347
687
7355
874
7437
725
7607
895
7758
914
5645
598
6554
952
7991
974
7475
859
5525
750
7402
817
5848
692
4569
897
5645
718
7347
818
7532
954
7773
895
7234
839
5611
660
7452
877
7122
845
7815
882
7402
898
7448
637
7823
948
3251
394
7412
722
6271
930
7427
952
7299
917
5478
868
7282
460
7640
958
7665
948
7528
920
7520
904
7748
957
5219
973
7988
932
7251
895
8074
920
7454
926
6341
781
5277
892
7465
938
6797
778
4628
527
6503
955
7664
912
7570
874
7419
880
5808
723
7482
889
7517
692
4773
1060
5707
935
7660
535
8044
741
7091
877
7781
934
6514
950
6245
896
6480
831
7478
864
6126
887
6433
920
7650
915
6189
900
7435
882
7007
750
18240
952
4627
469
5106
793
7251
879
7064
884
5581
515
7472
1050
7718
937
7678
778
4472
515
7171
925
6080
908
7635
930
7500
917
7630
928
7234
923
7527
914
7770
699
6465
699
7771
920
7630
934
6986
902
6858
927
4259
1049
7427
874
7272
895
7397
802
7733
766
5328
992
6374
927
7598
845
7069
934
7495
944
7447
890
7660
821
7635
927
6378
789
7482
874
7610
909
6137
942
7590
882
7594
932
7693
895
7582
882
4706
486
7375
585
7445
908
7552
907
7221
934
7395
875
7595
900
5700
694
7607
515
7154
930
5790
925
6189
922
7545
907
7560
912
5860
925
7725
894
7580
742
3419
361
4618
907
7349
887
7327
902
7780
874
7377
770
5623
899
5770
897
7201
887
7357
1007
7557
917
7517
824
7313
942
7549
879
5813
908
7931
934
6737
879
7401
582
6201
912
7725
864
7497
1100
4985
865
7470
918
5198
563
7741
935
7823
680
7676
890
7910
942
7720
907
7895
870
7525
886
7462
893
8186
907
5793
923
7407
920
7286
920
7663
870
7474
924
7523
902
7545
882
7572
799
7389
942
5951
484
6435
917
7422
877
7252
915
8074
1015
7555
844
7628
869
7645
687
7414
882
6440
667
7246
880
7219
874
7567
967
6360
680
7365
682
7817
947
7061
885
7724
902
5848
898
7334
899
7545
907
7524
860
6218
878
7487
946
6488
779
7720
905
4704
942
7660
892
7515
929
7843
920
7838
875
4362
904
7441
957
7468
766
7472
917
7399
810
7114
857
7317
927
7613
875
7816
914
6453
1018
7450
880
7640
877
7266
854
7135
910
7224
945
8136
907
6507
880
7733
922
7682
898
6763
924
7683
887
7374
477
7512
905
7680
521
7542
1025
7294
897
7122
830
7307
739
5418
732
7692
529
7800
942
6414
890
7407
985
3385
872
7545
897
6990
963
7851
899
7600
1002
7299
973
4625
939
5360
864
7459
917
7432
965
7698
917
7081
849
4496
872
7299
922
7840
660
5917
860
7344
872
6995
967
7587
930
7452
910
6301
985
7297
923
7696
932
7855
462
6644
904
7951
932
5615
902
4858
907
7562
895
7440
872
8021
905
7752
939
6645
875
5226
877
7833
892
8223
641
7427
702
7355
882
7543
872
4226
965
7405
906
4540
882
7439
958
7866
867
7357
925
6002
947
5303
889
7637
743
6649
734
6298
910
7813
680
5593
927
7530
1002
7547
932
7405
952
7207
907
7756
922
7577
955
7815
866
7961
876
7352
899
7638
875
4674
798
7347
922
4444
892
7352
995
7568
885
7485
914
7317
909
8046
1012
7678
907
5414
689
7442
967
7379
844
7578
990
7021
933
5913
882
6359
823
7292
590
7693
927
7138
894
6769
764
7088
947
7419
860
7668
962
7510
947
6024
947
5843
673
7767
884
7884
872
8114
623
7973
897
7727
942
7758
930
7369
560
7765
1002
7540
907
7778
980
6717
754
7762
899
4688
939
7625
907
3481
897
7876
900
7517
711
7590
850
7863
884
6788
897
7557
935
7320
842
7425
957
7715
895
7470
940
7585
934
7710
720
5440
917
7482
935
5939
864
6404
930
7314
890
6535
747
7758
922
7663
922
7720
922
7164
885
7461
902
7808
870
7322
882
6103
1070
7497
758
6134
917
7672
887
7617
935
6277
728
5538
734
6445
887
7277
887
7585
917
7642
942
5797
648
6556
905
8216
924
7294
900
8144
1053
7505
914
7345
847
7644
922
7350
751
7593
885
6579
785
7454
917
7547
687
7903
876
7437
908
7540
904
7512
874
7675
960
7656
693
7407
830
7908
858
7698
882
7455
904
7494
915
7387
842
7795
914
7479
766
7643
900
6089
879
6562
874
7890
877
6667
875
7718
990
7487
974
7322
892
7737
392
7768
882
7327
937
8091
965
7295
869
7860
1000
7464
623
7443
902
7760
529
7537
1012
6147
960
7637
867
7933
962
7846
623
5996
879
7634
870
7820
902
7555
942
7861
909
7720
917
7557
757
7450
910
7457
952
7504
902
7810
885
7507
939
7633
723
7463
902
6537
912
7264
947
7615
885
8008
825
7362
935
5366
640
7407
774
7300
955
7717
809
7542
836
7411
922
7449
908
6925
897
7823
890
8082
947
7668
860
7785
822
7539
902
7767
862
7534
900
7404
985
6537
894
7440
382
6263
789
7001
912
7335
904
6738
957
7560
958
7537
960
7412
932
7439
862
7576
947
6966
889
7670
684
4480
907
7838
892
6274
902
7187
381
7537
939
7229
928
7392
914
7793
882
7444
922
5920
925
5806
920
7391
937
7382
862
6842
473
4568
882
7790
892
7558
954
7660
874
4285
905
7111
917
7217
882
7823
937
7861
679
7916
804
7240
912
6217
889
7217
927
7786
924
7575
907
7652
1012
5834
988
7529
939
8134
875
3798
407
7886
940
7543
818
7622
970
7720
932
7445
846
7199
381
6514
840
7683
892
7342
740
7169
635
6872
849
7587
965
7572
886
7705
912
7802
884
7954
902
5876
877
7534
866
5158
920
7788
520
7302
878
7336
852
7928
945
7715
894
4314
857
7733
839
6042
895
7898
610
7562
902
7843
874
7475
947
7462
925
5779
1054
7785
902
7974
760
7994
1143
7301
524
7881
970
8148
814
7443
899
6879
935
7629
796
7995
884
5333
839
7703
896
7732
922
7510
748
7554
887
7460
914
7430
909
7911
927
7650
920
7587
849
6491
935
7538
892
7357
978
7529
850
7389
985
4234
561
7234
894
7658
980
5375
869
7322
962
7392
879
7429
947
7775
884
7700
835
7219
905
7615
859
5693
663
7124
917
6991
889
7327
942
7705
950
7522
897
7651
876
7405
997
7818
909
7685
937
7802
594
7713
900
7522
862
6461
919
7490
857
6053
569
7680
864
7675
907
7738
890
5393
917
6577
958
7402
900
7427
850
7688
910
7630
920
7410
509
7798
1000
7632
847
7204
862
8094
910
7943
877
7537
980
7502
897
7635
879
5916
918
7708
870
7497
439
7451
925
7935
902
5840
925
7507
922
7585
915
7790
872
7417
912
7589
895
7698
919
7472
850
7690
872
7447
900
7437
940
3495
376
7741
935
7578
928
7698
826
8091
913
7598
928
6618
890
6365
912
7712
968
7618
845
7588
929
7838
897
7327
984
7728
885
7633
877
8153
920
7502
821
7748
950
7612
827
7518
962
7517
588
6501
879
7510
882
8146
892
6459
583
7397
886
7816
885
7733
950
7753
924
7683
894
7355
674
8361
972
7949
914
8031
895
8018
829
4867
904
7437
907
7387
884
5942
884
6623
720
5262
621
5034
930
7763
882
5286
376
7900
909
7900
914
7628
872
7711
912
6440
708
5638
870
7891
879
7570
898
7540
896
7582
904
4732
937
7906
852
7803
617
6620
867
7941
917
7470
865
5749
674
7888
925
7482
927
4982
967
6531
910
4817
927
7953
899
5662
919
8011
917
7865
932
7740
910
6341
929
8108
775
7766
927
7815
503
8204
860
4962
559
7815
909
7452
922
7530
864
4864
904
7522
950
7760
882
6379
787
7898
899
7573
985
6204
663
7710
875
6321
669
7622
950
7572
671
7776
958
7961
842
7615
906
4261
889
3845
837
3949
704
4314
920
4579
904
7835
947
3898
471
7540
885
7499
820
7610
874
7598
905
4655
536
7720
919
7534
938
7712
854
4572
905
7523
1005
4291
912
7621
917
8111
906
4821
882
7753
955
7269
914
7487
944
7565
887
7953
1100
3914
380
7707
962
6486
942
7838
884
6665
730
6221
940
6483
957
4656
930
3914
395
7918
930
7515
865
6605
865
7650
732
7527
887
7700
877
7395
942
7461
884
3672
859
7963
928
7735
1035
4042
877
7803
916
7667
925
7984
410
7442
869
7372
895
7471
646
7818
935
5895
890
8008
904
4917
977
7808
909
6570
691
7630
889
7815
779
8016
852
7803
885
4648
905
7971
867
7738
862
7520
924
7595
884
6501
910
7680
932
8099
636
4809
885
7861
850
7833
889
4870
519
7680
854
6344
728
7928
924
7502
874
4791
484
7905
867
4909
949
8051
826
6501
902
7628
814
7706
867
7460
920
7294
944
7713
1065
7697
895
4740
490
8131
915
6201
754
7610
924
7755
914
7933
856
4607
932
7658
874
8449
608
7843
1017
7805
812
4562
509
7802
809
7721
885
6642
942
8071
932
6278
724
7713
895
6530
912
7380
933
3724
349
7537
925
6151
870
8294
842
7612
942
4659
442
4626
509
7613
869
7590
950
7369
897
7845
967
7756
937
6603
754
7522
870
7550
884
5268
875
7419
920
7928
939
7918
860
5373
892
7525
612
4641
685
7812
872
3799
385
7841
897
6655
768
7760
644
7736
915
6019
643
7505
867
7750
381
5158
593
4505
885
7713
948
7770
934
7708
892
7422
884
7269
902
7659
597
5674
728
7592
940
7640
932
3970
384
7755
907
7818
864
7901
900
7515
894
7743
922
7791
898
6794
858
7597
869
7522
869
7866
917
5701
647
7641
994
8117
895
7547
922
3786
888
7352
972
7484
942
7685
945
4711
927
6310
679
7885
880
7623
977
7901
862
6513
897
7686
611
8044
929
7598
665
8139
952
7860
915
6154
910
7570
907
7672
937
6729
894
7668
899
6500
925
7639
887
7893
907
6645
770
7832
859
7812
870
7856
902
7906
502
7627
962
7691
922
6298
927
7579
914
11958
907
7881
904
7660
985
7820
895
4668
530
7950
892
7547
945
7158
762
7700
917
7884
872
7738
879
5254
967
7908
945
7948
902
7720
957
7953
900
7560
907
7688
872
7966
875
7590
720
7843
849
5832
689
7269
887
3775
364
7750
846
5291
950
7632
850
7810
950
7703
935
7587
957
6034
909
7535
929
7813
934
7409
884
6812
905
4876
914
6322
887
5285
938
3890
395
8217
1050
8166
653
3469
401
7423
917
6398
735
7845
884
7337
949
7680
932
7695
897
7607
890
7627
491
7795
781
7600
753
7828
947
7698
872
7625
879
6717
891
3784
907
7818
910
3798
467
7656
935
6784
910
4246
533
6675
875
7445
970
6209
780
7893
904
7678
932
6635
760
6777
912
4575
902
7450
860
5820
695
7735
910
6515
872
7665
480
6762
816
6619
791
7038
785
7509
1072
6316
702
8286
934
7628
718
7826
750
3918
902
7554
960
31385
944
5818
905
6278
770
7831
962
7229
920
7605
779
7658
933
3760
882
7733
772
6182
569
7956
665
7810
872
8319
898
7823
916
7698
924
7842
942
7798
750
7743
894
7387
459
7943
794
7733
898
7956
598
7760
882
3868
1213
7485
967
7791
882
7492
880
5144
648
7525
866
8028
895
7653
762
6587
907
6124
919
7727
900
7547
918
6508
914
7683
890
7980
856
7778
899
5162
917
8287
907
8367
687
7365
895
6865
716
6603
902
7575
905
7890
867
7948
395
6139
894
4555
942
6419
947
6614
880
7880
882
7787
671
6820
916
7895
748
7399
743
6811
915
7768
658
5836
879
5488
658
6630
902
7389
850
4562
879
8299
920
7577
522
7553
882
5453
839
7342
819
7515
928
7936
949
3855
929
6072
862
7400
759
5253
1064
4682
927
6485
955
6582
912
7657
846
7397
760
7292
892
5755
902
7612
890
7585
882
6686
735
4308
499
6768
992
7347
612
5268
464
5100
719
7706
897
7963
902
7469
918
7116
879
6042
754
7708
983
7462
945
6256
937
7713
549
7696
950
7888
429
6214
909
7622
907
7668
947
7883
594
7808
663
8102
917
7730
758
5904
590
7737
904
7944
912
7602
528
7477
938
7492
925
7518
864
7249
880
6989
864
3503
955
7560
939
7517
867
7542
707
5124
481
7886
915
7572
935
7083
897
7519
912
8041
945
7593
920
7622
857
7901
1043
7623
975
7842
962
4176
933
7592
963
6125
692
7500
928
7435
902
7453
955
7888
622
6463
887
7793
725
7568
872
7875
892
7590
1107
7523
990
7385
945
7605
927
7116
964
7810
890
4732
973
4367
638
7154
907
6836
500
7818
880
7938
934
4977
513
6000
508
7733
673
6236
884
7884
964
7694
997
7269
914
6607
778
5658
909
6605
950
7289
758
7342
880
7685
964
7437
902
7399
947
6065
737
7369
905
7873
879
7357
939
7900
905
7360
867
8356
946
6385
907
7715
914
7770
832
6130
899
7473
882
7068
944
7921
917
7517
919
7543
892
7070
899
4670
934
7743
947
7878
912
6482
776
7706
927
7257
638
7427
897
7636
922
7492
837
7943
1042
8156
869
7550
865
7605
894
7952
914
6029
376
8051
855
7607
948
7628
869
6854
938
7387
877
7806
884
5734
565
7334
926
7906
902
7636
944
7823
493
7259
949
7984
917
7783
604
8118
942
7470
879
7653
935
4971
927
7750
872
7883
888
7925
915
7527
930
7620
914
7374
867
7487
924
8046
942
7911
884
7462
867
7758
952
7332
900
8204
867
4816
892
7683
885
7156
900
4997
839
7826
927
8146
920
7720
902
7572
912
6128
890
5431
857
7775
814
7698
905
7691
909
7838
940
6892
935
7869
882
5652
879
4189
887
6971
735
8051
945
6118
950
7708
904
7295
905
7651
900
8104
428
7882
874
7570
892
7833
937
8053
910
7772
472
4048
857
5237
646
7716
904
6065
967
7853
872
8239
949
7596
952
6212
733
7865
932
5101
897
8336
912
6537
764
4522
1077
7610
887
7813
864
7585
949
5763
980
6100
899
6246
902
4676
895
7853
845
7420
859
7983
885
7594
930
7534
905
6486
909
7966
847
7532
907
8156
917
7670
994
4238
904
7362
912
4380
922
7532
932
7935
909
6575
923
7715
887
6457
947
7853
912
7610
882
6256
783
7634
960
7796
922
6774
970
7715
838
4550
897
7264
900
7820
867
7675
897
7525
899
7657
973
7658
872
3423
383
8434
932
5436
914
6206
739
7843
882
4065
912
7498
933
7602
899
7665
945
7462
950
7973
847
7908
903
7391
940
5583
877
4584
972
7563
1005
5387
578
5815
920
7557
934
7666
914
7143
924
7736
954
7768
920
7989
965
6828
514
5082
535
8216
997
8141
912
8344
692
7342
972
6440
962
7565
937
7522
884
7961
872
7745
937
4919
766
6759
758
7717
920
7722
990
7915
924
8071
880
4657
494
7657
877
7773
930
8076
889
7888
910
7818
684
6433
808
3884
918
7435
912
7650
920
7826
925
5553
618
7267
864
3545
962
8071
903
7515
944
7550
1053
7570
877
6453
738
7908
897
5973
887
7445
862
7394
890
7256
932
7300
872
4623
516
7680
905
7842
880
6740
887
3947
902
7751
905
5954
453
7542
917
6798
895
7501
869
6461
872
7422
896
7953
1065
6476
707
5854
674
5610
580
6655
834
5737
638
6512
914
7635
924
6390
780
7575
874
6829
907
7660
856
4648
924
8144
992
6753
741
5099
588
7723
518
7785
581
7623
923
8074
902
7746
895
8079
945
6525
967
3932
477
4527
497
7435
785
7184
940
7140
766
7893
887
6725
898
6547
707
6320
734
4518
1045
7582
954
7202
882
7818
895
8284
890
7750
860
7503
507
6119
525
7254
645
3666
845
7216
900
7480
895
7708
517
8309
1175
6208
857
7542
912
7494
919
7603
937
7463
957
7415
903
7793
910
6231
932
6397
887
7938
889
7840
857
7840
843
7697
973
6718
938
7021
945
7963
912
7212
768
7810
912
7352
909
6756
754
7713
928
7309
904
7690
880
7064
866
3611
917
7778
895
7645
890
7685
859
7773
897
8096
857
6858
925
8136
854
7905
975
7519
910
7592
908
7675
950
5216
606
7928
907
7833
942
7988
970
7602
899
6338
897
7479
902
7850
796
7725
753
7868
935
8083
970
7868
915
7648
850
7841
634
8008
454
5859
678
7568
884
7653
918
7502
954
5334
583
6358
962
7593
907
7791
922
6964
972
6710
728
7853
913
7563
922
7806
884
7924
897
7855
882
7557
773
3467
866
6734
860
7808
932
7663
907
8083
910
7322
932
7692
934
7613
922
6533
743
4663
504
7567
892
7873
897
7420
877
6942
965
7906
872
7602
917
7720
917
7678
912
7738
892
6545
670
7736
909
4871
945
7214
875
7873
944
7713
897
7202
887
7795
942
7555
869
5859
684
7760
919
7845
855
7748
882
4909
913
7682
918
7663
960
7245
762
