616
443
521
421
266
453
565
426
463
315
433
423
511
424
501
461
469
456
404
367
488
426
231
155
819
250
356
413
305
281
341
323
277
285
353
424
305
309
471
408
374
423
336
308
391
469
401
453
435
427
343
451
475
448
338
253
524
461
463
359
406
439
375
404
471
244
285
423
436
372
509
426
439
328
336
243
466
461
489
444
474
443
479
413
411
416
342
283
424
283
572
428
436
423
396
358
716
416
394
329
499
209
424
441
451
426
203
232
205
411
288
220
368
299
388
314
335
424
488
413
368
408
388
353
511
405
461
423
397
496
481
426
531
330
524
426
466
299
491
451
305
188
504
428
451
456
406
411
486
423
556
438
387
429
441
350
491
444
333
243
413
336
357
444
482
456
502
311
439
438
576
409
524
426
512
291
500
329
453
411
415
312
471
418
466
453
489
423
375
333
441
309
511
429
448
338
536
443
307
261
493
444
388
436
509
411
467
367
292
265
469
421
494
438
316
235
456
416
439
340
509
534
408
377
501
416
425
431
506
428
481
446
505
426
481
459
447
434
473
421
501
443
385
274
441
267
362
431
489
368
489
456
356
456
469
443
474
416
373
456
380
423
319
245
512
274
255
444
474
413
584
428
431
252
389
364
475
457
542
419
366
461
484
444
361
324
529
322
732
451
405
367
526
424
434
423
310
340
332
455
466
228
459
441
511
426
516
423
429
372
481
414
338
275
359
324
489
395
528
284
533
423
503
426
500
409
469
250
518
408
460
399
347
308
516
236
451
411
529
406
345
348
509
295
495
426
486
223
411
426
506
423
325
230
454
404
303
236
497
436
310
240
526
441
536
444
461
454
319
219
287
262
541
426
535
273
441
415
366
308
579
417
286
426
479
404
493
413
544
240
481
413
370
290
491
423
539
427
481
423
471
382
524
443
488
426
561
439
400
335
400
292
381
346
449
408
265
188
514
414
531
306
466
459
471
411
489
478
509
399
407
416
440
441
502
414
471
417
394
423
477
431
469
426
461
391
443
453
398
339
407
297
438
344
392
348
439
443
445
417
387
395
556
292
508
411
453
443
431
343
395
248
382
428
379
441
538
428
395
368
451
456
521
444
515
425
262
199
531
425
289
229
459
456
417
353
409
272
362
426
399
443
564
264
422
459
412
310
564
418
422
384
517
424
385
316
422
324
376
411
475
414
463
458
352
355
344
268
672
441
419
414
526
278
524
261
423
426
501
404
427
413
156
172
546
458
568
439
546
429
468
419
410
301
301
253
527
414
461
381
416
416
506
425
503
436
456
413
666
448
361
248
533
328
428
367
508
243
514
293
508
501
468
285
503
426
199
471
484
426
484
214
499
451
415
426
259
186
483
444
444
411
479
444
509
411
579
425
427
429
444
444
506
423
355
291
319
292
505
419
473
421
516
266
473
411
477
418
411
411
345
235
497
441
529
444
539
421
316
441
519
425
551
446
496
444
524
457
501
441
455
429
444
411
504
444
526
423
345
357
519
409
476
409
371
353
516
184
504
454
451
315
511
434
521
458
444
456
357
309
347
261
502
273
596
414
491
441
649
431
459
413
473
411
473
411
471
443
466
426
415
431
339
423
323
428
477
423
431
416
447
438
503
441
485
426
519
426
509
341
315
438
458
456
443
349
521
438
373
292
372
320
344
324
506
413
724
424
357
315
430
321
463
351
494
428
407
456
513
459
604
426
257
281
527
387
373
426
362
428
466
399
366
311
428
381
450
295
554
423
518
443
485
351
483
445
484
393
388
299
359
416
456
441
481
438
541
426
468
424
569
423
526
426
514
408
254
434
426
414
447
426
312
456
548
427
387
367
443
238
413
436
494
443
489
374
434
433
355
370
519
424
514
322
527
426
499
441
471
468
496
439
486
443
485
414
258
421
488
291
612
384
363
298
488
438
496
346
496
471
487
463
294
329
488
438
457
438
497
399
395
351
491
428
329
254
476
423
493
421
503
418
491
424
493
261
398
406
544
428
514
456
320
414
486
456
467
426
546
454
486
475
493
424
437
443
383
332
413
317
519
451
493
353
419
346
479
441
507
419
438
336
352
259
489
455
514
472
525
424
501
457
501
397
388
358
379
306
501
260
386
286
538
444
516
471
467
443
511
425
511
449
345
274
528
431
498
423
516
443
288
222
524
423
498
398
554
426
618
421
434
423
489
276
430
301
425
349
411
298
409
346
509
424
448
454
518
472
415
349
493
456
448
310
513
471
331
262
509
414
496
428
429
317
481
414
489
348
526
314
521
426
354
287
544
453
534
425
501
416
519
411
589
411
491
424
417
294
476
428
343
306
519
414
513
416
478
394
373
274
398
443
487
451
503
427
541
426
471
439
494
348
498
396
282
247
546
424
543
404
487
471
499
441
507
441
259
177
471
416
518
441
453
341
531
426
549
424
549
414
436
446
408
299
471
443
505
237
370
300
503
434
348
274
388
212
496
434
466
456
491
419
507
439
483
441
501
351
406
254
246
200
477
448
522
424
551
456
415
366
441
389
531
416
424
415
471
444
513
444
554
421
445
341
518
441
509
411
544
429
518
421
381
414
461
444
422
438
551
309
587
427
323
261
305
222
487
426
347
286
516
306
637
411
499
456
486
438
464
456
469
438
486
434
481
424
390
301
503
458
493
426
461
457
272
229
435
443
546
426
298
230
537
356
519
414
426
429
499
429
511
409
466
444
543
439
710
374
509
441
293
251
541
428
508
424
454
344
433
341
455
248
528
441
332
438
463
427
548
414
413
341
497
439
402
314
504
458
499
312
487
408
514
361
496
326
376
355
486
419
528
413
533
429
481
459
504
426
521
414
612
389
524
416
526
428
350
295
531
416
407
181
365
258
482
456
719
325
489
424
409
289
551
413
474
413
576
459
484
444
481
436
415
363
453
459
471
459
348
284
499
413
471
439
464
449
431
369
559
421
325
444
360
300
496
416
518
406
464
296
531
433
443
444
497
441
611
411
429
323
363
306
481
283
325
231
438
456
511
441
559
423
422
379
426
373
385
456
478
386
518
408
511
413
489
441
509
408
529
426
539
329
539
431
464
426
546
414
541
421
543
428
471
466
505
418
532
406
516
423
473
474
327
271
474
439
490
333
494
411
518
472
433
411
518
426
534
350
461
414
389
271
517
428
302
242
485
208
445
431
456
444
481
439
526
338
507
418
516
423
273
124
544
308
484
439
506
441
420
347
402
324
546
324
501
255
428
349
479
426
491
459
451
373
507
409
481
441
582
401
395
289
521
424
434
326
495
454
337
259
509
411
501
441
379
471
483
446
499
461
536
444
461
424
443
327
451
288
368
346
436
413
316
274
397
309
448
441
519
283
454
240
504
322
466
458
422
178
538
424
516
426
485
349
514
428
451
476
488
439
461
304
384
286
481
413
486
272
513
443
429
416
517
418
361
413
381
416
524
456
504
220
421
456
514
423
411
302
568
419
413
363
491
409
443
441
484
358
337
304
494
405
301
243
375
256
534
423
463
426
457
384
458
353
433
453
429
363
476
296
446
413
489
426
534
444
504
441
458
349
434
340
629
486
571
316
478
405
419
424
533
441
622
371
547
413
632
426
527
426
501
443
545
222
391
320
506
408
549
421
473
456
575
428
526
446
466
444
516
421
466
322
431
411
431
516
416
431
420
309
433
368
507
443
514
427
639
443
531
413
335
299
571
425
461
319
284
178
491
415
484
461
479
424
513
423
453
456
513
351
429
272
489
426
526
335
277
253
421
456
376
284
461
443
477
236
403
359
479
411
436
339
397
414
476
453
501
443
449
444
516
429
331
251
511
282
521
426
469
432
423
315
499
427
474
310
587
441
444
365
496
436
496
416
489
444
456
424
391
281
473
459
561
453
438
351
474
242
527
424
579
419
494
456
509
431
539
418
471
426
478
421
606
456
508
443
493
334
484
284
383
312
347
443
479
413
539
438
351
444
423
413
474
426
539
456
536
424
451
295
443
413
323
415
578
439
532
444
586
411
531
444
507
443
465
459
496
467
330
250
566
411
526
443
446
431
373
344
454
413
481
444
288
245
484
456
509
444
471
423
576
409
496
409
473
365
352
423
451
426
428
416
421
301
466
461
471
438
514
428
488
423
527
426
494
473
514
423
413
347
488
471
454
426
537
457
469
428
493
355
483
443
428
444
461
410
473
439
517
439
446
235
388
446
563
406
459
438
437
282
602
421
519
424
306
268
509
190
395
225
484
426
546
459
496
449
441
331
507
424
521
413
519
426
376
413
361
345
516
327
464
457
466
443
495
441
423
355
531
236
397
424
410
348
554
424
551
295
634
411
446
423
581
426
481
297
503
407
529
439
501
448
479
413
426
224
587
459
436
444
503
436
350
310
482
455
471
444
473
457
569
444
547
311
412
270
521
444
751
408
496
454
454
445
308
271
499
426
463
330
486
486
521
418
551
436
455
374
499
457
461
366
581
253
380
320
428
438
344
443
524
426
444
435
295
244
509
411
496
443
369
396
289
423
461
324
577
426
405
369
