447
424
203
244
160
180
361
349
485
407
273
459
604
426
484
456
281
416
214
279
441
411
509
227
627
398
310
249
361
280
276
339
498
304
576
276
349
426
270
240
539
425
322
287
451
458
255
259
408
456
584
408
347
426
489
421
513
426
496
443
463
456
426
434
268
234
489
411
526
424
532
416
418
426
340
338
441
441
403
424
426
426
473
339
449
251
479
342
326
411
528
408
491
295
476
428
341
451
269
201
503
180
351
389
499
424
154
188
459
441
397
441
382
333
349
274
318
245
433
409
501
456
526
427
261
443
293
456
271
461
521
418
518
405
323
291
365
230
337
283
522
428
494
424
649
421
494
416
639
411
467
418
449
284
486
441
506
417
401
456
484
413
571
426
498
413
429
443
499
459
471
421
487
429
407
324
509
411
479
424
334
254
498
421
464
331
312
241
394
253
358
262
511
411
438
395
519
433
418
414
371
323
521
433
501
421
469
411
434
223
385
300
373
301
283
258
409
447
444
314
344
276
351
305
353
312
399
310
497
361
257
456
458
261
427
356
483
448
481
439
421
408
506
416
465
426
471
459
454
403
347
444
391
330
481
444
433
358
488
384
364
252
649
431
441
427
348
376
468
413
368
262
471
424
494
353
466
423
472
386
506
253
315
248
454
428
316
255
325
423
459
395
489
287
381
398
536
441
461
431
300
230
484
441
564
466
410
302
359
373
684
428
295
237
471
453
364
409
281
414
383
457
302
268
444
411
491
244
483
406
451
446
506
441
464
443
446
226
355
304
451
401
372
322
349
337
514
338
381
414
454
451
464
421
519
459
453
222
583
315
441
439
314
285
328
295
499
413
521
413
455
239
498
444
475
441
304
260
498
441
517
420
535
454
443
325
305
242
383
401
519
437
471
426
495
423
501
433
385
347
501
426
358
266
381
384
385
314
514
445
391
375
438
331
498
456
264
408
441
456
370
340
334
294
508
411
469
273
526
409
506
443
443
459
509
426
496
444
454
461
612
443
483
431
503
464
476
423
493
438
547
409
313
295
514
415
216
184
413
409
417
234
287
271
628
193
524
461
436
443
394
365
517
411
421
436
491
446
418
416
516
416
474
439
504
426
363
431
541
453
411
374
243
243
391
456
334
341
567
431
451
416
511
408
491
444
504
426
509
424
515
229
399
431
243
413
498
433
456
429
240
248
508
423
439
378
642
506
506
284
458
456
401
315
436
425
391
411
551
464
441
441
416
411
449
351
438
443
481
424
526
414
439
424
400
168
450
384
438
457
459
409
444
426
450
295
554
356
436
353
325
253
441
444
348
286
443
255
476
426
528
410
400
289
459
444
524
225
559
423
554
428
427
341
533
341
528
409
429
393
336
423
473
456
438
429
477
423
379
426
431
444
446
413
308
252
490
398
453
410
601
416
251
264
739
429
444
425
626
416
266
253
508
424
361
330
436
401
586
249
421
438
591
413
521
424
451
384
662
411
441
401
438
351
428
441
479
401
573
454
473
298
426
457
291
456
455
456
491
413
487
459
491
414
348
277
411
441
519
414
521
413
333
244
529
421
544
441
327
295
460
459
544
374
384
441
466
444
329
427
424
305
420
354
431
411
544
408
467
438
529
458
476
467
388
356
337
421
421
438
347
243
339
441
441
421
494
443
381
331
451
441
431
443
422
410
556
323
438
421
417
413
461
438
549
433
411
421
519
429
576
268
331
310
456
441
458
454
357
288
438
424
492
413
434
260
335
415
494
267
456
396
373
285
346
321
322
243
473
389
541
441
516
431
533
426
486
426
456
414
494
428
526
457
375
425
264
187
737
441
328
243
459
456
371
323
503
238
481
444
328
248
312
421
538
419
526
399
478
441
481
416
484
355
486
426
544
448
536
423
526
408
484
411
493
297
484
191
456
453
511
428
390
299
532
427
506
441
509
411
539
444
347
413
491
444
434
457
489
436
551
411
361
423
488
456
517
413
437
443
491
239
414
446
528
423
496
436
479
459
483
458
549
429
537
454
476
443
441
411
607
421
362
359
360
441
471
438
404
325
504
424
494
416
441
327
532
423
512
441
461
459
368
241
431
455
486
359
538
348
588
374
284
240
425
281
515
401
374
244
459
443
459
311
344
307
466
414
519
421
439
439
507
444
526
413
606
446
491
459
441
425
496
411
461
453
383
309
396
454
425
428
498
411
478
451
536
427
487
232
571
441
456
377
503
414
453
456
469
456
441
454
448
356
478
413
353
232
501
413
536
296
458
469
297
315
383
353
483
416
489
448
414
411
461
438
363
296
471
418
484
434
526
413
357
441
511
448
497
293
479
319
487
466
504
423
524
441
331
456
418
268
388
315
384
313
508
431
529
438
386
351
524
421
561
437
461
444
505
411
631
446
496
423
533
414
508
411
504
431
496
474
484
411
506
425
533
425
556
429
539
393
477
187
462
346
519
469
491
443
475
443
522
416
446
267
488
461
434
512
531
438
412
456
443
357
453
456
479
424
509
408
501
443
468
451
396
415
613
427
499
421
524
441
544
456
532
414
714
444
497
431
506
449
496
426
531
458
494
179
476
441
551
456
389
327
432
255
609
451
551
416
526
368
481
438
493
411
561
443
541
443
457
416
361
241
469
436
479
471
546
444
712
446
538
429
471
431
506
428
566
425
439
509
529
327
456
455
508
451
270
250
498
426
409
306
257
179
359
454
481
441
476
423
614
425
476
331
529
424
516
456
504
395
609
469
454
384
461
409
367
421
516
423
377
416
489
423
383
413
454
456
531
431
475
329
494
413
511
461
507
426
542
387
347
431
448
427
529
411
531
307
519
459
466
443
507
283
476
414
519
416
496
443
441
451
546
417
546
423
499
444
384
369
549
419
529
426
509
414
577
359
516
312
493
251
403
413
508
409
396
368
586
457
415
315
423
363
524
370
453
414
399
356
533
443
506
376
506
454
373
226
459
283
479
237
622
456
498
446
486
424
507
441
504
423
506
451
654
456
477
426
476
424
486
456
341
278
486
423
471
194
644
421
466
441
451
426
474
456
521
457
489
443
430
356
491
417
473
439
471
447
373
411
469
418
536
401
385
414
416
471
455
361
496
408
448
421
508
434
528
427
502
454
504
426
462
357
471
290
474
451
415
383
504
283
506
426
516
471
488
471
468
413
469
346
441
451
417
408
477
359
493
443
574
444
468
458
694
441
454
454
517
331
398
318
494
426
539
431
523
428
466
426
489
379
489
426
474
428
522
448
398
385
377
444
461
346
271
179
439
441
481
426
394
324
511
423
451
456
509
424
486
270
429
419
474
446
478
429
488
489
583
426
488
424
476
441
503
444
481
417
574
429
511
456
524
413
489
358
469
373
456
444
496
443
445
183
449
471
433
444
454
428
310
261
414
275
451
454
483
441
498
405
476
457
469
282
555
411
526
427
411
453
481
426
346
250
428
359
497
425
466
437
588
426
488
403
481
446
549
424
563
426
473
416
527
414
479
401
459
453
506
444
421
456
436
429
363
438
368
328
499
404
428
441
373
394
539
429
496
444
531
428
493
281
486
411
428
308
384
347
437
426
537
411
379
294
448
453
491
289
451
443
481
353
481
356
516
458
445
426
521
456
427
329
633
351
529
421
479
443
504
441
424
335
511
472
524
408
533
446
519
365
436
443
501
426
809
431
526
391
478
444
541
323
682
274
478
336
390
282
491
414
371
310
274
206
459
459
413
441
464
426
433
446
478
426
371
443
494
423
519
414
363
456
474
441
457
456
534
445
412
294
215
423
531
456
466
395
486
390
393
426
494
427
514
426
419
230
539
426
503
413
516
408
503
441
494
416
469
294
538
411
461
444
401
391
297
258
501
419
426
413
517
421
399
456
263
245
629
411
497
424
476
413
473
231
517
415
573
419
413
336
386
423
457
414
476
443
267
233
258
200
511
331
536
428
478
424
496
471
236
242
524
425
561
421
483
384
529
421
395
362
556
405
508
418
463
418
360
423
536
441
491
445
373
423
260
169
451
352
634
444
414
428
446
349
506
411
641
456
510
387
514
421
445
387
433
441
499
459
481
361
574
426
576
346
509
381
513
446
365
277
505
443
526
428
509
427
456
424
506
414
391
441
494
446
338
296
469
438
498
408
519
234
601
456
491
438
486
421
660
411
486
424
437
322
378
413
559
283
286
444
514
348
534
441
531
457
418
367
493
444
691
454
448
242
494
415
443
309
355
295
484
446
436
185
456
261
431
424
549
311
322
423
539
351
453
456
629
424
411
338
459
441
438
322
507
421
499
456
607
456
464
416
493
408
441
415
422
333
509
416
546
426
626
459
499
241
416
413
368
413
479
328
568
453
418
424
509
443
446
310
479
229
511
457
434
373
521
416
542
255
499
411
518
429
432
411
421
438
491
418
431
330
498
423
486
184
479
414
421
424
334
237
526
397
471
427
481
413
541
434
529
421
476
228
368
285
511
431
509
466
461
444
384
276
477
424
483
392
499
421
491
414
427
424
277
429
679
318
474
428
477
458
494
418
491
298
