521
479
599
468
243
459
504
448
569
474
546
471
579
468
486
455
484
476
358
491
390
375
391
263
512
238
454
438
329
322
295
292
361
345
525
270
476
461
369
471
265
237
537
471
332
341
267
259
432
345
508
489
316
469
469
248
511
443
444
346
431
436
651
333
438
445
552
506
534
491
498
474
435
374
330
266
542
476
542
459
326
341
417
474
526
251
517
503
619
456
504
481
408
488
549
446
593
381
462
408
516
459
557
471
460
389
725
468
536
454
549
471
362
459
331
499
592
476
334
265
549
473
502
361
325
238
542
469
556
468
288
459
451
313
554
446
621
305
441
366
544
469
588
461
428
468
656
468
455
417
474
349
305
344
381
328
496
384
521
503
367
248
529
479
495
312
468
486
519
454
424
354
529
449
576
467
546
474
566
471
331
255
525
471
453
484
399
461
522
471
364
285
362
484
395
352
356
328
562
467
526
426
529
488
641
468
479
485
411
339
405
413
483
422
396
308
305
299
529
484
501
351
260
233
282
198
312
211
348
307
322
355
571
466
431
448
464
499
483
468
408
474
388
427
524
484
323
478
310
273
331
486
521
445
410
310
532
476
381
285
527
352
501
468
521
262
599
474
368
278
549
471
451
358
531
489
534
449
517
471
616
408
602
461
446
417
424
486
382
300
443
356
320
273
522
273
469
491
448
488
562
420
562
370
472
351
410
471
548
474
544
465
526
367
564
477
568
279
802
486
576
471
330
474
535
493
561
486
603
469
556
471
444
436
462
474
511
191
531
471
430
339
359
293
374
346
474
466
546
459
288
489
509
507
479
471
569
461
415
356
399
469
478
488
720
468
501
302
474
458
519
499
531
471
494
476
562
242
593
449
516
472
517
386
551
344
459
393
493
453
544
484
584
448
420
448
456
413
468
441
325
471
552
456
508
471
463
471
536
456
441
471
456
315
463
504
565
476
523
458
559
194
566
479
469
428
421
377
342
274
506
506
445
335
427
491
541
406
559
504
423
469
589
476
506
471
546
467
539
476
631
222
313
275
571
479
398
312
531
471
391
318
579
340
536
466
518
468
513
307
579
471
450
375
541
476
471
505
496
459
571
461
654
443
529
471
521
481
336
489
436
483
434
487
527
227
542
487
430
471
546
469
501
471
329
397
616
503
526
471
394
348
468
394
384
484
238
231
332
282
369
292
391
471
567
455
240
384
323
475
213
471
477
313
476
459
466
429
343
491
374
294
369
471
551
425
448
399
402
356
448
474
386
276
446
481
471
446
528
389
356
258
516
476
255
504
611
401
567
484
582
474
426
446
536
477
475
474
609
459
386
315
543
496
525
458
537
476
568
488
434
469
544
477
531
473
431
469
548
469
461
466
541
204
301
186
489
466
383
409
494
489
516
476
342
474
529
459
401
483
498
471
366
477
269
209
501
476
527
471
529
483
489
471
492
517
762
486
589
498
552
468
297
468
804
459
387
303
292
487
435
352
558
484
538
469
532
489
519
499
430
367
571
471
518
476
425
410
509
478
559
465
524
464
553
469
506
458
557
496
491
486
536
484
504
251
431
473
575
471
150
195
544
461
479
459
388
471
459
235
534
471
426
457
436
436
281
190
517
468
384
219
409
476
516
451
513
479
393
491
611
499
514
464
471
372
536
468
341
422
564
471
589
471
358
476
501
455
752
468
471
439
457
488
541
469
459
411
421
474
471
496
421
491
350
297
463
481
366
346
510
347
466
473
528
471
286
260
393
484
541
472
409
375
457
484
374
294
447
377
599
468
501
473
388
288
531
489
539
471
507
495
454
444
558
474
473
506
489
23488
551
464
347
268
488
491
414
465
566
270
271
503
495
491
491
504
433
384
556
469
335
491
411
505
503
441
400
335
561
448
359
311
509
359
545
386
477
488
401
352
412
397
381
293
478
488
437
385
279
474
368
351
323
469
491
483
486
488
495
488
518
459
505
471
524
476
367
403
393
481
592
476
614
476
456
476
531
456
571
458
599
475
471
364
476
424
553
397
491
471
305
242
350
313
295
257
521
414
541
385
479
473
371
482
499
488
385
354
515
403
513
486
492
476
427
401
546
469
358
292
386
369
513
489
549
343
537
348
649
458
506
385
521
456
537
458
453
466
497
479
533
471
549
483
587
477
549
476
564
467
476
386
514
501
357
267
483
483
477
479
465
477
326
257
812
471
507
471
465
315
397
386
476
459
486
454
321
266
516
457
504
474
384
329
541
459
424
331
531
506
551
438
566
471
504
461
546
471
278
179
511
363
501
472
301
227
637
436
594
468
464
409
546
471
491
474
451
529
566
459
507
456
523
484
501
446
419
342
541
471
521
485
519
468
501
315
501
394
417
350
556
458
576
471
561
478
621
484
541
469
441
357
476
350
385
313
493
459
552
350
410
401
508
479
546
473
541
497
531
456
551
476
509
512
468
456
582
471
401
329
409
395
561
458
689
492
669
468
432
363
529
479
732
469
579
471
431
378
496
489
509
484
456
491
518
444
421
469
436
399
528
476
444
484
521
471
495
357
329
458
415
311
791
436
544
471
546
263
516
459
453
473
594
481
455
365
593
407
450
386
489
457
422
530
549
443
484
377
490
443
443
299
496
486
517
471
417
359
474
489
574
478
426
187
493
491
423
302
465
418
424
396
503
471
504
310
424
287
506
375
521
395
378
320
511
468
468
484
594
474
559
448
529
471
410
368
483
449
611
366
508
486
435
358
504
458
432
332
471
476
637
286
335
302
489
462
245
196
552
484
566
441
489
386
561
478
536
474
774
476
502
418
583
270
622
484
521
446
511
481
519
396
434
365
456
484
397
308
538
456
501
456
393
327
488
436
541
436
534
401
523
374
548
461
512
458
435
371
473
489
450
362
297
187
805
474
416
333
541
471
526
459
521
380
489
458
501
471
717
504
483
455
494
458
544
331
443
346
456
471
517
350
496
471
529
431
498
474
463
459
491
336
498
375
473
353
460
370
569
471
477
360
487
471
451
386
522
486
539
429
551
491
617
471
596
468
347
476
435
346
518
458
384
233
576
456
536
469
504
491
529
459
436
408
511
471
338
289
428
436
469
456
709
459
464
488
569
471
561
501
469
471
546
471
526
499
637
471
584
456
523
478
446
314
518
466
499
374
450
474
494
484
451
439
516
488
528
475
628
468
443
486
539
443
514
511
757
458
608
456
547
463
539
458
434
461
489
476
454
301
404
350
414
313
388
309
544
476
509
429
649
431
508
393
516
459
571
213
479
486
342
271
345
431
546
461
579
421
519
479
526
481
432
456
569
456
491
456
537
419
574
471
346
349
498
454
461
466
624
459
523
290
546
489
541
321
614
453
449
375
551
371
424
471
541
439
529
276
614
471
684
253
546
398
458
461
579
469
518
454
506
482
617
269
613
499
499
370
574
475
523
468
426
320
534
466
537
454
541
451
431
403
412
333
433
476
518
496
401
461
392
387
502
431
502
245
548
496
571
364
501
451
314
343
502
409
463
511
428
393
549
304
423
346
317
341
469
364
221
181
489
479
502
461
499
436
584
476
559
436
353
395
508
456
601
476
513
350
322
492
424
366
428
476
395
389
472
471
516
489
619
471
391
453
444
372
737
413
498
429
401
502
473
446
519
439
471
476
706
483
584
471
519
411
455
486
426
257
494
443
403
421
521
471
466
375
524
473
252
267
501
513
518
473
609
458
617
489
495
395
461
347
449
488
578
501
662
459
448
499
504
466
471
496
509
458
586
486
602
454
581
456
364
459
439
469
526
475
479
476
523
489
559
443
592
381
464
379
479
474
494
397
481
388
439
314
521
436
469
466
471
471
512
458
561
307
393
491
609
458
514
445
576
494
434
314
564
456
529
486
513
402
528
541
357
458
368
263
282
189
513
288
496
408
384
469
627
458
396
278
538
387
604
489
502
350
508
451
471
474
518
436
569
457
637
448
617
456
418
372
529
326
537
355
719
466
359
487
509
487
571
471
469
476
551
471
541
471
382
477
462
476
546
474
401
363
557
441
496
305
561
496
629
469
491
378
518
418
517
421
496
488
490
268
621
458
616
479
586
474
404
471
701
492
550
424
456
456
496
474
369
473
613
424
542
461
619
554
529
476
389
471
559
486
587
364
526
308
348
316
496
471
514
489
409
459
579
359
390
471
551
385
474
471
413
316
419
389
516
456
514
385
484
380
513
376
531
458
471
463
574
489
419
448
507
434
485
476
606
488
616
456
375
471
495
444
567
472
532
459
514
481
440
491
682
471
611
459
527
434
614
465
613
484
519
444
364
305
549
473
589
485
479
504
501
471
401
489
538
311
467
472
509
479
400
346
483
325
352
395
483
471
531
456
489
479
493
401
526
441
511
489
601
491
529
455
524
386
426
476
548
466
388
487
562
471
544
461
440
269
509
455
573
474
414
456
485
394
570
407
460
422
539
456
398
469
607
477
533
495
259
494
489
481
544
298
413
471
479
466
529
316
397
471
544
499
508
466
622
512
544
316
448
357
734
472
390
256
514
456
