434
473
356
288
428
403
413
489
539
469
338
274
377
324
526
469
418
340
712
481
359
310
242
179
305
232
494
489
345
329
318
327
339
313
320
281
384
473
397
346
274
237
504
474
516
486
413
334
415
396
407
315
419
441
681
444
335
276
389
364
518
486
412
331
487
291
531
476
412
353
563
469
609
377
337
248
531
454
554
251
345
346
522
474
287
259
324
332
554
461
447
476
431
489
469
476
461
439
481
446
514
477
378
372
483
501
495
496
530
408
431
491
329
471
529
441
384
468
495
288
591
491
386
369
324
234
514
474
474
438
319
250
587
469
368
377
377
317
456
471
518
331
360
436
366
363
571
471
563
471
534
468
479
496
390
273
574
468
385
236
441
377
466
486
484
468
576
471
329
270
467
382
394
325
516
419
546
453
491
471
375
289
618
469
478
316
392
364
349
244
450
279
571
475
579
484
473
476
546
484
564
495
371
449
426
352
564
509
606
489
583
390
546
439
554
491
271
300
491
471
313
278
396
311
596
443
529
476
421
350
531
373
579
486
326
471
596
498
559
443
473
396
449
481
541
407
381
503
552
300
491
474
334
262
344
352
499
462
397
295
549
458
358
458
762
459
486
448
352
471
287
341
323
466
539
479
603
493
794
443
591
446
347
300
277
262
529
471
511
423
476
488
407
346
531
469
413
491
657
469
511
469
371
340
526
522
485
397
589
455
515
463
436
504
320
259
341
267
541
297
441
381
355
271
483
483
239
271
478
472
521
471
546
475
498
471
281
204
509
454
400
298
344
489
418
397
577
501
328
285
355
261
549
374
505
442
492
471
437
341
472
456
539
456
516
372
592
486
293
306
797
459
343
389
574
467
486
456
524
479
536
264
441
395
549
471
361
382
429
364
527
453
511
459
477
204
476
379
564
472
441
486
395
341
391
381
377
479
573
484
456
461
452
378
614
479
666
324
434
503
571
461
458
486
544
487
593
375
579
486
590
376
327
269
308
238
343
488
513
415
414
471
556
466
522
491
439
423
509
471
274
196
489
453
516
467
478
321
487
449
377
473
564
436
399
401
521
469
464
471
514
495
461
330
614
471
536
476
556
303
362
312
499
449
543
458
376
372
329
387
225
489
456
489
369
474
483
476
494
454
348
469
327
317
539
476
511
483
571
471
366
309
528
352
531
473
481
195
375
298
456
459
330
359
554
451
544
471
297
255
511
187
561
466
609
486
529
419
359
397
552
458
541
471
559
397
512
371
594
486
554
486
333
276
565
313
464
484
521
489
434
506
387
401
476
481
333
459
531
438
292
282
302
319
493
458
575
466
536
456
371
313
514
451
564
441
486
451
564
468
359
486
419
341
493
476
331
323
310
273
519
384
474
513
486
207
526
474
416
399
488
173
401
466
474
486
339
300
508
471
677
436
511
443
459
471
543
476
479
411
455
313
589
488
486
426
305
486
576
439
403
329
300
262
529
494
392
282
416
504
404
361
432
339
461
475
396
422
478
344
508
491
529
461
503
471
441
235
468
401
266
211
343
299
529
498
481
471
461
441
478
489
389
276
302
238
510
385
554
471
531
473
507
471
454
476
352
260
494
484
526
484
581
471
380
268
596
474
469
468
459
476
359
297
533
388
562
475
397
260
524
451
408
421
483
446
511
345
483
215
529
484
388
358
556
471
381
482
513
361
473
483
455
486
481
501
431
471
433
493
375
317
481
469
342
315
501
471
536
364
752
456
694
486
471
478
418
346
272
295
511
468
528
367
539
468
484
471
533
471
421
320
519
458
504
469
518
488
485
477
556
481
511
461
529
506
350
302
311
278
434
484
579
385
566
469
542
493
539
456
544
456
494
491
370
329
343
491
541
476
399
473
506
471
521
445
551
458
567
469
401
332
514
484
488
225
464
384
556
441
526
493
343
320
501
488
461
471
529
484
386
357
251
205
507
471
519
486
519
489
564
453
458
488
588
483
526
494
539
449
482
499
482
325
424
457
390
459
479
472
502
513
514
471
571
458
425
488
491
451
326
249
280
468
548
366
481
466
516
461
405
441
529
471
551
471
346
345
541
463
496
456
382
306
524
471
392
469
257
472
512
494
536
449
528
473
537
454
431
393
533
489
511
458
552
469
411
476
670
487
534
481
534
471
491
491
564
458
454
471
488
451
541
464
585
491
407
491
355
366
534
484
726
223
475
380
516
471
367
251
495
475
529
468
522
474
521
453
503
491
539
474
448
296
477
378
528
457
454
401
508
453
544
458
501
476
404
387
544
365
574
468
536
468
292
202
446
469
368
315
430
383
286
206
526
489
519
476
539
484
448
488
536
438
546
476
360
477
498
458
496
461
609
502
589
484
382
354
539
468
501
468
523
476
486
389
577
471
553
471
540
395
481
465
368
476
404
354
616
469
521
478
566
457
481
476
704
456
516
483
519
487
473
376
576
469
431
317
489
481
468
477
554
358
528
471
539
471
286
200
544
464
342
477
501
484
428
319
453
380
549
469
521
469
445
395
417
486
566
461
526
484
352
359
523
466
474
498
544
437
499
458
561
459
686
477
330
178
526
476
531
458
466
483
448
375
483
376
476
424
511
503
531
414
617
338
609
499
508
476
476
486
411
269
496
313
466
349
614
473
491
504
434
311
546
468
337
259
555
359
458
384
509
447
434
368
552
474
486
489
532
403
569
523
401
334
553
483
519
302
414
401
558
509
533
459
531
476
504
471
512
489
483
486
445
491
401
319
437
396
456
401
476
484
492
308
498
386
634
353
380
499
566
453
679
496
536
491
472
461
494
471
483
373
524
459
611
439
511
476
544
471
423
468
481
483
481
397
474
474
606
496
561
413
516
484
521
303
468
465
552
459
594
479
617
444
463
376
489
483
412
483
534
476
465
380
326
267
555
484
331
454
549
471
521
456
425
371
488
485
466
483
569
488
523
487
495
475
576
486
548
466
566
487
451
385
507
361
457
474
808
473
562
512
373
268
486
488
527
486
411
356
514
469
403
385
445
516
634
487
626
465
471
483
596
458
434
489
349
252
332
241
551
486
536
489
493
446
411
476
433
491
420
481
523
457
509
476
544
459
556
468
580
471
538
471
351
273
511
484
538
434
559
468
591
476
519
468
420
385
412
348
315
269
611
426
609
471
527
491
489
456
494
488
513
458
601
312
594
471
506
314
462
278
496
443
469
474
526
429
542
476
512
456
561
503
621
476
544
486
387
335
616
304
519
496
479
471
536
478
539
393
599
471
498
474
566
471
463
484
509
281
390
328
524
466
413
362
494
574
491
471
486
448
496
363
581
491
506
494
523
474
476
476
517
478
489
486
506
325
471
363
689
488
551
294
505
474
443
413
421
378
556
466
365
420
506
315
569
365
492
264
548
458
547
205
503
456
491
494
563
484
536
466
592
477
511
484
496
304
519
471
436
391
486
461
471
472
511
504
491
457
509
471
521
466
461
476
499
461
486
473
518
487
393
272
508
426
587
473
580
310
355
313
381
456
519
494
509
401
516
456
489
293
479
394
332
249
563
411
408
359
551
474
389
372
541
449
476
257
493
459
519
471
473
324
456
241
483
302
593
351
517
476
564
456
443
459
523
476
574
506
456
483
536
459
529
477
439
439
433
479
526
479
519
444
518
372
521
476
381
484
284
200
586
479
336
395
606
486
549
461
457
456
569
476
330
272
556
373
367
471
356
261
481
474
493
458
469
576
409
313
488
433
498
479
439
459
412
384
739
378
592
491
445
202
508
456
519
456
546
359
518
424
529
468
656
486
481
476
493
354
512
474
451
483
438
453
531
468
421
324
543
484
560
325
493
481
386
303
541
481
508
471
471
260
623
474
677
380
572
459
581
486
357
282
477
411
686
479
509
475
556
486
609
463
491
448
474
378
513
425
329
468
676
474
569
456
549
488
516
328
427
456
496
476
506
379
534
471
582
457
397
439
574
462
762
363
562
489
534
413
517
471
626
463
524
419
371
488
424
499
402
265
486
471
441
469
497
307
427
476
421
489
458
489
544
421
566
421
609
488
477
272
551
456
589
468
586
471
589
468
624
270
377
271
377
468
320
459
448
458
388
489
620
489
529
469
433
397
587
473
576
471
460
468
491
471
542
453
536
454
576
464
561
473
537
491
417
380
345
242
514
465
481
492
539
469
432
363
546
361
556
487
602
475
378
328
631
458
411
388
622
270
579
257
537
481
589
474
539
396
541
489
496
492
598
487
524
458
496
473
466
476
639
459
549
341
456
475
516
471
435
347
525
484
533
483
574
253
543
483
617
459
552
468
378
399
554
483
514
471
481
473
393
486
419
363
514
471
532
359
483
459
399
238
511
476
473
382
506
471
561
485
427
371
547
476
519
491
531
381
458
491
579
469
549
469
427
331
460
324
604
476
671
476
499
476
524
469
533
401
424
336
627
453
476
383
411
491
469
466
582
466
439
199
553
487
371
270
569
446
531
368
394
299
482
481
532
484
509
458
549
477
627
472
477
476
483
466
559
474
486
486
484
488
468
483
536
471
