504
499
282
499
589
419
412
488
318
483
544
511
638
314
469
353
429
420
238
288
516
446
519
487
270
254
494
511
170
511
536
491
456
483
494
486
536
494
444
511
513
396
443
300
383
496
394
486
502
479
421
496
291
261
276
472
342
283
566
496
619
446
266
306
488
236
385
294
494
499
327
326
553
466
382
324
414
419
394
251
250
503
546
268
615
411
338
267
432
394
521
320
553
298
572
514
319
248
393
503
321
285
541
365
448
493
345
484
568
499
551
499
288
327
399
315
496
393
348
486
449
330
542
489
499
499
519
484
349
336
519
408
308
259
573
286
559
434
428
321
534
499
543
484
504
498
571
503
455
429
568
280
466
511
349
284
593
491
418
309
361
320
566
501
561
409
352
200
569
456
455
332
314
351
270
499
519
499
291
229
451
479
501
448
659
514
494
497
366
332
586
486
519
484
415
393
561
498
601
498
537
491
591
501
554
499
414
419
494
498
531
559
557
518
521
511
562
513
571
486
536
514
405
361
571
496
538
511
518
419
546
486
549
396
494
486
394
322
493
384
457
453
523
486
284
276
346
377
579
491
584
496
362
277
563
494
272
341
362
292
537
359
542
499
381
489
546
489
576
453
514
459
541
501
531
396
351
341
287
474
523
499
606
493
546
396
598
499
724
456
397
407
445
409
544
262
222
263
332
288
554
487
572
498
273
221
604
503
654
484
386
304
398
438
435
341
292
212
511
487
529
485
649
518
497
501
509
498
382
335
360
487
359
407
363
282
534
498
481
337
576
501
557
498
468
332
573
511
622
498
481
484
372
335
375
487
661
549
503
468
373
333
526
502
393
304
438
501
537
511
280
503
552
498
369
511
533
451
584
511
279
201
572
516
376
486
569
498
514
486
499
491
734
501
439
416
546
498
529
486
531
486
492
486
537
464
603
213
567
496
544
494
180
201
506
496
546
502
539
387
443
348
498
499
579
501
381
378
518
417
522
489
511
484
501
322
471
459
539
466
434
498
486
343
541
504
493
466
489
499
431
484
456
501
503
499
501
516
409
288
501
486
471
396
503
477
566
503
647
501
389
316
487
501
669
189
359
420
533
483
514
481
468
200
477
319
516
427
439
352
466
448
321
286
524
486
529
326
405
326
465
491
539
486
423
388
408
446
259
486
511
499
427
504
586
408
528
446
261
334
471
406
507
498
487
237
542
498
351
365
622
498
557
197
401
501
221
499
661
382
468
496
477
425
433
371
564
402
632
501
455
384
497
479
559
192
502
486
468
340
569
498
427
497
422
431
526
256
328
503
531
436
516
511
546
501
386
438
546
477
363
287
562
466
277
235
279
207
518
485
516
489
782
501
536
451
338
332
606
486
356
251
551
493
541
502
636
484
526
488
606
399
559
454
551
487
435
491
511
486
469
426
566
484
526
456
534
509
350
498
519
466
476
498
403
269
407
461
330
284
509
497
529
484
407
391
473
501
609
516
547
513
346
270
564
487
468
489
409
290
537
486
585
443
428
352
481
483
533
499
652
486
496
421
406
469
506
488
513
514
405
362
542
486
586
487
681
519
301
237
516
527
536
502
340
408
514
498
493
278
421
443
582
498
509
474
441
511
423
301
487
514
330
300
499
488
285
218
369
421
652
486
411
496
566
486
521
499
576
501
501
437
509
488
361
301
571
278
404
341
366
277
609
487
546
461
497
483
379
291
614
265
454
368
531
483
491
498
486
461
498
506
537
496
515
473
549
487
569
499
422
409
546
484
511
445
451
446
539
498
353
499
491
502
421
333
589
278
511
499
549
489
514
484
486
427
396
486
293
250
411
379
396
492
474
482
533
501
601
501
434
390
531
511
288
305
525
499
544
324
491
486
549
501
519
460
393
383
581
516
481
486
507
499
523
479
569
443
634
315
514
487
519
502
494
511
395
370
516
433
556
485
684
407
414
509
554
485
602
486
511
501
358
486
521
493
569
487
531
486
463
499
571
496
522
499
546
504
566
501
588
483
466
486
192
292
439
499
388
313
549
501
533
489
682
497
649
484
537
484
322
260
547
271
508
390
470
370
701
489
488
487
519
409
604
491
507
498
551
498
507
438
575
509
468
372
530
484
624
504
566
499
649
494
350
275
363
321
506
353
405
333
501
486
556
341
538
483
475
499
531
485
519
371
421
339
607
509
634
234
576
496
443
381
433
484
649
345
408
499
524
487
536
503
412
501
433
377
639
420
513
382
483
499
337
352
533
484
703
453
543
499
481
431
561
381
558
499
566
323
569
522
406
499
567
266
392
467
557
407
474
499
531
486
632
498
511
486
436
488
496
506
449
419
466
512
330
291
566
499
488
504
553
484
754
501
352
288
591
286
543
458
462
339
739
512
446
377
539
491
460
399
483
371
526
458
526
464
531
489
601
461
531
487
454
389
503
499
412
384
621
502
552
396
518
514
584
501
551
488
534
357
493
410
284
226
481
489
417
391
561
487
561
499
491
511
554
438
533
498
586
498
551
513
659
511
471
433
489
514
461
486
554
496
584
494
611
407
413
483
549
484
541
481
541
498
339
295
481
331
559
420
441
409
581
516
760
207
504
499
569
494
591
497
581
441
451
307
411
411
681
419
403
341
523
486
408
382
589
502
607
501
559
486
531
486
538
441
288
211
518
498
404
322
494
453
582
374
522
473
551
507
559
514
441
231
525
501
566
498
578
501
536
524
366
322
561
485
461
511
491
498
479
489
462
368
275
486
597
409
541
503
494
469
539
499
551
501
488
485
558
501
460
394
482
517
514
476
425
496
534
485
561
512
487
437
439
369
537
421
544
511
427
499
549
489
531
294
651
498
551
483
506
371
399
373
406
388
496
499
519
509
613
504
569
496
573
482
559
501
589
436
499
521
544
512
501
419
507
486
539
486
566
501
592
496
509
501
538
504
483
392
514
473
564
486
467
302
559
498
519
499
542
501
393
324
574
323
546
268
534
486
628
443
279
233
526
369
422
341
443
514
557
501
543
499
458
400
629
348
549
496
563
501
280
509
619
491
539
501
397
352
438
389
576
496
513
494
576
464
533
486
559
400
644
499
513
499
437
411
491
526
499
499
547
486
544
483
492
483
364
317
556
499
569
504
499
498
834
405
493
499
559
501
512
486
523
486
471
498
561
502
543
495
492
496
629
514
532
439
506
496
282
192
469
399
546
499
418
382
415
370
539
501
451
486
518
488
494
511
318
499
546
498
529
519
581
488
437
313
566
522
451
331
629
398
592
501
632
474
410
325
373
352
584
476
448
332
496
485
574
498
499
434
460
363
446
487
536
483
397
275
491
460
515
503
549
502
333
361
584
489
471
487
389
498
517
409
556
497
531
489
468
494
542
486
457
279
453
506
487
513
501
518
426
378
556
499
514
486
542
448
486
488
554
499
461
499
468
323
533
483
421
486
365
432
529
453
503
411
471
496
549
445
606
385
519
499
523
499
359
420
471
478
516
499
564
493
464
488
403
447
576
483
584
473
461
456
554
386
521
499
526
474
519
499
519
413
626
501
611
499
546
499
507
512
476
498
556
486
586
483
558
502
531
489
469
481
541
345
489
338
516
511
582
514
501
487
642
496
802
499
456
511
401
488
543
486
506
497
559
484
357
288
543
481
487
486
721
499
744
506
536
511
382
319
469
484
473
409
466
417
471
486
527
486
612
499
609
481
571
424
541
390
484
459
399
351
534
513
497
372
464
498
514
498
523
498
499
486
562
499
601
410
363
291
644
485
554
485
544
486
291
499
589
454
507
401
409
331
496
499
428
464
513
498
436
499
536
454
448
374
381
332
353
311
654
499
369
407
559
512
501
511
534
491
463
363
441
491
554
485
522
454
309
275
559
497
536
496
501
419
551
446
581
484
528
375
609
399
556
499
420
331
587
501
413
294
478
491
559
366
579
431
584
508
473
499
523
370
581
448
532
449
572
484
423
373
533
502
606
516
601
499
531
486
650
486
516
439
482
395
559
488
557
439
441
432
573
499
561
388
547
479
586
509
546
499
582
461
416
368
702
409
438
499
458
326
521
511
504
486
519
378
268
312
431
487
448
384
565
498
587
483
448
406
506
499
542
323
551
498
511
511
563
325
658
484
541
446
409
472
561
379
516
499
587
501
500
407
614
489
586
499
538
483
456
397
601
326
794
463
502
511
359
426
552
499
529
491
405
380
556
499
614
514
613
501
603
511
584
488
817
433
603
498
571
486
588
487
636
443
408
332
496
400
549
298
531
293
519
379
382
323
481
273
669
511
557
452
491
489
617
499
431
484
501
496
513
501
617
496
581
476
601
459
535
369
616
339
505
469
566
511
401
336
439
511
791
501
541
422
638
441
587
499
548
511
544
499
395
261
466
499
379
290
515
484
578
499
556
483
553
498
476
432
564
256
436
325
486
421
432
330
524
447
497
496
577
503
465
494
517
484
523
498
479
278
641
484
534
466
558
501
442
346
606
501
536
486
630
498
561
423
819
498
387
486
609
501
347
483
371
283
509
504
541
506
506
498
