566
511
477
499
445
419
524
486
311
489
435
387
491
499
352
401
355
312
358
263
402
328
461
251
182
249
496
499
544
499
523
454
397
273
428
499
353
383
379
296
381
326
548
488
521
362
577
497
465
400
546
409
644
400
526
499
349
284
445
469
405
466
338
498
544
485
499
501
284
503
338
331
486
482
373
362
616
496
332
260
379
499
296
279
546
514
625
511
359
324
529
498
525
491
455
499
451
398
529
511
441
467
431
358
397
296
569
499
558
486
511
209
423
499
315
276
471
469
514
501
339
281
469
391
481
503
519
489
352
317
541
451
432
220
592
496
404
463
333
372
542
501
564
499
556
498
496
499
499
503
303
270
498
498
549
504
561
453
367
305
365
436
323
276
484
497
553
493
484
499
514
489
561
410
283
512
524
506
533
488
464
333
429
498
401
331
586
502
379
324
591
498
358
281
476
364
405
341
505
486
511
476
497
499
478
498
452
420
559
523
631
503
551
496
501
463
616
489
464
511
546
341
336
347
538
457
724
449
599
409
522
481
338
498
563
368
489
501
450
431
554
489
377
499
474
466
515
375
595
467
543
496
348
323
599
496
319
380
561
247
653
534
481
382
364
218
529
498
584
322
559
464
392
240
574
456
531
485
473
208
544
433
516
506
663
481
519
499
457
358
329
206
516
435
458
485
242
245
501
501
419
390
531
495
569
512
558
446
341
499
619
513
241
255
325
217
544
496
551
439
470
514
464
409
541
481
423
325
364
307
320
244
546
511
416
355
542
482
676
364
551
484
259
499
482
455
531
497
392
316
504
486
360
398
514
501
425
523
654
275
593
498
526
511
355
322
509
289
519
499
486
498
554
454
553
235
458
312
506
469
574
216
704
499
418
499
551
483
561
499
519
484
411
486
591
496
542
355
383
469
587
448
528
449
511
459
542
486
582
485
476
494
391
501
360
284
378
295
572
494
289
335
523
509
350
531
534
483
481
498
483
489
514
486
506
439
504
499
579
496
362
250
466
459
278
485
617
451
562
496
412
499
525
498
528
501
499
511
511
281
386
270
366
513
513
346
408
383
546
486
559
487
436
498
556
444
419
313
503
486
461
368
546
498
456
285
558
484
383
370
509
383
544
399
336
286
561
447
519
399
476
243
508
529
526
486
439
529
232
514
355
502
357
486
401
448
609
511
439
495
503
448
363
277
413
486
569
486
372
347
181
223
566
289
304
379
410
211
544
486
373
511
421
499
527
498
469
502
443
495
461
484
504
494
319
209
619
501
408
324
412
419
577
514
561
501
553
494
679
309
272
514
680
369
581
309
325
499
547
493
316
262
362
524
335
279
596
511
563
363
497
499
543
486
507
483
402
341
275
272
355
296
573
496
584
484
569
499
589
482
666
386
477
489
386
522
405
485
554
481
435
285
360
398
338
277
553
484
626
503
617
456
484
501
586
447
597
491
431
485
448
469
521
489
501
501
435
501
336
280
461
526
444
397
545
486
529
498
489
496
506
486
601
404
542
496
528
449
571
240
489
483
514
496
559
491
564
483
526
501
532
488
529
487
274
481
589
498
571
467
369
514
340
256
454
486
464
474
561
501
799
513
372
332
389
364
381
486
499
258
561
284
558
286
508
398
531
416
284
186
616
486
420
396
443
498
551
493
539
489
462
465
489
503
556
499
337
270
518
332
569
387
529
499
479
469
521
486
546
403
435
451
575
498
386
286
337
300
424
331
486
496
581
405
207
483
388
486
557
499
487
382
438
297
358
278
396
409
413
229
341
487
471
431
696
493
346
243
473
229
531
513
571
496
358
474
398
499
471
487
497
491
459
501
476
511
499
497
523
504
574
507
449
501
511
561
415
283
554
501
423
312
579
453
388
509
518
516
584
350
519
488
586
444
309
332
364
499
471
514
465
306
358
312
491
332
546
506
521
498
471
361
415
499
501
446
599
444
552
463
636
498
496
236
361
501
491
497
388
389
538
483
485
420
402
374
549
501
313
486
494
513
534
501
539
488
471
418
453
496
531
496
551
499
526
377
528
504
517
371
544
486
567
499
534
338
589
407
427
397
513
486
511
499
534
481
496
486
578
489
478
458
529
504
539
579
411
292
382
324
574
499
531
444
325
512
507
421
420
368
536
499
471
503
551
487
607
487
412
422
516
486
358
276
553
487
526
478
504
235
517
466
366
498
291
216
523
486
555
501
475
410
526
489
461
419
556
486
498
486
526
499
549
465
689
371
317
220
485
457
554
491
426
323
529
439
559
501
634
496
551
483
497
431
498
403
529
498
557
421
583
487
496
486
356
304
722
511
386
352
349
276
504
489
564
483
543
496
522
418
531
479
384
307
537
464
295
506
534
497
504
409
571
499
556
392
599
503
537
498
556
487
490
370
558
493
552
504
565
498
589
414
915
489
557
514
541
499
544
481
808
419
349
285
445
431
541
499
447
411
357
276
494
420
551
499
556
496
494
483
651
471
521
390
553
424
375
294
441
371
537
377
551
499
501
484
614
434
659
518
528
499
534
476
575
501
559
484
513
486
506
504
440
524
528
489
524
499
551
484
479
293
340
204
628
486
611
499
539
499
491
420
609
488
529
373
507
356
546
420
445
499
579
496
514
509
358
255
554
486
571
546
497
499
536
483
496
487
539
506
614
501
551
498
432
484
499
363
549
471
328
267
612
499
504
486
510
481
524
486
607
502
490
388
448
352
435
376
404
443
474
509
424
420
554
506
584
281
506
413
565
499
531
504
518
517
328
486
411
501
561
484
587
499
533
469
611
488
556
485
556
499
521
517
457
430
555
484
554
519
566
511
544
486
576
426
511
493
486
486
329
467
486
499
491
513
549
514
569
413
469
498
414
377
504
486
619
448
362
286
599
499
519
499
606
338
556
439
579
503
452
372
579
481
427
514
546
473
595
486
476
398
501
499
639
496
399
304
497
436
627
484
497
499
398
329
526
502
441
499
524
496
571
489
575
486
546
491
493
487
531
486
567
298
538
379
418
378
561
431
537
508
496
523
289
230
541
401
555
504
379
324
434
373
506
487
446
484
535
511
391
323
554
399
539
486
574
419
471
498
556
484
791
511
387
378
519
486
536
521
596
485
587
498
456
489
559
499
561
501
509
489
541
489
567
446
508
486
476
499
531
499
339
259
533
486
481
507
564
498
426
484
602
505
499
471
472
484
528
483
561
496
544
386
439
519
614
496
468
411
521
411
498
483
589
504
509
498
401
343
522
484
426
372
551
325
536
513
448
485
445
405
335
267
539
499
556
487
470
373
561
486
483
239
551
418
509
437
418
501
422
387
538
352
654
465
544
380
542
493
516
496
573
503
596
488
464
422
567
498
501
506
483
529
613
432
567
486
443
513
561
346
554
501
589
453
508
498
623
425
533
458
466
498
559
538
569
410
551
484
523
486
433
394
449
518
604
517
434
409
483
484
589
498
566
484
501
484
394
298
449
240
576
448
401
302
617
499
501
486
463
499
428
433
491
493
581
486
536
349
418
374
518
354
473
325
466
487
539
526
521
489
434
404
436
411
551
499
546
504
544
499
490
472
524
468
482
278
489
383
564
486
572
514
561
498
561
454
556
288
601
486
365
362
396
332
601
483
561
498
441
365
552
283
434
340
596
498
322
265
578
486
496
486
687
495
543
484
563
498
625
392
557
470
652
498
445
363
636
498
647
497
573
498
556
403
429
381
603
499
712
329
506
456
529
489
300
191
506
481
509
483
375
399
539
443
506
484
520
409
426
293
529
496
501
383
541
503
501
499
624
511
603
426
383
317
587
464
551
514
558
511
571
499
571
455
509
493
599
496
516
496
451
486
384
493
537
498
769
499
461
506
521
496
476
210
335
296
706
499
622
496
497
512
561
484
584
484
349
513
511
499
507
486
481
499
433
420
546
511
531
432
664
511
455
409
606
441
486
389
516
498
549
504
561
430
454
282
539
501
497
388
559
511
455
529
459
511
451
524
518
499
548
503
497
514
586
467
503
464
576
486
623
496
511
501
541
449
512
396
411
400
478
498
574
484
457
352
539
484
370
501
553
499
511
399
588
503
513
491
561
509
759
456
551
498
334
277
544
406
368
263
577
417
502
498
439
421
556
399
516
486
611
498
486
410
348
274
621
496
456
446
654
487
726
497
542
499
456
420
531
486
358
330
536
446
398
449
519
484
526
486
551
499
509
486
750
390
486
499
536
511
589
486
589
486
561
498
531
388
552
368
434
498
536
457
554
499
535
498
521
332
529
458
474
274
611
417
568
501
519
509
523
501
496
499
461
466
521
511
587
499
579
484
601
506
427
501
656
486
492
498
341
363
336
243
411
499
499
504
521
481
381
526
441
386
543
499
517
491
541
267
541
486
579
501
576
485
601
486
561
499
499
489
496
497
534
483
561
496
607
487
466
486
502
411
494
384
578
486
489
484
524
489
448
344
277
277
544
484
551
503
513
498
557
489
515
483
529
524
515
367
511
495
413
461
536
469
493
400
501
489
516
285
624
511
396
324
456
481
