592
496
360
388
382
420
522
496
399
526
303
270
509
369
534
426
358
244
571
483
503
511
529
497
301
257
509
486
551
489
573
378
481
503
360
446
416
407
561
484
553
496
601
508
241
307
513
564
494
466
413
499
398
534
536
446
443
382
465
479
473
475
524
511
586
502
453
487
438
484
491
332
571
276
558
501
428
499
363
471
499
511
591
265
489
481
569
433
632
368
518
501
448
370
521
449
262
197
677
489
300
511
594
492
553
596
531
499
519
511
518
464
559
502
241
248
317
270
324
306
458
377
641
489
534
491
404
499
523
495
521
407
289
261
561
496
477
486
518
499
564
499
538
469
490
384
354
499
578
333
432
420
391
486
377
324
617
484
515
408
340
311
457
164
553
499
404
486
511
458
342
267
331
279
551
502
487
428
639
499
536
458
549
499
544
504
517
511
531
498
551
501
542
361
351
307
399
322
539
458
531
468
385
501
521
422
415
331
396
319
508
491
536
471
566
501
527
501
505
498
532
512
509
512
539
501
450
511
567
486
562
456
395
466
546
415
619
496
511
499
574
496
579
464
606
488
466
491
410
405
591
438
509
499
521
321
401
369
453
377
469
399
455
382
523
204
369
289
528
326
511
514
591
478
357
285
378
323
546
458
529
501
486
446
531
484
415
379
405
305
509
498
526
511
576
496
394
356
589
486
817
341
553
464
318
274
548
454
374
282
684
464
569
370
516
512
551
439
516
433
501
476
503
488
383
499
560
483
539
512
355
270
283
207
617
326
583
384
287
199
332
327
594
210
529
484
622
498
461
483
571
496
345
261
577
372
546
481
569
456
313
251
624
501
401
323
503
485
329
264
272
238
528
499
267
214
463
531
333
496
551
499
511
469
493
501
551
497
534
501
454
387
509
512
513
501
546
486
536
498
547
496
527
501
346
496
279
230
484
486
553
471
401
359
349
286
486
483
499
481
541
485
517
481
275
201
451
374
323
295
504
499
561
426
566
501
526
503
516
486
634
451
524
506
519
227
431
381
549
496
528
489
589
501
527
483
354
332
323
261
328
498
313
504
553
499
559
420
557
499
601
521
461
423
489
501
571
498
283
203
391
409
552
419
563
499
544
499
501
481
508
496
354
409
512
472
718
388
433
498
372
516
551
498
376
387
361
493
474
486
372
332
579
441
358
501
383
310
434
279
626
498
521
489
401
253
555
499
541
362
483
499
666
496
537
372
596
486
546
483
444
399
443
488
426
333
487
474
611
451
539
498
438
363
524
486
533
489
452
474
523
485
245
511
474
498
511
491
478
484
549
498
381
325
444
319
569
498
531
499
566
493
592
388
499
499
549
448
482
498
589
509
458
486
583
502
368
299
464
466
445
496
336
275
427
332
491
433
388
286
503
498
447
370
674
491
439
501
436
521
543
501
415
458
579
399
562
501
435
501
428
454
325
276
413
491
533
514
522
486
538
455
521
489
536
229
379
488
434
363
572
499
343
319
490
408
542
486
581
512
614
498
670
497
551
494
556
501
504
270
534
514
529
485
574
509
441
501
591
504
361
292
501
456
432
496
549
526
525
531
461
426
444
457
519
511
481
483
573
496
475
409
579
499
534
352
489
516
508
489
362
279
373
514
339
390
439
206
812
499
516
486
516
498
441
391
484
501
534
489
541
497
499
485
455
419
537
487
551
502
498
486
578
501
427
496
517
486
531
307
654
417
599
487
511
419
343
292
489
499
463
496
506
463
303
286
501
511
541
387
524
501
531
451
537
217
494
260
304
293
562
497
466
368
491
457
556
359
511
483
504
499
420
499
576
499
435
486
506
461
564
486
710
499
481
484
395
263
494
486
521
458
553
511
340
499
471
277
328
332
571
454
499
501
372
333
456
496
457
380
461
511
428
491
599
498
682
499
559
449
323
307
576
428
409
521
554
487
551
449
567
486
235
8996
289
240
561
499
546
489
544
351
443
391
521
502
514
501
453
401
381
324
769
373
277
499
411
513
471
499
574
420
527
468
559
501
528
498
447
378
676
513
499
499
602
386
439
516
543
496
453
391
450
357
436
406
460
421
516
379
506
485
541
468
532
355
523
511
531
524
443
456
499
447
521
517
554
501
355
340
589
489
558
484
541
514
533
497
537
499
396
503
513
486
514
431
561
484
473
287
528
489
511
196
541
421
627
369
511
479
451
486
448
353
529
495
624
458
538
498
365
285
539
471
631
519
564
390
445
409
537
496
537
365
499
395
341
498
534
499
525
511
541
484
473
484
544
489
529
487
534
399
569
489
692
498
296
203
514
484
616
483
551
492
275
203
468
422
513
484
333
276
534
441
588
498
469
501
531
488
576
499
484
286
288
234
499
496
656
491
517
332
636
417
445
314
539
429
518
511
556
501
501
421
535
486
539
496
504
396
402
509
566
488
566
489
533
420
516
489
418
339
331
496
594
496
622
514
511
486
616
489
416
411
531
486
471
421
541
499
521
501
504
499
597
501
782
511
514
511
277
212
551
483
537
519
546
499
494
506
549
498
454
464
526
514
639
501
540
497
516
498
293
184
529
486
492
405
486
486
536
508
541
498
508
409
544
324
519
484
511
420
526
278
468
427
497
389
459
499
528
407
577
486
631
487
558
499
566
486
549
414
571
501
467
488
584
499
579
501
517
496
469
511
444
512
489
436
582
499
541
486
601
501
303
210
519
492
541
384
477
419
515
403
423
332
421
420
541
502
579
483
500
465
654
434
320
287
547
364
606
513
639
486
561
383
594
487
541
488
574
499
363
275
645
382
549
499
434
366
556
498
554
496
519
487
559
499
606
489
519
486
606
511
348
501
551
469
466
514
537
422
459
397
539
352
521
486
601
502
436
498
494
499
609
489
554
499
596
446
539
324
571
485
546
486
523
498
533
483
483
523
535
511
594
486
618
487
628
377
516
513
546
496
694
499
706
458
522
466
505
419
360
333
284
230
569
491
441
496
658
501
583
484
546
498
524
506
484
499
481
499
404
340
506
502
548
233
485
498
524
484
566
511
577
484
447
466
621
410
471
512
540
469
537
484
532
512
567
524
539
522
543
561
563
498
634
489
584
486
481
435
541
486
481
509
548
358
567
511
501
408
463
399
522
486
554
503
557
416
534
488
295
290
498
485
576
497
531
501
543
509
554
496
556
481
435
410
511
487
494
499
576
489
458
408
475
403
524
487
661
494
559
481
524
499
506
483
527
499
437
401
502
489
554
509
462
495
554
483
568
511
531
457
515
410
551
501
629
499
524
486
266
198
543
448
563
466
542
499
528
499
566
397
564
499
514
483
567
516
321
188
391
433
528
501
531
498
447
514
346
499
614
489
599
496
576
499
624
496
589
487
528
487
536
501
579
501
526
491
451
304
514
453
616
495
571
492
544
546
498
486
529
494
556
501
438
499
593
391
521
511
436
515
433
483
551
292
526
498
491
493
504
483
544
519
699
486
504
446
219
484
539
494
518
499
372
354
582
503
426
499
382
484
554
465
544
368
544
378
554
346
544
470
396
522
524
521
628
398
377
287
516
501
559
278
514
483
523
498
599
484
549
427
451
484
559
499
400
501
361
471
539
387
439
489
466
498
483
499
378
383
506
496
604
498
644
519
526
495
656
489
592
485
524
479
656
384
613
484
566
498
686
509
444
405
553
489
643
516
654
362
661
521
466
431
631
494
574
489
635
364
559
458
446
484
619
399
447
486
449
389
518
488
534
498
474
499
376
332
559
498
485
334
516
499
386
352
349
407
546
370
394
469
483
498
541
498
559
498
609
403
387
324
348
345
596
498
586
471
527
316
504
468
344
286
494
421
481
486
470
443
533
438
456
288
569
519
496
498
221
284
762
463
534
509
506
499
629
511
554
454
558
385
567
486
424
362
687
499
559
333
292
486
563
461
456
410
353
333
443
330
513
416
539
495
776
494
441
446
460
391
536
484
553
486
524
342
419
501
616
484
526
499
551
483
457
499
497
499
531
496
482
499
646
454
626
501
538
483
446
489
408
367
502
409
524
499
504
378
486
484
531
495
488
485
325
274
633
499
395
335
574
479
544
501
589
484
322
283
551
484
578
414
400
343
576
416
408
270
9119
498
561
497
668
498
614
497
464
499
543
499
494
499
521
498
351
283
332
275
422
378
573
498
559
484
533
487
211
486
516
491
501
486
487
419
379
269
589
486
544
458
524
411
524
386
534
496
441
485
519
486
551
521
401
486
519
471
351
351
546
292
543
466
684
566
506
514
509
388
436
476
485
413
346
486
521
388
514
471
617
484
589
376
549
511
498
411
464
399
569
483
624
468
615
471
278
496
486
411
513
485
422
417
427
458
554
514
408
372
584
501
473
325
536
499
486
486
601
362
486
446
575
507
738
381
360
207
420
422
532
498
567
511
566
279
568
499
486
421
541
498
507
383
634
497
537
482
544
486
619
501
436
484
554
496
566
486
536
501
474
471
529
499
567
401
382
346
536
349
519
502
469
449
553
484
553
483
644
488
631
471
291
204
574
455
547
406
555
444
