463
411
226
255
551
419
451
433
391
411
454
262
361
429
416
423
428
431
381
411
481
256
243
222
271
194
411
406
358
284
391
441
439
424
449
216
465
415
213
239
340
342
238
286
439
275
293
194
416
447
301
244
524
411
481
469
486
310
251
299
383
282
499
421
212
210
414
274
240
271
259
426
409
427
494
409
556
426
289
297
431
424
324
406
461
408
508
426
686
296
441
436
461
411
561
441
443
444
319
220
557
414
447
411
395
347
496
413
289
242
334
416
339
427
376
309
301
227
461
456
461
413
411
326
302
243
466
321
471
431
441
411
531
426
488
176
294
237
335
275
571
426
471
413
481
411
556
424
486
423
411
434
468
444
512
416
536
456
493
444
481
471
484
355
551
444
301
423
443
441
346
423
377
308
506
426
410
247
499
406
346
270
428
421
534
426
469
463
294
227
314
253
471
443
493
433
497
427
484
426
460
301
481
411
483
429
394
405
252
243
521
429
261
332
425
170
529
375
428
423
481
456
335
326
516
321
453
456
437
414
454
216
316
234
479
429
255
253
537
456
320
323
488
417
451
444
494
443
352
423
386
280
538
330
506
456
539
444
444
398
296
233
511
237
481
443
501
426
337
234
481
456
496
459
314
258
344
270
487
339
412
284
338
235
494
438
486
404
362
245
529
345
635
356
397
447
426
441
253
179
525
410
504
414
365
426
542
228
355
284
554
441
408
335
391
444
537
436
394
330
444
425
633
284
463
411
295
236
431
441
395
454
436
456
313
236
284
235
289
170
481
461
481
414
499
459
486
319
465
438
451
441
313
242
416
471
296
221
396
339
486
459
389
456
548
277
481
446
518
427
441
443
344
411
300
258
8433
228
513
427
428
414
451
471
527
421
427
331
584
426
416
415
259
185
474
428
264
222
541
461
385
425
532
361
458
456
374
250
483
423
243
424
522
217
449
164
476
424
426
359
267
302
415
429
338
322
321
404
408
331
545
426
579
423
466
451
353
254
509
431
324
280
481
474
546
426
511
458
521
448
514
424
336
231
449
458
241
210
518
413
506
243
407
284
404
411
514
411
511
456
371
319
403
456
406
351
546
359
516
441
662
429
599
443
405
354
205
182
607
413
526
423
431
414
476
433
398
321
483
305
552
424
526
423
495
423
484
364
418
427
451
459
447
383
428
456
421
438
464
413
386
348
299
297
454
463
484
250
468
438
386
456
406
411
429
411
461
304
411
428
499
421
406
441
479
441
489
413
419
369
298
253
356
444
491
426
496
427
567
268
456
451
531
423
327
438
314
466
444
320
466
413
403
424
444
468
484
424
445
421
300
439
488
449
536
453
488
414
287
374
476
423
531
421
469
431
489
411
501
416
450
387
444
431
467
438
481
391
483
443
504
423
420
443
350
329
499
413
430
426
539
426
324
443
461
413
358
261
404
421
362
354
524
447
441
237
380
426
312
323
536
471
434
416
428
370
493
297
466
428
518
428
467
444
382
419
572
276
344
303
399
453
463
411
341
319
551
281
511
420
250
429
497
295
326
251
471
457
539
341
476
413
295
234
284
423
489
448
431
414
513
424
496
441
507
453
307
329
343
431
631
426
438
413
619
431
476
418
431
439
542
471
514
436
325
260
263
171
322
426
546
372
514
339
509
416
372
279
548
416
547
425
398
438
491
416
473
424
566
426
516
314
524
426
466
449
225
426
399
324
488
441
242
212
451
413
445
424
479
427
365
251
528
437
479
228
469
441
344
283
463
424
393
441
415
458
408
341
563
431
454
300
514
441
509
413
494
451
494
441
390
426
541
416
532
423
411
179
508
426
599
237
341
456
367
311
669
447
493
413
485
221
531
421
536
357
429
292
467
433
433
424
484
416
514
426
421
457
418
463
494
454
484
414
384
414
323
246
408
413
533
416
468
453
369
366
504
441
518
393
333
281
242
167
481
444
508
429
527
399
511
351
508
418
451
411
519
426
521
426
394
310
514
426
436
406
501
361
501
429
528
403
526
456
579
411
579
456
449
455
521
451
463
444
491
449
483
338
481
408
606
458
380
433
529
303
471
413
539
508
422
348
362
296
464
459
551
481
498
477
536
423
519
424
387
241
659
456
426
423
464
456
501
410
409
349
471
456
497
423
295
446
435
456
648
425
518
415
397
343
511
458
351
455
523
426
499
427
325
265
474
359
483
356
549
262
526
463
524
429
332
239
509
463
378
366
483
441
475
455
522
456
441
345
533
416
496
441
526
426
483
459
476
428
469
453
568
474
471
315
521
421
406
311
501
426
371
359
461
462
513
419
424
384
494
454
479
427
404
384
489
444
486
471
511
340
689
411
705
441
637
411
486
382
453
457
511
455
434
461
469
467
469
456
473
413
311
270
483
373
443
346
599
268
424
344
430
173
514
429
335
325
484
426
511
414
441
331
503
429
569
423
230
181
494
408
526
434
541
421
641
456
456
366
481
426
308
439
479
441
546
429
473
441
478
471
484
416
410
350
484
425
343
426
503
451
435
359
517
444
496
411
495
423
465
427
376
281
481
441
498
438
524
421
355
421
432
438
351
297
508
426
397
324
511
441
384
369
448
456
516
411
509
219
507
438
464
413
493
421
488
260
517
426
328
438
427
310
503
322
501
421
453
445
459
458
724
443
536
236
496
449
532
283
461
441
467
343
474
296
423
323
496
436
519
421
258
446
487
446
401
366
423
441
375
335
514
406
521
426
414
461
496
343
461
441
501
424
538
409
493
415
494
307
311
324
368
286
504
411
528
425
513
445
408
443
437
388
496
425
433
273
484
446
461
391
516
413
351
509
501
421
509
228
531
413
303
268
476
426
475
350
482
448
517
384
420
283
336
252
392
459
295
439
522
426
679
446
377
458
546
424
503
444
322
428
497
385
447
456
446
441
513
423
467
392
503
443
511
454
415
340
489
411
521
441
417
423
554
423
486
454
486
441
531
409
431
426
416
292
484
459
456
306
664
426
504
427
524
426
516
461
416
413
375
282
409
342
350
286
481
411
361
306
491
343
537
444
434
348
446
456
532
413
506
369
458
444
327
290
371
444
545
429
508
428
551
413
486
409
352
425
526
431
519
439
486
426
404
293
701
429
496
308
473
424
491
265
443
423
463
423
333
230
463
471
534
330
471
411
269
186
710
426
441
339
454
443
396
446
504
426
389
352
524
405
409
394
457
458
443
411
515
411
443
439
376
453
467
424
546
424
501
414
572
253
444
446
579
411
634
484
525
411
354
340
479
456
526
331
461
324
411
331
556
458
526
426
330
420
461
439
583
463
467
412
491
340
448
411
501
410
451
423
481
376
417
411
484
444
529
426
488
429
482
416
659
408
491
410
551
444
325
222
415
441
576
438
423
423
461
326
493
458
489
459
509
427
493
384
629
454
419
346
491
459
416
187
439
441
364
413
433
314
499
444
414
444
421
244
399
411
406
458
544
407
306
243
468
426
530
431
508
421
295
227
434
416
526
428
461
414
444
421
379
285
454
414
574
411
477
371
433
381
315
426
266
444
459
434
477
235
408
315
601
444
481
426
471
443
506
446
509
428
467
457
350
270
489
413
354
443
509
381
457
443
503
429
451
421
479
431
537
305
494
441
464
427
427
361
452
424
366
303
489
458
491
414
608
322
501
455
533
370
549
411
479
383
503
456
514
424
491
304
557
421
511
471
509
456
589
439
542
443
469
329
451
456
451
443
596
420
511
441
514
444
428
424
247
234
478
443
453
428
519
439
379
389
381
369
481
441
489
456
300
457
619
425
498
292
359
238
474
446
465
296
489
411
441
347
549
456
564
293
484
413
511
429
481
426
396
433
446
438
439
387
501
448
301
243
499
428
486
457
366
411
598
401
268
187
632
242
448
426
489
427
559
441
516
421
514
434
473
347
498
428
338
291
514
425
456
423
609
207
454
413
394
461
492
246
509
411
432
396
506
444
489
454
495
426
571
428
681
426
516
423
489
439
461
411
531
429
458
459
423
444
332
301
541
348
541
441
501
456
451
427
318
261
516
428
280
235
413
451
412
369
474
330
508
415
554
413
569
443
396
365
579
175
432
310
524
441
458
362
371
469
499
423
371
443
499
421
488
414
411
424
577
413
511
444
483
446
436
413
628
426
507
265
428
444
584
410
626
443
479
456
541
328
536
459
342
275
395
408
352
454
479
426
529
245
489
383
554
404
506
425
546
411
486
441
457
421
459
403
290
458
491
424
403
345
435
423
415
324
456
409
597
429
514
413
323
457
511
398
455
421
529
444
467
368
453
426
315
229
461
439
546
388
531
324
264
424
473
461
355
261
425
468
435
394
544
426
514
461
439
271
466
426
358
293
486
443
537
431
514
421
667
426
509
357
629
439
400
349
436
354
579
275
479
406
337
305
494
309
494
456
449
257
370
220
473
222
439
294
454
256
509
431
516
459
571
431
529
409
391
426
343
364
496
431
381
459
423
441
549
285
421
421
486
414
494
438
499
423
476
416
439
349
290
459
462
407
449
461
571
444
511
413
302
241
