532
516
253
351
280
483
451
501
239
184
439
270
364
491
529
499
473
484
388
407
533
483
421
496
273
250
453
494
543
484
476
486
391
332
473
485
556
498
436
499
609
499
449
398
352
277
398
335
506
259
438
513
579
509
431
471
257
276
447
496
454
237
506
498
688
554
319
283
531
441
394
488
519
461
632
446
448
403
584
486
533
486
576
499
516
499
517
481
481
469
361
325
494
421
498
244
532
466
576
494
581
486
340
270
537
494
551
499
577
474
599
497
556
443
581
499
552
524
646
491
496
487
561
493
644
497
417
499
477
399
542
516
546
511
534
304
398
499
344
496
338
491
486
464
327
275
556
486
575
496
514
471
554
481
529
323
506
499
528
514
294
332
534
494
556
499
517
486
337
504
499
499
388
364
430
496
526
491
579
496
576
516
390
374
578
499
350
277
539
486
316
272
547
497
377
311
553
536
523
481
566
318
541
486
566
494
546
486
524
376
339
292
539
553
563
496
340
506
556
486
537
484
391
353
526
484
473
489
802
499
387
365
616
251
483
486
581
398
692
401
536
499
584
453
441
341
541
481
527
467
604
499
512
489
445
469
526
456
457
499
311
305
549
501
569
501
465
489
493
487
449
381
523
461
629
511
349
312
559
483
546
410
552
493
494
511
583
499
514
498
517
426
483
416
487
501
388
499
552
291
586
512
551
471
521
484
350
277
383
277
377
514
383
331
551
473
554
456
447
486
546
501
384
353
589
476
349
298
551
501
543
357
559
502
556
501
357
501
503
389
557
499
385
298
548
419
342
499
581
511
627
466
587
479
524
499
518
443
596
504
524
501
459
499
579
499
553
498
506
421
539
485
378
526
501
223
543
483
475
400
566
497
609
501
284
486
631
370
514
488
448
486
564
501
408
324
504
499
461
408
367
391
599
496
334
253
549
363
559
458
334
285
566
504
435
345
434
486
546
467
549
331
439
409
439
378
527
363
529
494
569
496
464
409
382
378
603
341
293
499
260
270
573
529
466
217
549
461
499
499
601
504
507
413
558
227
345
303
470
486
594
498
516
499
483
487
547
494
522
486
469
487
515
499
361
278
438
501
521
511
539
204
543
504
624
484
617
461
531
498
596
496
489
499
544
494
479
503
509
498
372
444
659
514
380
443
438
498
508
498
501
516
531
515
419
213
389
511
619
506
431
483
441
486
553
409
471
502
544
499
528
473
276
285
511
501
566
506
310
353
591
527
429
466
529
487
528
458
367
270
406
516
423
306
532
556
478
501
332
338
347
508
529
501
559
498
424
301
524
484
494
431
475
369
591
409
523
481
506
308
589
486
549
483
278
201
599
498
470
376
541
514
549
458
539
486
496
464
581
494
428
484
449
491
556
452
595
494
508
487
466
410
368
502
432
430
571
484
308
476
552
491
566
501
369
366
398
294
537
499
567
459
486
501
504
484
491
494
514
484
323
284
529
396
538
487
487
483
388
403
624
416
392
358
536
493
572
509
380
449
574
419
591
469
508
499
327
279
581
471
543
364
230
498
521
498
503
423
579
529
277
201
473
377
288
178
300
187
532
514
533
503
360
266
529
487
423
487
464
499
491
484
716
523
521
208
515
472
538
446
478
486
569
497
543
484
583
444
506
486
584
406
464
501
506
411
357
375
516
468
324
484
543
486
474
441
499
486
361
374
562
487
521
501
672
459
491
382
456
458
647
298
439
489
521
307
537
496
494
483
544
498
592
511
489
501
521
484
599
499
548
514
494
364
541
484
567
234
564
457
546
486
342
276
558
486
534
467
376
436
541
501
474
484
557
469
524
499
484
501
548
395
409
407
372
486
552
497
421
294
521
486
503
455
526
513
452
493
466
324
498
498
448
327
546
382
673
514
428
410
408
483
544
509
411
374
446
420
479
489
285
159
336
250
533
488
559
499
573
390
431
499
521
282
536
486
470
484
316
243
554
499
533
496
536
499
441
351
538
508
554
476
296
291
541
497
596
499
430
349
402
282
547
499
549
496
515
386
607
501
588
332
551
496
483
419
509
499
769
495
460
497
581
503
511
487
601
486
621
486
454
295
564
519
546
454
712
398
366
499
455
485
311
280
476
516
529
496
527
484
551
511
552
250
546
498
551
511
579
486
539
469
519
486
534
401
606
498
431
422
509
458
505
486
419
399
398
486
562
502
839
495
569
499
502
494
519
486
571
438
579
494
508
370
481
374
524
412
349
185
604
445
516
534
559
382
516
484
447
496
565
493
537
485
531
225
534
485
505
499
467
435
330
484
524
514
521
489
362
411
507
519
549
499
549
488
581
448
513
486
569
488
563
496
509
484
564
511
412
486
420
501
539
502
572
483
607
498
587
193
626
511
834
496
467
498
526
486
567
496
534
485
519
399
559
486
296
235
423
354
547
521
436
328
463
410
531
496
524
511
589
471
571
379
408
486
557
521
609
501
554
481
559
499
527
483
719
361
552
501
541
486
563
498
536
488
521
484
551
502
568
501
502
496
529
387
522
486
559
511
542
497
822
487
586
499
583
431
656
316
489
498
526
486
536
496
489
502
521
498
420
354
385
430
410
369
511
498
501
487
428
351
549
489
452
363
497
501
458
398
559
484
554
397
536
497
500
407
642
501
569
524
572
489
415
309
524
499
329
282
564
364
454
420
518
223
509
433
280
501
713
533
536
413
272
190
518
372
577
527
526
491
373
331
378
474
563
488
506
529
512
469
473
204
616
377
549
401
571
485
667
363
606
397
553
327
552
513
528
512
532
486
450
483
561
499
542
498
488
501
445
383
491
498
572
481
518
425
338
484
676
409
511
489
462
376
554
485
566
488
526
486
493
489
450
498
539
487
666
577
465
375
507
486
501
393
636
456
637
279
404
489
474
499
576
487
506
486
516
483
679
496
551
481
504
496
385
324
408
358
501
501
548
503
597
373
529
486
569
482
502
511
392
495
629
486
549
469
305
486
579
488
539
331
554
511
561
486
517
446
577
487
390
478
524
486
581
285
557
387
542
484
489
486
576
503
594
358
327
285
634
484
596
409
503
449
553
438
619
483
604
483
473
392
425
487
390
491
328
281
542
501
533
483
538
325
546
486
519
496
443
498
489
499
459
389
501
487
549
371
484
499
581
488
517
418
622
498
586
501
495
493
575
451
454
483
491
444
571
486
429
496
551
399
543
481
794
486
536
511
558
501
544
496
434
370
632
483
399
484
681
443
581
329
507
498
341
181
557
502
505
408
539
489
456
383
613
470
390
330
434
361
551
329
511
381
450
259
579
459
501
397
509
486
554
513
424
486
659
444
516
484
536
501
483
501
595
288
512
498
517
498
569
482
514
371
594
494
483
472
589
483
527
424
631
483
458
409
584
498
551
491
599
483
361
298
483
499
416
514
631
334
539
499
514
489
519
488
346
485
461
489
331
323
511
389
511
522
548
523
496
509
496
486
451
489
579
497
468
401
491
486
559
491
534
496
501
484
428
363
546
504
446
377
528
443
561
426
622
499
571
222
532
524
456
486
342
370
415
501
194
499
408
378
553
380
460
458
531
498
517
486
529
497
626
498
384
284
589
506
479
499
464
499
473
489
556
407
493
486
612
496
322
381
475
206
579
511
471
511
602
497
391
503
459
444
611
441
545
496
305
486
656
431
494
513
562
468
567
486
494
334
466
486
524
441
496
483
378
484
467
345
441
486
506
481
398
493
531
511
551
521
486
488
424
484
516
191
481
501
571
486
561
534
571
470
514
378
507
265
519
484
557
504
326
489
459
324
441
486
631
499
797
471
473
375
566
498
370
322
536
451
488
501
466
411
427
484
360
287
439
401
465
501
503
286
584
499
589
354
651
469
544
502
641
454
619
497
587
496
541
486
467
377
526
484
535
501
561
498
581
498
597
501
526
486
506
486
564
499
456
250
589
499
483
370
526
492
502
483
581
446
582
489
537
502
365
310
549
332
687
372
326
312
518
471
346
250
573
511
571
501
539
486
488
498
549
496
397
499
498
486
636
459
488
499
583
501
519
486
441
370
546
484
579
483
346
212
411
331
441
341
574
499
549
213
528
280
661
486
491
524
526
494
543
499
469
501
522
484
416
501
391
257
405
390
534
499
571
521
499
486
549
414
575
437
531
471
511
369
526
478
549
416
539
324
617
504
559
456
702
493
563
499
430
352
501
604
526
368
614
511
536
499
591
409
424
398
431
512
572
501
352
295
541
334
636
485
473
335
426
333
569
496
546
501
511
528
283
486
564
331
503
396
627
446
501
494
582
499
422
368
576
424
516
484
629
483
573
503
375
496
409
501
417
421
434
506
552
514
514
286
584
484
569
411
566
487
531
511
528
488
596
411
527
511
592
499
521
499
518
466
491
409
577
399
499
502
529
486
503
364
494
504
646
499
601
483
487
519
641
413
424
284
473
420
416
499
552
498
659
499
531
481
309
488
501
498
606
526
644
443
511
486
523
458
354
483
572
331
538
483
626
343
430
341
416
498
566
473
754
489
455
342
594
467
582
379
612
454
