604
506
486
508
498
521
577
341
411
325
295
509
380
342
529
506
557
260
458
521
564
497
574
514
327
295
564
496
355
329
356
296
564
494
584
511
536
509
359
387
534
375
446
521
481
497
377
509
328
331
524
494
521
506
496
479
345
395
539
506
353
262
514
496
495
493
593
506
589
509
453
386
579
194
407
329
507
509
531
511
479
511
599
507
352
331
530
494
524
497
587
504
416
503
483
358
227
283
443
509
554
503
307
250
551
512
514
508
522
507
541
507
506
506
566
488
433
461
529
499
549
511
579
327
371
364
618
516
476
496
552
509
687
506
589
265
249
314
591
509
589
508
561
516
566
536
262
296
531
499
615
464
307
349
641
501
549
484
335
416
586
519
401
359
574
262
541
509
546
496
538
266
420
361
532
459
532
495
601
509
301
336
572
378
357
297
538
521
586
483
667
509
599
288
481
374
426
496
495
496
551
509
544
506
571
511
554
516
612
463
583
313
601
466
381
341
544
533
581
507
483
493
465
395
531
514
561
509
604
507
614
474
374
289
554
503
444
419
491
495
533
509
542
446
554
496
395
496
652
503
782
437
332
267
589
503
508
425
559
494
562
380
475
458
451
381
277
230
573
507
424
493
604
511
612
519
388
317
659
521
582
519
377
327
414
331
529
496
548
499
380
489
469
536
434
391
437
494
464
461
441
496
509
494
372
389
573
503
489
456
589
339
438
506
323
499
546
291
572
533
456
497
452
370
491
508
594
494
273
205
543
492
598
506
416
493
362
279
424
380
581
507
559
516
609
516
551
506
431
332
569
539
549
514
441
499
544
496
601
506
421
494
539
498
562
458
564
507
504
314
529
484
586
506
471
496
423
505
531
406
386
277
561
511
402
303
567
479
514
509
536
493
390
341
599
536
529
498
544
509
299
244
617
263
473
331
499
481
592
508
571
522
484
481
541
504
636
423
514
458
566
463
447
323
581
298
404
417
563
533
501
509
526
488
627
263
491
501
666
516
521
495
392
494
386
316
506
413
542
426
388
291
573
509
604
496
534
468
562
474
504
513
553
493
537
516
483
494
559
508
553
508
439
521
569
390
414
494
478
348
521
496
518
494
556
361
453
419
591
496
606
497
591
379
624
501
496
511
245
210
409
496
534
496
488
463
469
471
549
521
562
497
396
522
375
343
493
496
642
512
559
212
491
491
348
296
702
494
581
291
483
396
569
488
451
339
563
377
429
495
544
509
569
506
281
428
609
502
563
511
609
509
476
326
541
215
616
268
670
509
539
496
519
511
481
491
371
307
529
496
554
493
573
509
581
521
571
508
524
487
575
211
432
370
556
491
573
469
554
498
701
498
551
468
517
253
551
506
382
292
351
328
554
396
682
496
349
337
562
511
453
504
581
511
526
493
682
511
364
223
539
484
606
508
534
493
507
501
609
259
416
368
639
524
468
494
297
509
571
522
562
499
695
514
567
522
495
359
423
340
468
397
581
506
412
388
523
509
288
491
509
436
596
521
424
495
477
427
474
377
524
467
579
491
368
291
547
428
541
477
447
494
413
336
612
496
293
231
546
511
547
497
554
508
538
501
556
483
521
506
458
509
541
496
430
397
443
368
563
491
557
491
311
496
415
494
603
496
840
501
556
521
547
511
529
426
423
361
365
320
579
518
538
509
599
506
556
292
529
497
531
464
731
473
551
495
572
506
599
309
589
446
561
519
566
388
555
496
504
497
548
469
312
496
568
506
559
506
529
506
639
451
411
369
554
541
420
496
581
512
514
508
559
494
576
509
411
504
508
506
589
458
432
298
556
526
458
508
584
509
558
527
531
439
604
511
581
496
413
341
475
398
320
290
472
338
318
519
569
494
561
496
424
491
533
566
554
494
614
519
407
361
490
509
567
250
466
419
604
488
549
506
549
386
686
512
637
519
534
496
507
508
559
509
661
514
463
506
601
504
515
426
531
274
602
506
594
509
601
504
564
506
529
504
481
497
629
508
462
338
589
289
374
269
540
474
536
481
362
521
596
509
378
284
307
244
581
477
526
493
411
341
559
511
609
496
664
496
551
509
579
604
537
508
407
501
579
493
574
497
574
506
593
264
628
494
567
494
450
397
566
514
411
511
656
508
531
506
552
511
664
534
569
497
489
426
509
496
568
494
319
389
594
506
542
496
513
416
519
518
564
501
536
491
558
509
643
514
556
495
511
441
549
439
402
464
544
496
400
333
549
426
494
494
644
311
441
360
497
467
459
513
521
459
517
508
607
506
470
428
593
513
589
509
576
507
483
507
546
508
586
503
525
445
534
497
454
491
581
504
406
310
634
511
528
497
642
511
329
259
564
492
619
504
549
495
541
424
563
496
698
541
623
474
579
494
551
506
564
496
458
432
629
506
804
511
649
503
619
507
558
506
569
508
673
494
559
471
549
488
365
282
604
507
461
302
551
215
531
497
559
291
431
499
582
509
287
207
544
494
567
506
556
356
576
511
489
406
607
514
450
378
571
508
564
341
373
514
629
506
657
502
543
508
586
516
601
498
568
496
567
521
361
284
593
506
479
220
540
508
611
543
624
491
593
396
485
506
466
509
661
426
534
495
551
509
531
494
569
511
554
509
533
494
524
465
365
260
539
497
579
508
544
496
545
493
563
496
551
507
549
496
609
493
561
361
571
496
514
499
704
342
584
496
582
458
506
503
558
491
285
213
569
497
566
376
404
416
599
508
539
428
381
329
9271
421
279
197
672
523
564
496
469
511
526
509
569
357
426
370
389
507
586
368
460
387
460
422
572
508
533
289
617
496
552
384
566
497
549
511
483
406
456
295
549
505
563
506
504
509
622
375
573
493
522
438
569
486
730
420
453
428
624
511
566
493
569
456
557
527
455
419
545
501
544
493
597
511
549
497
456
287
581
521
562
491
566
551
446
339
563
526
533
496
543
481
356
410
631
503
576
504
473
417
456
378
561
508
611
521
536
491
581
511
561
529
597
499
651
479
584
508
450
387
573
514
552
467
497
389
822
506
556
512
576
583
821
496
561
496
577
509
557
508
569
499
571
421
629
418
456
392
531
375
589
495
409
498
488
448
640
509
324
289
569
497
333
279
555
519
345
257
443
407
479
425
606
511
573
486
462
506
566
494
581
511
650
508
739
493
460
412
534
496
546
521
546
499
538
475
726
467
799
503
617
411
370
458
548
509
479
423
544
461
501
519
486
496
519
497
387
299
345
476
556
503
582
521
521
508
562
521
662
409
611
519
659
501
394
514
583
508
561
496
586
364
549
494
571
497
559
335
574
391
542
524
513
504
563
509
664
486
629
571
471
496
542
477
514
496
534
511
571
499
576
335
563
504
564
504
551
288
596
516
531
512
569
281
776
429
589
497
636
536
344
290
517
508
415
408
473
391
554
504
559
493
517
496
576
430
499
507
557
506
597
496
586
493
687
501
586
455
451
505
576
509
629
476
546
493
544
501
581
499
444
355
564
504
314
533
451
388
523
475
526
506
475
291
546
506
542
497
556
486
569
337
591
509
586
521
536
429
566
534
450
418
473
433
498
493
586
506
536
493
541
506
577
429
541
521
544
397
544
501
559
512
544
512
358
290
615
509
502
415
576
415
470
378
574
511
584
496
504
559
437
494
521
419
487
391
566
494
460
415
564
340
621
507
454
403
661
506
917
521
607
519
531
441
545
398
510
359
632
373
601
516
581
506
656
409
392
356
555
497
496
493
579
513
601
369
554
498
582
508
579
420
481
402
569
507
579
491
569
216
431
496
491
506
554
506
446
366
493
511
479
506
463
506
476
407
612
508
534
469
543
427
561
499
599
509
612
506
516
509
647
518
430
349
561
497
649
509
549
511
569
499
441
519
533
512
464
464
507
227
667
368
627
506
782
511
643
521
472
387
624
477
441
332
513
533
584
313
530
461
579
496
576
504
561
493
452
368
568
508
418
511
540
501
393
326
645
464
486
503
543
496
321
292
569
522
637
514
689
518
537
516
554
453
571
491
586
496
662
506
293
491
503
496
561
522
513
504
613
509
845
506
561
506
514
522
417
498
469
418
544
477
434
521
499
496
556
509
399
346
546
509
639
511
495
506
435
370
649
499
574
504
461
499
405
328
439
511
461
506
510
516
521
506
541
373
529
487
586
509
609
509
614
496
562
376
577
294
507
516
642
529
509
494
494
504
566
425
491
494
405
405
569
428
532
509
584
523
597
499
389
349
557
434
524
356
553
517
571
338
741
397
561
496
561
508
734
511
629
497
601
511
642
410
524
493
395
396
556
504
403
334
514
494
528
493
496
494
434
496
636
581
499
509
554
509
526
474
506
521
561
462
529
396
601
494
581
393
474
494
474
508
586
289
405
496
489
296
478
286
360
541
621
499
591
343
578
521
601
516
634
507
445
386
573
496
505
504
416
396
583
434
583
476
434
373
430
499
499
483
569
493
616
514
434
384
609
413
564
395
586
496
566
511
544
508
518
496
574
499
401
340
574
526
572
516
559
499
571
506
561
496
551
504
549
370
