456
506
541
496
579
524
483
497
702
496
538
495
293
345
441
506
278
265
191
197
413
494
353
263
311
266
594
477
295
312
488
270
567
498
650
504
582
238
367
508
526
504
492
496
634
475
226
192
288
336
549
496
556
496
438
514
288
339
565
509
348
299
243
529
400
339
375
368
303
497
461
433
524
551
582
355
534
509
359
281
503
406
561
506
402
509
672
511
564
493
566
494
490
497
521
496
459
486
544
514
466
504
351
283
285
499
576
516
512
441
599
508
544
505
522
496
526
501
456
417
533
469
401
283
389
313
556
509
532
509
397
366
561
526
382
518
421
367
506
509
558
496
576
511
471
410
741
506
569
506
534
494
296
333
581
497
514
484
463
386
586
508
391
496
340
288
534
518
549
497
370
280
432
370
627
496
534
491
561
471
421
338
611
504
501
285
559
498
601
289
549
508
596
519
299
335
435
372
546
493
455
332
569
483
483
384
619
509
537
509
577
511
586
497
566
496
547
506
428
390
574
509
702
494
551
481
526
288
541
496
561
529
724
275
538
509
558
491
624
497
765
329
559
496
497
387
499
277
551
511
586
496
599
514
411
361
549
501
578
481
470
405
303
219
564
506
363
424
710
418
621
508
584
506
571
374
469
389
554
508
549
511
594
325
528
499
662
409
355
269
599
523
557
495
392
320
307
292
576
506
566
385
592
523
562
507
414
344
484
491
609
496
652
495
365
276
398
508
430
366
331
506
285
218
549
278
571
524
596
451
465
549
442
315
451
503
472
275
820
466
529
486
399
340
581
481
534
509
599
507
370
290
594
509
584
474
544
329
574
496
369
252
510
366
472
417
501
425
531
489
361
476
547
496
523
467
379
284
576
509
557
326
470
386
411
354
529
526
531
401
536
493
551
377
551
361
561
521
350
523
483
411
554
515
381
296
566
506
388
272
413
473
564
515
599
536
531
541
524
441
458
493
596
340
561
459
378
312
571
508
574
511
455
230
332
505
546
388
559
499
567
511
619
491
466
514
559
514
609
447
349
289
423
355
486
499
564
521
536
507
247
207
486
494
573
526
388
376
301
283
561
507
441
361
402
406
696
509
341
496
534
211
617
506
597
522
679
506
290
330
564
522
571
511
459
481
537
497
589
498
597
370
519
493
539
475
611
501
591
494
453
496
569
512
377
340
415
524
531
511
619
523
473
494
240
285
537
509
256
288
458
429
507
375
333
315
557
513
506
521
496
507
390
284
567
536
519
494
598
398
556
496
516
509
569
496
531
508
370
305
457
416
348
330
556
497
493
497
596
466
431
489
553
497
354
512
564
489
372
309
410
511
455
390
473
418
291
493
583
511
541
301
437
372
529
496
522
234
558
448
473
513
607
509
569
532
398
326
545
491
474
496
564
521
349
299
523
496
556
215
290
302
579
497
424
508
571
499
467
394
561
383
319
289
298
212
402
327
533
511
458
389
567
285
468
504
602
496
586
515
353
361
484
429
432
396
544
496
564
521
348
282
342
277
554
511
502
425
556
491
686
235
598
335
472
501
546
509
565
496
518
415
280
213
453
269
471
509
589
504
488
506
342
278
538
501
549
506
599
506
536
509
437
509
495
501
485
497
640
357
513
509
446
407
429
428
460
511
541
387
594
509
464
506
506
509
564
407
567
523
488
506
370
507
662
496
532
298
621
496
571
493
418
494
568
418
481
504
534
509
539
508
434
519
504
494
566
396
519
429
363
283
604
511
414
398
473
511
428
497
581
504
561
506
514
511
557
494
448
413
567
514
518
503
554
521
622
495
453
496
497
446
583
508
405
507
473
509
552
475
569
511
559
430
588
495
556
496
611
497
599
467
577
508
566
477
551
521
579
476
385
505
395
337
599
509
479
291
583
491
434
347
594
508
317
514
544
449
394
347
576
494
285
428
376
283
587
509
592
508
495
493
541
336
592
506
591
521
446
375
446
429
286
527
464
496
587
505
554
462
436
413
567
496
441
508
464
400
484
509
564
511
451
284
579
494
606
491
329
508
553
511
617
304
537
334
574
497
586
496
566
496
726
428
440
295
609
497
569
495
546
511
592
508
579
511
546
507
489
197
766
519
418
461
278
220
521
418
558
506
539
491
662
506
331
283
684
505
398
288
546
494
394
351
548
429
513
493
578
504
671
534
456
397
572
329
557
385
629
506
428
368
720
521
706
509
554
521
692
509
589
511
561
445
579
318
452
283
546
451
540
509
511
509
554
501
337
279
347
491
559
483
561
496
567
528
561
479
594
521
536
483
596
506
569
514
519
478
592
507
439
432
584
498
549
494
571
496
338
294
514
491
490
506
483
456
574
493
541
327
559
556
409
316
536
559
481
388
443
509
646
511
500
340
554
493
492
361
539
536
547
504
431
308
419
377
579
491
459
410
661
534
690
402
544
446
554
330
558
484
574
531
641
493
515
506
446
386
465
428
544
397
438
303
561
458
549
458
561
534
641
513
536
491
551
507
547
523
402
331
591
481
588
508
669
491
582
509
531
349
559
503
586
508
559
511
634
509
363
275
601
501
569
511
548
487
552
458
566
507
581
514
579
511
364
322
627
504
487
420
346
512
453
299
619
474
660
504
553
506
529
504
577
385
531
496
388
290
552
518
524
499
472
417
584
274
685
506
576
521
453
494
629
511
559
491
594
457
538
499
554
495
566
506
350
291
534
491
536
511
626
428
471
369
534
494
584
395
656
504
592
407
650
511
551
506
589
283
431
507
670
282
567
496
546
506
542
357
477
506
550
286
463
506
534
566
448
504
544
506
606
281
529
344
554
509
529
491
554
511
544
509
513
418
490
292
375
311
484
453
533
509
631
509
471
406
591
506
508
343
521
526
754
506
534
511
516
493
587
519
553
494
556
436
571
506
423
393
561
511
716
536
424
357
496
496
642
499
574
494
643
441
561
494
576
497
553
512
418
331
634
506
536
423
632
531
425
509
644
384
609
494
569
494
504
506
358
292
569
416
481
403
435
387
661
494
555
509
538
519
566
507
438
409
561
481
539
526
549
491
523
462
566
507
569
503
566
507
576
524
487
506
624
511
448
387
329
263
444
291
581
489
588
477
433
370
715
430
493
494
544
511
364
423
657
528
584
496
604
491
568
506
559
508
548
506
403
493
541
451
353
347
412
469
689
493
558
536
476
351
489
488
458
416
545
438
898
511
391
496
429
362
524
491
571
503
585
495
391
518
384
405
581
511
599
511
556
507
542
506
571
511
334
274
589
509
621
511
350
280
564
516
644
516
446
507
774
473
579
511
421
289
569
526
563
363
659
506
659
514
583
476
462
391
601
509
455
335
556
493
361
283
551
495
412
330
584
508
551
507
623
526
549
283
591
494
546
366
576
377
546
496
507
331
351
424
446
434
536
511
494
402
589
512
491
419
351
336
576
237
504
505
506
512
342
316
674
509
541
493
491
506
591
505
340
387
642
497
453
493
601
536
453
506
521
483
599
418
404
325
506
521
619
488
559
426
485
323
501
513
616
443
577
491
634
494
461
417
576
511
279
437
544
360
492
396
556
511
521
491
531
495
444
372
528
505
433
491
342
387
579
523
437
358
414
496
519
491
443
506
514
509
589
508
422
331
627
516
682
507
496
496
646
406
397
356
417
381
619
511
454
508
346
439
491
479
596
336
439
556
649
506
574
506
606
511
612
370
443
400
576
507
551
357
639
506
579
508
674
493
356
508
546
508
578
365
538
461
563
504
547
518
589
534
584
504
423
506
539
496
461
405
360
198
476
522
529
506
571
511
601
401
564
504
457
506
618
497
586
494
581
494
504
496
563
467
477
491
582
494
629
509
534
526
633
428
536
509
463
423
586
504
571
509
591
506
552
493
498
291
617
511
659
511
604
496
608
418
832
509
470
416
684
526
553
539
498
496
427
513
398
282
436
280
414
507
547
491
454
370
556
506
531
483
518
318
486
522
556
514
561
513
488
439
392
348
431
522
556
329
475
506
633
493
654
511
545
496
554
407
554
508
654
506
576
521
619
501
599
496
504
531
478
414
646
498
581
508
441
387
469
416
548
506
589
509
494
499
418
491
551
483
532
491
569
343
408
368
587
506
545
506
739
416
496
509
546
532
559
501
451
521
457
376
602
498
656
458
700
494
562
509
686
506
530
405
594
506
599
426
641
511
596
501
453
508
458
526
483
387
421
386
463
507
416
360
567
518
579
494
610
509
775
494
466
407
444
397
551
496
451
509
534
509
548
502
569
493
576
493
556
484
374
506
621
506
549
282
558
481
545
501
556
509
573
507
556
521
551
506
556
514
581
509
459
493
665
511
417
511
579
484
607
496
576
506
684
512
614
503
574
536
661
513
621
491
441
526
555
474
410
508
521
436
635
504
494
335
549
512
614
497
478
309
356
297
425
373
618
509
484
389
600
285
516
465
483
382
682
501
455
375
463
427
564
493
616
292
689
496
511
491
483
439
421
349
577
458
511
514
477
417
460
394
574
521
432
357
789
506
611
383
626
504
562
494
564
452
432
355
