597
497
537
466
613
366
388
493
541
496
526
496
584
506
576
511
444
501
184
211
445
394
346
231
399
288
582
511
297
310
333
261
559
496
526
507
554
260
471
519
529
518
578
509
494
518
582
461
551
318
562
504
410
334
492
538
394
329
504
438
416
377
579
506
488
398
549
489
359
285
465
335
289
479
436
503
546
274
531
504
353
424
546
503
434
427
589
521
424
257
539
291
481
234
569
504
616
526
526
504
529
272
383
329
601
521
385
462
511
332
273
206
293
331
484
492
564
509
439
429
494
514
617
521
546
496
541
496
544
198
556
495
547
428
543
509
425
368
432
377
488
496
469
521
438
397
488
491
561
483
569
511
531
511
513
425
546
282
219
209
592
513
568
493
556
516
578
321
569
512
383
380
450
369
454
499
566
519
564
507
443
507
579
508
579
516
407
319
614
511
465
389
589
496
556
496
383
363
584
506
411
341
542
476
454
341
401
331
254
203
566
290
627
439
583
368
547
491
475
418
561
509
330
396
424
514
303
508
329
322
573
522
492
527
559
521
624
503
574
511
687
528
486
491
576
496
612
514
546
509
546
496
426
335
462
437
476
282
616
397
627
493
544
499
561
488
586
431
504
497
476
504
546
491
357
337
496
404
552
504
546
511
408
377
551
315
564
518
529
285
591
494
561
494
562
509
587
221
389
307
531
506
606
497
687
536
497
351
566
503
552
474
547
499
531
481
599
324
511
507
546
521
604
495
509
522
494
496
579
206
418
559
491
489
254
345
606
521
321
345
499
506
534
491
521
509
562
496
431
494
455
317
340
329
549
501
508
461
444
496
523
496
336
504
217
214
368
299
576
513
350
479
498
491
559
508
348
301
609
362
548
522
587
491
506
405
566
468
569
499
551
479
511
496
601
521
494
325
489
215
589
531
561
531
543
407
450
423
506
496
568
496
518
494
441
531
556
495
381
283
274
306
386
329
815
489
310
359
531
524
421
395
579
208
544
496
537
511
504
436
553
496
573
498
554
443
544
496
566
414
521
496
549
334
559
457
361
319
559
493
574
276
576
498
372
285
611
496
487
508
444
335
392
382
370
512
487
503
787
263
623
278
601
481
539
483
528
482
425
337
532
519
556
496
370
437
556
458
579
462
523
369
443
519
556
347
571
518
564
506
641
511
410
327
387
332
527
393
298
339
368
323
419
491
350
393
419
507
583
496
415
496
467
509
608
501
494
478
614
511
534
506
552
511
346
291
594
533
413
499
571
507
573
496
558
339
546
509
531
473
574
425
373
494
558
509
546
512
557
509
576
504
360
298
591
494
531
481
318
314
506
491
279
493
549
494
726
493
534
488
533
511
412
307
647
463
536
491
428
370
471
409
568
529
348
303
539
521
590
417
406
385
704
461
369
371
389
509
438
375
541
536
566
519
531
498
582
511
553
474
641
279
569
211
614
519
544
496
447
416
534
509
464
406
385
506
617
426
395
511
421
386
267
207
569
505
538
496
296
215
332
278
324
274
499
496
387
369
591
268
305
237
435
497
541
511
576
474
533
496
424
356
271
206
321
265
544
518
483
536
592
199
519
517
443
504
549
524
581
499
541
474
319
514
572
471
641
511
299
469
554
509
554
521
604
501
568
473
531
496
732
616
545
491
562
508
564
497
604
507
466
466
499
408
563
461
524
497
569
519
523
509
515
521
611
506
487
497
596
390
504
506
461
417
548
494
481
427
529
506
253
282
571
526
552
496
306
418
519
502
649
507
451
289
583
506
601
506
406
331
438
506
547
503
561
504
656
503
604
499
554
211
572
506
574
428
488
424
531
506
396
498
483
496
589
511
561
506
529
476
544
509
551
291
607
511
542
511
568
514
566
506
584
496
612
511
552
488
458
409
669
418
542
304
639
220
453
416
421
368
521
508
408
297
567
218
323
370
462
405
574
491
569
337
602
338
551
514
584
496
531
508
545
506
473
415
526
519
498
507
532
406
611
506
471
495
497
506
551
491
529
481
480
408
556
471
561
523
558
524
445
506
549
521
656
516
604
505
432
341
441
370
470
405
620
496
583
507
486
428
589
511
524
496
559
493
541
496
584
491
546
509
529
437
568
524
594
614
706
419
546
496
523
494
352
293
526
501
524
491
581
496
386
508
604
511
499
532
467
498
594
403
546
521
919
508
525
499
564
508
604
509
561
491
493
379
589
509
617
509
604
485
516
491
528
481
579
508
307
261
543
507
601
503
579
218
609
506
286
213
404
378
344
295
9575
494
579
509
533
479
518
494
537
493
554
524
531
493
594
511
536
504
621
506
539
514
407
496
400
519
413
329
500
511
543
512
604
491
528
493
651
519
384
331
766
292
677
513
575
511
460
408
592
467
588
331
366
397
558
601
824
511
303
227
664
498
489
427
569
511
661
547
637
478
566
503
546
506
619
459
556
498
439
376
542
439
597
493
461
509
819
508
599
511
605
504
553
504
591
504
544
456
488
416
556
479
609
509
385
338
471
429
746
495
554
516
576
469
551
507
418
359
447
407
464
390
516
496
305
521
428
481
639
449
549
493
554
509
551
491
446
383
581
496
529
335
541
493
345
281
801
521
523
524
633
499
453
384
513
403
612
496
589
207
563
506
549
361
505
493
636
509
542
354
471
361
539
513
546
497
556
493
519
496
649
428
579
459
589
509
564
506
430
370
581
512
541
509
639
338
531
496
447
521
579
571
609
506
646
424
586
496
503
326
551
211
531
497
546
461
541
509
559
524
454
391
521
427
399
496
526
469
496
423
602
483
475
524
546
493
391
493
556
501
531
521
656
462
538
521
579
501
541
497
571
522
564
511
603
426
539
523
619
506
451
398
750
347
576
521
652
564
601
507
575
407
561
504
539
493
567
511
556
509
546
496
473
415
732
506
554
493
541
496
556
508
534
493
396
309
479
507
567
521
636
513
517
521
441
369
624
546
549
519
579
509
562
506
536
492
569
438
553
519
546
521
523
492
582
497
714
391
566
496
476
408
552
501
524
518
546
496
502
521
582
496
419
305
441
361
549
492
529
328
424
334
541
494
511
415
543
511
366
275
473
367
444
220
609
519
554
516
591
509
581
509
629
494
576
496
441
506
569
507
457
496
616
496
787
509
464
399
552
330
529
506
602
571
634
586
309
213
557
456
393
320
534
496
563
511
627
519
351
521
649
509
574
333
598
507
456
401
546
496
486
496
423
396
722
506
531
488
428
514
434
384
477
461
606
508
533
361
564
514
557
506
576
512
437
417
571
512
474
360
596
387
534
506
549
494
829
496
737
496
462
359
566
454
657
424
569
463
489
494
592
499
568
416
606
511
387
300
594
494
586
424
539
508
614
463
569
359
614
521
712
536
528
503
564
524
462
387
395
511
646
521
526
504
447
370
508
496
609
506
546
496
636
507
270
508
553
496
484
395
249
297
581
444
419
349
398
339
516
508
519
359
426
416
634
512
449
496
364
512
571
496
567
498
591
499
556
521
476
478
501
521
549
533
609
504
536
383
531
281
561
507
574
511
586
499
555
521
523
491
523
415
526
483
552
496
642
521
574
506
626
533
684
574
546
494
564
506
529
498
388
496
573
370
523
519
528
499
561
509
608
509
545
399
582
523
769
507
606
496
477
484
637
493
604
496
631
509
307
210
446
344
491
371
646
508
594
433
579
494
611
492
588
513
674
518
544
511
398
275
554
497
629
496
729
533
669
437
640
504
634
505
642
508
559
491
609
501
604
503
373
267
401
356
521
504
559
524
559
496
473
493
446
405
639
390
566
497
529
494
517
488
533
501
475
523
574
508
364
329
537
512
644
496
658
510
594
507
511
509
564
441
524
504
371
405
589
509
589
506
592
509
445
387
556
518
752
528
493
415
461
371
631
511
582
509
626
496
544
506
737
503
422
414
549
516
552
494
529
270
534
511
481
494
433
507
427
505
497
504
474
549
501
488
353
303
576
507
609
428
501
491
282
290
547
507
329
192
620
509
459
392
592
496
658
406
629
524
761
503
568
498
438
503
493
522
471
508
454
496
649
483
457
504
526
506
592
521
524
496
625
382
23454
522
523
495
539
509
318
358
428
331
592
511
647
511
518
505
527
518
527
261
622
509
486
497
534
509
563
521
557
504
444
506
576
524
631
513
563
493
462
509
438
467
396
481
425
496
526
508
536
491
464
506
546
423
619
497
479
494
542
531
637
513
687
503
629
468
330
503
446
506
535
507
493
539
544
501
552
521
579
411
468
499
488
406
513
519
574
507
396
333
569
506
558
508
549
429
493
511
503
491
571
494
435
514
541
496
579
283
790
496
644
516
581
511
551
494
231
411
528
481
591
494
431
497
451
549
607
526
593
508
566
506
368
283
351
511
418
384
471
344
870
505
548
511
385
304
538
496
759
506
415
348
579
504
569
491
574
507
653
509
471
483
613
494
527
504
458
377
650
496
624
494
551
484
579
536
587
496
714
506
592
511
551
506
511
496
611
496
437
326
569
518
428
494
514
509
549
514
526
496
421
354
292
214
