434
509
596
509
450
368
381
351
408
328
468
513
481
483
497
521
251
504
564
218
473
280
308
497
351
280
566
494
468
524
439
361
531
494
474
467
426
494
348
494
361
274
486
491
406
491
516
506
566
522
564
507
435
514
292
506
421
339
493
459
409
322
647
496
513
418
537
479
554
418
483
339
411
533
704
508
338
264
497
419
436
483
398
349
558
525
371
346
701
506
581
488
576
524
515
413
568
521
584
523
325
283
453
513
543
332
387
505
536
341
383
324
363
330
445
496
536
506
539
511
569
492
407
509
579
275
584
487
291
207
571
461
579
467
473
461
629
499
446
511
432
305
624
501
614
441
567
511
559
498
352
295
564
506
556
494
576
496
526
499
541
444
576
508
497
516
554
491
494
534
354
330
576
504
553
423
462
506
554
415
511
511
492
437
393
302
403
293
622
519
591
514
388
312
562
494
364
356
517
403
457
338
546
496
377
331
371
509
256
223
419
338
557
548
428
341
411
521
502
534
584
503
549
509
584
509
471
522
614
496
524
453
591
496
434
340
414
362
474
424
504
503
576
506
395
321
379
523
586
493
666
496
381
330
574
213
633
498
512
494
366
286
581
508
581
507
586
493
430
534
697
496
423
343
391
341
527
506
601
516
383
511
594
509
356
305
325
516
609
388
562
496
549
473
681
496
277
217
544
506
387
507
439
499
554
491
427
340
479
393
575
501
584
504
549
383
552
468
593
516
329
507
531
512
563
499
349
497
584
497
587
509
438
312
537
509
493
406
326
316
577
511
355
302
342
339
567
496
552
509
539
494
616
471
544
497
807
503
551
519
453
506
342
217
590
216
609
266
419
511
506
467
624
506
461
496
416
509
601
506
568
496
416
370
563
511
379
507
511
496
395
331
541
461
766
494
599
506
513
519
348
526
569
516
559
456
541
439
384
350
427
489
554
455
330
381
534
501
539
519
442
395
404
314
541
431
561
501
371
524
554
569
383
502
468
320
350
276
551
506
401
373
307
286
594
505
606
508
561
521
582
496
559
506
576
516
473
523
339
323
352
276
690
499
377
277
511
506
421
330
377
330
521
506
556
501
586
195
526
539
568
506
456
428
359
314
315
242
576
506
549
489
504
334
587
506
499
491
558
497
659
511
631
496
430
379
564
523
532
504
551
509
304
322
472
509
572
511
433
216
253
313
558
499
446
508
375
511
494
506
471
461
574
507
469
323
541
491
578
511
539
521
514
511
544
506
554
524
420
415
526
496
516
496
542
507
576
496
346
511
398
509
574
406
566
516
546
493
531
509
581
488
544
459
546
497
574
498
571
506
432
385
574
294
484
491
372
511
601
521
524
494
399
340
519
491
534
476
375
399
566
425
639
511
591
289
414
348
543
511
543
483
527
496
470
323
254
213
589
496
604
494
434
381
539
511
579
509
355
387
543
249
556
280
574
509
514
499
318
508
709
315
297
320
564
511
589
504
561
506
340
505
584
292
471
516
586
509
289
201
366
280
724
507
642
493
579
514
556
538
551
496
544
489
559
505
381
321
577
522
559
508
579
512
614
265
571
518
448
528
579
508
536
328
556
506
567
508
568
569
534
506
541
494
557
501
556
431
503
523
551
511
551
509
571
489
534
494
529
476
487
504
482
421
308
274
436
521
581
514
499
493
479
509
591
504
576
506
561
521
359
427
554
466
453
505
556
508
516
377
466
496
522
533
446
394
456
524
549
513
516
496
528
524
501
481
431
477
477
427
431
507
392
291
529
493
422
533
706
372
479
407
601
493
551
407
583
504
608
505
491
504
576
497
511
544
612
451
612
461
599
491
539
509
569
511
512
533
571
400
519
496
566
511
487
511
596
506
506
518
378
506
498
417
379
375
561
451
479
429
384
288
569
506
582
509
496
509
425
409
454
390
334
283
745
516
529
504
573
461
514
496
253
348
541
504
644
375
566
505
554
496
611
507
488
464
555
493
546
506
579
514
350
496
370
286
529
497
534
503
554
496
501
506
502
431
574
387
503
521
567
507
375
319
533
476
551
498
602
380
339
378
579
506
490
426
536
521
584
509
511
496
549
506
443
524
400
329
614
527
498
428
468
426
481
418
496
496
282
339
478
361
450
374
499
508
390
396
549
488
505
465
541
494
402
497
536
387
492
416
354
521
679
431
597
527
589
508
391
521
295
184
576
493
563
504
480
404
647
488
582
504
581
521
607
496
569
287
564
458
782
495
435
336
604
373
642
406
569
410
539
511
589
430
547
507
689
514
531
491
617
503
554
494
260
476
569
491
713
396
554
509
630
533
459
517
644
257
566
496
385
328
569
506
491
496
556
511
551
503
569
536
573
246
320
268
424
377
394
331
561
506
799
496
579
504
364
481
407
336
626
504
281
222
554
511
528
515
586
497
429
366
584
519
581
511
556
524
534
524
556
496
566
493
444
405
524
506
434
524
566
503
450
370
446
369
328
273
529
382
551
494
489
397
577
508
541
506
569
511
704
542
609
491
624
506
521
496
559
496
521
399
559
496
542
506
596
506
574
536
468
373
661
334
567
518
573
508
574
499
554
491
558
406
281
496
579
498
512
368
762
496
502
409
617
513
594
506
572
509
429
345
483
388
559
506
533
491
462
373
620
509
542
501
576
506
536
506
563
476
539
345
566
524
547
496
519
337
705
496
551
494
562
524
524
512
597
521
549
506
594
458
569
378
624
523
546
494
501
496
409
496
378
506
519
506
593
496
558
517
316
511
546
493
559
509
531
501
557
388
549
521
554
427
596
506
581
521
554
382
362
512
588
406
541
497
561
494
519
495
524
473
345
506
549
509
558
507
525
507
592
504
549
511
524
496
427
544
566
399
549
513
544
511
607
496
585
508
636
493
437
368
591
496
482
377
599
506
567
370
576
511
571
518
576
499
519
494
596
521
564
521
629
491
561
503
495
491
581
531
561
496
542
494
607
461
518
533
601
496
692
514
558
509
626
506
539
499
654
521
562
397
508
506
505
476
382
317
398
517
569
368
451
496
587
439
546
339
569
509
629
506
631
419
569
521
564
509
499
501
559
504
487
421
463
394
561
285
552
517
521
491
533
506
689
493
552
419
541
519
683
513
567
469
464
494
588
496
532
403
431
398
481
506
676
508
581
507
554
504
649
601
496
305
569
296
482
391
536
385
606
506
564
508
634
486
614
496
561
511
539
491
421
275
536
497
589
505
581
514
606
451
575
511
569
506
532
506
495
318
411
491
609
506
361
391
582
521
514
368
421
359
546
496
583
509
377
330
527
493
402
361
596
476
531
497
551
494
579
377
546
493
627
405
459
506
557
509
548
507
543
496
436
403
626
508
551
524
541
506
548
463
557
508
754
521
378
275
539
507
583
521
579
541
458
493
499
438
597
495
549
496
593
481
577
493
518
481
533
489
412
361
541
498
346
499
554
489
556
496
649
521
536
497
662
507
571
521
494
427
534
415
541
495
444
395
509
499
835
412
449
509
576
489
622
507
615
509
440
376
582
387
521
495
429
424
541
476
439
511
569
469
534
496
549
418
540
430
465
491
531
494
532
514
558
337
441
517
436
496
569
506
591
458
652
509
579
449
514
508
587
496
614
393
637
518
613
406
607
511
544
511
641
496
531
496
528
496
700
514
345
293
360
211
538
439
584
345
483
402
446
331
613
509
556
511
661
506
514
275
566
517
469
424
486
501
518
503
573
509
474
334
900
521
597
521
423
355
582
511
457
392
454
509
492
209
538
273
466
506
429
425
486
507
499
494
577
496
608
318
518
388
562
496
508
509
443
463
541
511
536
551
460
385
579
509
654
523
471
438
564
503
566
493
624
497
444
360
437
493
677
407
579
497
348
283
478
344
606
494
699
499
700
496
699
508
642
506
450
373
488
506
444
507
557
504
574
499
538
499
457
403
416
497
538
496
531
509
475
503
459
411
592
484
613
511
511
501
607
471
569
509
576
495
633
511
411
287
594
481
556
491
446
491
544
477
616
493
574
535
411
416
516
493
551
496
398
302
346
331
544
493
453
504
372
317
561
494
497
511
531
509
626
499
644
507
499
412
573
501
441
370
601
509
415
349
563
511
566
504
546
499
473
428
357
261
389
337
647
511
574
493
579
508
747
509
487
416
389
312
342
287
564
469
637
496
549
496
572
506
541
494
547
369
436
486
471
509
574
507
506
493
473
282
664
512
371
295
624
496
491
508
468
419
413
507
581
506
563
493
381
355
575
393
942
507
571
493
531
504
596
509
584
506
439
377
549
526
544
512
633
416
642
405
537
508
531
508
594
489
506
495
394
498
453
338
575
499
586
504
569
361
494
572
574
496
584
514
604
489
553
512
544
352
579
498
519
504
592
506
539
509
444
390
614
496
582
521
473
514
519
509
546
508
572
493
574
498
497
509
669
496
436
536
548
519
553
461
546
511
510
496
536
519
533
406
592
511
629
506
553
484
501
333
547
496
446
387
459
390
431
391
704
385
448
509
451
496
603
503
651
451
583
501
624
507
502
509
554
461
