586
511
423
309
437
501
584
499
534
479
376
346
404
474
335
305
561
511
551
501
561
504
581
514
331
263
521
503
587
491
333
280
360
347
302
212
456
437
579
514
557
502
509
504
592
513
614
503
413
542
534
501
479
491
371
506
539
503
551
516
388
349
444
217
593
372
504
519
368
504
476
513
285
276
514
513
471
464
383
315
379
529
481
514
441
513
491
519
671
542
519
489
529
559
519
424
441
524
551
506
312
257
549
519
439
516
582
503
479
337
562
516
437
504
551
504
589
504
365
344
581
504
599
536
389
296
531
515
408
317
383
504
571
529
539
501
526
504
394
334
572
511
354
511
551
477
587
517
629
516
554
528
599
323
536
506
722
293
589
526
602
422
619
477
350
287
306
286
553
504
561
559
598
541
654
517
279
267
419
335
563
529
581
516
551
501
500
360
377
321
447
519
368
514
651
544
426
339
584
513
457
336
519
433
586
519
579
504
411
446
543
532
516
518
466
334
521
479
641
516
334
270
368
297
754
516
561
503
579
519
355
527
521
516
479
373
437
341
482
276
393
373
546
514
348
274
465
514
541
524
413
528
551
505
670
209
576
516
551
514
496
491
511
529
414
431
525
507
539
516
488
517
358
328
624
513
538
466
568
385
711
519
531
469
596
477
752
374
579
504
584
516
571
511
557
472
369
321
549
483
529
504
501
435
549
424
390
298
530
516
549
519
543
517
504
501
411
516
569
423
549
531
549
536
506
519
561
492
542
501
551
489
569
511
576
487
522
504
559
396
667
509
536
574
424
501
581
468
521
401
546
549
601
514
519
503
539
498
621
504
827
504
471
508
285
210
537
516
395
481
459
474
554
527
561
513
519
501
556
494
611
461
504
423
410
339
655
521
551
504
569
518
642
519
523
501
566
498
541
516
609
511
651
408
444
312
515
331
579
276
556
273
300
562
284
215
529
508
539
499
566
264
287
235
308
278
574
504
526
516
586
503
797
516
574
528
455
404
629
516
656
513
864
521
488
445
569
517
583
512
544
519
414
336
599
528
508
217
571
242
357
276
547
529
534
513
494
529
260
219
589
501
576
577
559
503
294
499
352
274
564
516
578
371
605
541
517
513
499
391
469
512
504
521
577
514
415
399
399
433
581
518
383
373
469
534
412
519
539
425
684
514
278
423
427
525
338
220
241
217
420
346
252
385
430
524
584
518
462
382
459
514
529
439
573
536
514
494
464
435
493
503
279
504
363
277
579
501
429
297
654
528
589
524
832
516
561
511
544
517
288
210
551
499
433
516
437
364
564
513
325
501
428
506
689
422
518
532
576
318
591
533
539
516
622
518
445
503
519
529
546
504
484
504
546
301
586
519
624
539
424
501
614
514
579
504
674
516
523
516
555
505
409
325
424
325
250
205
507
519
503
437
412
370
467
516
347
503
436
511
609
466
343
268
589
529
584
526
616
300
345
516
557
516
541
511
475
355
574
501
296
216
481
502
541
399
445
394
237
224
559
516
381
504
409
448
569
516
551
544
332
288
443
266
526
543
589
524
368
335
551
504
503
443
317
411
357
287
423
328
181
523
421
478
584
382
501
506
526
335
631
531
542
508
362
523
357
410
568
503
672
483
539
498
569
524
496
511
579
436
481
511
476
504
517
504
599
516
401
503
561
516
468
524
461
514
566
519
553
518
429
400
351
286
621
578
444
519
554
503
425
507
511
529
418
501
341
299
474
340
538
504
559
517
355
420
484
531
546
501
554
524
551
439
454
411
549
476
429
513
581
393
536
413
474
486
345
213
569
501
679
504
638
517
632
539
554
519
481
504
519
504
483
529
654
529
434
377
662
521
552
381
569
503
481
513
714
506
406
341
764
542
564
432
547
526
604
544
509
321
644
403
415
405
521
456
483
392
440
501
581
516
465
517
528
503
413
418
682
413
609
501
572
336
604
531
564
512
501
519
571
519
563
531
564
514
374
305
594
513
537
516
443
366
463
382
559
375
586
514
498
519
441
394
561
513
589
504
609
504
559
544
566
344
686
376
699
516
280
515
383
514
719
421
302
519
589
516
548
514
538
531
493
526
544
514
443
385
504
393
456
412
604
469
326
534
586
491
589
516
592
380
588
297
537
403
352
221
416
341
596
541
596
504
576
481
461
387
589
499
471
421
529
504
561
546
694
504
536
336
361
287
409
504
531
519
533
504
579
529
618
587
616
506
406
491
636
531
561
485
564
519
345
292
551
526
612
458
559
514
387
330
577
513
591
543
535
292
311
244
642
531
591
511
529
517
611
518
507
431
333
274
557
335
288
210
574
504
596
506
388
296
450
324
531
513
561
517
582
503
702
523
634
338
517
439
546
211
546
504
677
501
562
541
502
380
569
337
561
504
426
403
295
217
567
501
652
504
561
504
592
425
542
477
541
370
562
516
439
514
559
501
559
519
600
302
631
512
554
513
558
514
432
513
563
514
498
437
571
498
453
365
564
504
579
544
544
502
592
529
649
516
584
501
431
375
556
468
494
424
399
334
553
502
423
355
571
503
557
518
567
391
607
526
602
549
526
431
559
514
622
506
439
501
664
514
569
504
313
501
868
516
408
285
587
504
581
468
624
516
533
422
569
512
700
514
546
524
526
503
581
519
569
516
619
463
559
521
549
492
629
435
564
521
466
497
469
425
502
429
399
516
588
516
487
423
576
528
544
524
634
531
546
509
571
516
596
532
393
344
809
516
698
417
794
519
571
414
428
516
577
516
577
504
667
392
616
516
569
349
470
383
509
396
374
281
594
506
625
524
571
511
559
361
576
503
561
514
556
516
552
517
576
517
584
504
529
506
593
513
583
503
551
526
593
532
567
516
569
516
601
511
601
544
480
511
536
504
562
506
568
472
551
514
549
516
547
527
551
377
522
424
568
430
587
513
567
501
576
529
434
382
578
514
648
489
557
501
531
499
596
502
467
331
556
528
566
519
401
395
569
524
394
374
551
383
546
504
721
516
582
526
523
504
659
522
573
519
549
504
579
524
566
529
380
543
480
536
571
534
544
499
589
519
595
511
562
519
627
498
564
504
514
519
567
286
459
447
553
517
537
488
564
521
452
391
536
501
524
516
542
536
366
310
548
519
592
505
556
504
437
403
405
529
549
503
629
435
427
356
636
513
461
417
587
295
584
511
584
513
332
504
516
286
332
282
546
561
491
484
548
516
644
517
562
526
573
507
616
528
563
528
456
343
532
400
684
472
529
517
549
513
583
436
519
434
303
498
572
392
549
393
477
403
546
501
606
534
566
457
576
518
557
433
514
514
599
504
564
506
549
511
559
518
462
404
591
517
483
481
531
501
477
432
406
506
601
509
452
396
544
517
563
513
556
544
593
504
584
414
507
392
571
522
343
433
499
512
546
516
576
503
639
515
528
514
559
511
644
506
571
377
561
516
532
512
651
516
511
504
478
499
481
437
345
344
332
465
556
506
302
283
504
403
777
506
542
504
609
504
471
501
524
505
551
515
626
531
659
433
554
377
629
529
553
465
601
516
528
513
589
521
483
287
553
523
428
414
583
516
569
514
585
385
809
504
556
529
483
515
523
430
605
517
391
401
623
422
394
504
439
498
385
536
531
435
494
502
544
516
579
517
529
504
569
518
579
526
464
516
441
504
591
516
558
502
431
381
302
213
634
516
439
494
496
519
572
501
757
513
332
289
358
347
465
506
517
387
463
411
666
579
491
504
665
514
351
411
724
516
491
501
657
501
368
511
566
501
496
411
639
531
487
437
606
536
612
514
546
501
599
514
634
518
684
526
624
479
561
422
564
514
549
519
496
529
451
461
486
288
582
519
499
411
479
503
569
501
612
464
614
505
659
506
602
518
460
506
525
386
483
517
498
413
484
504
489
526
564
512
486
516
527
517
576
514
599
506
624
501
469
516
589
516
505
516
511
501
524
503
559
423
654
519
561
514
353
283
511
528
612
517
669
559
559
504
562
266
840
513
556
501
606
531
554
523
529
335
548
424
593
516
435
504
606
516
571
519
554
514
551
524
539
501
646
509
536
529
617
335
599
504
582
335
654
544
542
437
561
513
477
506
770
516
603
503
671
524
566
518
579
536
551
571
542
488
594
518
546
504
507
501
634
489
563
405
714
521
526
509
601
496
474
516
419
503
559
519
576
218
609
501
474
373
336
504
671
516
566
237
641
437
515
398
602
459
515
519
546
380
554
516
473
519
559
495
638
504
572
519
467
327
537
241
543
514
425
466
539
516
494
503
589
526
528
502
473
402
548
519
596
476
526
504
540
504
552
383
566
526
492
394
455
405
486
501
484
506
507
476
650
536
609
516
566
372
516
342
516
488
563
506
576
531
568
516
650
531
567
504
609
507
636
310
445
504
551
496
486
516
470
506
516
514
612
504
579
517
554
506
647
504
542
528
526
435
556
529
626
511
503
524
401
416
463
503
358
351
370
333
479
501
519
501
544
504
445
287
597
392
531
504
581
516
358
295
637
513
573
514
562
504
561
529
597
511
536
495
529
519
