596
518
397
353
518
514
605
509
519
517
367
343
286
193
288
313
543
489
524
322
624
469
584
514
304
308
547
462
567
491
405
296
601
514
264
213
576
393
451
537
566
504
527
513
578
531
568
504
501
461
605
514
314
514
523
514
529
501
256
489
404
335
526
461
632
527
376
348
533
317
579
501
377
417
424
526
332
276
380
331
842
529
601
504
586
473
524
434
424
524
431
507
288
517
491
504
339
513
409
511
597
504
429
383
367
518
519
521
396
380
576
511
542
502
531
302
571
513
549
504
461
438
562
474
443
300
435
348
368
334
471
501
569
516
470
488
514
505
574
506
334
345
538
436
398
328
428
514
461
404
699
516
495
503
619
514
369
293
537
519
524
504
603
220
619
552
363
401
576
528
596
466
338
504
556
521
543
518
582
273
346
272
294
504
550
516
402
320
434
322
612
516
639
526
601
501
437
352
502
290
536
493
383
425
676
541
397
336
574
529
504
519
373
302
426
348
248
305
483
519
490
401
402
381
589
527
445
464
554
445
549
284
564
529
664
521
451
319
589
516
453
501
546
516
546
504
553
229
571
516
362
306
782
283
463
316
597
506
577
531
586
288
423
386
272
199
571
531
317
504
469
415
622
526
614
447
591
526
556
517
559
529
558
503
321
289
569
503
564
449
555
425
473
514
509
511
581
223
398
505
561
539
451
390
404
339
494
324
581
518
503
368
569
504
518
518
581
517
388
221
321
288
909
528
545
516
569
527
239
211
394
337
621
503
536
521
438
534
616
476
556
479
632
519
179
215
556
531
519
363
581
513
574
341
606
525
471
514
548
507
674
548
442
503
213
214
502
514
562
506
552
524
591
513
459
466
531
501
347
301
485
433
551
444
471
434
490
312
604
496
473
505
602
504
543
503
375
286
569
502
536
503
699
400
340
323
574
503
554
274
484
453
561
458
564
529
594
514
559
517
360
287
561
656
519
395
353
304
581
323
594
514
402
344
504
255
569
521
914
536
601
501
569
516
430
386
299
531
563
419
609
514
554
335
549
516
520
216
527
245
564
519
574
494
531
514
539
506
395
514
639
511
508
526
592
511
642
504
365
276
461
516
624
504
554
516
343
292
579
464
284
215
517
432
561
517
467
518
540
467
602
521
559
366
561
511
468
516
614
524
659
512
453
504
549
519
482
503
324
504
379
298
537
504
395
466
458
446
533
503
581
396
272
295
582
516
491
517
493
511
584
422
611
328
456
300
539
332
549
516
546
382
488
504
579
262
552
503
558
516
272
222
571
519
531
474
554
226
534
503
524
266
577
451
352
310
574
516
566
504
381
501
277
283
448
324
505
517
186
214
544
529
559
507
343
517
606
524
556
519
471
501
496
501
554
521
474
529
588
496
581
516
436
404
397
298
556
501
529
515
555
503
589
514
301
201
297
253
591
506
588
516
569
519
361
332
589
511
392
337
348
422
589
521
601
518
532
518
563
504
641
524
515
431
444
501
618
467
266
504
471
514
503
529
496
374
529
487
430
516
428
491
373
273
579
516
581
506
594
504
611
399
379
526
569
523
508
502
556
531
566
519
424
496
280
506
462
394
554
344
602
511
623
542
593
300
494
516
615
524
516
509
524
519
544
504
179
195
649
514
526
519
472
503
483
516
629
514
474
485
475
422
677
501
512
519
526
358
476
366
401
466
324
288
566
544
583
501
557
516
539
515
544
506
549
516
485
430
551
512
506
501
656
516
460
504
541
516
559
514
500
439
526
531
553
501
571
514
576
453
531
552
554
516
675
350
574
516
455
380
364
292
435
518
589
506
587
514
355
514
490
411
549
273
466
423
601
481
569
517
589
521
546
513
447
384
445
519
443
429
542
502
574
523
501
272
538
516
564
497
533
503
561
511
497
315
569
501
567
506
581
450
493
519
551
476
410
508
602
501
569
526
453
516
546
534
617
529
549
463
441
519
442
375
518
387
392
504
587
514
427
504
483
225
387
365
491
346
589
458
451
369
372
288
375
507
571
521
607
503
767
519
574
441
591
504
506
519
594
503
534
522
563
514
649
224
457
376
825
504
596
431
448
366
474
504
592
514
517
385
616
511
578
528
604
493
399
518
556
526
502
395
556
482
559
519
577
293
398
504
533
504
603
342
566
368
446
305
509
424
541
424
556
503
516
504
566
357
579
489
611
544
591
503
597
541
568
512
508
405
380
523
551
503
576
521
597
516
574
524
551
503
531
295
534
504
461
506
591
516
468
401
515
433
561
443
356
293
639
504
496
501
460
447
569
496
418
385
549
517
764
516
566
494
557
401
494
504
549
519
541
513
576
513
429
403
358
499
478
413
862
526
394
321
577
503
527
504
382
286
642
524
579
504
551
501
549
506
497
504
579
523
591
511
380
252
577
504
609
516
481
421
631
518
510
413
566
461
591
501
587
512
624
519
365
283
553
518
647
501
586
529
433
391
628
513
554
526
493
416
559
516
659
512
504
421
589
504
505
529
544
532
681
335
622
506
438
359
461
424
624
526
564
507
544
514
426
345
567
503
584
539
537
430
577
521
563
506
592
513
581
511
571
516
481
516
565
529
561
513
551
424
686
527
587
514
606
515
559
516
498
385
594
501
471
360
544
503
687
471
576
506
472
433
529
501
607
531
606
504
654
501
558
504
589
461
770
508
479
290
597
504
612
506
369
504
752
503
447
374
557
518
511
531
576
517
607
521
415
344
435
350
460
402
562
307
619
556
412
294
572
512
566
517
509
503
537
514
562
501
574
515
624
504
479
518
567
505
584
506
587
516
528
519
671
504
526
499
430
391
543
523
559
511
591
342
535
345
636
528
465
399
561
516
347
288
664
448
494
529
499
411
576
502
589
516
596
513
578
506
593
465
348
516
467
402
599
501
523
531
549
514
502
390
545
509
596
516
544
501
534
506
576
504
581
501
354
290
473
501
516
533
534
448
619
504
483
391
596
514
546
501
574
399
816
531
591
504
564
518
543
516
584
496
599
506
543
517
394
517
591
542
529
365
579
467
582
516
529
503
634
343
629
528
569
516
596
519
606
514
581
498
581
501
556
519
371
324
448
508
386
373
572
542
435
365
479
512
536
529
561
501
322
242
581
498
584
526
485
353
604
508
554
531
582
516
552
516
564
516
574
531
611
518
526
504
549
534
557
386
536
503
526
511
300
508
569
516
375
514
571
517
546
503
551
513
599
501
589
528
759
504
564
297
611
513
561
469
553
521
607
511
503
504
554
516
548
461
564
517
476
501
496
394
536
511
512
417
526
439
589
503
534
504
612
382
567
501
709
336
563
527
479
429
571
541
622
514
491
399
488
516
538
481
551
323
569
343
556
517
551
506
589
516
381
319
742
504
441
411
462
435
454
481
521
535
564
508
924
579
559
508
513
531
534
514
554
423
597
441
494
513
345
335
474
504
607
335
546
516
602
519
385
411
563
514
554
484
572
561
662
504
531
532
539
463
566
504
634
380
501
516
374
433
561
334
559
515
484
423
599
419
669
501
504
392
468
456
528
487
420
346
529
503
581
384
421
531
587
335
543
517
583
515
571
501
649
456
604
333
529
568
559
504
357
347
524
501
434
374
451
378
842
509
459
504
561
504
499
504
478
501
513
504
529
503
591
464
443
501
427
511
464
377
424
516
524
499
498
498
563
501
594
503
541
503
469
390
566
504
508
466
237
226
324
529
559
519
566
511
426
384
566
517
553
501
345
427
571
506
547
531
569
529
506
491
593
529
573
302
461
312
585
426
534
517
451
503
576
516
512
501
516
513
576
514
564
519
629
412
500
376
561
411
519
464
426
519
296
343
529
531
359
293
436
386
531
504
641
526
562
529
470
519
647
511
529
516
647
504
296
343
612
505
431
508
481
517
551
393
496
501
638
501
649
476
589
494
641
504
511
531
546
515
418
576
564
514
589
524
487
433
539
516
729
516
589
504
574
391
400
521
534
499
561
507
561
526
500
385
529
501
502
454
518
519
531
527
498
437
561
501
609
511
501
340
533
531
632
348
538
474
689
507
494
516
597
261
628
531
596
347
446
385
509
383
437
506
349
283
597
503
571
514
579
517
554
516
568
501
637
400
569
504
539
504
799
519
594
424
614
529
652
531
679
476
372
291
596
501
554
516
489
516
449
516
581
534
406
350
486
503
629
513
608
285
619
518
421
506
538
506
577
524
547
513
576
513
493
515
587
526
642
516
640
277
621
391
670
512
576
515
664
511
521
527
464
517
531
517
614
503
568
501
448
498
674
513
569
518
604
504
556
519
340
239
546
445
599
517
469
434
584
498
337
344
501
441
744
529
601
516
415
382
584
528
569
491
421
403
534
502
582
345
564
529
516
384
587
524
542
531
533
468
509
454
448
318
546
516
595
503
573
504
468
326
413
503
507
469
636
503
566
516
611
522
577
517
750
519
744
501
436
496
399
501
724
532
574
416
513
503
684
413
528
501
562
533
593
503
541
519
551
511
475
432
551
503
611
504
614
404
652
531
445
341
388
335
526
519
