2911
509
2836
539
1719
297
1312
357
2957
538
1916
374
2835
514
2974
537
2696
297
2829
514
2849
383
2937
363
2604
399
2927
511
2802
539
1965
276
2762
538
2949
531
1802
361
2323
509
2812
517
2794
506
2872
504
3102
536
2920
557
1863
369
2729
551
1848
536
2946
476
2897
531
2866
509
1750
263
1816
509
1968
332
3027
521
2133
543
2789
506
2796
544
2784
511
2828
503
1809
544
2704
539
1841
343
2914
521
2770
529
1760
503
3075
519
2929
506
2202
401
1847
309
2778
504
3019
614
1628
310
2864
488
2837
539
3007
507
1814
352
2726
401
2949
476
2922
543
2786
538
2724
506
2886
518
2894
552
2799
521
2837
509
2947
552
1855
544
2809
543
2797
557
2887
438
2369
517
3007
509
2866
524
2804
523
2802
505
2854
524
2731
589
1740
306
2831
511
2997
544
2716
507
2707
494
2643
506
2056
505
2514
488
2925
536
2786
539
2855
509
2205
394
1832
325
2744
533
1664
516
2136
420
2814
539
2172
506
2975
526
2786
503
1674
281
2939
343
2791
516
2786
439
1788
283
2836
536
2758
529
3043
511
2806
538
2974
509
2486
430
1270
380
2869
509
2726
507
2809
521
2989
539
2801
544
2884
496
2784
526
2854
551
2666
524
2818
519
2363
436
1910
323
1899
537
2837
395
2785
526
2719
526
2899
546
2786
491
2768
509
2797
401
1621
501
2782
539
1769
324
2794
536
2819
493
2944
518
1627
297
2743
576
3090
502
1817
518
2867
457
2823
223
2826
399
2809
539
2274
466
2774
342
2821
553
1595
526
2871
336
2184
498
2920
406
2826
567
3030
501
2181
376
2706
483
2721
526
2809
531
2337
445
2814
549
2797
539
1885
358
2326
518
2853
494
2746
516
2674
508
2809
421
2886
541
2819
522
2809
499
1592
536
1874
521
2873
533
2894
292
2807
356
2781
486
2807
404
2892
519
2072
366
2896
220
2774
521
3032
544
2767
371
2774
551
1647
320
2822
539
2777
497
2940
504
2393
412
2741
539
2923
534
2954
491
2763
509
2879
524
3078
544
2957
405
2869
508
2010
367
2759
511
2671
536
2814
508
2746
506
2957
553
2563
541
2834
509
2849
519
2218
431
2789
539
1611
538
2955
514
2693
443
2997
544
2856
531
2882
378
2935
536
2774
571
1614
306
2756
542
2964
518
2806
527
2869
509
3010
524
2779
534
2849
551
2899
504
2389
459
2751
518
2799
554
2857
501
2706
536
2662
536
2927
542
2520
433
1627
290
2701
509
1701
291
3000
514
2864
521
2798
501
2986
516
1568
276
2792
511
2952
513
2517
434
1875
509
1698
305
1264
217
2889
538
2809
539
2746
519
2629
235
2874
509
2752
504
2882
541
2899
541
1988
543
2836
523
2073
381
2786
501
2658
541
2807
519
2784
235
1276
516
2727
518
2646
539
2877
436
2939
513
2754
501
1730
323
2783
541
1239
218
1317
218
2957
516
2801
529
2704
503
1992
345
2074
368
2949
519
2894
539
1977
392
2866
319
2767
549
2804
515
2856
509
2784
516
2724
521
2646
439
2085
369
2772
544
2886
536
2719
508
2788
541
2915
511
3055
504
2744
523
2718
406
2307
532
1609
298
2906
531
3100
517
3062
534
2809
360
2676
507
3025
519
2189
519
2999
554
2714
521
2756
536
2019
353
2915
532
2172
528
2643
539
2779
551
1252
214
2827
524
3023
528
2799
556
2841
474
2867
526
2656
509
2794
539
2882
539
2392
387
2839
377
2934
519
2797
538
2769
472
2832
503
2756
522
2924
542
2874
537
2540
536
2822
538
2955
519
2739
524
1711
349
2647
524
2846
504
2782
524
2964
511
2819
536
1966
254
2447
426
2789
536
1853
324
2979
543
2282
395
2811
554
2801
509
2521
504
2716
521
2851
501
2895
501
2771
541
2809
518
2710
514
2889
501
2436
429
3017
516
2784
389
2663
524
2907
544
2825
519
2729
522
2019
369
2614
506
1793
328
2768
539
3031
546
2777
524
2804
549
2900
538
2769
514
3072
559
2336
395
1841
347
2822
512
3019
561
2840
501
2869
222
2890
536
2902
521
1657
534
2992
511
3037
531
2896
504
2796
511
2942
509
2924
221
2959
527
2741
503
2772
536
2727
502
2333
432
3077
511
2982
541
2727
544
2674
521
2746
539
2819
539
2865
433
3052
524
2404
435
2488
439
2463
424
2039
342
2343
523
2319
385
2812
519
2736
544
1229
215
3105
543
2831
587
3049
452
2595
514
2796
561
2952
539
3069
454
2774
509
3187
501
1829
522
2740
539
1318
210
2869
508
2201
346
2974
531
2407
614
2711
521
2363
383
2753
509
3052
514
2316
538
2008
338
3005
433
2671
494
2964
519
2904
536
2924
566
1944
367
2869
519
2841
519
2899
539
1849
524
2160
373
2854
507
2516
429
2854
521
3032
324
1741
345
2277
399
2670
516
1923
303
2904
506
2741
511
2876
522
2228
405
2792
539
2872
374
2951
558
3127
419
1650
551
2847
507
2857
516
2747
567
2726
361
2802
501
2829
559
2415
396
2992
493
2486
445
2733
533
2572
532
2904
571
2977
539
2872
506
2277
456
2646
539
2120
504
2804
536
1816
377
2469
473
2816
504
2363
454
2017
366
2764
559
2969
544
2992
521
2965
546
2302
416
3004
554
3047
386
2885
536
2714
518
2098
519
2427
456
2912
544
2951
551
3127
548
2929
528
2777
539
1853
297
2701
544
2315
444
3042
536
1914
517
2902
544
3199
513
3057
543
2992
511
2801
503
2296
300
2869
511
2955
504
2486
450
3034
546
2416
394
2841
503
2150
366
2706
527
2859
348
2799
524
2172
380
2768
411
2936
498
2911
515
2350
407
2779
539
2413
521
2728
284
2915
503
2771
506
2160
412
3069
398
3045
399
2818
541
2949
504
2488
579
2881
519
2879
526
2977
556
3043
541
2724
506
2851
501
2555
437
3001
522
2801
426
2794
536
2889
539
2845
518
2939
541
3127
220
2116
390
3059
522
2278
506
2521
477
1666
280
2814
509
2759
507
3120
504
2834
511
2886
542
2183
537
2753
481
2281
429
1680
285
2955
544
2879
544
2831
536
2894
537
2699
428
2904
503
2427
519
3095
307
3240
501
3019
559
2854
506
2433
406
2759
554
2897
541
2707
539
2826
516
2881
536
2939
522
2639
521
2179
410
2117
397
2902
459
2761
507
2941
521
2977
556
2282
411
1971
308
2789
423
2942
526
2085
536
2728
539
2831
501
2884
518
2922
527
2709
543
2809
511
2686
519
2374
344
2852
511
2535
409
2247
403
2183
506
2839
507
2803
521
2842
508
2746
503
2805
516
3072
384
2789
536
2984
511
3004
534
2478
504
2930
536
2853
506
2826
504
3055
536
2959
482
2949
537
2960
547
1865
338
2748
506
2877
542
3010
567
2899
343
1769
307
2458
524
2170
375
2544
488
2722
504
3017
498
2218
381
2967
519
2916
537
3007
549
2404
427
2126
509
1764
288
2934
508
2896
529
3002
538
2831
516
2907
544
2759
527
2811
396
2610
437
2822
544
2219
364
2820
537
1952
350
2854
509
2826
559
3127
534
2996
511
2842
599
2719
506
2651
529
2972
523
2856
507
3148
504
2877
506
2842
366
2129
541
2887
531
2706
551
3047
542
2819
536
2167
388
2821
546
2846
541
2648
536
2796
528
2879
518
2869
382
2252
416
2972
506
2686
506
2233
327
2399
432
2766
539
2904
528
3019
541
2859
536
2827
521
2015
306
2862
509
2440
517
2400
559
3019
518
2927
511
2193
370
1728
303
3047
539
2175
466
2159
410
2749
476
2446
420
2840
509
2628
508
3005
506
2781
508
1711
604
3075
534
2954
517
2819
529
2924
507
2821
581
2912
536
2982
308
2935
549
2860
501
3007
511
1513
503
3022
509
1868
348
2957
519
1795
522
2848
217
2416
541
2930
524
2814
506
2203
384
2432
414
3067
536
2942
390
3283
349
2726
537
2711
501
2699
509
2782
507
2823
503
2548
453
2924
280
2942
513
2295
404
2906
546
2952
541
2907
549
2811
537
2247
519
2285
435
2759
552
2862
493
2969
524
2731
536
2789
514
2751
523
3012
469
2947
509
2323
293
2349
423
2039
519
3011
509
2796
526
2714
541
2862
555
2877
505
2738
504
2912
364
2105
385
3007
514
2012
359
2934
538
2799
501
2734
508
2869
531
2854
507
2701
519
3155
534
2972
508
3050
549
2744
496
2821
501
2874
526
2265
431
1828
359
2378
395
2174
491
2854
518
2386
393
2621
509
2915
343
2982
504
2962
511
2797
504
3014
501
2754
526
1613
269
2554
441
2789
511
3052
529
2929
556
2997
539
2904
539
3009
509
3029
509
2964
537
2669
504
3014
541
3026
549
2444
517
2953
501
2872
509
2984
539
2774
493
3022
526
3044
537
3007
542
2962
533
2977
519
3010
539
2866
501
2902
293
2922
532
2872
307
2754
527
3014
519
2927
435
2939
556
2796
511
2922
519
2867
557
2877
356
3107
537
3251
541
2512
465
2839
528
2017
419
2248
397
2935
386
2856
496
2357
438
2839
506
2790
549
2152
511
2862
544
2960
534
2987
493
2822
501
2894
544
3137
534
2892
541
2951
586
2633
526
2620
365
2959
519
2285
517
2824
537
2450
543
2031
364
2892
556
2165
632
2774
545
2904
523
2774
526
2949
508
3037
536
2854
507
2716
509
2746
506
2959
542
1726
309
2377
441
3084
539
2997
501
2809
541
2402
413
3132
535
2793
541
3035
499
1718
300
2867
503
2972
513
3010
394
2864
519
2900
503
2875
508
2667
501
2937
501
2320
426
2328
519
2926
509
3167
512
2959
511
1975
362
2970
524
3135
504
2737
504
2824
499
1744
289
2526
506
2919
544
3079
536
2404
413
2953
524
2311
403
2824
581
2947
503
2844
544
1993
332
2802
326
2842
511
2801
538
2811
459
2849
511
2457
538
2892
556
2003
359
2037
330
3032
539
2867
509
2831
521
3059
504
2817
346
2925
519
2784
539
3074
531
1922
361
2957
506
2977
523
2941
541
2767
361
2035
359
3175
539
2821
522
2897
523
2735
458
2927
539
2814
536
2152
385
2892
479
2581
503
2942
556
3170
543
3024
503
3070
551
3024
488
1943
339
3178
501
2934
539
2440
402
2630
524
2644
423
1724
310
3197
507
2972
534
2877
506
3077
375
2509
531
2774
506
2871
511
2316
506
1659
275
2649
513
2714
512
2059
553
2887
517
2450
401
2999
302
2904
539
2857
285
2674
518
2904
497
2947
431
2946
559
2862
504
3009
519
3084
506
2448
521
2867
507
2272
509
2905
521
3032
514
2917
437
1945
301
2779
392
1959
370
2992
504
2826
519
1403
211
2693
443
2874
506
2919
521
2759
541
2849
539
2789
529
2806
539
2294
346
2847
538
2827
509
2819
231
2914
337
2591
533
3005
464
2933
548
1920
326
3042
562
