431
443
306
290
501
461
377
345
288
222
511
429
379
424
448
431
496
423
365
323
296
424
448
426
267
212
332
232
371
339
486
419
439
458
264
271
471
424
481
228
436
438
220
230
444
457
386
354
381
302
438
411
484
451
344
270
627
322
398
381
411
403
371
441
268
474
518
413
335
260
431
359
393
386
473
414
406
434
403
359
238
205
409
263
451
421
345
280
514
443
458
423
427
312
519
339
282
261
486
426
276
229
417
436
366
314
499
459
418
431
444
396
358
441
364
339
576
303
513
334
294
250
328
471
301
444
589
421
511
429
491
414
461
441
469
438
499
429
506
404
505
426
476
295
333
235
350
305
511
421
469
424
501
456
413
559
526
425
466
411
342
273
342
411
461
423
489
421
489
225
455
441
516
423
476
444
423
370
537
431
325
245
469
406
503
418
514
441
379
296
547
441
564
428
357
280
455
456
441
459
356
274
359
332
498
416
364
262
496
438
260
213
504
411
481
348
462
340
464
275
407
332
572
411
344
231
478
439
313
253
619
272
489
431
698
404
484
421
519
414
519
424
274
243
473
441
466
374
476
251
310
264
571
441
438
457
365
283
469
269
547
284
509
449
394
421
345
236
494
453
379
467
497
459
296
262
461
424
481
458
227
172
322
439
604
423
476
421
486
387
592
413
516
441
494
463
448
333
526
436
481
416
468
429
481
435
348
417
331
276
406
438
464
441
517
431
454
444
458
436
504
439
481
408
487
429
332
251
477
423
391
471
451
427
351
443
503
328
409
416
385
336
444
416
504
456
375
426
527
223
536
365
469
388
476
421
493
371
481
428
461
411
488
416
625
428
549
328
476
413
502
359
537
426
411
457
270
185
453
416
264
504
476
421
365
268
318
251
388
315
339
426
456
441
473
414
419
417
497
305
516
417
634
426
494
436
456
398
604
431
443
456
511
414
624
401
264
183
553
433
501
448
289
233
495
404
428
439
329
235
501
413
476
323
487
431
492
444
376
331
322
247
403
426
461
393
532
439
504
359
471
340
376
423
363
281
437
426
368
429
483
433
542
426
239
377
509
436
454
341
474
437
541
416
393
424
243
297
416
411
481
436
311
169
513
414
501
428
288
291
536
425
518
423
405
416
518
398
409
444
386
386
504
321
537
241
433
441
562
424
503
426
519
413
431
413
339
425
427
425
500
418
426
423
394
353
342
273
281
345
461
424
434
321
398
414
499
428
436
468
356
324
511
454
464
236
219
239
391
413
531
410
296
237
505
426
334
284
346
275
211
235
242
229
526
461
546
424
338
424
516
481
488
394
491
441
474
455
305
235
374
457
468
409
441
449
441
516
702
411
471
404
481
424
489
413
451
467
211
415
506
421
538
416
429
426
551
457
423
301
240
288
472
458
391
414
503
431
493
172
399
396
334
298
509
429
444
424
479
409
482
426
426
455
471
496
207
406
264
461
489
409
275
260
335
292
392
294
522
429
449
456
547
433
616
399
466
443
521
439
501
421
341
446
338
438
297
181
465
434
484
426
352
285
529
244
441
426
473
353
278
239
519
413
389
394
294
272
434
413
428
282
431
444
531
280
239
179
406
428
479
413
365
419
496
439
494
471
421
454
492
358
224
239
539
420
759
427
423
424
509
426
419
443
394
448
401
319
469
441
389
449
258
274
496
426
644
428
252
207
419
456
401
334
517
360
488
231
559
427
571
448
415
349
489
444
361
399
478
449
313
253
248
243
351
425
409
365
503
413
531
443
372
252
332
469
373
344
307
454
468
426
476
455
509
323
438
464
318
426
476
457
396
421
533
458
458
411
492
426
604
399
456
444
373
424
381
427
524
461
489
456
541
446
464
346
501
441
516
244
474
455
309
250
529
426
473
272
732
442
315
191
404
282
410
324
422
359
463
438
469
471
534
409
439
409
326
373
330
423
539
379
504
429
473
413
519
426
531
285
476
425
494
423
378
291
399
349
498
443
371
261
509
476
443
383
486
334
399
359
513
465
516
396
231
165
459
456
479
429
519
426
439
408
501
455
401
354
494
406
459
444
561
444
596
444
548
414
326
234
379
323
489
444
536
423
446
387
504
456
496
411
419
446
445
456
458
416
462
387
427
355
444
373
547
434
719
423
451
466
456
219
548
413
536
433
469
421
544
428
509
451
539
459
312
375
464
446
476
423
474
447
330
234
486
391
507
416
461
441
542
424
484
457
372
306
528
431
368
331
396
323
422
373
314
242
543
357
532
428
582
456
290
429
393
326
390
300
574
414
489
419
539
414
596
441
504
411
454
428
421
344
509
439
636
418
479
414
492
431
604
310
400
308
468
443
306
385
647
441
566
270
536
427
526
423
551
423
479
429
415
414
508
427
496
456
536
357
503
326
485
444
483
426
476
411
536
437
509
414
551
426
549
416
416
347
457
441
503
421
506
413
476
413
546
423
518
426
511
466
387
282
506
423
444
441
481
216
516
411
429
424
435
360
479
411
361
275
286
213
551
421
455
444
414
379
359
464
324
275
522
414
499
398
554
441
516
411
546
421
591
403
491
456
461
456
441
361
421
316
399
438
489
306
467
299
503
401
547
427
478
471
576
424
516
456
511
429
498
426
509
444
511
443
509
411
534
414
376
294
491
409
501
439
502
421
512
426
258
191
481
452
423
339
416
411
489
441
322
260
466
459
385
315
492
426
399
439
334
296
397
413
504
444
481
431
390
324
429
411
479
242
463
454
426
471
395
307
509
245
496
458
452
444
472
414
471
411
474
507
508
443
441
421
507
413
481
456
538
426
416
374
449
296
454
366
504
461
511
438
506
421
338
441
561
428
284
223
501
427
415
346
506
289
602
438
454
456
437
345
526
424
648
413
433
438
519
443
556
419
441
458
491
426
457
426
519
441
481
331
526
429
391
339
506
413
529
421
439
439
473
457
488
443
459
439
501
427
491
456
431
444
476
438
494
423
484
444
399
411
642
413
474
476
464
457
494
471
559
426
671
413
394
416
471
356
342
312
352
385
506
411
484
292
418
400
476
455
415
414
428
426
534
413
533
418
529
443
479
443
368
336
409
426
524
444
553
421
388
282
435
538
326
205
464
446
464
443
559
424
474
428
479
441
499
484
496
404
697
456
516
426
483
353
496
426
479
438
439
411
412
454
579
426
536
207
514
434
503
331
501
439
574
421
371
413
444
426
451
426
531
457
461
426
496
439
504
426
503
421
446
359
324
441
574
298
469
414
461
243
305
357
524
175
528
295
484
426
458
413
464
456
504
454
506
447
574
374
506
180
459
428
496
443
496
416
514
444
574
384
479
366
471
293
466
441
498
444
506
421
556
398
529
375
562
423
458
444
506
468
509
414
378
259
544
414
538
411
506
424
511
411
309
234
504
421
456
409
464
417
389
421
351
320
534
425
453
456
365
328
391
287
388
456
493
429
441
411
477
429
458
456
287
282
466
313
401
357
279
230
439
357
724
441
457
439
516
455
433
455
556
429
484
242
439
429
471
426
542
414
356
441
438
376
366
313
474
391
378
145
443
453
441
451
459
188
411
439
418
323
383
348
365
413
471
471
694
387
481
443
464
321
529
411
536
456
514
411
519
456
489
469
461
421
618
426
429
446
517
457
421
416
394
389
373
443
511
443
489
245
454
441
413
456
366
415
441
236
439
423
501
413
457
426
476
159
447
426
541
356
289
310
427
441
371
441
513
425
481
421
604
423
726
373
439
443
359
241
531
390
497
361
404
340
489
431
578
443
553
414
514
446
518
379
499
344
556
441
531
426
359
313
424
441
534
444
291
418
374
408
511
423
281
382
368
413
478
444
446
423
287
211
499
446
423
426
342
413
546
444
476
447
489
424
406
366
466
425
486
446
401
457
526
441
374
421
355
248
543
433
492
431
559
441
552
411
514
418
521
414
514
215
396
372
416
385
511
426
486
344
351
337
511
414
506
456
461
449
338
456
409
287
486
413
362
304
539
411
529
258
342
283
368
458
504
446
528
284
451
441
402
335
485
414
418
439
462
383
364
263
529
403
537
340
451
413
491
339
559
414
493
421
513
426
589
426
401
443
531
426
541
426
546
451
512
438
481
176
539
458
506
413
486
411
331
456
432
286
473
376
569
411
501
425
428
424
571
421
405
413
295
441
348
270
332
326
485
353
542
446
461
329
453
385
364
232
533
444
461
426
386
456
539
427
451
425
427
255
529
409
557
410
526
428
526
444
541
429
498
411
455
341
436
455
357
425
446
461
546
451
420
405
526
413
477
390
420
414
483
438
454
359
471
489
332
417
382
423
449
409
345
350
493
424
271
298
518
428
533
456
448
399
394
444
626
403
579
423
476
391
451
434
488
413
418
331
521
386
438
282
486
182
606
441
549
426
509
411
371
329
463
471
411
411
491
427
599
441
521
444
513
456
385
324
506
413
367
252
514
457
521
426
507
425
526
456
342
292
429
413
239
207
526
414
516
304
563
444
320
223
521
237
653
427
493
411
464
446
440
409
471
403
476
415
624
423
475
416
494
454
