583
471
339
324
479
486
388
476
400
363
521
459
466
469
289
252
335
453
444
468
491
471
394
435
261
177
238
264
267
292
546
504
569
476
340
488
481
464
446
451
473
474
790
384
394
383
339
418
381
313
521
237
330
270
581
471
538
483
471
326
406
202
542
484
536
476
499
484
299
270
165
207
496
451
549
476
571
471
518
471
339
315
492
489
515
472
454
468
284
488
481
491
541
383
386
458
514
479
461
483
369
284
330
491
511
471
546
475
384
469
367
310
624
476
348
312
307
264
353
288
504
468
523
471
343
449
416
399
538
459
458
400
533
329
547
473
571
459
496
239
316
492
457
432
412
391
556
477
488
257
321
305
589
385
506
484
551
441
519
444
370
312
357
499
387
359
526
471
481
471
361
319
584
394
426
469
514
486
503
418
302
263
381
489
443
486
496
456
366
312
367
267
376
486
514
443
491
484
526
471
559
431
544
471
386
501
521
210
277
257
464
476
523
266
564
476
404
339
544
411
349
271
501
456
473
471
389
343
324
322
536
464
491
453
529
477
594
471
460
385
319
333
476
488
581
473
563
471
463
252
526
471
521
469
514
466
478
433
447
459
575
496
518
459
559
474
551
436
505
459
549
441
538
469
675
471
386
343
352
283
544
449
541
466
501
439
321
469
514
459
371
471
589
475
524
454
509
396
415
476
537
476
327
276
365
466
566
471
524
471
506
272
549
469
649
479
271
489
513
409
527
456
541
461
514
538
481
491
354
476
431
396
539
448
529
456
421
477
477
464
270
368
320
263
407
334
504
476
571
456
501
419
514
271
529
471
431
322
591
310
478
488
457
242
383
333
412
274
521
419
603
399
451
456
577
471
338
439
554
253
324
269
524
474
380
285
473
323
313
266
402
258
499
484
544
461
268
203
360
461
499
459
331
315
581
438
324
261
439
346
491
456
519
458
494
463
358
264
541
451
492
434
313
238
430
257
544
492
443
446
529
458
329
382
529
448
527
474
569
471
318
383
547
474
479
468
368
357
474
486
461
468
450
471
632
492
581
314
338
263
329
280
444
448
541
483
575
268
506
221
576
387
335
355
336
315
526
468
544
471
604
424
581
436
264
181
506
484
455
368
443
359
380
297
527
533
392
298
511
489
436
473
564
261
536
457
424
471
483
459
391
314
567
416
617
504
548
471
262
219
529
489
635
446
375
457
561
504
384
280
416
471
409
464
577
444
182
192
486
474
409
475
471
199
571
469
454
484
532
411
549
458
564
456
722
501
509
385
411
501
441
385
451
471
516
471
436
352
536
471
532
252
363
287
542
367
483
384
448
473
355
456
448
458
563
477
363
471
190
456
435
476
503
376
556
242
827
273
333
264
443
466
531
333
494
486
523
479
521
218
721
484
448
384
558
474
407
401
401
471
619
461
481
326
461
378
514
443
456
473
529
476
499
461
414
363
542
473
479
508
399
459
368
379
369
464
506
499
529
446
483
474
456
486
547
341
469
459
343
484
511
474
505
372
529
474
544
454
522
379
451
466
529
453
493
489
284
354
171
199
587
381
381
302
506
243
397
489
340
461
505
491
533
461
481
493
384
455
538
454
491
311
382
488
413
485
464
489
273
451
526
474
556
504
439
364
529
256
543
350
361
471
428
459
524
431
310
395
538
499
364
205
518
302
541
469
463
436
381
365
516
471
429
491
341
263
497
394
511
474
511
471
374
388
475
399
332
304
491
471
522
471
536
356
517
471
533
471
286
422
536
384
431
386
367
272
456
488
599
363
551
473
569
447
666
471
667
456
513
489
456
471
501
497
579
401
442
456
381
371
641
499
293
276
524
477
312
352
511
474
387
356
533
441
386
331
302
483
506
503
499
473
512
466
493
471
377
266
579
484
509
464
586
489
488
453
524
473
508
388
425
453
466
376
353
394
566
488
333
473
461
476
494
471
499
469
487
472
521
488
386
315
507
489
361
501
513
476
287
189
328
239
573
461
382
401
441
439
491
468
464
399
387
315
566
464
511
484
612
474
473
484
389
331
426
476
533
491
352
289
290
458
521
489
417
483
431
386
332
234
506
486
399
454
354
264
471
478
621
474
594
491
537
486
591
344
509
461
505
365
474
374
524
341
405
476
413
483
443
416
408
291
511
468
502
468
416
392
552
479
728
481
521
488
524
237
526
469
543
472
566
471
617
469
461
499
539
504
576
418
519
471
403
315
340
198
418
466
527
393
479
488
511
489
503
456
627
473
526
471
569
459
285
188
478
250
496
477
539
425
467
373
516
429
453
484
529
471
489
342
509
469
531
487
591
353
548
471
526
476
342
315
506
455
544
443
529
483
536
434
365
471
529
506
624
312
531
476
544
471
312
444
518
486
557
488
529
473
522
471
525
456
523
342
567
451
747
486
532
304
510
489
319
299
476
471
526
454
489
477
511
488
616
509
534
388
531
471
626
479
468
434
368
466
533
326
554
469
454
478
391
459
416
331
549
471
591
491
556
382
509
433
491
474
529
456
402
306
473
387
648
453
429
363
549
461
526
478
467
413
554
476
702
466
564
358
447
373
488
481
535
481
481
468
436
469
519
471
546
473
561
399
509
486
488
444
478
477
644
383
562
471
273
207
462
376
532
491
305
271
338
281
503
424
311
192
529
477
476
477
392
351
521
446
348
248
483
476
591
473
484
417
441
471
516
466
392
370
347
271
489
466
573
469
374
341
534
426
378
381
586
484
483
255
361
503
422
318
502
474
521
469
553
295
519
357
526
444
505
441
596
466
538
469
567
446
563
446
574
473
513
504
342
230
473
441
508
397
396
352
604
496
499
531
483
456
581
486
481
483
474
363
589
478
445
386
549
471
529
479
448
276
607
448
616
469
579
475
539
438
662
484
462
403
581
466
549
474
421
471
529
459
596
469
331
273
551
471
523
476
493
471
503
397
491
476
481
391
514
475
524
433
477
483
539
477
546
471
458
359
554
471
420
352
363
341
533
471
466
443
567
468
486
471
422
476
477
411
288
456
489
446
488
498
504
471
531
456
472
486
484
439
621
477
511
491
573
471
529
483
564
439
461
471
310
254
531
468
553
474
403
471
501
453
531
471
588
496
566
459
374
273
554
483
659
471
594
499
519
467
501
459
533
468
538
471
539
355
503
456
493
448
473
466
518
471
518
456
471
476
589
403
458
443
491
486
493
459
477
379
551
471
486
486
543
456
576
397
556
489
521
505
561
482
529
421
549
461
706
479
552
441
582
476
529
476
599
418
467
438
551
439
509
471
593
474
373
401
622
469
563
491
481
484
503
458
556
456
602
359
547
395
287
243
507
487
537
471
644
443
486
484
435
456
604
474
379
359
539
489
456
488
443
401
531
476
489
484
541
461
519
380
493
346
455
414
368
476
534
481
546
471
492
206
546
436
571
483
496
483
491
447
411
479
534
471
531
343
499
347
541
481
554
468
324
272
661
481
317
189
371
471
541
469
348
314
501
466
371
343
456
484
327
254
539
483
526
538
569
471
512
459
524
389
573
396
533
471
275
194
286
469
516
316
566
471
512
503
538
361
276
196
516
439
521
456
496
459
501
456
481
455
511
459
509
269
534
477
531
443
439
309
415
302
829
489
519
444
576
429
545
542
494
489
619
471
536
471
549
318
362
499
449
276
531
458
579
349
456
476
573
468
554
318
613
368
573
268
599
476
486
458
377
401
566
474
648
359
581
479
511
469
591
484
548
471
655
471
481
411
634
489
418
476
506
345
551
444
442
308
514
488
205
256
561
371
473
488
347
355
396
489
377
305
446
471
521
468
418
335
541
476
564
459
531
489
614
455
556
491
559
467
579
477
589
303
476
458
666
322
489
458
531
481
524
478
490
348
531
483
526
393
556
477
475
346
596
399
501
399
544
411
709
316
493
322
529
471
583
488
579
458
404
264
412
468
494
509
538
476
501
461
529
489
578
471
551
488
594
262
531
456
578
345
569
464
639
468
558
499
439
476
405
469
481
342
529
476
506
494
479
373
503
458
612
511
385
471
582
476
535
403
296
276
543
489
529
531
489
451
484
471
485
421
389
360
494
487
486
466
549
476
521
444
391
368
594
483
589
456
537
455
598
504
523
359
546
504
257
200
334
265
525
483
469
488
511
486
514
477
519
466
593
468
529
471
441
394
546
471
547
486
496
468
328
343
401
376
569
363
571
375
574
476
626
359
577
342
425
365
593
473
510
471
553
461
584
471
345
277
384
309
546
471
564
365
569
474
518
471
561
441
599
489
319
412
509
429
464
471
487
468
516
457
596
489
352
314
622
396
455
460
506
271
720
473
411
483
386
330
491
468
554
486
410
314
576
477
549
463
499
477
673
410
381
291
548
499
521
469
449
374
367
459
546
468
443
383
501
486
652
484
521
486
518
459
544
466
561
468
534
459
434
349
518
394
608
462
534
481
449
491
569
466
556
471
544
312
526
471
272
483
586
466
413
474
443
476
531
456
431
399
495
469
641
311
306
230
551
473
436
507
599
306
415
471
479
473
612
487
