571
468
426
411
649
279
425
361
499
489
514
471
509
340
277
241
505
459
277
471
338
315
461
477
300
246
637
451
511
445
531
343
497
310
459
471
516
476
281
319
508
486
564
449
416
474
488
491
297
199
415
484
506
261
461
474
574
544
235
332
438
476
444
468
419
224
401
488
387
347
171
277
538
441
539
473
551
494
526
459
341
305
486
404
366
303
523
461
534
484
527
189
544
469
521
469
302
278
499
471
459
476
471
476
386
471
574
488
271
201
539
453
527
397
400
325
548
268
352
314
461
486
486
494
544
471
451
446
557
435
514
429
576
441
543
478
481
502
345
268
437
265
408
343
375
314
469
459
355
246
456
244
410
469
612
210
511
469
521
471
504
343
509
445
512
460
326
307
469
448
399
325
477
501
431
474
408
316
519
501
277
174
481
343
524
476
446
401
442
305
368
267
381
446
356
441
486
505
593
469
332
416
317
458
517
456
334
481
476
488
812
471
541
458
547
362
461
426
476
484
318
488
434
489
541
446
479
472
327
322
401
468
566
479
554
459
351
266
461
449
509
433
506
481
262
458
559
479
261
254
546
488
687
497
334
271
374
315
340
263
455
411
526
471
396
458
518
489
529
327
245
203
545
469
511
444
471
474
481
429
556
244
329
456
596
489
323
235
526
479
469
469
374
276
310
248
489
451
492
466
533
187
303
319
511
451
415
471
411
458
536
454
519
453
336
315
259
214
479
444
533
443
551
473
381
476
421
221
443
471
358
200
421
485
539
471
454
457
539
494
322
345
320
258
717
476
354
327
416
486
437
462
504
461
358
301
434
241
431
503
419
484
178
198
511
476
338
280
528
474
461
476
534
359
448
471
525
471
476
489
415
373
528
468
459
405
404
474
541
426
448
397
366
374
494
468
518
491
206
267
491
458
299
276
333
469
428
379
320
489
365
399
611
465
330
507
509
491
549
433
508
458
519
254
418
328
448
359
518
479
527
459
330
276
541
475
561
451
508
459
497
479
481
458
484
477
354
270
559
477
524
513
559
479
531
464
519
488
360
368
390
270
309
349
538
456
309
262
258
194
522
423
544
481
541
481
516
484
497
439
542
469
551
478
276
194
506
472
522
245
544
476
317
252
506
456
373
300
542
456
375
342
581
475
405
353
354
349
489
458
375
313
457
484
288
373
387
308
236
174
429
471
526
237
451
295
513
334
479
505
485
458
491
401
568
434
469
476
546
471
539
469
474
200
410
438
615
474
499
488
425
354
459
458
373
369
402
420
410
337
549
466
531
471
535
391
517
474
504
476
511
476
623
356
526
488
481
389
484
471
319
503
349
306
328
261
514
503
411
471
581
471
516
273
526
476
541
456
531
469
501
288
522
457
616
315
462
391
309
237
423
474
534
461
552
498
383
273
338
200
511
353
240
307
298
278
365
324
579
487
514
471
261
216
512
451
559
479
810
456
478
486
529
424
539
471
451
488
448
471
493
476
511
446
572
471
817
469
546
471
449
471
456
471
532
444
534
474
401
473
566
434
546
471
412
343
205
231
295
379
559
437
332
313
338
428
287
471
433
472
460
403
719
499
403
471
329
310
621
449
435
319
474
474
446
443
574
478
479
484
484
419
529
456
408
436
607
466
537
474
399
365
549
514
382
278
359
266
484
439
288
466
353
319
267
489
617
316
608
459
543
458
459
509
554
383
468
471
509
488
534
361
416
439
467
393
343
269
559
489
500
460
466
489
523
446
574
468
352
270
584
406
435
511
322
238
443
511
536
469
599
332
327
496
464
477
497
457
464
476
554
471
491
491
511
489
275
195
549
475
458
361
526
469
534
459
561
471
554
476
332
268
362
394
514
474
579
471
544
477
503
476
526
471
466
394
342
266
360
306
478
501
521
376
383
305
546
487
546
456
554
422
536
456
439
469
441
481
534
466
516
491
501
476
463
592
607
488
629
471
472
471
512
486
494
488
412
456
543
426
493
445
549
446
527
471
392
473
559
441
548
476
501
469
578
471
569
413
316
283
423
342
408
391
369
486
517
456
508
346
494
483
612
359
531
367
519
458
441
261
506
476
482
350
589
483
355
282
584
456
511
314
336
494
381
357
306
459
571
474
314
250
422
358
428
456
521
496
474
407
539
471
531
436
561
499
492
471
496
479
503
459
769
479
402
303
564
469
682
466
420
351
496
471
529
481
558
484
542
489
694
443
451
384
517
469
499
471
528
340
460
387
579
447
551
420
519
471
473
425
469
345
518
459
503
361
551
473
476
471
607
448
397
346
469
342
372
342
496
459
541
474
374
474
491
278
371
471
564
469
350
285
506
456
611
469
501
471
417
342
561
471
357
269
443
341
478
446
543
474
525
476
505
466
521
474
517
471
455
417
506
471
496
459
491
476
419
381
671
477
496
467
629
471
435
409
486
489
531
468
531
487
516
472
575
491
559
471
503
461
516
476
808
486
588
471
494
456
594
483
559
466
506
478
544
471
486
476
745
394
536
461
458
398
484
346
509
479
484
361
589
476
419
394
483
476
599
476
381
325
546
469
506
457
488
415
456
438
539
471
539
464
523
471
439
491
537
468
534
459
541
471
599
436
651
478
546
456
529
476
491
456
616
484
576
385
561
481
468
311
543
477
289
456
562
486
464
444
485
412
410
397
452
394
682
468
311
476
538
471
581
453
514
492
549
497
410
471
519
481
526
455
662
471
514
459
355
471
536
459
503
504
437
476
554
411
553
484
561
423
534
487
523
323
564
456
471
299
511
471
531
471
454
387
554
481
567
471
423
332
496
471
606
192
527
245
441
474
489
476
425
394
417
359
597
436
477
338
496
476
574
481
678
373
591
474
800
471
573
471
473
499
591
476
559
471
531
473
549
448
514
343
346
278
524
471
529
471
661
397
519
454
321
250
566
468
531
471
506
265
531
475
551
29486
526
478
541
471
514
457
426
339
586
478
599
471
519
449
415
491
501
434
511
407
579
471
591
468
566
471
483
314
444
411
654
462
489
471
546
476
549
451
375
283
392
376
618
473
486
474
562
464
521
431
529
457
349
363
521
438
531
476
422
369
549
465
521
491
504
473
495
434
582
468
413
474
633
481
619
453
514
451
554
243
425
461
552
466
479
461
494
473
529
459
534
446
564
474
411
374
432
342
552
466
548
481
483
458
511
455
589
378
476
429
537
401
443
354
521
489
523
506
534
396
544
488
534
474
521
474
435
339
784
454
491
476
519
484
519
458
576
315
443
385
476
456
521
454
539
472
539
443
499
488
361
317
509
471
516
194
637
468
536
476
481
489
621
476
462
488
747
190
561
471
441
474
619
382
464
487
525
367
472
424
494
456
516
489
586
476
541
493
528
491
514
473
501
472
536
459
579
401
485
401
290
199
474
302
486
469
534
461
502
203
484
467
551
486
481
396
511
456
418
476
602
474
453
457
466
468
330
332
422
396
479
489
534
471
592
368
418
388
664
468
563
459
508
466
572
443
450
443
411
491
507
489
511
466
491
492
594
456
431
471
577
471
340
334
591
459
481
477
477
397
592
486
331
506
539
472
277
471
463
396
577
421
294
275
471
484
466
488
624
488
302
381
448
456
524
471
592
474
429
447
556
488
551
489
575
471
599
504
434
365
549
486
481
474
593
491
621
479
589
298
421
483
558
368
571
464
593
399
627
481
563
383
482
478
406
349
601
459
332
455
534
453
448
473
390
312
522
436
483
369
609
469
470
365
554
466
410
377
629
466
446
476
522
471
468
291
492
483
281
263
536
473
391
468
501
458
549
471
561
438
609
474
559
471
790
471
494
473
387
314
411
311
602
458
569
352
408
457
537
463
269
474
542
468
424
459
516
466
449
339
519
469
662
471
506
484
651
471
631
341
358
277
481
359
577
469
562
458
529
483
556
472
527
489
534
476
498
352
519
476
619
478
411
469
415
484
524
489
499
325
364
489
481
416
495
499
576
328
369
347
559
458
516
461
491
418
479
450
554
484
515
369
239
471
556
468
599
471
635
472
599
458
672
248
521
476
498
478
493
458
591
436
479
257
424
459
576
469
416
346
616
486
569
322
573
471
498
459
607
456
511
458
554
459
518
488
564
481
491
453
514
471
466
358
539
280
292
277
621
476
301
277
576
471
529
471
370
277
631
489
559
472
727
451
453
463
351
271
581
388
591
396
377
195
408
406
494
348
406
491
518
486
554
345
473
403
427
364
509
413
485
471
448
419
399
230
504
484
574
476
554
466
529
473
546
456
524
471
456
489
554
458
521
486
521
468
508
429
561
478
591
483
468
395
387
251
277
194
594
504
597
341
542
484
576
481
445
486
441
456
376
307
522
456
799
396
497
484
390
469
594
473
413
476
591
477
451
471
622
278
559
486
563
441
509
467
569
466
397
366
583
468
479
486
551
411
532
269
604
486
421
471
569
479
476
429
464
478
531
374
566
473
488
481
453
489
559
194
523
477
409
315
466
476
551
471
514
469
729
486
561
314
556
439
461
459
513
444
463
377
551
476
651
495
386
444
