4834
295
2090
697
1917
623
2077
691
1916
704
2084
706
2017
659
2040
407
2082
704
1982
710
2185
696
1949
653
1743
484
2060
687
1972
701
2002
697
2047
682
2045
594
2160
682
2095
660
1261
697
2028
691
2034
694
1961
682
2017
436
2055
734
1770
711
2034
687
1965
699
1892
547
1172
389
1945
696
2052
697
1911
694
1965
642
2000
533
2197
453
2049
566
2087
716
2123
709
2079
459
2090
622
1820
553
1855
694
1740
700
2122
521
1972
679
1997
682
2095
704
1758
694
1995
679
1997
696
1972
704
1793
704
2143
694
1927
532
2017
681
2060
694
2044
699
1802
694
2043
518
2004
710
1405
499
1947
681
2100
381
2170
690
1967
699
2037
667
2014
684
2143
467
1974
712
1926
652
1877
688
1929
653
2019
684
2120
531
2077
631
1977
696
1860
706
2050
589
1779
486
2040
692
1682
565
2041
697
2112
704
2043
669
2017
716
1230
395
2042
689
1920
659
2122
694
2060
697
2074
739
2109
717
1802
550
2120
549
1691
546
2062
616
1882
589
2150
699
2040
665
1866
682
2060
695
1882
684
2008
696
2065
658
2245
681
2040
674
2142
568
2083
681
2153
695
1693
586
1958
681
1892
707
1949
554
2092
706
1745
594
2247
714
1345
496
1899
694
2102
714
2002
401
2157
742
1440
710
2072
679
2070
451
2035
710
2075
585
2248
692
2035
685
1977
689
1974
668
2107
739
1987
687
1435
480
2130
702
2067
697
2029
685
1952
681
2150
712
2048
665
1214
394
2049
696
1981
491
1962
556
1957
682
2112
659
2132
691
2045
462
2153
672
2127
697
1855
709
2035
681
2103
651
2145
658
1819
709
2140
684
2097
397
2223
734
2295
674
2167
590
2077
572
1226
712
2173
707
2020
593
2165
680
1222
387
2062
499
2090
697
1499
463
1761
541
1944
704
1980
706
1990
577
1938
720
2088
707
2034
694
2077
626
2043
684
2067
588
2032
696
2093
716
2079
584
2077
694
2054
696
2037
693
2037
638
2145
687
1917
592
2125
684
2014
680
2119
661
2110
674
2022
592
2245
529
1967
626
2223
706
2087
585
2070
533
2122
540
2185
706
2065
701
2132
704
2037
687
2082
537
2163
571
2095
668
2090
704
2167
582
1517
585
2135
682
2082
588
2139
687
1355
401
2020
13751
2076
668
1944
704
2143
9484
2042
702
2185
685
1974
664
2135
706
2055
696
2263
644
2020
725
1924
694
2100
585
1925
589
2015
700
1984
680
1824
697
2094
588
2037
726
2035
704
2107
706
1972
591
1692
584
2152
691
2215
734
1970
692
2175
692
2088
699
1930
296
2017
709
1889
455
2128
697
2213
694
2155
692
2045
696
1971
707
2103
686
2115
614
2000
674
2087
706
2138
694
2148
697
2098
697
2095
681
1961
682
2346
694
2230
565
1757
559
1840
309
1889
704
2048
684
1949
611
2220
722
2228
714
2068
682
2135
670
2125
709
2099
597
2200
689
1680
705
2065
697
2242
722
2099
697
2050
699
2070
687
1797
689
2190
717
1985
685
2097
707
1834
582
1874
593
2030
694
2218
704
2173
679
2161
701
1794
689
2072
692
2103
696
1752
599
2205
637
1752
336
2170
732
1749
544
2225
523
2113
691
2092
587
2087
552
2113
689
966
706
2099
694
2152
683
1543
518
1989
427
2255
712
2153
689
2205
441
2151
565
2124
680
2077
581
1868
585
2003
694
2063
584
1915
683
2140
689
2024
682
2157
579
2065
704
2035
710
2124
682
2102
642
2132
715
2003
576
2031
594
1171
712
2029
706
2088
711
1951
576
1575
496
1962
644
2301
682
2100
697
1997
704
2043
712
2157
687
2147
694
1181
395
2120
680
1133
399
2200
694
2073
692
2077
583
2172
704
1470
432
2229
690
2062
751
2137
695
2029
671
1884
435
1796
584
1432
591
2095
702
2054
697
1970
717
2165
694
2007
585
2105
709
2008
707
2132
697
2078
710
2087
689
2095
684
1786
706
1345
459
2057
558
2130
679
2152
689
2077
681
2240
701
2158
699
2235
679
1970
580
2075
684
2072
697
2152
559
2083
701
2127
684
1973
694
2290
679
2055
701
1954
611
2168
586
2188
710
2243
704
2073
709
2107
704
2062
696
1954
576
2112
694
1246
698
2109
689
1702
587
2080
582
2131
690
2167
686
2132
669
2025
8371
2157
586
2064
679
2052
697
2211
566
2168
696
2220
704
2059
679
2170
646
2127
692
1571
709
2119
616
2090
696
2078
637
2102
653
2132
697
2110
702
2107
585
2160
678
2250
759
2138
704
2065
684
2170
616
2045
701
2057
694
2170
684
1543
694
2040
679
2105
694
2107
701
2107
704
2037
603
2015
689
2169
682
2168
694
2141
681
1259
395
2210
731
2105
727
2024
694
2195
700
2212
724
2115
704
2052
709
2388
724
1936
724
2140
679
2102
707
2128
610
1891
694
2135
709
2080
545
2333
667
2077
626
1323
406
2102
707
2069
682
2141
681
1821
586
2070
712
2112
717
2098
697
2112
472
2032
692
2085
9390
1917
586
2130
697
2170
585
2050
483
2263
707
2003
696
1999
694
2228
579
2010
694
2133
697
2109
595
2185
694
2063
687
2004
691
2222
699
2163
573
2083
697
2177
694
2138
586
2065
696
2153
648
2212
704
2330
557
2128
684
2122
711
2109
694
2102
653
2177
673
2087
685
2182
608
2465
651
2187
686
2153
681
2070
690
1822
697
2133
715
2225
740
2182
704
2059
691
2108
712
2366
647
2128
391
2143
698
2029
394
2137
692
2123
696
1995
627
2055
704
2050
690
1747
677
2105
546
2198
715
2173
593
2108
704
2110
708
2045
697
1832
709
2050
709
1897
679
2491
696
1289
709
2112
694
1917
437
2410
734
2158
687
2055
668
2117
624
2123
710
2005
682
2165
704
2230
701
2228
682
2153
692
2141
533
2130
704
2142
692
1526
408
2115
646
2005
702
2193
455
2283
645
1268
437
1817
576
1987
599
2205
674
2107
696
2122
682
2188
696
2165
457
2190
694
2248
709
2103
667
2085
663
2145
697
2243
734
2115
587
1677
545
2343
682
2125
535
1350
394
2202
709
2130
689
2248
702
2190
690
2079
535
2133
701
2145
704
2159
666
2160
357
2084
563
2193
584
2035
697
2258
546
2115
503
1593
704
2155
717
1871
692
2296
689
2180
697
2172
689
2252
611
1845
694
2125
709
2067
707
2040
709
2175
686
2087
696
1631
509
1800
549
2227
689
1292
398
2080
709
2113
519
2128
464
2167
719
2075
704
2183
709
1294
394
2127
690
2037
684
2122
684
2237
464
1951
715
1902
665
2070
694
2163
704
2191
684
1964
699
1945
710
1500
510
2084
709
2142
692
2070
717
2179
631
1776
695
1957
697
1995
710
2037
704
2022
714
1975
704
2035
699
1947
707
1645
684
2072
704
1979
699
1942
474
2386
697
1398
719
2072
681
2122
704
2150
683
2198
689
1713
427
2133
610
1844
523
2150
586
1847
575
2119
694
2070
397
2185
689
2027
574
1975
694
2173
704
2158
724
2100
512
2048
694
2258
699
2327
706
2052
571
1973
594
2275
573
2112
684
2275
661
2100
689
2024
686
2129
697
2138
684
2413
598
2157
714
2100
609
2245
699
2047
687
2181
464
2043
694
2158
697
2090
719
2087
719
2248
686
2147
682
2167
669
2198
9552
2120
549
2065
694
2163
694
2207
682
2182
696
2227
694
2105
702
2388
691
1821
482
2019
499
2215
690
2135
674
1591
506
1827
511
2222
704
2266
641
2443
760
2165
518
1887
540
2185
710
2172
702
2218
511
2165
686
2063
694
2049
599
2144
697
2353
697
2223
710
2173
707
1423
472
1893
692
2132
696
2139
694
2157
712
2205
614
2155
634
2117
690
1646
494
2148
582
2253
576
1798
704
1294
712
2125
397
2083
689
2072
696
2002
702
2155
591
2192
694
2187
689
2140
722
2159
709
2140
431
2190
556
1615
420
1829
674
2165
709
2103
727
2080
682
2198
691
2388
403
2075
694
2122
579
2132
739
2108
704
2117
686
2138
684
2168
711
1323
691
2175
709
1894
672
2197
690
2205
687
2117
702
2245
682
2327
697
2335
594
2089
704
2266
699
1982
667
2200
669
2125
692
1924
614
1384
707
2150
721
2140
689
2112
710
1897
581
2095
700
2007
704
2202
709
2501
673
2027
709
1942
597
1959
677
2251
706
2077
662
1975
642
1513
544
2107
584
1916
709
1955
684
2195
586
1987
579
2158
691
2109
684
1940
694
1905
704
1997
685
2027
621
2025
694
2138
694
2099
706
2082
704
1933
412
1471
399
2108
686
1946
696
2032
737
1950
720
2058
681
2030
553
1990
548
2065
552
1220
711
1965
584
1690
694
1865
695
1835
656
2084
699
1882
644
2183
694
1594
546
1935
710
2112
722
2037
692
1982
575
1914
496
2057
694
1970
677
2137
576
1967
700
2095
685
2059
709
2120
697
1262
403
2032
704
2024
682
2143
682
1974
697
1950
669
2072
688
2085
668
2185
696
1992
566
1952
583
2205
685
2009
588
1745
341
1952
712
1871
687
2197
689
1932
701
2057
691
1939
595
2113
706
2080
731
2193
726
1932
603
2325
712
1781
579
2118
701
1974
692
1964
681
1317
717
1919
710
2072
605
2097
644
2033
740
2053
701
2072
697
2113
593
2125
709
2140
700
2077
684
2175
674
2057
9407
1941
625
2125
595
2149
670
2135
681
1995
598
2007
697
2079
575
2067
694
1859
651
1237
391
2072
724
2403
698
2208
599
2137
765
2047
726
1935
404
2115
679
1229
392
2102
729
2105
715
1988
462
1992
711
1764
591
2131
708
2069
409
2067
714
2369
582
2047
565
1882
706
2122
686
1969
412
2165
691
2207
695
1962
604
2053
706
2129
644
2005
649
1991
694
1208
396
1940
626
2160
696
1945
687
2272
665
2285
694
1975
651
2202
697
2105
659
1992
686
1955
696
1967
679
2030
694
1907
697
2050
722
2137
468
2103
717
2055
692
1587
531
2012
568
2190
661
2032
693
2024
682
2298
682
2040
599
2104
698
2058
682
2080
697
2248
684
2088
694
2065
692
1830
712
1339
405
1860
574
1907
629
2034
666
1865
698
2055
593
1732
595
1947
596
1118
407
2181
681
2040
707
1957
697
1716
555
2390
732
1896
681
1992
567
1877
669
1862
692
2029
679
2073
682
2105
708
2075
646
1944
712
1955
717
2085
691
1975
689
2085
694
1955
694
1809
651
2047
689
2009
519
1970
699
1914
694
1854
707
1921
654
1987
704
2119
712
2047
696
1891
688
2071
689
1235
404
2082
689
2197
697
1992
719
2012
722
1884
719
2112
696
1371
444
1948
696
2115
604
2082
681
2000
732
2113
692
2165
684
2142
710
1982
697
1912
609
1980
714
1929
664
2013
706
2200
711
1957
563
2092
707
2043
680
1852
734
1957
701
2058
689
2102
596
2118
712
