1926
584
2030
711
1799
667
1894
566
1884
684
1453
684
1990
594
1531
496
1902
691
1897
690
2149
565
1948
707
2022
612
2027
656
1875
697
2032
696
2025
720
1891
692
1864
685
1985
682
2040
666
1862
696
2286
721
1894
528
1847
523
2020
9519
2019
704
1724
504
2105
709
1974
704
1459
521
2011
702
1970
694
1967
559
1865
696
2029
395
1937
709
1989
361
1068
387
1433
557
1211
380
1677
345
1991
686
1962
699
1942
637
1664
555
1966
694
1960
454
1821
568
2035
717
1301
400
2092
666
1954
649
2002
669
2030
691
2330
682
1957
694
1894
681
1800
715
1867
682
2148
461
1955
517
1947
694
1980
717
1965
463
1594
545
1937
515
1357
387
1882
721
1935
380
1904
430
1851
8753
1900
684
1987
692
2000
674
2010
694
2042
707
1842
687
1832
684
1942
682
1792
611
2042
302
1947
687
1892
576
1746
598
1676
584
2014
714
2020
387
2190
679
1933
719
1874
691
1874
697
2104
696
1982
690
2012
722
1896
606
1910
699
1011
612
1932
694
1836
672
1949
599
2055
702
2188
707
1856
684
2075
729
1899
611
2098
689
1920
681
1796
536
2097
710
2062
694
1944
699
1864
456
1987
684
1831
629
1403
454
2080
607
2062
719
1947
684
2052
672
1932
709
1866
707
1876
344
1962
694
1538
697
1962
509
2057
697
1949
676
1872
725
2058
548
1859
591
1114
597
2107
696
1907
694
1852
581
1870
616
1908
672
1955
375
1824
684
1985
707
1907
587
1951
707
1795
392
1786
590
1990
684
1998
702
2025
669
1745
580
1934
595
2187
714
2041
686
1817
694
1922
506
1932
392
2007
707
2063
569
1964
681
2045
726
2037
589
1874
326
2333
702
1985
681
1131
415
2069
577
2032
679
1277
437
1972
689
2043
704
2098
690
1581
510
2058
685
1962
699
2020
575
2097
497
2275
489
2107
691
2047
656
2100
709
2004
679
1977
702
2027
714
1904
697
1960
692
2017
697
1892
694
1713
614
1961
689
2100
732
1682
556
1930
518
2205
597
2088
721
1213
361
1836
614
1635
523
1914
508
2067
707
1945
704
1937
702
1947
701
2050
721
1865
699
1882
701
1979
684
1977
711
1902
691
2031
655
1731
697
1215
722
1837
350
1706
455
1957
704
1039
333
2057
584
1967
707
2008
699
1905
684
1876
697
1929
509
2080
398
2030
575
1961
581
1620
497
2007
465
1872
616
1999
704
2105
672
2002
708
2287
682
1543
686
1371
503
1356
704
1851
691
1872
702
1982
656
2092
696
2060
707
1960
697
1907
557
2015
662
1977
684
2013
611
1882
709
2085
532
2090
9247
1939
684
1149
391
2060
519
1872
711
2228
674
2028
681
1957
461
1894
687
1974
667
2020
719
1992
694
1891
681
2025
696
1954
679
2115
692
2064
722
2135
697
1965
657
2325
689
1862
682
1578
703
2175
694
1312
460
1939
690
2133
684
2050
570
2030
697
2105
684
2053
681
2180
662
2009
693
1766
515
2115
708
2032
604
1518
528
2065
684
2080
9166
1731
576
1942
646
1990
504
1880
701
1703
724
2165
684
2047
724
1735
730
2125
9339
2043
692
1880
710
2436
636
1956
712
1362
455
2014
697
1950
688
2075
698
2104
689
2017
694
2105
9040
1932
592
1879
481
1952
694
2057
578
2090
705
1801
586
2097
710
1984
535
1487
517
2027
709
1680
697
1295
467
2067
684
1934
658
2057
696
2080
696
2153
699
2057
707
1932
572
2247
694
2057
697
1192
719
1929
686
2125
669
1844
501
1964
607
1966
740
2048
662
1924
704
1945
463
1247
667
2000
700
2020
694
2095
680
2074
695
1405
465
2135
736
1962
691
1945
714
1937
682
2054
689
1535
545
1935
701
2063
694
1957
722
2005
699
1585
465
1859
697
1999
697
1780
515
1907
687
1525
707
2180
641
1662
598
1947
697
1972
604
1533
539
2035
646
2318
578
1790
694
1949
688
1816
581
1957
689
1580
563
2033
737
2092
727
2132
697
1892
693
1121
686
1995
609
1958
585
2188
681
2145
639
2080
682
2065
724
2103
685
1675
702
2050
741
2062
689
2010
689
1968
595
1849
540
2102
706
2033
717
1919
489
2135
698
1327
475
1183
717
1792
556
1890
697
1845
443
2017
691
2047
573
2009
381
2030
686
1186
694
2021
681
1960
706
2073
691
2137
567
1297
708
1173
724
1615
684
2108
689
2050
697
2059
639
1758
702
2208
699
1982
8535
2068
684
2068
717
2017
687
1701
669
2047
677
2124
695
2133
707
2110
507
1984
584
2037
636
1882
702
1939
689
1917
696
1757
581
1995
706
1596
543
1985
666
1941
697
2027
702
2112
719
1250
400
1949
701
2083
418
2020
658
2093
719
1927
711
2093
699
2090
706
1884
689
1372
400
1959
696
2213
684
1955
556
1992
696
1975
704
2017
628
1977
679
2190
454
2110
694
1637
506
2127
697
2155
712
2004
591
1894
699
2092
539
2020
697
2040
546
2102
662
1995
547
2014
684
1972
666
1936
9196
1889
690
2155
696
2112
697
2032
707
1931
717
2019
704
2165
687
2135
568
1960
696
1882
699
2032
515
2072
680
2072
696
1003
637
1886
587
2150
712
1650
499
2042
681
2004
470
1801
694
2109
710
2135
530
2050
689
2124
702
1836
709
2142
684
2197
711
1247
390
2130
641
2122
585
2065
682
2040
691
1969
689
2504
596
2105
691
1980
686
2117
585
1931
712
1676
551
2027
656
2032
559
1954
637
2102
13675
2137
694
1170
422
2175
692
1992
684
1860
687
2142
594
2034
707
1983
614
2163
681
1307
702
1990
704
1770
690
1726
565
2110
393
1910
695
1912
670
1878
697
1965
692
2072
669
2037
697
1489
574
1789
519
2040
647
2017
712
2283
604
2018
656
2059
393
2391
539
2101
694
2147
604
1422
471
2067
709
2099
589
2060
692
2127
696
1677
591
2085
737
2014
694
1987
639
1189
408
2010
667
2108
684
1942
549
2080
727
2029
696
2092
697
2107
701
1213
692
2217
697
2057
692
2148
697
2088
689
2022
706
1939
684
2015
703
1413
694
2099
503
2021
689
2107
694
1187
395
2073
711
1737
697
2133
594
2065
747
2138
682
2133
667
1553
455
2145
650
2218
699
2120
697
1952
697
1929
644
2249
399
1196
359
2080
729
2042
413
2118
696
2031
699
2169
709
2135
681
2088
695
2020
724
2149
582
2139
689
2183
684
2227
600
2084
729
2149
704
2108
682
2075
682
2105
580
1862
540
2105
696
2120
710
2040
709
1949
715
2062
502
2252
581
2100
696
2125
687
1975
697
1863
701
2015
579
2025
438
2072
699
1794
694
1912
707
1804
694
1932
699
1900
589
1553
696
2025
687
1313
435
2185
701
1884
446
1814
508
1967
569
1829
697
2024
691
1914
684
1957
709
1598
593
1899
681
2063
719
1964
685
2192
684
2163
699
2030
683
2133
724
1776
591
2145
744
2258
704
1688
509
2083
689
2059
696
2175
699
2065
530
2175
588
1952
521
2089
686
1946
709
2085
716
2115
687
2043
682
2115
697
2125
400
2095
444
2010
658
2175
697
2070
694
1965
380
1666
689
2110
667
1997
699
2070
679
2007
696
2080
692
2055
353
2103
692
2187
711
1975
694
1699
308
1987
726
1875
702
2141
681
2073
698
2125
694
1627
505
2125
724
2117
696
2138
682
1983
595
2134
682
1678
521
2097
694
2067
697
2205
582
2070
707
2085
491
2019
658
2020
554
2218
395
2080
692
2177
709
2065
388
1982
697
2143
682
2155
725
2157
684
2048
416
2165
586
2238
399
2012
660
2172
727
1937
549
2160
689
1992
607
2031
667
2097
689
2147
694
2100
706
2167
681
1384
447
1912
701
1977
451
2074
687
1935
706
2022
698
2138
695
2160
697
2210
694
1775
497
2292
702
2014
712
2333
727
1990
594
1930
702
2310
692
2115
682
2155
691
2049
704
2005
714
2039
691
2157
701
2040
685
2163
684
2142
722
1980
709
2188
710
2008
682
2047
696
2165
692
2430
697
2104
691
2092
553
2010
619
1982
727
2336
557
2378
692
1369
397
2090
694
2165
684
2077
704
2157
691
2257
711
2158
684
2029
611
1799
706
2057
694
1934
643
2019
691
2097
697
2067
694
2027
699
2102
694
2027
679
2168
724
1892
697
1977
734
1802
441
1924
704
1929
649
2140
574
1967
596
2079
720
2002
707
2353
454
2033
641
2050
506
1979
717
1974
498
1994
691
1975
694
1904
678
2073
516
2033
734
1890
709
1866
603
2100
694
1708
585
1967
692
2177
681
2092
516
1866
693
2080
411
2040
724
1801
684
2052
697
2013
706
1969
696
1954
697
2057
707
2040
687
1934
704
2014
711
2028
679
2032
707
2155
684
2053
707
1877
707
1907
709
1977
581
1842
696
1962
696
1802
621
1135
394
1974
586
1995
581
1952
538
2185
696
2028
665
2002
702
1802
697
1977
585
1942
714
1937
613
2007
697
1972
692
2107
637
1997
726
1946
681
2003
684
1981
694
2065
715
2192
677
1932
699
2077
634
2267
701
1869
682
2097
694
1922
708
1889
621
2228
694
1905
684
1729
420
1924
681
1764
534
1967
589
1175
712
2042
581
1885
597
1927
584
2057
684
1810
709
1914
705
2005
523
1107
699
1664
709
1717
646
2000
731
1969
696
1796
598
1990
684
2037
676
1899
704
1938
696
2063
689
2002
697
1992
664
1912
714
1665
538
2197
286
1872
681
1989
694
1959
698
1774
574
2058
684
1751
583
2210
724
2115
694
2030
720
2022
707
1927
688
1684
497
1956
581
2145
601
2129
330
2013
689
2003
598
1924
696
1969
699
1937
699
1454
483
1960
694
1975
10194
1947
704
1809
714
2047
634
1990
579
2035
701
2043
681
1869
696
2017
689
2072
702
1639
507
2080
694
2090
622
2020
717
2067
710
2022
731
1967
694
2072
686
1894
694
2083
682
1929
702
1979
678
1832
679
1964
642
2042
712
1867
719
2050
707
1945
691
2027
671
1904
727
2165
601
2095
679
1982
691
2018
681
1982
714
1950
681
1944
702
2064
692
2150
696
1977
672
1508
710
2142
688
1934
699
1804
559
1974
679
1947
700
1991
727
2052
709
2033
704
2073
695
2027
710
1945
707
2013
677
2002
697
2035
732
1844
606
1330
395
1967
687
1841
542
1804
692
1784
729
1794
574
2191
627
2012
699
2378
709
2170
679
1900
709
1860
415
1950
719
2378
636
2037
697
1950
677
1912
697
1943
473
1887
612
1857
710
1818
691
1992
699
1927
724
1871
584
1905
694
1984
706
2068
708
1921
614
1815
579
1626
483
1938
661
1876
697
1929
644
2064
719
1916
691
1823
709
1977
591
1629
515
2135
699
2019
709
2017
641
2098
694
2085
625
2072
680
1377
458
1824
696
1561
704
1791
707
1827
579
1794
694
1660
584
1892
692
2093
394
2095
726
