2192
687
1868
692
2060
689
1886
684
1934
701
1335
701
1959
9126
1920
620
1804
737
1957
707
2040
655
2088
694
2188
677
2022
694
1961
710
1942
711
1875
699
2042
689
2193
704
2084
387
1722
709
1057
391
2088
682
1869
677
1896
9044
1801
596
1534
536
2073
553
1899
719
1844
694
1624
564
1789
697
2013
707
1884
702
1982
711
1970
684
1960
685
2087
454
1061
382
1531
586
1947
706
1919
637
2062
694
1904
667
1984
707
1907
710
2007
692
2025
451
2072
658
2054
692
1946
471
2034
629
1865
715
1917
696
2020
682
2128
587
2050
683
2145
734
1865
697
1104
390
2032
710
2025
495
1970
8805
1776
679
1985
445
1572
576
1914
697
2050
680
1669
679
1994
636
1884
696
1043
690
1889
672
1795
388
1940
684
1892
696
2007
471
1784
574
1906
673
1102
399
1977
740
2301
702
1934
704
1928
517
1877
699
1988
711
1760
669
1619
324
1872
697
1984
700
2110
569
2107
699
1902
697
2030
696
1939
711
2085
613
2187
704
1322
498
1882
690
2005
682
1987
508
2095
681
2385
689
1802
702
1809
711
1892
669
923
709
1982
618
2042
709
2092
661
2090
707
1554
530
1399
520
1957
709
1979
714
1316
465
1947
684
1987
652
1884
700
1906
656
1606
581
1872
709
2100
369
2042
712
1925
10455
1732
597
1212
374
1897
684
2035
682
1947
694
1993
692
2030
609
2082
702
1672
699
1784
696
1942
681
1998
500
1017
389
1711
709
2132
687
1682
585
2105
724
1048
690
1962
654
1865
699
2054
696
1975
689
1061
352
1764
589
1238
382
1896
699
1952
704
2058
684
1162
380
2120
682
1919
599
1979
679
2027
709
1720
707
1905
406
1870
679
1237
445
1974
374
1728
589
1969
669
1974
694
1561
573
1900
697
1977
626
2043
580
2092
681
2002
710
2165
612
2157
704
2107
655
2092
694
1872
682
2072
688
1872
660
2022
573
2305
684
1940
704
2350
705
2195
712
1975
639
1889
737
1917
683
2087
692
1941
694
2017
559
2042
575
2037
700
1136
371
2057
681
2042
485
1907
682
2020
439
1945
707
2095
701
1964
691
2050
694
2140
686
2048
682
1967
599
2030
669
1998
609
2045
695
2042
694
2072
382
1963
370
2120
586
1849
561
1093
333
1965
757
1952
704
1942
694
2044
664
2190
686
2062
695
2011
725
2120
697
2064
708
2017
681
1975
455
2000
684
1945
697
2035
701
2022
491
1949
679
1819
710
1941
699
2062
694
1932
639
2102
619
1844
699
2102
694
2122
687
2030
694
1631
602
1969
691
1879
691
2005
602
1285
468
1959
706
1900
724
2018
697
1866
709
1594
697
1898
682
1943
651
1992
594
1884
654
1990
706
2015
589
1847
656
2023
689
1954
692
2004
744
1924
686
2080
9078
1974
411
1880
682
1934
627
1957
689
1595
694
1789
597
1914
685
1909
684
2025
704
1952
580
2132
694
1161
390
2044
686
1946
712
2174
739
2017
690
1994
647
1970
666
1533
506
1532
517
2048
704
2105
660
1877
669
1917
587
1979
518
2054
682
2177
684
2063
704
1959
478
2043
597
1463
718
1965
619
2020
695
2047
686
1952
589
1935
695
2035
684
2157
690
1607
712
1872
714
2004
712
1967
699
2105
586
1804
789
2198
455
1932
666
2047
704
1880
695
2075
682
2225
694
1581
463
2255
595
2177
691
1726
466
1405
471
1938
682
2029
644
1924
719
1965
689
1726
604
2030
732
1966
447
2042
595
2035
405
1424
689
2175
671
1403
694
1600
517
1857
515
2015
694
1962
704
2060
587
1185
398
1894
693
2020
694
2155
685
1905
692
2012
592
2037
714
1992
699
2030
621
1942
697
1543
565
2042
504
2040
697
1959
697
2047
702
1777
706
1187
529
2014
682
2213
598
2147
669
2059
557
1471
519
1892
659
1720
597
2050
684
1874
630
1914
676
2017
611
2088
707
2012
672
1887
712
1950
593
1982
722
1603
567
2068
701
1966
699
2037
714
1824
626
1993
597
2074
540
2165
695
1975
700
2013
708
1662
528
1985
639
2080
696
2065
672
1990
704
2217
694
1699
592
2031
714
2215
585
2055
694
1730
548
2202
689
1945
702
2060
438
1482
689
2172
712
1910
684
1396
6256
1736
705
1864
656
1975
682
2080
446
1978
663
1735
490
2095
694
2014
684
2095
717
2168
704
2030
404
1949
692
1573
704
1934
710
1958
744
2043
702
2103
697
2152
711
2145
682
1957
704
1983
697
2019
696
2062
749
2051
579
2099
707
2024
441
1955
658
1994
694
2142
692
2098
682
1947
599
1722
611
1852
581
1652
551
1650
694
1932
710
2167
686
2027
694
1223
712
2095
704
2150
403
2037
704
2138
691
2090
685
1689
508
2027
607
2050
687
2047
406
1970
699
2067
717
2353
699
1960
707
1536
10351
1986
677
2119
595
2021
413
2077
709
2010
694
2002
697
2091
726
2108
709
2167
696
2042
546
2065
689
2064
689
1902
702
2065
669
1950
682
1930
681
2032
701
1962
653
2155
684
1900
615
2125
682
1660
9768
1947
684
2109
698
2068
695
2087
699
1947
684
1939
701
1877
612
2017
682
799
726
1264
420
2042
689
2090
586
2130
455
1942
697
1743
591
1543
696
2105
691
2070
695
1932
536
2152
499
1999
681
2305
705
2044
411
1359
410
1810
583
2017
696
1967
707
2020
689
1907
688
2087
689
2070
702
2072
699
1749
693
1874
564
1287
694
2137
642
2073
604
2140
475
2105
702
2153
691
2125
653
1957
695
1882
629
2147
576
2295
702
2027
726
2065
685
1360
704
1860
787
1884
502
2090
694
1990
681
1934
699
1906
721
1904
672
1982
689
2000
699
1997
680
1344
694
2387
695
2050
608
2108
689
2007
541
1802
661
1980
704
1622
719
1851
701
2416
518
2185
684
1985
696
2117
687
1970
682
2019
697
1706
697
2032
709
2062
463
2030
694
1901
385
2117
617
2137
702
2055
575
2303
642
2070
557
2022
714
1925
689
1768
701
1924
587
1786
702
2133
704
1997
677
1787
551
1957
699
2060
704
2040
417
2027
696
2077
694
2052
707
1213
681
1856
699
2200
704
2277
702
2032
709
2077
689
2135
697
1970
586
2207
549
2089
709
2044
541
2168
709
1962
697
2103
676
1919
681
2073
684
2060
419
2103
682
2040
607
2040
694
1789
542
2371
691
2197
439
2161
599
2218
694
1944
694
2087
691
2133
599
2045
704
1692
501
2044
707
1829
690
2293
691
2025
695
2055
709
2360
696
1970
706
1909
712
2368
701
2127
679
1952
714
2022
696
1882
701
2117
739
1960
440
2130
659
1844
694
1673
710
1884
722
1953
712
1939
715
1944
710
2138
684
1202
434
1934
651
1917
627
1997
527
1706
524
2060
684
2077
684
1937
589
1859
691
1619
579
1774
452
2175
682
2039
585
2133
685
2104
697
1945
696
1768
722
2073
498
1922
580
2054
699
1950
625
2021
732
2235
695
1874
576
1532
706
2140
581
2072
573
2029
684
1819
509
2218
691
2092
737
2167
681
1770
682
2059
400
1592
505
2157
704
2062
691
2095
699
1950
686
1884
689
1554
691
2231
682
2051
689
1980
501
2043
691
2124
593
1948
712
2085
709
2080
696
2185
710
2105
697
2020
694
2089
701
2097
692
1999
682
2172
589
2132
699
2063
707
2074
699
2375
699
2128
684
2121
700
2093
698
2080
701
2209
689
1962
694
1850
697
2185
687
2022
572
2257
694
2049
510
2034
702
1398
399
2060
697
2089
694
2109
695
2419
684
1250
632
2027
687
2001
646
2075
709
2225
682
2200
467
2137
679
2185
712
2152
656
2055
624
2175
694
2082
694
2383
684
2152
697
2057
684
2077
709
2130
704
2005
586
1990
690
2158
691
2110
710
1947
682
1333
697
2060
694
2095
701
2082
681
2098
691
1936
656
2092
694
2077
702
2110
509
1208
703
2884
707
2034
465
2128
674
2070
694
2060
704
1957
684
2095
707
2024
593
2090
697
2085
697
2203
694
2213
702
2117
704
2198
608
2229
697
2145
687
2142
681
2067
689
1218
383
2193
677
2044
495
2015
697
2027
682
2133
704
2183
697
1952
699
2027
697
1782
595
1741
710
2290
726
2129
697
1981
668
1907
666
2020
681
1980
671
2030
707
1892
707
1792
651
1035
667
2122
689
1957
686
2120
496
1152
717
2014
709
2060
696
1154
509
2007
701
1869
709
1872
696
1892
593
1852
706
1922
681
1925
722
1872
705
1965
685
1790
682
1877
649
2130
660
2009
585
1925
651
1979
696
1915
461
1997
586
2293
717
1952
707
1917
709
1886
677
1890
694
2125
709
1787
519
2023
668
1869
694
1965
706
1967
586
1972
8643
2410
689
1957
709
2128
694
2025
663
1852
601
1732
702
1932
711
2014
712
1862
664
1908
375
1911
697
1955
692
1947
695
2232
705
2020
702
1889
687
1819
682
1867
681
1976
761
1864
714
1904
674
1912
696
1962
578
1897
697
2067
697
2095
684
2105
696
1899
705
1962
704
2248
601
2035
799
2042
696
1979
572
1957
709
1859
697
2015
546
1963
697
1040
350
2098
684
1475
712
2042
699
1940
697
1912
704
2060
707
1975
699
1977
577
1874
626
1900
717
2057
533
1482
516
1109
697
2001
696
1874
578
2030
684
2153
686
1612
574
2037
684
2053
706
2140
702
1956
681
2031
682
2187
684
1929
674
1912
717
1895
614
1994
682
1901
704
2118
687
1787
697
2015
595
2080
681
1950
702
1839
704
2155
689
1955
697
2022
644
2044
699
1617
508
1972
575
1987
697
2040
393
1851
664
2080
588
2048
704
1957
639
2059
551
2043
393
1957
682
1990
696
1935
710
1859
697
1974
692
2027
707
1992
684
2057
679
1867
688
2020
521
2057
697
1857
691
2175
697
1990
694
2028
612
2137
679
2340
692
1942
707
1872
342
2022
684
2045
712
2039
596
1937
694
1978
706
1991
657
2080
670
2017
696
2065
681
1786
694
1967
702
1845
689
2245
636
1962
674
2025
707
1471
707
1703
599
1867
684
1895
583
2077
709
1989
681
2110
682
1201
467
1979
628
2007
701
1985
709
2168
714
1944
706
1772
692
1894
9103
1842
679
2081
698
1914
696
2015
528
2109
706
2296
697
2148
716
1806
585
1072
467
2009
681
1160
408
2044
704
1774
535
1643
586
1817
564
1992
699
1985
694
2132
604
2007
707
1896
426
1440
689
2035
561
1874
696
1501
706
1957
707
1962
712
2025
682
1957
696
1914
691
1822
715
1807
709
1965
689
1876
692
2099
701
2017
681
1908
616
1947
691
2071
599
1887
696
1874
719
2017
682
1944
684
2002
716
1947
651
2057
691
1874
653
2013
687
1953
563
1877
553
2052
694
1895
660
2095
689
1437
455
1593
585
1498
705
1989
684
1502
692
1633
487
2014
837
2028
700
1969
345
1969
684
