1972
701
1865
669
2168
503
1624
702
1882
722
1877
695
1997
692
1985
694
1901
649
1937
699
1919
617
1855
639
1992
696
2005
680
1914
617
2044
657
1939
697
1955
704
1875
566
2043
702
2007
697
1908
568
1945
606
1779
574
2000
684
2125
682
1909
393
1799
681
1807
717
1901
706
1854
669
1810
712
1277
600
1922
696
1998
666
1941
707
2093
724
2095
710
1110
374
2137
702
1914
707
1839
670
1917
674
1879
700
2012
500
2127
686
1933
697
1915
466
1894
566
1106
651
1947
674
2023
656
2303
410
2120
686
2087
717
1962
709
1941
684
1962
697
1859
704
2022
639
1980
579
2029
679
2098
704
1994
704
1939
522
1142
712
2135
676
1920
709
2062
573
1933
687
1628
533
1855
385
1837
585
2060
693
1434
532
2101
651
1600
580
2067
694
2005
668
1792
697
1949
709
1694
498
1652
536
1716
672
1952
704
1755
674
2025
708
1954
521
1784
702
2003
680
1863
656
1868
586
1982
378
2057
701
2078
595
1874
697
2022
692
1992
694
1945
702
1977
682
2008
684
2078
684
2012
682
1822
704
1950
684
2090
697
2092
184
1958
591
2132
689
2025
697
2014
679
2119
533
2002
672
1956
704
1935
699
2060
512
2103
697
1870
699
1988
692
1994
694
1907
692
2093
632
2148
380
1877
694
2123
694
2140
624
1542
495
1930
729
1079
375
1952
468
1972
488
1941
726
2019
712
2070
687
2022
717
1897
712
2125
686
2035
387
2057
597
2045
707
2015
453
1889
544
2037
681
1949
696
1983
694
2057
593
1944
696
1672
525
1919
574
2030
388
2037
683
1831
697
1932
709
1955
392
1962
9003
1862
696
1947
697
2067
684
1960
702
2050
679
1922
682
2002
676
1909
616
1977
694
2017
684
1854
599
2117
690
1957
601
1809
709
2080
697
1990
682
1991
639
1904
583
1977
704
1987
686
2042
649
2060
681
1626
706
1819
666
2075
697
1580
709
2024
705
1956
489
1851
694
2097
685
1987
730
1940
696
2210
682
1636
711
2132
699
2087
711
2047
652
2055
714
2027
709
1862
692
2175
709
2012
521
1997
338
2024
697
2062
601
1955
583
2049
684
1929
702
1582
553
2030
817
2100
684
1977
712
1892
649
1401
702
1999
696
1942
674
2010
676
1049
282
2128
704
1747
550
2213
704
1959
676
2097
667
1980
657
1698
601
2084
674
2002
616
1737
585
1960
702
995
689
22918
682
1667
684
2102
621
1083
16107
2003
624
2005
694
1980
599
1990
571
2039
664
1967
586
2067
681
2075
699
1974
704
2065
687
2052
556
1962
699
1914
696
2167
699
1991
694
1925
686
2024
501
1967
599
1534
467
1747
656
1942
576
2150
684
2105
704
2037
688
1867
709
1802
602
2065
705
1900
646
2093
697
1189
471
2075
666
2015
754
2067
679
1969
584
2033
376
2000
686
1947
664
1987
709
2170
724
2060
694
1260
381
2007
644
2290
707
1975
681
2074
654
1657
712
1664
697
1246
407
1907
694
1804
597
2173
681
2032
707
2060
710
1942
685
1977
692
1652
699
2062
393
2027
682
1297
463
1983
622
1750
674
1240
624
1915
692
1885
714
2057
689
1806
662
1997
682
2318
9898
1947
725
2122
655
2040
694
1675
669
2040
382
2071
694
1728
397
2033
692
1992
679
2175
632
1960
706
1894
710
1989
684
2122
603
2268
407
2152
541
1935
344
1930
700
2192
711
1886
685
1346
420
2097
684
2095
639
2055
694
2127
696
1966
685
1964
614
1982
694
1897
709
1944
709
1783
694
2145
697
1505
531
1909
9081
1892
696
1949
596
2012
595
1975
697
2092
677
1949
692
1999
603
2113
700
1943
747
2040
585
1914
711
2115
371
1998
647
1203
406
2025
689
1952
682
2143
712
1987
682
2002
686
1283
457
2180
9038
2037
709
1944
697
1910
684
2185
722
2030
481
2017
694
2065
679
1924
688
2190
617
2042
689
1897
681
2080
697
1980
568
2118
705
1977
577
2017
684
2160
694
1669
598
869
677
2253
726
2020
694
2095
696
1912
546
1896
728
2195
715
1882
712
2090
623
2007
702
2092
689
2003
701
1954
503
1838
573
1780
699
1879
740
2133
682
1866
752
2068
682
2117
697
1436
507
1664
568
1925
689
1978
616
2095
679
2071
696
1743
709
1576
530
1926
696
2030
707
2092
682
1892
690
1995
707
1872
347
1882
671
2025
689
2103
677
2047
696
1911
685
2075
689
2350
682
2185
594
1866
664
1917
711
2025
694
2047
706
2050
684
2182
724
1549
530
2227
697
2045
724
2077
697
2021
694
2112
716
2052
692
2118
681
2107
706
2144
699
1894
607
2110
705
2117
697
1985
704
2092
690
2200
401
2062
686
2030
593
1942
697
1942
707
2068
539
2060
707
2185
705
1956
392
1964
699
2179
599
2152
707
1999
681
2080
694
1840
697
2259
722
1974
665
2127
700
1972
694
1962
704
1087
390
2163
694
2064
702
1673
692
2002
593
2275
699
2308
656
2105
696
2056
697
1980
684
1865
696
2152
586
2020
692
2087
696
2095
690
1182
394
2042
694
2130
717
2050
707
2095
706
2017
587
2135
681
2039
712
1974
556
1887
684
1811
706
2018
644
2110
696
1987
582
2053
697
2025
591
2165
446
2002
9178
2065
694
2067
433
2152
697
1845
559
1979
697
2064
691
2045
697
2090
629
2092
646
2150
704
2230
684
2102
682
2100
430
1955
706
2011
704
1720
727
2120
682
2213
701
1852
697
2012
584
1972
684
2180
691
2027
706
2025
709
2053
696
1277
396
1922
576
1957
684
2127
697
1646
684
2115
681
2065
694
2115
691
2137
661
2065
712
1611
576
1967
626
1937
697
1908
394
1992
712
1943
705
2052
744
1660
481
2073
686
2073
815
2017
701
2085
511
2057
679
1925
691
2134
628
2065
699
1990
690
2067
546
2122
694
2168
707
1970
699
1922
694
2057
681
2070
627
1745
681
2247
459
2097
677
1962
682
2100
684
1959
709
2198
581
2077
694
2198
722
1884
712
1980
590
1987
717
2054
544
2102
694
1863
712
2075
617
1876
663
2073
694
2405
902
2030
739
2127
598
2117
573
2165
696
2215
586
1150
405
1434
679
2130
557
2005
699
2137
575
1929
704
2118
694
2130
699
2395
648
2245
555
2099
616
2095
684
2040
734
2127
687
2129
709
2104
672
1596
716
2103
595
2037
681
2077
657
2053
706
2143
697
2110
697
2102
714
2135
696
2087
706
1712
511
1947
699
2496
634
2124
696
2140
684
2080
704
2044
710
2072
679
2020
695
2061
687
2190
581
1872
687
1889
730
2145
639
2095
722
2001
684
1939
704
1902
689
1542
521
1967
720
1990
692
1905
707
2100
555
1907
699
1673
336
1902
682
1854
707
1876
465
1924
575
2142
680
2197
700
2011
702
1869
626
1922
694
2131
697
2032
404
2118
694
2140
550
1512
494
1852
589
2401
714
2030
696
2048
691
2145
712
2063
686
1319
381
2097
714
1198
401
2117
701
2148
737
2205
454
2130
684
2240
697
2090
694
2104
694
2170
691
2180
689
2115
427
1679
451
2220
692
2165
695
2361
699
1836
702
1932
684
1844
692
1760
535
1984
677
1448
421
2017
696
2079
692
2139
687
2022
709
1887
706
2183
708
1970
702
2150
709
1983
614
2083
699
2077
685
2092
641
2160
739
2115
694
2103
694
1997
692
1967
581
2042
706
2307
684
1977
348
2157
712
1954
694
2099
681
2120
694
1929
563
2418
682
2175
694
2032
564
2055
709
2220
697
2042
682
2170
694
2051
704
1984
707
2203
707
2037
619
2105
710
2094
706
2153
656
2068
441
2340
704
1976
696
2355
699
1990
697
2290
679
2190
704
2192
701
1594
558
1977
710
2107
577
1852
418
2145
694
2140
696
2142
679
1517
516
2114
694
1940
707
2054
712
1964
679
2158
684
2192
591
2099
722
1933
596
2205
524
1586
328
2065
704
2103
736
2090
707
2019
445
2190
699
1889
696
1836
524
2070
695
1264
408
2052
626
2193
700
1977
704
1916
555
2092
699
2331
684
1762
560
2152
481
2012
722
1962
614
2002
607
2160
696
2125
588
2333
679
2125
684
2104
697
1967
587
1398
704
2155
724
2152
712
2080
644
2130
716
2007
685
1975
684
1977
694
2060
585
1909
691
1824
714
2085
709
1982
682
1522
495
2175
712
2077
666
2125
684
1991
684
2060
506
2051
696
1551
717
1977
682
2105
705
2182
697
1887
699
2107
684
2546
556
1784
699
1892
697
1899
584
2009
719
1378
398
1602
567
1864
697
2067
692
1824
682
1957
702
1937
553
1814
9614
2047
694
1859
682
1838
704
1624
448
1857
696
1912
696
1814
706
1669
699
1240
397
1976
360
1866
688
1887
657
1970
696
2062
578
1862
691
1880
712
2062
696
1890
699
1899
390
2082
684
1874
729
1870
712
1930
589
1644
500
2100
559
1835
578
1967
679
2017
684
1900
709
2007
749
2007
604
2080
682
1957
634
2000
696
1984
700
1944
709
1965
669
1896
701
1864
696
1938
711
1218
398
1947
674
1724
697
2037
704
2095
665
1984
702
1980
689
2009
697
2009
692
1980
717
2078
697
1761
407
1748
434
1995
684
1952
684
2040
681
1884
709
1973
701
1975
686
1929
704
1967
684
1990
694
2195
686
2000
694
2014
642
2054
684
1974
674
2129
679
1990
704
1956
694
2123
681
1922
691
1874
702
1877
619
1752
491
1972
699
2002
566
1972
697
1766
692
1973
690
1968
704
2022
682
1847
699
1874
689
1974
695
1906
689
1987
688
1606
595
2105
654
2110
684
1905
563
2027
699
2027
681
1704
527
1944
694
1866
726
1815
706
2070
697
2089
732
1804
705
2067
707
1785
706
1990
694
2140
679
2077
682
2030
528
1674
556
1684
539
2130
621
1969
682
2110
696
1834
687
1992
710
1940
702
1926
681
1937
563
1756
586
2042
702
2024
684
1867
691
1907
717
2092
692
1862
707
1962
697
1900
692
2097
695
1884
572
1977
712
1969
711
2079
654
2030
682
2062
682
1929
688
2005
694
1947
681
2172
699
1909
682
1424
448
2077
691
2045
681
2077
685
1901
727
2002
696
2125
687
1984
681
1974
687
2112
705
1849
714
1919
668
1949
711
2103
679
2112
682
2030
681
1971
697
1882
392
1792
679
1936
626
2030
697
1601
596
1375
496
1980
724
2023
804
2042
689
2152
684
1940
602
1872
697
1919
711
1955
704
1912
519
2027
618
1985
694
1920
702
2039
679
1920
651
2001
556
1860
704
2045
548
1969
686
1815
696
1982
687
1808
557
1880
637
1696
627
1997
670
1879
681
2037
692
1902
501
1809
596
1921
711
1952
645
1877
694
1528
584
1939
694
1935
706
2000
720
1864
658
1726
593
1964
682
2014
699
1994
689
1957
591
2070
395
1917
686
1860
678
1940
9402
1929
517
1972
682
