1837
579
1859
707
1453
513
1947
598
1841
696
1982
689
1957
704
1759
696
1954
663
1922
696
2009
691
1947
632
1982
687
1910
649
2000
652
1877
702
2022
514
1696
689
1902
739
1934
684
1887
676
1877
670
1935
490
1984
711
1552
574
2035
700
1949
680
1982
724
1542
711
1124
380
1824
679
1835
715
1814
9143
1867
656
2012
627
1393
464
2047
727
1969
619
2038
636
1947
792
1774
406
1689
543
1990
661
2078
661
2005
673
1617
573
1940
706
1911
465
1967
586
1199
364
2055
478
1930
688
2115
420
2040
700
2085
700
1939
684
2048
687
1806
495
1892
595
1852
694
1884
687
1959
667
2072
678
2122
591
2045
514
1854
577
2013
684
2170
684
1943
689
1962
679
1987
684
1885
387
1837
682
2040
684
1728
574
1527
530
1980
633
1970
691
2080
696
1837
691
1980
714
1958
597
2014
711
2068
702
2002
653
1977
674
1902
543
1999
682
1879
694
2035
696
2062
714
1925
692
1952
393
1990
690
1990
598
1937
709
1917
510
1869
696
2022
694
2100
682
2030
710
2005
700
1955
690
1847
688
1887
714
1924
707
1982
619
1950
721
2115
593
2002
722
1977
711
2012
544
1649
732
1854
679
2017
702
2068
682
1924
411
1762
558
1902
682
1849
697
1909
661
2070
696
1942
382
1950
696
2067
696
2007
724
2045
694
2017
669
1087
709
1944
469
1892
690
2083
639
1950
727
1998
642
1830
358
1944
699
2185
700
1925
379
1702
707
1959
707
1356
707
1935
696
2007
595
1849
722
1864
697
1871
685
2037
707
2140
593
2080
511
1855
375
1949
704
1980
684
1876
712
1894
715
1946
595
1897
710
1887
334
1899
684
2052
696
2060
684
1921
700
2145
694
1766
588
1858
697
2070
696
1967
632
2142
681
1981
687
1806
337
2122
664
2030
686
1997
708
1992
576
1178
377
2107
596
1830
663
2060
694
1925
709
1998
592
1969
707
2182
709
2025
709
1670
697
2110
687
1950
682
1839
712
2142
692
1977
697
1184
401
1967
702
2088
600
2048
681
1975
634
2078
697
1892
714
1857
612
2253
533
2042
714
1965
602
2142
593
1920
697
1811
681
1842
684
1371
665
1990
699
1974
694
2002
585
1856
606
2064
695
2038
694
2045
691
2039
696
1038
326
1942
704
2055
684
2037
702
2113
699
2263
619
1940
704
1832
694
2272
684
2105
664
1926
646
1962
729
2045
421
1904
694
2027
711
1892
694
2052
684
1962
687
1972
699
2115
721
2047
589
1947
691
2005
661
1950
694
1967
644
1888
696
2004
684
2008
505
2052
647
1882
691
1933
584
2040
702
2132
677
1927
665
2044
715
2040
692
2058
697
1941
687
2288
707
1925
750
2010
697
1929
655
2017
656
1507
587
1990
687
2080
575
1906
437
2037
709
1925
587
1849
588
1692
697
2027
608
1760
714
2125
570
2298
699
1764
714
1967
697
1310
386
2315
699
1972
692
2173
670
2025
697
1736
695
2067
691
2017
456
1280
353
1974
697
2090
712
2060
691
1224
405
1632
519
2012
709
1940
694
1917
400
1949
707
2004
669
2145
712
1867
735
1249
375
1977
697
2095
712
1875
631
1678
600
1900
679
2017
686
1981
511
2195
682
1917
699
1985
692
1142
666
1815
668
2398
584
2035
678
2075
612
1992
653
1950
682
1897
709
1961
696
1576
519
1682
478
1722
681
1147
374
1992
679
2002
8913
2070
325
2052
689
2040
567
1977
705
1939
727
2107
692
2153
572
2057
684
1817
696
1897
609
1631
505
2033
558
2091
688
1518
520
2009
601
2193
742
2082
694
2062
696
2139
712
2002
699
2117
679
1977
599
2042
673
2032
592
1897
599
2013
697
2130
407
2067
712
1673
405
2068
489
1557
531
2062
704
2092
712
2150
692
1969
691
1904
606
1589
704
1965
682
1902
622
1980
706
1790
648
1978
654
1554
506
2102
709
2100
519
2030
709
1949
696
2310
690
1949
589
2059
704
1884
532
2262
745
2017
471
2010
584
2010
736
2000
696
1682
536
2023
716
2080
667
2032
668
1891
709
2112
681
1937
671
1061
691
2080
692
1847
694
2062
694
1962
586
2188
700
1999
727
2098
697
2035
681
1409
677
1882
687
2044
710
2013
697
2032
629
2005
490
2019
707
2064
682
1712
577
1903
692
1856
696
2004
709
2055
697
1989
568
2040
709
2150
684
2168
696
1861
668
1709
587
2180
697
1793
714
1378
484
1862
694
2110
360
1896
641
1948
709
1885
702
2145
737
2148
694
1915
694
1451
539
2027
709
1771
496
1917
585
1985
707
2182
647
2090
562
1959
700
1952
677
1973
701
1986
665
1877
714
2115
605
2039
689
2053
681
2047
682
2057
691
1772
505
1899
604
2040
702
1525
533
2100
687
2125
681
1997
391
2095
696
1987
602
2121
699
2283
684
1944
710
1992
699
2127
669
1943
709
2074
695
2030
697
1870
681
1882
391
2057
696
2130
726
2119
697
2077
684
2027
586
1962
699
1673
553
1906
661
1665
534
1949
719
1690
613
1865
706
2070
704
2015
694
1218
400
1672
714
2053
712
2032
684
2017
704
2010
551
2043
696
2130
694
1902
729
2043
663
2205
697
2151
717
2057
732
1712
557
2173
694
2102
591
2212
722
2075
637
2270
487
2044
684
1240
690
2055
747
2037
689
1912
700
2015
704
2278
701
2173
691
2165
704
1964
527
2092
679
1874
588
1984
692
1885
697
2077
647
2045
705
2152
681
2118
704
1990
702
1952
732
2090
684
2170
694
1860
694
1735
540
1210
403
2035
692
1990
691
1914
682
2097
679
2097
696
2087
712
2027
705
2513
699
2660
391
1954
724
2047
644
2057
681
1974
400
2055
685
1764
701
1917
631
2223
678
2150
697
2039
701
2068
641
2025
612
1909
636
1930
614
2149
707
1982
742
2207
708
1790
515
2144
649
1993
403
1954
710
1943
687
2022
679
1696
679
2054
682
2122
392
2012
702
2117
702
1827
697
1808
630
2128
694
2102
681
2038
681
2080
655
1714
699
2080
706
1498
495
2161
714
2142
712
2115
702
2034
704
2102
699
2385
769
2032
726
1673
588
1929
697
2115
706
2065
724
2080
395
2052
699
2195
556
2090
640
2200
699
1969
694
2202
737
1971
693
2044
636
2100
697
2007
611
2075
679
2032
338
2250
355
2159
682
2108
697
2152
699
2137
684
2103
682
2155
682
2077
692
2050
722
2200
698
2335
476
2087
697
2065
697
2037
700
2135
694
2089
611
2128
396
2032
624
2172
702
2139
694
2029
702
2137
684
2211
564
2140
684
1884
712
1862
697
2185
559
2035
686
1862
696
1895
692
1942
729
1985
735
1927
697
1993
682
2100
701
1930
702
1965
661
1972
687
1939
687
1827
579
1384
709
1819
711
1944
694
1040
689
1947
692
1681
619
1829
681
2091
701
1999
697
1977
694
2092
551
2092
544
2203
694
1972
654
2193
684
2180
679
1885
626
2093
471
1237
720
2038
642
2027
419
2232
689
2047
603
1311
413
2050
736
2148
681
2145
739
2142
707
1992
709
2080
576
2059
607
2132
408
2102
699
2169
687
1972
704
1872
704
1874
704
1979
706
996
294
2027
639
1684
557
2135
680
2082
669
2054
666
2248
682
2228
697
2072
694
1730
595
2100
702
2196
525
2092
696
2107
681
2189
672
1695
744
2105
649
2218
695
2183
712
1939
694
2321
684
2042
697
1275
582
2021
724
2082
684
2090
684
2070
651
1902
709
2085
689
2059
684
1842
555
2269
714
2095
702
2165
736
2077
694
1995
587
2038
714
2123
546
1979
612
2183
696
2178
593
2125
697
1323
692
2023
679
1971
692
2183
689
2182
752
1950
721
1977
707
2008
609
1645
714
1971
667
2162
691
2205
526
2109
694
1644
537
2200
707
2024
635
2162
694
2037
579
1930
669
2112
701
2110
695
2112
682
2080
694
1112
398
2117
747
1035
324
2049
694
2155
687
2112
586
2120
692
1997
714
2250
699
2072
616
2049
682
1969
387
1914
697
2157
681
2133
699
1883
689
2328
724
2122
686
2212
754
2118
594
2092
717
1714
699
2100
759
2109
695
2197
593
2073
644
2077
684
2148
707
1748
597
2032
461
2253
684
2047
684
2004
667
2032
686
2160
690
2022
697
2077
681
1941
679
1987
709
1741
541
1900
606
1942
694
2097
511
1977
694
2000
624
2365
701
1932
697
2085
508
2082
624
1929
694
2063
736
2205
722
1962
707
2007
712
2022
711
2112
684
1962
686
1942
709
1812
538
1998
678
1967
403
1844
473
1897
695
1954
538
1899
681
1929
701
1949
714
1924
699
1882
682
1854
702
1885
677
2270
612
2064
715
1907
700
1867
709
1919
589
1795
395
1804
406
2108
734
2015
682
1924
725
2019
587
1984
694
1747
712
2002
711
2197
687
1838
630
1832
699
1744
679
1987
706
2027
689
2009
706
1989
547
1874
697
1859
699
1799
694
1827
694
2094
622
1961
580
2073
694
2075
689
1989
707
1799
717
1688
589
2130
682
2020
697
1884
574
2053
705
1984
706
1862
684
2103
692
1907
592
1862
634
1947
666
1909
573
1934
624
2130
686
1774
502
2095
734
1879
665
2005
702
2149
689
2108
577
1985
686
1990
711
1935
742
1914
694
1907
697
1795
556
2027
699
1899
694
2040
682
1999
728
1934
681
2000
704
1892
682
2215
697
1900
680
2083
709
1902
762
1950
698
1973
587
1927
587
1967
687
1607
600
1881
707
1591
517
2079
682
1944
686
1945
696
2032
589
2042
697
1872
722
2085
679
1909
697
1967
393
2111
545
1676
600
1867
686
2014
744
2025
694
2002
558
2098
587
2052
667
1979
682
1932
711
2037
666
1975
684
1972
647
2002
8562
1907
585
1957
687
1947
747
1775
681
1995
661
1956
709
2153
539
2037
694
1955
679
1895
690
1857
694
1764
689
1934
684
1954
734
1947
672
1962
527
1896
681
1789
704
2148
752
1920
690
1894
707
1152
689
1802
694
2165
701
2055
697
1230
382
2017
702
2020
595
2002
514
2029
692
1978
677
2020
711
2075
582
1979
714
1977
692
2288
709
1724
686
1950
695
2115
706
2060
691
2049
689
1959
694
2226
709
1972
707
1989
695
1864
679
1682
597
2005
699
2029
717
2064
694
1857
591
1902
697
1872
639
2103
684
1962
682
2198
699
1840
534
1963
682
1922
704
2180
677
2195
736
1991
561
1932
601
1912
704
1749
547
2074
678
1987
697
1990
694
1970
695
1952
689
1879
691
1797
682
2155
709
1996
586
1882
623
1764
702
2142
697
1934
687
2055
680
1907
539
1676
697
2073
457
1962
702
2095
694
1984
711
1950
737
1884
681
1831
704
1966
700
1834
585
1962
679
1822
722
1947
697
1952
660
2055
685
2002
527
1690
577
1600
704
2024
697
2220
694
1876
578
1902
697
1962
682
2055
704
1889
682
