1615
503
1904
585
2002
694
2008
584
1786
707
1930
702
1914
704
1846
739
1671
574
1907
681
1939
699
1822
666
2173
704
1904
345
2017
699
2040
619
1937
532
1897
694
2165
737
1842
702
1902
682
2017
653
1788
488
1942
679
1946
563
2047
692
1844
712
1861
504
1889
714
1039
375
1837
632
1808
679
1840
704
1856
684
2017
692
1562
457
1867
681
2002
674
2058
706
1615
591
1818
694
2082
658
2005
681
1900
686
2020
712
2012
686
1985
690
1313
496
1329
461
1998
720
2054
575
2053
664
1917
665
1985
689
2175
696
2196
719
1969
697
1807
427
1568
566
1829
598
1661
711
1928
696
1895
576
2030
513
2125
521
1877
696
1904
569
1897
676
1884
694
1789
619
1958
699
1930
379
1872
9151
1919
625
1854
697
1587
707
1854
704
1945
707
1912
722
1849
649
2072
711
2170
692
1829
684
1844
580
2024
681
2034
709
1859
697
1522
479
1850
639
2283
694
1944
443
1869
712
2022
381
2297
706
1975
581
2031
9027
2338
689
2162
696
1987
699
1989
715
2077
699
1932
699
1854
747
1822
697
2045
682
1890
685
1153
727
2161
596
2059
682
1990
686
1944
707
1947
672
1478
664
1909
684
2010
693
2045
597
1970
462
1570
521
1919
9229
1824
701
1911
516
2060
695
1368
12545
1728
523
1985
682
1964
699
2065
696
2133
704
2016
606
1416
704
1987
695
2070
573
1408
496
1879
680
1846
387
1831
684
2039
619
2062
682
1587
712
2045
682
1836
684
1957
691
1696
581
1932
696
2263
688
1949
679
2017
714
1899
555
1950
656
1584
523
1705
704
1839
566
1986
697
1927
700
1359
467
2097
599
2057
340
2315
689
2117
691
2127
679
1987
684
2145
465
1779
366
1656
481
2004
575
1992
659
1875
701
1607
587
2037
606
1730
503
1982
679
2082
684
1872
582
1899
657
2074
700
2039
699
2087
697
1858
711
2000
653
1990
603
2137
699
2190
696
1684
587
2005
709
1927
459
2039
684
1974
697
2024
721
2268
707
1161
381
2087
702
2112
691
2025
684
1972
620
2035
585
1722
707
1869
684
1957
610
1950
653
2022
586
1875
707
2008
697
1904
688
1917
380
1875
559
1962
697
1975
681
2153
695
2213
654
1953
704
2012
694
1784
679
924
338
2070
762
1950
697
2107
699
1882
559
1660
694
1797
707
2082
681
2017
681
1760
646
2070
682
1917
704
2065
689
1989
699
2052
684
1827
697
2358
646
2050
720
1967
697
1935
700
2057
679
1932
570
2142
684
2015
696
1990
682
1892
699
2065
684
2010
682
2125
689
1859
626
2072
501
2043
695
1975
602
1917
606
2013
541
1937
696
2067
694
1669
639
2045
681
1881
681
1932
707
1912
607
2122
697
2189
704
1956
697
2029
681
2052
471
2034
684
1981
656
1998
596
1662
586
1902
642
1849
587
2119
599
1141
584
2017
637
2080
692
1170
697
1942
706
1945
700
1899
706
2087
681
1878
660
2027
501
1261
465
2138
411
2004
687
2037
622
2087
716
2079
391
2190
636
1939
709
1774
710
2030
403
2052
682
2000
466
1804
686
2091
719
2079
681
1993
481
1896
699
1822
475
1728
702
1634
557
2050
697
2067
707
1884
697
2152
722
2082
706
1770
578
1303
457
1764
492
1847
606
1838
601
2188
649
1992
563
2218
681
1862
599
1567
530
1889
474
2065
689
1454
401
2027
697
2050
682
2082
706
2062
689
2078
682
2025
702
1972
684
1922
587
1982
685
1172
391
1972
709
1353
719
1910
579
2115
564
2083
712
2115
696
1997
652
1947
702
2030
9194
1805
644
1992
682
2053
684
2138
9011
1804
592
1934
685
1971
687
1835
585
1947
714
1900
530
1942
551
1992
682
2080
687
2007
704
2035
694
1989
709
2043
682
1959
709
1987
692
1684
706
2022
694
1942
544
1982
626
1872
665
1969
684
2063
696
2019
706
2453
697
2195
634
1967
707
2050
702
1912
710
1859
722
1943
542
2000
697
2075
472
2018
686
1969
739
1985
704
1872
704
1947
683
2130
652
1877
639
2025
682
1743
696
1877
709
1251
440
1837
586
2029
696
2097
700
1999
574
1193
397
2040
681
1187
394
1922
712
1937
710
2117
689
1928
665
1939
694
2032
522
1907
653
1947
697
1995
683
1910
704
2140
671
1885
613
2240
507
2099
681
2195
714
1565
466
2107
697
2110
719
2082
642
2009
701
1901
682
2022
654
1984
705
1985
683
2015
353
2052
707
1932
702
1922
704
2105
704
2133
694
2088
684
1932
690
2063
712
2015
694
1980
701
2027
719
2055
696
2168
727
1867
695
2032
742
1804
515
2075
699
1932
691
2165
659
1975
689
2108
694
2097
684
1943
702
1992
689
2045
559
2015
687
1992
614
1959
537
2025
709
2027
403
1974
698
1917
702
1804
533
2162
717
2032
707
2055
691
2090
752
1927
711
1997
694
2019
697
1907
694
1962
360
1972
682
2072
685
2097
687
1534
473
1387
411
2068
661
2100
541
2079
694
2171
704
2017
724
1940
588
2193
697
2170
403
2047
704
1979
698
2027
694
2142
707
2088
682
2045
582
1937
523
2112
607
1970
695
1974
584
1851
693
2185
709
1995
694
1945
541
1952
694
2090
706
2202
714
2022
583
2583
655
1594
565
2070
521
1266
690
2098
709
2060
717
2079
709
1830
679
2094
691
2070
692
2132
707
2350
696
1656
691
2108
690
1954
580
1842
644
2092
704
2085
754
1988
660
2152
694
1954
697
1962
701
1946
712
2015
732
1848
687
2112
667
2322
697
2114
689
1318
398
1987
684
2167
712
1977
633
2023
684
2095
712
2095
701
2093
700
1890
707
1935
664
2108
684
2039
406
1283
416
2032
586
1744
582
2027
679
2065
704
2117
742
2017
587
2050
651
1939
574
1173
404
2305
697
2107
565
2150
599
2080
623
2050
707
1992
691
1812
691
2153
747
1846
684
2094
682
2088
679
2110
611
2158
611
2127
692
1694
587
1792
545
2212
702
2042
541
1776
537
2090
694
2140
699
1858
697
1556
697
2063
601
2253
694
2050
596
2015
702
2087
710
2519
729
2138
696
2150
704
1984
694
2057
589
1760
591
2009
696
2150
694
2310
668
2021
598
2208
696
1992
694
2038
697
1913
646
2190
9048
2047
684
2047
724
1764
508
1341
9485
2045
697
2045
598
2167
710
1947
702
1735
712
2063
697
2022
664
2095
700
2042
704
2115
694
2062
566
2075
697
2353
566
2057
684
2200
691
1967
699
1544
406
2073
9046
2088
694
2173
690
2102
542
1343
401
2220
457
2078
574
2002
694
2009
594
1781
679
1778
575
1927
697
1875
706
2331
717
1977
624
2074
709
1653
699
2019
682
2050
710
2025
661
1973
716
1907
682
1595
709
1835
686
1836
518
1955
706
1952
687
2047
599
2088
672
1877
687
2119
689
2047
696
1932
699
2232
563
2095
507
2120
700
2193
683
1987
707
2014
707
2114
642
1711
485
2060
396
2098
689
2000
394
1993
706
1969
544
1301
402
2135
637
2165
691
2048
694
1984
696
2129
704
2010
344
2118
707
2105
441
2215
681
2090
697
2050
684
1912
701
1070
401
1809
688
1061
689
2110
522
1748
684
1948
589
2079
722
2280
701
1620
687
2143
714
2171
701
2289
694
1922
707
2007
696
2023
709
2115
692
2019
699
2207
682
1967
700
2165
696
1989
489
2050
707
2071
681
1943
699
2067
706
1859
709
2017
509
2158
697
2064
699
2047
647
1850
704
2040
694
2092
692
1968
656
2135
710
2104
684
2035
694
2125
714
2100
712
2019
655
2082
689
2168
679
2198
704
2027
682
1990
679
2055
699
2187
580
2101
702
2148
616
2207
721
2162
597
2059
589
2079
684
2107
376
2111
684
2067
573
2010
684
1648
533
2140
707
2122
702
2142
704
2160
450
2050
676
2155
694
2053
573
1988
727
1263
395
1177
396
2178
681
1120
328
2225
687
2133
686
2243
584
2253
711
1997
506
2228
714
2087
506
2122
694
2085
575
2060
697
2219
684
2135
679
1984
687
2075
8813
2171
604
2095
584
2023
691
1989
586
2130
684
1989
665
1959
684
1800
597
2052
702
2142
659
2102
707
1884
702
1471
454
2027
685
2170
672
2153
692
1987
709
1972
694
2072
681
2067
697
2163
711
1862
609
1937
704
1807
708
2027
682
1535
545
1800
709
2121
694
2185
661
1979
684
2340
719
2025
681
1882
589
1919
694
2118
709
1945
597
1967
678
1814
691
1534
691
1882
692
1877
395
1899
547
2003
691
1849
398
1914
577
2195
696
1933
629
2059
681
2029
686
1961
682
1980
709
2022
724
1897
704
2125
654
1839
579
2010
654
1867
764
1885
715
1962
679
1849
710
2004
398
1792
508
1972
697
2022
689
1980
603
1929
709
1884
704
1869
725
1825
692
1834
8592
1806
573
2043
689
1885
649
1984
722
1899
692
1957
707
1832
631
1997
682
1992
418
1924
690
1469
507
1834
603
1904
694
2019
691
2070
709
1999
712
1615
717
1937
694
2059
684
1674
543
1947
564
2155
687
2042
686
2082
687
1211
721
1596
517
2014
704
1681
541
1887
595
2092
699
1882
709
1977
647
2027
658
1915
694
2155
606
2018
769
2117
682
1190
439
1959
696
1786
709
2022
709
2073
9301
2070
692
1819
655
2040
696
2088
695
1977
701
2007
694
2155
682
1467
702
2042
679
2175
712
2070
679
1944
725
2090
679
1696
667
2054
682
1974
682
2097
707
1614
519
1989
716
1919
704
2130
697
1754
581
2117
697
1975
689
2042
694
2092
704
1973
689
2103
696
2107
682
1901
679
1662
599
1856
688
1802
462
2165
587
2178
707
1775
717
2000
709
1786
714
1156
705
1884
729
1967
624
1925
694
1953
696
1764
562
2037
699
2057
693
1902
589
2463
686
1909
734
2022
704
1935
579
2025
716
1975
702
1822
702
1909
678
1696
595
1945
701
1851
548
1989
681
1974
682
1974
694
1885
701
2067
697
1849
694
2089
694
2155
739
1218
389
2040
696
2057
690
1977
694
1937
699
1864
668
2072
697
1999
686
2179
717
1947
692
2002
729
1677
714
1830
681
1965
669
1985
665
1866
636
2055
707
1927
702
2087
595
1240
671
1934
689
1927
585
1967
670
1937
697
1937
699
1814
661
1890
640
1897
714
1944
711
1436
480
2077
675
1969
704
2050
679
1941
697
2049
691
1952
694
2101
582
1950
548
1971
681
1776
598
2027
704
1910
696
1931
601
1944
623
1947
704
1862
679
1656
551
2073
685
1953
712
2030
687
1623
507
2048
684
2027
704
1904
684
1865
705
1892
708
1949
694
1548
689
1686
553
1834
506
2050
708
1909
724
2092
694
1911
686
1734
589
2027
649
1929
593
1802
697
1902
644
1606
702
1865
617
1844
695
1667
689
1847
555
1954
731
1906
583
2037
684
1950
710
2014
704
1952
714
