1975
750
1897
709
1902
707
1717
587
1797
589
1877
697
1928
551
1779
697
1984
513
1872
699
2002
689
1789
480
2190
706
1972
674
2019
698
1987
682
1137
569
2009
689
1932
689
1875
684
2053
697
1965
679
2087
699
2052
701
1897
730
1880
694
1985
679
1929
521
1922
704
1764
503
1778
744
1850
644
1819
695
1867
699
1746
599
1493
659
2047
707
1964
641
2044
677
1962
378
1937
727
1882
709
2032
719
2182
709
1959
668
2007
695
1987
697
2052
584
1957
684
1934
696
2130
655
2029
684
2052
739
1977
705
1997
679
1815
579
1990
699
2140
464
1882
714
2030
677
1633
342
1955
696
2054
719
1884
499
1957
525
1977
710
1504
627
1867
617
1909
689
1835
691
1972
694
1162
6837
1567
538
1927
677
2185
694
1561
574
1864
689
1892
689
1028
370
1907
697
1967
477
2055
674
1864
699
1907
583
2080
696
1972
699
1927
681
2216
679
2005
706
1992
739
1907
704
2035
699
2157
715
1977
687
1977
684
2185
661
2037
684
1879
614
1907
680
2235
684
2014
689
1541
664
2193
689
1980
398
2097
684
2030
697
1922
709
1214
371
2041
677
1978
697
2000
689
1940
694
2034
685
1902
658
2034
696
1954
697
1854
464
1867
709
2088
490
1884
701
1936
497
2034
697
1558
687
1999
683
2067
722
2012
704
2042
709
2057
707
1316
456
1902
614
2012
398
1836
576
1460
681
1879
701
2085
380
1857
586
1988
659
2173
686
2009
710
2068
707
1832
636
1901
727
2135
574
1861
636
2027
459
2048
701
1937
686
1944
704
2185
612
2057
671
1982
687
2065
513
1930
675
1967
762
2007
464
2087
684
2085
343
1972
390
1460
714
2251
681
1947
696
2165
467
1917
698
2024
642
1802
739
1606
712
1814
689
1974
534
2094
665
2149
737
1950
694
1990
707
1263
464
2052
704
1953
670
1962
684
2125
711
2017
595
1975
644
1949
686
1907
644
2062
677
1962
682
1989
684
1889
694
1969
694
1887
686
2027
694
1984
587
1984
384
2103
697
1902
694
2035
692
1930
547
2042
595
1867
517
1987
530
2032
697
1877
665
2188
709
1821
694
2095
697
1804
689
1969
747
1987
653
2065
697
1885
684
1991
684
1954
455
1925
694
2065
720
2092
707
1094
338
2045
694
1987
697
1975
440
1962
652
2283
637
1882
691
2057
8533
2001
655
2032
710
1947
707
2107
680
1716
13327
2050
692
2050
682
1902
682
1890
697
1978
699
2005
697
2000
664
2022
716
2023
737
1967
679
2025
696
1954
706
1864
478
2050
631
2014
709
2083
694
1959
672
1594
9599
2112
696
1967
687
2034
693
2115
553
2060
662
2152
682
1890
692
1956
709
2085
692
1921
672
1969
681
1918
406
1902
556
2077
684
2082
681
1588
475
2235
691
2235
707
1994
697
2037
629
2162
544
1790
692
1969
694
1946
384
1778
694
1884
690
2087
699
2032
679
2089
712
1990
716
2082
681
2070
636
2122
693
2000
654
2007
383
1994
707
1847
681
2073
702
1922
684
1950
682
1954
709
1874
417
1915
594
1990
682
2251
703
1970
689
2007
740
1922
629
2162
557
2169
711
2010
709
1775
682
1970
689
2160
712
2037
705
2022
681
2132
692
1899
686
1742
692
2192
452
2067
710
1899
448
2065
585
2028
681
2170
580
2031
687
1887
719
2022
751
2054
466
2097
725
1972
403
1942
697
2000
669
1954
687
2014
704
2125
661
2057
704
2090
689
1804
691
1734
534
1250
362
2107
721
1491
473
2003
667
2145
729
1998
712
1289
398
1967
697
2091
705
2011
724
2042
694
2035
710
2258
684
1990
701
2138
644
2145
599
1950
585
1785
653
2070
684
1704
706
2055
529
2045
707
2002
687
1604
583
2062
697
2077
697
2038
681
2099
697
1937
585
2135
704
1939
692
2025
697
1453
9660
1875
694
1664
709
2052
684
2007
605
1809
709
1498
563
1954
694
2039
684
1917
691
1879
681
2055
694
2050
696
1964
463
1960
626
2070
682
1844
699
1995
701
1284
393
2078
709
1693
543
2055
704
2012
694
1943
531
2147
442
1731
608
1915
681
2092
701
1947
697
2119
369
1942
724
2060
393
2097
687
2093
704
1957
699
2053
665
2053
488
2097
586
2077
689
2235
704
2019
699
1964
562
2022
696
1994
621
1957
470
2100
691
2119
441
2130
697
2082
734
1756
696
2162
709
1695
514
1835
697
2000
553
2015
682
2006
707
1967
396
2173
537
2045
552
2027
687
2024
661
2068
694
2040
704
1552
8153
1970
712
2047
691
1798
9623
1484
519
2085
700
2132
542
2100
697
1909
601
1880
697
2017
710
2017
709
1959
619
2029
711
2067
694
2072
724
2123
686
2291
692
2160
709
2105
697
2103
593
2018
694
2035
699
2382
399
2057
681
1937
683
2057
696
2022
697
1984
694
2071
694
1959
689
2112
717
1957
707
1794
575
2029
707
1844
621
1890
703
2050
696
2068
682
2010
694
2102
697
2083
656
2112
687
1935
677
2208
709
1261
399
1950
700
2079
682
1962
9539
2064
697
1976
585
2025
704
1992
651
1947
712
1929
524
2005
587
2087
714
1892
692
2155
682
1885
687
2028
694
2047
684
2125
584
2025
567
2132
697
2043
684
1831
583
1972
679
1977
617
2110
686
2165
686
2208
694
2002
689
1652
687
1927
687
2005
594
2017
696
2044
679
2147
691
2165
693
2052
512
2158
694
1718
587
1649
520
1987
685
2005
603
2208
684
2168
732
1985
681
1970
714
1968
699
1881
712
1979
707
2044
704
2027
762
1261
402
2170
689
1877
701
1464
639
1785
709
2022
682
2121
682
1688
575
1962
684
1994
687
1974
677
2032
347
1324
415
1571
351
2059
582
2017
707
2005
694
1977
709
2180
682
1964
632
2133
704
2315
410
2123
767
2350
694
2132
584
2160
702
2115
699
2137
702
2203
687
1935
667
1948
700
1929
700
2135
709
2127
678
1473
684
2057
699
2101
681
2033
474
1774
679
2067
709
2095
676
1939
656
2213
616
2288
707
1989
682
1667
486
2087
679
2145
649
1802
702
2135
714
2185
706
2098
651
2272
689
1973
682
1767
700
2128
702
1982
712
2051
694
2178
694
2074
468
2112
684
2125
686
2054
609
2060
644
1279
716
2268
700
2105
702
1294
692
2245
408
1607
496
2074
566
2130
697
1917
691
1845
609
2192
696
2119
601
1965
704
2150
709
2200
594
1984
545
2215
710
2032
709
2070
696
1912
697
1485
464
2092
405
2007
700
2065
696
2295
689
2129
696
2122
398
2123
546
2097
699
1927
694
2192
696
2073
648
2121
601
1812
574
1987
687
2192
681
1867
711
1985
694
1905
692
2065
727
2023
695
1553
523
1564
567
1832
697
1855
630
1554
542
1812
704
1884
694
2103
694
1869
704
2002
697
2007
682
2258
689
1993
616
2040
669
2108
626
2033
7650
2195
684
2151
702
2004
694
2178
679
2107
586
1914
458
1999
694
2035
726
2093
639
1949
585
1582
684
2175
681
2125
691
2503
694
2017
672
2068
707
2144
704
2172
697
2100
720
2027
588
2117
624
2095
637
2269
694
1960
704
1947
403
2015
702
1260
15556
2391
666
2043
696
1849
693
2032
690
2094
682
2107
706
2098
712
1955
737
2198
678
1828
689
2107
686
2163
706
2466
714
1972
714
2170
711
2081
704
2060
692
2094
709
2097
692
2141
696
2225
694
2137
594
1263
385
2062
605
2236
682
2195
700
2045
691
2142
593
1942
710
2085
576
2238
591
2223
699
2180
609
2127
694
2133
709
2142
679
2195
709
2089
396
2087
606
1967
576
2068
706
2125
691
2067
706
1944
495
2070
587
2057
607
1714
540
1959
710
2084
610
2098
697
1267
363
2002
712
2315
694
2149
681
2009
692
1954
689
1994
699
2048
602
1995
690
2049
682
2135
706
1675
530
2137
714
2503
697
1929
709
2037
697
1316
326
2133
595
1748
600
2108
697
2122
736
2219
684
2142
709
2065
701
2140
699
2080
694
2000
697
2107
682
2165
573
1768
566
2017
694
2082
597
2029
699
2187
697
2065
559
2333
697
2137
684
2020
694
2110
665
1775
715
2044
697
2040
744
2235
696
2095
696
2160
694
2075
689
2120
789
2019
709
2040
696
1875
679
1952
699
1882
696
1941
735
1938
704
1507
709
1542
520
1959
684
2102
697
2073
742
2037
613
1974
705
2083
809
1998
694
1984
692
1980
9223
2090
658
1920
732
2027
699
1815
706
2107
643
1961
684
1859
717
2021
709
1859
704
1844
616
1962
700
1949
584
1703
521
1879
696
2017
681
1819
696
1862
699
1914
727
1894
696
1611
672
2004
602
1977
697
1847
694
1897
694
1947
710
2120
702
1882
715
1581
423
1806
469
1663
701
1648
677
1927
684
1092
701
1932
691
1930
699
1950
679
1837
683
2070
681
1864
682
1882
696
2002
720
1960
717
1877
712
2138
681
1997
685
2077
684
1392
696
1927
697
2100
639
2040
687
1962
695
1845
712
1910
506
1952
602
2005
696
1777
591
1851
681
1970
684
2065
701
2015
712
1184
694
1807
704
1499
534
1997
575
2260
706
2032
568
1934
592
1907
685
1773
605
1824
699
1922
708
1997
689
2077
694
2042
712
1690
488
1949
690
2132
682
1864
710
2119
609
1972
682
1939
573
2065
709
2027
699
1892
578
2032
684
1255
687
2005
684
2059
666
1937
694
2074
694
1628
711
1962
686
1862
8860
1726
616
1949
697
1885
507
2047
696
2012
551
2022
730
2040
685
2092
684
1945
714
1945
696
1907
702
1997
516
2110
592
2005
742
1874
691
1957
608
2015
714
1711
481
1966
587
2007
689
1985
656
2027
707
2019
720
1787
707
2035
624
2080
719
1822
591
2228
696
1889
503
2102
682
1957
709
1764
528
2034
696
2029
709
1925
605
2213
676
2037
700
1880
540
1977
714
2100
692
1958
682
1474
507
2148
700
1940
697
1934
707
2061
689
1882
559
1950
702
1952
585
1987
594
2038
712
1932
656
1897
684
1796
704
1924
705
2047
644
1667
684
1825
644
1987
561
2060
697
1981
538
1880
647
2226
504
1990
700
2080
681
1809
716
1798
526
1914
702
2042
669
1938
689
1154
694
2052
682
1929
671
1509
472
2105
696
1232
383
1756
704
2044
700
1538
734
1968
707
2037
696
2007
606
2015
651
2241
709
1892
394
2117
682
1960
696
1965
694
2085
710
2117
716
1900
692
2000
697
1811
585
2017
624
1896
735
1582
681
1906
682
1823
714
1518
520
2040
719
1987
697
2133
717
1900
694
1922
694
1961
694
1930
609
1866
712
1977
566
1905
688
1698
555
1909
528
2024
686
1899
699
1969
684
1892
701
2028
586
2070
664
1927
605
1917
616
1980
641
1234
707
1899
739
1884
732
1958
698
2117
682
2125
670
1869
591
1984
702
1917
697
1977
555
1959
691
