2015
702
1854
704
1942
681
1495
697
1809
684
1929
704
2060
684
1846
697
1904
704
1944
714
2020
769
1919
8895
1548
546
2080
351
2052
736
1892
709
1983
709
1932
689
1897
689
1809
696
2105
694
1942
714
2137
694
1949
704
1644
585
1889
710
1744
582
1876
535
1959
681
1358
374
1894
712
1932
651
1573
586
1988
726
2002
636
1462
497
2133
691
2124
712
2052
717
1890
697
1683
575
2383
740
2009
697
2020
681
2050
532
2012
719
2082
739
1912
692
1287
478
1809
697
1992
634
1960
696
2142
709
1934
624
1946
694
2067
732
1836
701
1536
473
1531
687
1826
709
1952
699
1904
681
2010
684
1994
496
1852
543
1862
439
2068
687
1944
709
1875
700
1591
584
2055
682
1799
386
1987
694
1812
682
1574
584
1977
699
1859
592
1894
688
1789
402
1874
699
1995
699
1952
677
1898
709
2052
704
1989
654
1722
676
2045
691
2077
709
1754
579
2063
720
1887
701
1884
671
1841
591
1987
681
1980
601
1919
671
1211
702
1919
725
1927
691
1973
686
1652
593
2366
684
1904
682
2025
747
1977
680
2062
589
1997
691
2065
701
2052
696
1877
699
1962
594
1937
706
1904
689
1624
664
1575
702
1965
702
1962
577
1874
549
1926
589
1842
607
1942
704
1963
696
1887
308
2075
679
1667
699
1915
704
2000
594
2113
585
1277
696
2092
702
1919
609
1909
608
2112
521
1887
682
1827
359
1697
681
1599
687
2087
709
1895
697
1786
696
1962
714
1973
694
1959
637
1871
696
2012
461
2039
648
2347
686
1942
694
2039
719
1936
655
2062
674
1952
752
2125
543
2034
724
1345
436
2033
616
1790
693
2029
707
2095
355
1987
694
2035
649
1905
661
1144
373
1206
386
1984
683
2147
678
2152
702
1927
699
2097
702
2021
687
2062
684
2034
681
1902
704
1954
697
1922
679
2072
696
2010
550
2077
739
2078
611
2004
684
2052
508
2068
522
1572
586
1978
716
1056
383
1957
682
1965
705
1174
700
1966
664
2015
393
1517
449
2155
684
1429
465
1932
586
1979
613
2123
704
2033
571
1864
606
1794
574
1594
474
2030
573
2190
694
1882
697
1728
709
2014
706
1953
674
1859
699
2047
701
2033
510
1963
463
1924
680
2112
692
1105
253
1260
690
1957
580
1316
440
1929
704
2050
749
1810
700
1780
651
1909
682
1806
587
1874
710
1962
667
2215
684
1939
696
2010
599
2212
680
1860
694
1910
696
1982
676
2039
681
1789
573
2005
658
1820
681
1967
681
1610
430
2002
588
1852
712
1228
379
1879
695
2165
682
1995
697
2102
710
1937
708
1644
589
1959
594
2023
666
2073
689
1962
697
2003
696
1619
717
1915
642
1830
608
1952
682
2235
599
2077
659
1897
679
1746
453
1762
664
2035
706
1952
667
2160
724
2065
527
1814
551
2030
709
2037
689
1824
719
1998
682
2037
714
1985
704
1732
707
1926
689
1942
682
2205
681
1874
692
2000
647
1076
398
1773
694
2000
694
1972
579
2028
694
1460
694
2038
697
1957
334
1715
716
2167
696
1957
679
1972
689
1918
687
2077
681
2052
542
2025
711
1747
716
2040
613
2223
698
2037
694
1716
701
1970
695
1909
671
2047
8822
2169
709
1897
404
2097
694
1525
595
1942
596
1311
398
1965
740
2087
696
1856
689
1882
580
1947
474
1746
580
1997
9782
1983
684
1957
692
2013
714
1944
689
1975
697
2077
693
1927
681
1945
706
1952
644
2080
396
2085
706
1994
694
1970
724
1554
693
1956
580
1947
672
1992
717
1521
701
1864
714
1959
699
1949
697
2118
684
2248
690
1875
701
1984
689
1837
637
2085
658
2020
709
1804
850
1952
684
1932
709
2288
644
2148
694
2087
697
1905
352
2049
710
1952
714
2047
684
1877
697
1942
709
2112
706
1960
534
2025
694
2037
634
2009
665
1990
726
1728
697
1980
525
1994
710
1959
697
2070
672
1985
734
1967
587
2027
9063
2108
706
1962
712
1681
598
2015
697
2135
687
2077
592
2077
684
1578
601
1904
705
1934
707
1990
721
1969
445
2110
699
1967
684
2137
574
1937
704
2155
697
1967
682
1867
711
1396
709
2138
458
2025
697
1237
418
1426
630
1899
669
1518
551
2042
690
2003
576
1696
566
2121
696
2107
709
2058
717
1634
706
2075
684
2057
571
2060
686
1998
711
2042
697
1942
716
1965
692
2005
697
2032
694
1984
473
1735
400
2055
729
2160
653
2233
597
2027
615
2083
707
2220
700
2038
689
2017
716
1991
655
2140
561
1882
693
1964
690
2122
693
2110
682
1645
572
1966
702
2030
538
2067
714
1288
690
2027
707
2092
681
2310
689
2049
742
2115
408
1970
682
2107
697
2090
615
1929
697
2022
674
1138
400
1979
704
2013
697
1967
694
2024
722
2037
714
1952
706
1975
709
1923
589
2019
699
2152
627
2230
709
1939
681
2097
699
2050
702
2020
697
2300
714
1962
697
2089
667
1955
682
1907
682
1964
697
1982
566
2038
702
1905
684
1804
709
2072
9818
2047
576
1977
694
1997
636
1847
696
1983
641
1253
599
2059
656
2027
701
2044
9254
2017
697
2265
697
1862
710
1991
681
1989
682
2122
705
2053
684
1910
591
2205
694
2095
587
2193
696
2087
682
2060
695
2067
704
2221
681
2172
684
2027
691
1867
714
2028
591
2095
709
2177
588
2065
564
2177
646
1648
587
2072
739
2075
706
2017
710
1302
690
2158
722
2060
697
1901
576
2007
709
1970
697
1820
704
2177
689
2122
742
2037
734
1969
709
2165
680
1955
516
2057
717
2073
633
2102
710
1954
694
2044
731
1979
709
2123
678
2185
406
2085
407
2123
591
2287
684
2240
708
2062
697
2158
682
2097
680
2092
613
1707
523
2037
407
2245
621
2052
761
2468
649
2092
710
2029
699
1954
704
2014
583
1268
399
2069
304
2017
697
2118
696
2263
704
2065
731
1278
411
2069
582
2053
727
2215
686
1872
586
1995
696
1936
708
2007
699
2182
704
1957
684
2095
709
1753
546
2053
689
2103
679
1568
516
2158
715
1985
652
1810
704
2102
654
2094
734
2034
691
2060
695
2059
712
2019
709
2078
516
1599
461
2135
692
2098
689
1980
702
1242
704
2171
606
1957
706
1300
404
1884
395
1605
506
2117
707
1766
689
2273
664
2133
694
2193
697
2027
592
2090
697
2107
720
2092
697
2240
586
2050
704
2017
694
2391
655
2119
710
2082
679
2017
684
2199
724
2151
684
2298
714
2120
711
2115
400
2388
689
2286
671
2157
694
1333
393
1664
681
1995
694
1499
465
1932
701
1806
696
2143
707
1910
710
1985
670
2147
684
2127
692
1779
704
1885
581
1946
654
1983
729
1964
721
1997
697
1949
642
2040
586
2022
682
1827
699
1932
709
2102
367
1178
699
1946
654
2235
580
2060
621
2019
704
2030
704
2095
684
2102
696
2115
588
2049
701
2118
697
2233
637
2085
709
2067
548
1929
721
2145
711
2391
681
2097
689
2062
660
2073
682
2105
707
2035
704
2145
685
2105
694
2125
602
2043
690
2047
697
1889
672
1889
697
2356
381
1977
707
1325
390
2265
717
2228
485
1990
635
2012
696
1997
681
2132
709
2022
699
2121
691
2253
579
2241
684
2100
707
1944
719
2065
682
2102
665
1794
692
2085
681
1955
689
2145
576
1664
546
2068
701
1789
586
2012
512
2010
702
2037
684
2149
679
1989
601
1965
699
1639
539
2021
530
1815
587
2128
694
2220
696
2227
655
1960
687
2102
622
1306
412
2301
398
2027
597
2117
544
1984
729
2005
720
2007
684
1526
521
2078
567
1759
647
1668
599
2101
667
1827
580
2125
699
2187
372
1960
696
2057
697
2047
684
2035
599
2152
585
2142
689
1255
411
2135
595
2100
687
2083
669
1990
697
2100
697
1949
597
2095
491
2230
683
1052
338
2131
682
2147
699
2207
689
2040
674
2208
531
2055
707
2245
580
2040
684
2125
689
2080
692
2057
684
2024
704
2145
704
2103
683
2050
699
2080
689
2148
699
2107
709
2068
697
2418
684
1956
684
2266
707
1908
649
2415
681
1950
708
1907
604
1987
604
2027
684
2223
694
1987
571
2000
708
1954
681
1982
684
2087
696
1824
679
2082
616
1927
688
2123
699
1819
680
1995
719
1928
649
2027
739
1593
587
2326
684
2137
709
1268
399
1985
699
2131
732
2223
670
1896
726
1927
684
1826
697
1964
709
1171
704
1623
679
2037
592
2020
710
2000
694
2022
574
1975
570
1807
719
1930
682
2005
694
2037
687
1129
404
1990
701
1897
704
1549
667
1861
654
2013
696
1939
697
1877
696
1969
586
1948
696
1774
682
2172
712
1927
541
1655
704
2150
410
1940
531
1887
726
2212
707
1885
697
1944
712
2037
654
1836
591
1895
707
2022
693
1944
624
2167
682
1955
692
2058
699
1924
547
2012
666
2074
709
1940
689
2008
699
1785
531
1977
687
1867
692
1920
551
1992
692
1951
707
1512
597
1829
642
2029
692
2122
709
1995
656
1941
599
1762
626
2270
455
1874
607
2038
709
2122
654
1917
694
1988
681
2029
692
2002
707
2085
581
1965
688
1581
514
1924
709
1979
697
1884
510
2012
607
2028
702
1862
699
1887
704
1992
682
2167
683
1894
684
2014
684
2037
695
2179
682
1897
684
1990
682
1407
697
2027
696
1964
695
1296
697
1868
631
1916
566
1902
687
1497
506
1979
717
1666
521
2155
682
2015
684
1992
681
1648
585
1867
709
2032
706
1681
686
2047
712
2151
661
1977
712
2112
586
1824
689
1219
409
2057
573
1908
702
1992
681
2039
684
2137
722
1876
692
2017
679
2025
541
1915
595
1962
681
2027
697
1985
714
1876
694
1722
534
1952
686
2195
699
2137
706
1887
697
2115
611
2037
568
2077
691
1937
697
2029
686
2000
709
2064
714
2004
664
1935
681
1929
692
1824
618
1960
684
1922
526
1939
657
2004
590
2212
694
2050
716
1932
704
1791
711
1925
698
1857
699
1882
664
2027
555
2054
701
1663
704
2063
707
2222
704
2050
586
1994
720
1895
714
1677
583
1914
646
1908
695
1707
557
2175
726
2001
696
1831
661
1283
512
2060
586
1922
390
1815
586
1879
731
1874
591
1940
697
2023
696
1959
572
1960
613
1927
696
1784
408
1836
704
1989
710
1937
696
2075
697
1887
725
2074
689
1977
711
1897
696
1587
720
1865
641
1998
704
1969
566
1932
706
1779
614
1852
712
2087
585
2007
681
1892
722
1839
647
1950
714
1172
394
1035
417
1809
642
1962
533
2115
694
1900
680
1827
680
1892
724
1438
499
1977
716
2012
588
1944
704
1688
603
1939
682
1822
656
2055
687
1814
712
1999
674
1961
682
2128
782
2043
618
1929
706
1924
697
2023
697
2084
521
2158
722
