1927
679
1576
702
2040
691
1957
714
1653
573
1825
699
2033
701
1817
709
1586
589
1899
700
1975
747
1963
573
1607
712
2127
331
1969
697
2039
689
1600
589
1910
704
2104
727
1965
599
2017
697
1676
687
1955
666
1995
684
2072
696
1886
614
1962
672
1487
548
2053
701
1041
706
1792
697
1798
692
1502
586
1879
734
1941
711
2048
709
1969
676
1892
707
1995
679
1967
704
2024
691
1794
599
1964
694
1969
681
1969
522
1879
563
1724
595
1139
395
1924
696
1980
714
2099
682
2137
737
1962
696
1967
697
2102
704
2052
684
2130
586
1909
464
1586
598
1964
634
2030
565
1385
467
2007
699
1984
388
1851
572
1995
463
2045
697
1979
709
1662
561
1821
684
1952
699
1977
393
1990
709
1821
686
1960
684
2049
584
1389
694
1912
682
1621
697
1904
702
1956
709
1872
681
1904
689
2017
719
2048
701
1942
699
1858
687
1901
595
2047
704
1944
687
1869
700
1220
639
2035
694
1962
691
1942
696
1950
661
2143
400
1885
732
1867
695
1623
594
1887
684
2077
679
1989
689
1507
602
1869
656
2009
685
1850
627
1274
627
1974
709
2047
697
2038
9083
2112
578
1621
676
1847
682
2159
543
2045
699
2222
697
1904
659
2070
573
1902
698
1968
682
1957
624
2095
378
1974
719
1927
689
1912
709
1768
668
2044
682
1992
577
1930
636
1955
704
1410
438
2124
696
1902
682
2057
383
2057
699
2037
373
2100
595
1942
721
2253
709
1619
587
2165
662
1897
696
1861
711
2165
694
1989
704
2027
704
2007
527
1846
614
1997
681
1902
684
1918
709
1982
586
1855
641
1929
456
2098
670
1942
702
1901
684
2017
408
2083
682
2079
700
1857
581
2100
684
2005
699
1826
686
2075
698
1935
689
2058
634
2000
677
2029
716
2078
694
2007
694
1960
697
1631
596
1877
709
1232
397
1959
677
2039
724
1992
533
1528
558
1930
709
1672
707
1973
699
1924
616
1013
395
2002
688
2050
594
2032
712
1970
696
1130
697
1912
452
1972
621
2072
684
1901
667
2091
684
1954
696
1882
695
1907
680
1962
714
1339
694
1992
629
2121
10956
1999
699
1969
719
2310
681
1884
691
2120
704
2040
637
2060
651
1390
467
1995
679
1995
679
986
277
1967
696
1990
617
1779
641
1713
490
2024
694
1877
519
2007
707
2291
696
1987
659
1908
702
2067
627
1917
647
1306
402
1940
679
1897
669
1989
699
1709
573
2072
727
2002
704
1569
526
2123
684
2027
692
2025
686
2049
697
2042
550
1998
717
2142
700
2057
707
2047
694
1959
682
2143
614
1850
699
1958
646
1959
513
2105
694
1937
694
1950
584
1975
696
2027
688
1454
527
2055
695
1967
697
1929
627
1914
644
1927
9802
1997
464
1999
672
2063
600
2253
699
2053
684
1934
601
1862
676
2087
722
2070
691
1967
697
1593
689
1997
707
2010
618
1992
692
1967
694
2045
684
1900
682
1979
575
1967
682
2040
696
2024
694
1972
707
1957
684
1960
587
1904
667
2003
675
1984
679
1553
500
1391
444
1896
676
2065
694
2050
704
2060
695
1984
611
1892
697
2004
583
1997
669
1993
692
1914
729
1453
558
1972
581
2092
714
1892
732
1987
608
1915
462
2068
695
2044
654
2017
674
2017
366
2119
710
2049
700
1962
700
1947
498
2038
697
1987
697
1140
393
2336
699
1947
667
2008
576
1952
744
2075
587
2043
702
2052
697
1887
720
1886
707
1965
593
2074
697
1872
737
2157
715
1907
694
1899
724
2030
697
2112
705
1875
549
1977
544
1924
696
1972
697
2271
694
1597
530
2065
709
1987
696
1985
689
2007
712
1909
578
1299
659
2012
702
1932
709
2130
778
2060
612
2087
717
1308
353
1768
699
2080
681
1993
645
2087
692
2153
687
2052
681
1941
691
1994
579
2082
737
1947
712
1629
528
2152
597
2040
717
1173
400
1968
709
2027
494
1952
707
1947
696
2034
697
2069
706
1932
707
2042
685
2079
553
1954
702
1899
637
1922
694
2040
689
2113
587
2055
644
2095
501
1962
699
1884
596
1926
642
2024
655
1979
685
2040
697
2183
681
1899
559
1417
432
1975
685
1610
684
2107
352
1992
474
2030
641
1618
689
1605
557
2025
712
2271
641
1667
575
1993
697
2140
697
1811
698
2095
699
2160
662
1904
568
1885
611
1967
716
2080
696
1937
697
1538
391
2005
684
2162
479
1751
387
1990
711
2120
562
2097
702
1985
697
2010
706
2098
699
1917
603
1864
707
2010
709
2152
547
1967
696
1437
691
2123
544
2157
697
2158
481
1858
697
1939
714
2022
586
1310
408
1957
697
1977
690
2190
689
2065
699
1513
404
1969
496
1743
696
2079
667
2052
519
1992
691
2073
684
2133
678
2120
697
2188
709
1990
700
2009
708
2120
690
2115
709
1974
535
1997
722
1998
595
2113
714
1997
704
1675
519
1885
698
2060
694
2097
682
2100
694
1604
561
2065
682
1980
697
2080
687
2173
551
2133
694
2034
694
1933
717
2070
694
2055
658
2112
699
2000
627
2044
685
2057
682
1945
679
2273
593
1964
689
2090
699
1896
696
2093
688
1959
694
2060
696
1992
697
1997
584
2148
694
2102
696
2130
696
1772
634
2081
581
2057
626
2132
597
1984
704
2105
690
2262
694
2095
684
1909
692
1607
559
1982
714
2100
704
2057
635
2062
709
1674
576
1935
719
1973
684
1957
694
1293
691
2178
726
2160
577
2135
462
1900
750
1940
667
1889
739
1992
696
2283
689
2135
674
2067
587
2182
696
1965
697
2083
679
2063
708
1732
543
2078
684
1942
697
1884
607
2087
679
1229
415
2157
397
2185
588
2027
624
2017
712
1802
692
2003
696
2112
671
2020
658
2057
704
2035
397
1804
714
2094
691
2022
501
2019
704
2062
687
1910
702
1927
691
2137
694
2125
694
1905
696
2082
693
2009
689
2065
697
1256
684
2024
702
2077
682
2385
694
2000
604
1904
697
1987
707
1544
724
2188
721
2028
696
2075
687
1926
664
2022
709
2037
701
1982
488
2080
697
2037
536
2190
697
2290
696
1962
694
2197
681
1950
577
2072
594
2265
688
2105
640
2045
473
2113
709
2087
709
2115
697
2125
684
1975
704
1624
558
2160
682
2111
403
2120
701
2145
687
2087
604
2125
513
2073
597
2010
697
2130
709
2188
691
2102
681
2033
712
1737
707
2073
694
2045
609
2057
593
1867
705
2315
702
2368
687
2248
706
2119
665
2137
539
1679
574
2125
396
2093
706
2038
694
1874
347
2155
696
1975
685
2000
635
957
316
1904
697
1980
694
1945
696
1975
709
1988
701
2113
697
1955
714
1861
704
1856
641
1879
696
1975
647
1804
699
2165
699
1928
601
1937
586
2183
694
1902
684
2032
586
1461
464
2040
394
1271
430
2113
599
1844
604
2113
701
1992
701
1967
686
2213
664
2049
594
1960
682
2153
684
2024
681
2333
698
2147
682
1974
680
2042
717
2095
704
2191
561
2130
649
2011
694
1937
567
2243
653
1945
560
1627
571
2162
691
2198
697
1975
694
1977
537
1952
696
1859
689
1962
696
2047
694
2147
575
2035
709
2017
682
1882
684
2165
641
2052
591
2120
717
2120
704
1935
689
2078
689
2075
669
1962
709
2090
721
1493
477
1982
682
2050
745
2157
717
1811
532
1941
561
1972
696
2054
700
1473
298
2040
702
2175
684
2015
697
2032
563
2208
699
2107
534
1968
639
2112
586
2072
715
2223
694
2142
672
2065
697
2054
717
2225
682
2062
701
2205
697
1762
684
1939
707
1989
694
2062
706
2267
719
2140
601
1980
707
1613
629
2020
719
1968
679
1115
638
2275
684
2123
500
2087
682
2178
682
2041
686
2246
714
2162
684
1254
364
1895
694
2170
695
2078
711
1985
697
2113
637
1984
692
2055
594
2105
684
15147
343
2095
688
2075
692
2055
489
2030
734
2123
574
2198
699
2143
574
2115
697
2107
702
1949
601
2171
684
2100
665
1505
442
2142
717
2103
684
2121
724
1804
701
2062
581
2027
707
2110
694
1969
682
1743
586
2315
646
2025
727
2072
681
1904
696
2073
717
1796
682
2202
696
2103
642
2017
632
1963
684
1924
699
1983
684
1811
699
1777
679
1479
521
1862
704
1874
690
2020
682
1738
682
2007
635
2055
681
1770
597
2125
694
1954
682
1937
681
1832
694
1967
654
1985
523
1860
744
1691
583
1844
591
1096
689
1849
696
1942
679
2007
712
2421
632
1904
623
1932
450
2158
742
1927
724
2177
606
1701
684
1929
519
2079
704
1899
694
2084
682
1882
684
2035
697
1872
653
1686
530
1884
373
2067
607
1787
707
1994
687
1667
647
1846
704
2089
694
2044
692
1919
696
1700
597
1993
719
2095
587
1874
684
1902
607
1992
707
2265
682
1744
611
1940
578
2135
684
1939
694
2004
697
1864
689
1942
707
2376
697
2147
682
2068
697
1989
644
1949
682
1861
709
1875
687
1961
709
1864
587
1977
595
2235
689
2090
674
2080
471
2067
714
1869
557
2119
727
1911
709
1977
697
2203
694
1901
594
1997
709
1992
705
2091
459
1332
711
2024
702
1631
294
1292
712
2047
682
2266
697
1895
614
2138
691
1870
636
1846
700
2000
698
2092
742
1859
702
1962
719
1927
694
1922
689
1992
697
1992
729
1949
710
1972
682
1939
568
1874
698
1914
681
2022
601
1952
705
1448
692
2027
694
2175
687
2047
696
2175
684
2097
696
1997
696
1962
709
2261
593
1987
697
1682
599
1972
692
1830
499
2002
702
1844
692
2101
688
1957
520
1922
576
2147
595
2044
587
1781
592
1957
468
10438
383
1529
754
2092
684
1886
707
1894
699
2002
689
2201
601
1789
513
2065
631
2104
695
2094
694
1897
684
2010
727
2340
692
1942
696
2059
697
1812
679
2191
689
1861
694
2004
526
1890
659
1867
627
1689
710
1936
701
2025
714
1982
706
2173
710
2177
727
1789
727
1857
694
1959
704
2049
694
1954
697
2193
722
2035
709
1889
719
1835
704
1707
689
2105
652
1922
601
2040
731
1986
701
2135
676
2188
729
1764
654
1102
563
1970
686
1897
689
1920
589
1217
695
2032
682
1970
689
2079
684
2032
709
2023
584
1884
707
1187
365
2073
694
1224
644
1877
696
1974
686
2080
727
1957
576
1814
705
2092
709
2172
701
1955
687
2115
704
2100
687
1907
682
1575
487
1864
709
1839
586
1952
707
1980
719
2002
601
1646
509
1977
687
1882
585
1035
708
2020
681
1910
701
1938
404
1566
458
1967
687
2088
627
1945
694
1884
638
2090
697
1442
473
2083
709
2010
574
1870
684
1965
721
1889
709
1947
672
1898
697
1876
694
1835
11173
1661
682
1942
709
2113
654
1817
691
1867
694
1977
594
1985
652
1934
696
