2024
701
1145
322
1947
731
1783
705
1967
697
1916
599
1886
692
1934
606
1794
702
1977
682
1949
682
1806
696
1877
724
2063
692
1898
679
2033
588
1998
448
2009
709
2027
694
1837
692
1119
586
1975
701
1757
536
1808
599
1927
682
2035
691
1879
596
1924
622
1985
692
1874
689
1910
689
2095
690
1961
589
1955
694
1807
587
1919
689
1701
589
1932
563
1942
585
1689
656
2110
707
2024
581
1429
557
1990
706
1246
377
1940
487
1952
682
1973
681
2148
722
2063
712
1860
700
1468
383
1932
704
2017
697
2029
692
1997
511
2063
699
1930
631
1937
682
2022
690
2062
694
1971
441
1904
477
1936
676
1961
696
2049
694
1682
575
2034
386
1846
584
2044
701
1847
704
1915
584
1595
618
1705
618
1924
696
1796
667
1987
621
2095
696
2001
623
1904
697
1503
507
1929
709
1916
704
1617
696
1937
694
1952
653
2052
639
1133
697
2039
694
1884
694
2014
696
2115
498
1887
682
2090
692
1907
379
2107
634
1700
481
1769
664
1931
9324
1505
485
1928
682
1892
686
2025
432
1997
672
1654
580
1582
600
1253
395
1970
714
1997
509
2027
682
2085
684
2034
473
1965
699
1419
493
1819
695
1975
688
1957
680
2020
707
2034
681
1994
454
1904
711
1764
682
2047
726
2085
701
2070
696
2125
461
1671
687
2085
694
2318
669
2117
719
1980
420
2037
689
2137
727
1921
684
1488
465
2045
721
1939
690
1035
386
2055
684
1927
553
2005
710
2090
692
1679
682
2044
685
1809
587
2122
696
2093
567
1166
390
1847
716
2068
705
1879
702
1887
684
1869
639
1832
711
1952
582
1791
709
1120
398
1912
375
1920
697
2032
716
1834
684
1920
696
1595
521
1997
690
2102
664
1940
716
1977
722
2067
696
2027
701
2022
705
2210
696
1890
602
2032
699
1690
711
1870
681
2018
699
2290
580
2182
696
1829
679
1790
654
2092
721
1879
681
2051
686
1922
709
2090
479
1909
707
1947
549
1995
579
1953
694
1989
694
2250
694
2235
687
2061
710
1989
737
1976
697
1992
707
1942
683
1914
687
1974
689
1962
635
1462
508
1510
704
2009
695
1869
500
2007
702
1929
702
2032
694
2025
707
1947
676
1534
699
1427
463
2062
586
2062
565
1264
408
1972
697
2007
694
2087
580
1890
702
2047
594
1680
593
1884
697
2095
707
1808
711
1892
709
1806
491
2027
697
2020
697
1951
692
1920
633
1945
697
1907
717
2065
573
2095
697
2081
709
1982
707
1911
697
1738
8281
1963
687
1987
632
2052
678
2074
641
1997
702
2019
394
1992
697
1834
684
1139
372
1892
694
1660
383
1718
704
1965
694
1527
695
1914
587
1885
720
1303
553
1877
680
1885
646
2057
694
2069
697
1885
692
1897
679
1982
696
1987
719
995
692
2020
709
1799
704
1842
697
1841
491
2077
696
2108
639
1779
9066
2037
697
1980
486
1995
697
2009
499
1179
701
1979
699
2034
722
1814
712
2037
709
2035
681
1970
672
2067
687
1889
672
1912
669
1967
402
2145
695
2014
621
2037
706
2065
695
2047
638
1638
474
2034
658
1834
622
2057
687
2043
707
2130
699
2005
679
2017
597
2122
8660
1219
390
2105
694
2077
694
1878
694
2054
682
1993
654
1068
365
2022
704
1983
656
1218
712
1992
598
2034
679
1473
578
1785
516
1684
691
2375
692
1632
689
1922
597
1984
584
2050
701
1665
553
2042
710
1982
697
2120
9179
1962
575
1944
568
2178
689
2098
699
2050
692
1601
687
2057
684
1977
711
1979
604
1733
615
1902
697
1941
697
1937
543
2101
696
2012
686
1927
692
2027
396
1995
694
1190
391
1852
701
1969
596
1765
649
1985
585
1939
684
1947
614
1995
709
1958
685
1780
554
2019
593
1972
682
1999
502
1914
661
1867
700
2278
682
2155
699
1952
686
2047
559
2003
649
1161
381
2077
8109
2012
529
1537
516
2033
581
1799
495
2340
710
1962
691
1993
702
1724
724
2055
476
2087
704
2217
707
1904
694
1954
689
1179
692
2007
687
1951
694
2187
712
1904
684
1421
695
2117
683
1953
523
2168
691
2113
702
1675
691
2079
531
1957
694
1872
681
2067
680
2112
694
2180
379
1886
697
1450
621
1998
697
2098
586
1997
706
2097
694
2055
681
1627
692
2075
602
2140
714
2130
666
1760
624
1602
507
2165
9099
2097
694
2030
655
2124
627
2090
679
1877
691
2113
704
2078
589
1982
558
2026
573
1984
724
2350
692
1973
712
2150
627
2060
697
1621
558
1912
694
1892
697
2138
614
1952
573
2009
705
1922
708
1380
504
1529
704
2202
699
1982
692
2057
689
1266
376
2055
710
1995
402
2028
582
2025
510
2132
580
1959
709
2072
639
2052
682
2175
682
2145
653
2115
729
2155
707
2047
681
1798
515
2225
592
1955
684
1759
565
2135
686
1935
566
2102
331
2115
719
2058
699
2140
688
2155
709
2090
707
1924
601
2283
619
1972
694
2092
695
2215
679
2064
681
1989
682
1954
726
1768
405
2098
694
2074
707
2022
684
1999
681
1962
689
1988
702
2041
724
2115
692
2092
695
1825
578
1984
682
1939
694
1900
688
2097
583
2092
734
1256
684
2130
580
2218
724
2077
694
2155
501
2080
586
2168
709
2028
665
2049
689
2105
711
2155
691
1716
448
1862
496
2079
677
2110
682
2095
591
2035
700
2064
709
2261
695
2030
712
1946
697
2215
574
1982
682
1995
694
2139
661
1674
580
1921
701
1866
737
1999
566
2112
696
2539
661
2120
520
1656
696
2253
702
1320
704
2143
687
2057
479
1972
707
1603
689
1842
593
1960
433
2050
660
1985
589
2102
709
2175
631
2212
694
2083
651
1774
588
2123
719
1934
717
2042
707
2055
711
2103
658
2067
661
2318
699
2017
697
1275
701
2108
691
2035
684
2107
711
2380
712
2065
544
2121
699
2138
691
2085
707
2051
707
1305
399
2193
696
2045
687
1990
596
2330
693
2306
712
2392
702
1769
687
2085
707
2112
689
2034
714
1957
702
2165
697
2135
699
1958
380
2142
694
2115
697
2040
359
2137
704
2168
642
2151
666
2207
503
1467
702
2271
697
2112
697
2245
691
2315
451
2030
697
2047
709
2055
681
1937
589
2170
683
1449
468
2067
682
2158
586
2093
681
2150
230
2175
647
2115
699
2083
699
2102
689
2022
710
2033
644
2062
709
2101
656
2243
694
1963
711
2057
699
2035
704
1947
509
2100
693
2022
709
2093
395
2085
703
1976
697
1972
689
2118
471
2079
709
1932
9705
2213
679
2153
684
2072
558
2000
690
1882
696
1952
699
1892
9015
1949
697
1693
574
2285
724
1942
734
1904
684
2168
696
2003
709
1864
706
1047
690
1937
667
2018
594
1919
684
1776
649
2052
601
2082
686
2108
668
2120
704
1662
709
2044
686
2099
696
1775
712
906
305
2125
585
1959
656
2042
592
2138
682
2173
589
2115
696
2027
401
1836
694
2028
710
2117
697
2160
702
2140
706
2065
699
2155
682
2098
699
2060
704
2082
627
2132
594
2107
671
2293
699
2050
689
1728
692
2105
462
2074
702
2181
714
1518
587
1972
704
2087
656
2035
709
1083
471
2067
697
2075
709
2157
681
2055
717
1737
564
2050
539
1937
504
2077
662
1829
583
2167
411
1992
624
1826
699
2067
577
2047
691
2077
697
2185
714
1919
709
1955
665
2370
9111
2320
699
2123
694
1710
7831
2175
689
2039
592
1990
712
2070
679
2091
681
2087
639
2112
588
2188
582
2138
512
1301
402
1826
692
2125
697
1534
719
2127
694
1989
709
2137
697
2117
664
1990
702
2175
677
1951
706
2035
684
2160
706
2197
699
2377
664
1985
711
1987
591
1484
467
2145
749
1739
571
2122
691
1628
587
1261
401
2110
575
2093
692
1789
689
2120
706
2178
669
2019
428
2053
694
1333
411
1888
519
2141
689
2317
681
2083
696
2182
700
1995
395
2037
595
2162
576
2055
599
1980
684
2133
702
2098
696
2062
692
1992
684
2240
684
1983
694
2045
709
1703
701
1917
369
2132
729
2213
606
1583
697
2064
691
2095
651
1854
700
1926
684
1779
607
2034
689
2090
692
2132
712
1884
623
2063
732
1804
571
1801
548
1912
553
2120
702
1927
599
1957
529
1219
454
1678
593
2077
595
2353
707
1942
696
1920
696
1990
696
1892
691
1908
595
2130
694
1895
704
1924
627
1817
684
1979
660
1764
507
1618
694
1953
678
2185
729
2065
692
1982
583
2227
689
1525
485
2042
406
2047
727
1615
684
2130
700
2163
702
2015
682
1987
681
1921
709
2004
682
2033
694
1887
549
2305
694
1814
9179
2020
680
2225
512
1892
475
1972
696
2155
682
1977
690
1972
595
2062
682
1837
689
1998
499
1906
707
1926
696
2012
681
1915
707
1992
700
1887
691
1890
696
1851
706
1966
689
2040
694
1915
695
1927
710
1917
604
2120
663
2070
696
2123
704
1960
719
2303
565
2122
696
2047
674
2027
667
1964
706
1182
405
1462
459
1962
682
2115
695
1813
697
2022
709
1994
639
1947
585
2055
618
1991
679
1899
694
2057
712
1672
617
2004
730
2037
681
2084
721
1961
709
1839
697
2017
699
1633
586
1882
699
2022
687
1955
718
2095
556
2029
682
2195
692
2040
702
2044
682
2007
699
1887
702
2060
704
2014
709
2113
697
1979
679
1899
720
1576
534
2077
697
1992
593
1965
729
1951
632
2070
697
1819
712
2035
674
1693
596
2143
709
2010
701
1912
695
1922
342
1870
709
1904
428
1879
685
1869
9374
2165
629
1989
704
2037
699
1953
696
2013
697
1904
396
1882
694
1979
687
1935
702
2027
681
1967
639
1970
702
1614
583
1889
405
1716
585
2113
699
1989
706
2093
546
2099
584
2115
680
1960
709
2047
721
1992
681
2010
709
1907
697
2007
684
1969
696
1891
586
1972
574
1829
9309
2032
694
2054
537
1929
694
1902
558
1911
628
1956
682
2117
715
1987
691
1939
681
2133
696
2148
684
2138
709
2027
700
2231
714
1786
550
1999
581
1894
687
1892
690
1886
651
1934
699
1930
725
1835
694
2019
650
1874
709
1730
498
1944
726
2207
610
2022
692
2132
699
1926
653
1550
568
1831
697
1832
600
1827
684
1546
597
1926
599
2017
715
1979
679
1362
512
2033
669
1902
689
2147
714
2055
711
1541
590
2005
681
1907
695
1965
697
1869
684
1839
561
2024
573
1799
587
2095
684
2003
589
1818
651
1882
689
2098
422
2055
624
1959
702
1285
667
1942
597
1825
757
2032
694
2000
651
2027
714
1932
492
2047
682
2000
714
2027
600
2022
707
2085
681
2038
700
2042
682
2017
528
2040
696
1891
709
1962
565
1884
671
1806
684
2050
707
1912
697
1880
533
2065
692
1973
689
1993
697
