1982
704
2170
707
1907
694
1583
585
1955
585
1884
699
1905
689
1874
619
1267
421
1591
706
1885
669
1163
385
1902
689
1080
651
2082
689
1846
694
1859
699
1814
682
2240
712
2040
686
1957
697
1854
697
1982
528
1980
706
2167
681
1801
729
1917
716
2025
682
2002
694
1061
381
1789
669
1225
694
1865
714
1984
695
2057
627
1745
576
1931
704
2092
697
1984
670
1957
684
2037
725
1857
694
1950
681
1905
712
1964
729
1982
568
1955
709
2161
386
1876
591
1957
712
2120
634
2020
689
2072
687
1939
695
1975
637
2020
697
1865
694
2007
456
1997
682
1919
669
1595
679
1341
712
1897
619
1892
697
1957
699
2047
454
2048
747
1972
685
1931
739
1982
684
2105
592
1987
394
2057
714
1929
714
1936
684
1885
666
1776
629
1957
724
1902
684
1876
695
1972
731
2009
707
2002
707
2067
699
1722
707
1960
704
1927
679
1714
623
2007
679
1910
693
1596
591
2129
399
1991
687
1980
679
2027
694
2063
706
1974
403
1854
615
2058
689
1876
732
1985
649
1914
699
1784
696
1864
706
1816
689
2113
8191
2094
584
1996
695
1957
677
2055
705
1698
594
2090
685
1939
694
1794
704
1511
529
2152
687
2035
701
1882
519
1801
686
1837
696
1083
669
1820
699
1730
377
1945
677
1978
717
1794
682
2030
693
1945
696
1429
516
2057
689
1658
704
1807
514
2003
717
1937
407
1895
584
2077
682
1955
716
1899
674
2210
667
1642
704
1994
682
2092
696
1826
574
1914
681
1940
686
1427
544
2062
681
2103
613
1912
439
2115
682
1932
696
1947
697
1937
724
1915
742
1403
714
2193
699
2033
452
2087
690
1746
6669
1967
692
1964
692
1940
687
2167
732
2029
696
1894
696
1190
380
1981
699
1957
680
2087
696
2000
639
1555
514
1578
506
1341
464
2072
681
1631
600
2101
390
1284
381
1924
715
1939
696
1942
704
2002
694
1917
707
2143
686
1947
657
2073
692
2077
709
2135
579
1205
379
2012
697
2002
579
2002
712
2063
701
2020
681
1168
337
1547
469
1974
697
1920
653
2047
709
1794
632
2082
604
1975
702
1811
532
1907
694
2072
664
2090
697
1974
682
2002
704
1956
815
1752
578
1612
586
2225
689
1955
585
1106
287
1982
387
1939
528
1169
399
2044
515
2228
694
2002
607
1724
586
2175
610
1989
611
2045
707
2147
685
1966
665
2067
682
2047
689
1871
699
1947
717
2037
684
1911
708
1880
681
1546
486
2137
9316
2067
679
2112
695
1656
471
1952
704
1819
706
2102
603
1967
698
1930
682
1642
682
2074
707
2073
681
2042
694
1962
694
2132
712
1872
589
1929
583
1969
709
1887
687
1952
695
2117
694
1972
692
2222
679
1926
653
2085
705
2148
682
22940
681
1969
712
2007
726
1816
696
1784
610
1814
696
1947
546
2065
627
1947
699
969
702
1817
574
2307
540
1987
557
1682
574
2218
697
2165
679
1760
709
2015
661
1922
696
2000
701
1982
709
1967
760
1771
599
1942
684
1972
704
1682
729
1947
709
2002
694
1758
538
2007
664
1942
696
1914
740
2052
709
1697
709
1862
488
2135
730
2035
699
2005
646
2012
535
1954
694
2042
704
1932
699
2060
572
1919
465
1959
722
2040
702
1794
543
2010
689
1867
702
1846
701
1980
628
1570
503
2028
684
2033
530
1093
394
2125
719
1860
657
1892
577
1869
702
2112
710
2019
666
1974
682
2150
706
1948
684
2075
722
2025
697
2008
697
1904
611
1404
463
1999
682
1985
694
1942
681
1904
546
2035
570
1987
679
2105
699
1889
690
1475
517
2020
689
2082
699
1969
697
2023
697
1962
585
2014
526
1992
697
1213
702
1955
727
2055
572
1899
706
2122
682
1955
597
1938
699
1392
379
2205
702
1954
504
1868
616
2062
694
1890
696
2082
719
1690
599
2062
681
1987
689
1695
580
2065
389
2107
696
2230
606
2070
709
2047
593
2007
697
2054
694
1746
708
1934
729
2170
681
2045
681
1741
676
2113
668
2115
702
2110
682
1899
694
1969
512
2117
721
2087
691
2007
709
1946
613
1711
577
2123
697
2167
701
1994
523
1376
465
2208
658
1691
712
2037
397
1945
724
1977
485
1869
611
2107
682
1852
694
1796
584
1715
706
2090
697
2045
682
1058
701
2255
687
2150
695
1904
694
1970
717
2047
694
2133
721
1919
706
2030
720
1995
739
2045
718
2010
366
1861
681
2300
667
1479
464
1948
696
2291
727
2035
686
1522
661
2067
707
2145
681
2123
744
1892
694
1167
377
1693
453
2175
688
2087
699
1600
521
2015
699
2062
653
1965
617
1789
679
2107
657
2040
686
2044
694
2032
702
1929
425
2167
636
2044
695
2095
595
2017
706
2057
399
2053
714
2112
697
2030
681
1815
576
1752
555
1942
709
2266
655
1662
537
2335
689
2215
711
2007
717
1697
702
1874
533
1978
692
2058
684
2097
714
1917
400
1804
585
2054
694
1939
681
1215
698
1366
473
2080
704
2170
682
1920
710
2117
692
2067
659
2050
661
1985
720
2115
689
2033
709
1955
679
1992
714
1866
687
2037
711
2292
694
2045
709
2142
697
2080
682
2058
707
1842
724
2228
709
2033
684
2025
704
1995
397
1550
655
1859
531
2042
595
1954
734
2087
704
2057
699
1728
591
2085
712
1601
560
2042
637
2102
518
2130
582
2012
696
2125
679
2137
670
2052
704
1817
694
2115
682
2050
707
2045
712
2112
680
1892
709
1706
689
1932
629
1872
722
2016
646
2102
587
2280
694
1994
682
2017
694
2109
461
2067
697
2138
591
1872
702
1615
398
1985
596
2017
697
1237
415
1997
401
1945
697
2100
639
2113
702
2047
687
2085
697
1859
704
1909
696
2098
584
2097
399
2087
682
2253
707
2163
655
2070
724
1987
682
2135
469
2228
709
2095
737
2113
714
2095
689
1955
669
1889
566
2087
694
1995
699
2015
704
2130
722
1964
707
1994
691
2065
687
2243
682
1547
684
2097
704
2075
697
2393
587
1774
553
1737
717
2065
684
2178
499
1875
547
2115
699
2143
581
2178
699
2000
709
2162
694
2014
697
2145
699
2098
563
2087
700
2180
709
2049
689
2107
684
2097
682
2225
695
2102
697
2057
679
2014
702
2205
614
2007
694
2059
712
2080
697
1798
594
2099
737
2040
670
2040
707
2133
712
2077
722
2035
521
1957
694
2082
609
2138
681
2140
702
1999
679
2220
403
2032
682
2040
687
2143
659
1886
500
1964
689
2107
719
2152
432
1737
507
1020
338
1257
395
1706
607
2143
630
996
309
2014
724
2010
714
2068
559
1902
707
1902
688
1940
702
1955
685
1590
704
1884
585
2037
691
1895
639
1970
697
1887
614
1960
707
1906
573
1987
697
1836
696
1877
575
2025
521
2085
574
2027
697
2002
707
1948
557
2015
732
2198
702
2042
694
2200
684
1715
529
2019
491
2118
686
2084
647
2079
694
2098
696
1969
694
2105
737
2097
681
2163
594
2203
685
2083
639
2032
691
2084
626
2108
644
2170
711
2115
680
2080
684
1829
584
1715
482
1844
684
1842
715
2123
687
1904
708
1892
590
2297
589
2002
582
1553
520
2120
679
1950
558
2180
684
2155
692
2193
694
1857
688
2083
704
2200
611
1990
697
1453
651
2115
705
2127
724
2077
696
2205
652
2343
696
1979
699
1982
694
1867
512
1979
684
2110
684
2310
701
2092
697
1994
634
1900
704
2065
689
1815
717
2092
687
2055
684
2039
709
1467
387
2105
684
2035
683
2175
619
2152
695
2259
684
2112
727
2030
571
2108
688
2197
694
2038
692
2070
711
2135
739
2060
602
2019
696
1387
696
2125
679
2090
615
1767
692
2248
692
2002
611
2140
704
2125
690
2128
679
1987
679
2132
684
2035
709
2070
604
2039
667
2147
704
2202
587
2185
697
993
346
2191
706
2160
575
2077
694
2080
667
2382
595
2245
699
1854
562
2037
697
1929
637
2098
704
2451
699
2069
9828
2162
805
2030
697
2112
658
2112
592
2059
692
2092
696
2272
696
2183
684
2108
720
2023
649
2045
734
2100
716
2215
681
2118
617
2087
696
1995
707
2117
704
2127
646
1978
394
1874
687
1930
681
1971
697
1869
688
1919
699
1641
509
1849
700
1950
689
2013
456
2032
707
2097
697
1887
710
2025
684
1930
696
2177
700
1895
589
2067
684
2022
632
1698
584
1957
653
2020
689
2125
529
1874
697
1875
708
2012
546
2022
684
2211
585
1889
696
1997
694
2180
696
2030
712
1487
505
2035
727
1959
714
1671
593
2047
682
2110
696
1946
714
1942
697
1947
709
2024
730
2007
681
2043
8496
1842
702
1954
695
1965
702
2185
707
1015
692
1849
704
1937
694
2047
593
1978
681
2075
601
1972
712
1153
712
1737
403
2090
700
1954
584
1952
589
1852
697
1922
702
1985
684
1862
700
2007
712
1448
705
2105
717
1957
624
1974
702
1900
707
1969
586
2047
702
1762
709
1819
681
1927
712
2029
696
2079
682
2135
601
2105
720
2012
599
2010
641
2040
576
2075
706
2105
696
1995
612
2057
717
1931
689
2025
459
1818
705
1929
519
2055
706
2082
697
2080
689
2018
699
1950
709
1944
716
1736
509
1912
719
2034
702
2190
684
1905
697
2012
699
2015
682
1857
699
1997
679
1954
697
1168
694
1862
725
1939
546
1837
600
2095
692
2020
709
1954
497
1979
681
1977
735
1940
707
1942
699
2273
707
2065
580
2115
699
1700
595
2119
581
1932
642
2068
589
1975
729
1895
729
2079
682
1976
666
1967
676
1958
565
1748
473
1566
542
1823
691
1945
684
1605
580
2029
474
1138
694
2010
709
1918
707
1970
681
1854
692
1912
513
2122
693
2015
644
1981
599
2117
712
1992
702
1914
692
1591
581
1885
689
2085
711
2104
709
2027
738
1932
711
1619
597
1844
594
1907
538
1861
644
1822
729
2087
709
1979
694
2087
718
2123
712
1992
699
2059
694
2062
696
2155
539
2047
712
2155
681
2020
696
2065
729
1982
701
2049
523
2110
688
1999
585
2070
692
1880
582
1887
682
2228
684
1887
708
1929
405
2052
689
1947
695
1909
694
2112
699
1662
687
2042
704
2187
709
1916
689
2112
698
1939
644
1977
699
2045
643
1812
702
1812
670
1945
714
2075
695
1922
578
1975
704
2060
697
2195
689
1807
568
1933
696
1839
684
1792
696
2050
699
2000
600
2030
709
1981
587
1984
694
1994
687
1964
692
2000
724
2030
705
1970
401
1922
587
1929
696
1947
389
1593
502
1980
554
2338
699
1819
603
1869
700
2000
702
1826
712
1844
681
1799
707
1949
8890
1935
687
1852
684
1909
654
1884
689
2063
699
1937
699
1952
706
2065
695
1626
540
1808
564
1924
696
1912
565
2037
712
1929
694
