1864
705
1992
706
1938
9421
1965
587
1917
593
1830
687
2170
588
2028
681
1429
466
1859
574
1870
699
2013
367
1955
704
1875
697
1907
497
1383
380
1989
692
2325
704
2475
426
2038
682
2037
602
2049
684
1887
697
1959
716
2009
709
2060
644
1969
702
1957
716
1868
574
1842
699
1714
657
1822
379
1880
694
1950
697
2032
507
2055
684
1869
692
1882
684
2027
696
2002
709
2107
9916
1926
676
1867
732
2039
724
1824
586
2054
702
1976
694
2062
575
1810
681
1994
694
2070
606
2155
622
2007
700
1820
706
2065
722
1964
696
1992
697
2095
441
1815
661
1924
587
2092
9158
1870
692
1929
674
2007
502
1857
694
1982
484
2073
699
1870
670
1962
667
1824
694
1875
582
1872
395
1837
673
2216
677
2070
727
1964
704
1822
689
2067
659
2120
491
1897
686
1971
712
1937
681
2017
649
1866
697
1922
708
1558
689
2044
689
2050
711
1878
702
1962
583
2052
587
2044
668
2037
692
1871
686
2370
691
2044
682
1924
714
1965
724
2035
695
1836
687
2007
675
1485
530
2022
690
2100
680
1799
697
1952
681
1997
9262
1881
709
2039
697
1927
622
1972
589
1891
699
1874
697
1815
725
1506
534
1937
687
2045
681
1826
649
1882
689
1796
709
1894
386
1979
697
2047
376
2223
573
1999
696
2079
709
1895
684
1437
452
1947
503
1952
494
1957
694
1925
505
2035
696
1711
497
1937
381
2080
691
1987
587
2045
682
2039
679
1577
679
1664
560
1965
696
1629
698
1948
711
1545
548
1995
681
1935
729
1732
566
1654
609
1977
610
1965
697
1865
704
1892
692
2025
694
1464
444
2030
699
2055
464
2087
546
1761
384
2095
694
2075
608
1927
705
2055
684
1982
684
2024
684
1131
696
2000
692
1947
699
2065
709
1967
787
2198
641
2077
616
1874
697
1894
682
1754
585
2088
374
1902
412
2075
658
1974
690
2123
598
2091
629
1954
676
1932
523
2012
587
2081
679
1968
697
1944
707
2037
379
1875
356
1982
639
1882
682
1965
702
2034
697
2102
660
2022
692
2072
707
1917
679
2007
586
1907
684
2060
714
2047
681
2082
584
1947
681
2020
694
2064
711
1929
689
2049
689
1894
712
1196
614
1604
462
1962
689
1909
522
934
344
2150
704
2085
690
1920
398
2062
566
1671
704
2074
505
1684
579
2375
681
2001
583
1423
388
1942
681
2220
649
1968
395
1967
644
1850
682
2108
684
2050
694
1977
704
2015
752
1798
589
1624
499
1887
681
2128
553
1343
467
1922
685
1915
681
2153
684
1992
695
1952
694
1945
478
1887
496
1969
564
2102
595
1962
697
1219
394
2002
631
2012
696
1976
684
1960
689
1985
584
1694
513
1925
732
2010
707
2133
686
2040
682
2103
634
2095
681
1934
697
2129
722
1847
684
1949
513
1826
694
1993
556
1939
644
2042
696
2195
700
2165
587
2089
692
2029
696
1821
684
1854
684
2110
694
2143
689
1920
382
1246
395
2207
529
2022
591
1830
696
2195
692
2005
594
2085
697
1904
700
2067
692
2120
712
2043
682
2097
691
1839
709
1780
589
2158
699
2015
709
1898
556
1974
603
2065
692
2130
668
2051
490
1950
679
2021
701
1962
685
1969
606
2059
707
2035
696
1975
696
1852
708
1831
709
1975
702
1947
702
1972
657
1226
507
1991
542
1978
700
1971
699
2000
584
1990
639
2105
689
1916
727
2033
651
2027
675
1919
702
1974
704
1242
405
2205
676
1957
712
2019
679
1747
551
2014
428
1924
664
2118
697
2049
672
1965
682
2069
599
1842
681
1940
694
2070
679
2089
684
2005
692
2130
699
1851
689
2109
582
2315
709
1884
592
1943
704
1944
701
2009
714
2027
563
1242
401
1553
521
1170
412
1892
708
1954
709
1435
461
1977
681
1792
647
2140
594
1932
592
1972
684
1899
681
1857
585
2050
591
1972
616
2015
694
2375
533
1861
670
1940
721
2431
616
1949
699
1967
689
2153
591
1914
697
2133
679
2037
689
1717
721
2181
582
2032
706
1969
704
2027
730
1940
664
2050
609
2060
702
2022
696
2000
687
2060
697
1586
510
2022
589
2197
709
1972
669
1852
697
1953
705
1982
740
2032
697
1238
697
2057
696
1678
502
1982
679
2070
585
2092
709
1932
609
2118
692
2017
685
2065
692
2020
589
1729
583
1887
695
2009
707
1943
642
1859
699
1973
361
2004
608
1644
702
2085
406
1471
697
2042
684
2062
469
1546
401
1565
530
2130
702
2170
584
1946
702
2000
724
2014
709
1253
404
1864
687
1333
694
2154
681
2037
558
2042
642
1919
696
1977
711
2133
523
1862
684
2012
693
1899
679
2065
710
2035
695
1176
397
2042
711
1821
410
2123
709
2208
691
1985
390
2052
585
1718
559
2037
696
2107
759
2137
600
1250
388
2062
593
1552
520
2095
686
1910
684
2062
679
2037
694
2042
695
2132
716
2022
714
2052
734
2000
678
1957
593
2343
699
1957
697
1974
396
2200
616
2137
594
2225
685
2117
665
1995
737
1953
709
22136
684
1789
669
2099
697
1940
583
2070
690
1945
641
1842
506
1942
697
1690
601
2038
692
1860
694
2092
714
2045
769
2150
704
2065
707
2062
686
2140
682
2039
644
2118
621
2000
714
2210
691
2105
609
2123
707
2098
699
2165
576
1962
697
2105
707
2092
596
2052
558
1962
622
2014
684
1704
550
2100
664
2097
682
2084
553
1259
689
2108
712
1989
709
2089
697
1487
400
2095
682
1858
8574
1965
688
2033
689
2067
505
2191
694
2095
694
2027
686
1994
684
1617
556
1417
503
2107
717
1108
690
2020
712
1816
679
1981
405
2127
679
2007
695
2022
687
2030
533
1810
686
2025
684
1979
690
1962
699
1752
681
1965
697
2363
737
2157
707
2152
682
1722
615
2280
674
1744
439
2060
696
1479
458
2225
699
2170
682
2044
696
2057
681
2003
662
2105
570
2048
690
1994
632
1324
684
2035
697
1810
682
2142
704
2180
578
2050
574
2024
681
2066
721
1717
557
2115
621
2117
693
1589
510
1892
538
2052
639
1784
575
1771
578
2062
709
2128
577
2273
674
2065
682
2223
689
1739
690
2040
517
2190
689
2067
681
2012
684
2095
704
1861
696
1995
685
2180
694
1951
546
2137
552
1959
613
1328
394
2107
578
2110
622
2488
694
2143
714
1093
710
2097
724
1971
591
2113
682
2100
691
2080
567
2093
706
1927
684
1465
603
2145
699
2000
614
2045
614
2102
9355
1962
653
2115
396
1795
695
2072
661
2095
724
2360
383
1934
584
2050
551
1984
684
1686
705
1222
393
2125
669
1945
11101
1907
697
1917
684
1600
9673
1967
701
1834
596
2049
694
1919
626
1572
618
2042
697
1949
709
1942
697
1992
729
2193
684
1992
586
2115
681
2075
681
2172
689
2034
704
2105
715
2047
684
2528
666
1934
704
2075
682
2177
692
1632
503
2035
706
2188
646
2089
680
2005
697
1915
639
2197
591
2130
681
1713
774
2060
692
2157
697
2034
689
2278
686
2120
704
2092
662
1917
687
1860
697
1982
455
2205
734
2025
702
1884
697
1995
622
2137
516
2130
679
1270
729
2045
697
1623
696
2025
684
2017
587
2122
681
2145
707
2053
697
2190
689
2082
704
2069
694
1674
707
1417
424
2255
689
2155
709
2095
727
2029
681
2043
695
2014
450
2070
735
1608
597
2110
702
2133
679
2125
702
1930
692
1954
699
2132
656
2145
706
2145
687
2048
593
2228
684
2060
697
1363
389
2338
681
2215
710
1344
587
2115
689
2132
681
2049
716
2037
704
2074
697
2168
699
2115
697
2245
8610
2182
697
2082
692
2172
701
2135
684
2212
679
2105
566
2516
534
2040
700
2070
681
2205
700
2150
689
2130
731
1782
676
2143
684
2101
739
1989
600
2103
687
2100
689
2113
580
2095
727
1170
338
2032
699
2025
709
2019
724
1929
684
1954
696
2030
689
2080
724
2140
681
2075
707
2203
9323
2207
691
2105
687
2195
694
2071
704
2178
687
2158
707
2052
540
1950
710
2270
695
2069
717
1967
669
2127
703
1970
707
1937
618
2132
706
1834
719
2050
601
2120
714
1887
588
2110
682
2055
705
1939
684
1932
699
2187
749
2000
674
2020
707
1850
714
2112
694
2043
706
2015
379
1914
696
2120
541
2134
711
1956
694
1646
587
2014
709
2034
569
1458
519
2172
732
2089
595
1990
682
1920
704
2043
606
1792
609
1907
691
1972
591
1854
697
1947
588
2125
706
1809
694
2130
691
2220
695
1822
488
2062
731
2058
694
1894
685
2024
729
1978
679
1776
553
2022
691
1933
707
1902
707
1975
692
1673
598
1967
712
1957
595
1882
666
2047
717
846
667
1846
682
1878
724
1937
605
2180
687
1860
456
2015
601
1212
394
1964
696
1937
754
1570
712
2002
701
2014
701
2098
705
1772
553
1960
712
1934
708
1057
694
2069
681
1995
732
2100
591
1799
694
1552
517
1887
729
1897
697
1566
506
1960
724
2213
696
1969
682
1932
549
2022
699
1810
517
1984
712
1997
608
1969
702
2253
700
2013
711
1952
706
1897
699
2212
461
1977
707
2002
699
2060
701
1922
682
1980
682
1842
686
1982
699
2228
697
2170
706
2093
679
2045
687
2052
551
2054
684
2017
739
1964
681
1671
702
2028
701
1945
693
1962
679
1834
694
1889
587
1754
711
2077
696
2044
694
1612
556
1551
584
1997
689
2030
705
2179
684
1926
627
1842
597
2155
719
1175
411
1869
704
1687
684
2128
594
2117
681
1945
702
2030
682
1633
486
2030
892
2037
598
1818
587
1634
717
2078
704
1984
679
2002
695
2058
694
2032
695
1891
712
1995
662
2030
599
2050
692
2002
694
2065
328
1775
689
1904
450
2230
697
1815
534
2057
702
1960
689
2075
697
2278
682
1987
599
2002
692
2097
503
2012
681
2063
707
1856
692
1912
687
1931
593
2069
697
2030
681
1433
704
1977
639
1847
664
1891
681
2012
704
2032
569
1970
599
2155
696
1922
656
1949
701
2027
699
1949
709
1176
352
2125
704
1969
579
1942
554
2165
690
1884
709
1930
684
1346
455
2030
656
1915
731
1977
694
1987
684
2007
724
2027
729
1861
719
2025
695
1705
684
1869
694
1934
698
1155
333
2025
619
2017
682
1975
694
2311
653
1800
661
1897
579
1886
722
2022
687
1627
543
1794
626
2228
641
1959
714
1806
697
2025
704
1884
697
1957
442
1950
697
1890
681
1834
617
2237
694
1789
701
1210
397
2125
580
1823
609
1977
732
1960
682
1875
717
2082
722
1822
697
1837
653
1935
687
1736
709
1927
632
1871
714
2110
684
1952
704
1955
694
1961
653
1950
684
1909
649
1333
464
1950
707
2187
722
1581
552
1661
519
1517
689
1606
595
2055
681
1936
727
