1970
694
1790
699
1889
628
1934
696
1914
689
1852
724
1715
532
1915
624
1984
739
2010
691
1975
679
1800
382
1832
599
2262
691
1991
558
1060
373
1897
621
2195
694
2223
696
1916
697
1969
683
1711
692
1880
679
1646
576
1852
694
2125
696
2037
681
1995
694
1764
614
1820
714
1835
697
1192
385
1806
695
1859
666
1702
566
1957
642
2030
684
1864
592
2103
658
1957
694
2037
705
1866
581
1957
672
2108
692
2223
593
1616
606
1973
686
1677
682
1574
568
1932
707
1939
668
1930
687
1856
699
2320
694
2015
697
1902
694
1919
694
1229
454
1894
571
2153
731
1658
558
1935
687
1579
519
1987
499
1870
671
1753
461
2078
682
1969
679
1957
711
2142
682
1947
588
1791
716
1879
681
1515
669
1977
697
2052
727
1874
679
1977
738
1909
710
1897
699
1987
657
1880
699
2047
670
1969
702
1959
684
1929
676
2113
694
909
694
2109
601
1871
523
2200
669
2297
588
1884
696
11366
696
1461
699
2047
692
1748
648
1520
554
2002
689
1614
574
1872
672
2020
548
2128
689
1920
671
1779
694
1976
709
1814
701
1810
681
2075
711
1944
692
1786
537
1849
694
1960
694
1905
690
1798
696
2044
551
2067
527
1904
694
1896
684
1909
710
1890
377
1895
694
2072
368
1964
679
2069
697
2099
704
1919
697
2063
697
2082
452
2057
697
2083
689
2099
506
1980
694
1886
682
2150
706
1970
684
1851
694
1409
507
1894
657
2315
702
1154
710
1927
689
1852
639
1955
591
1685
692
2003
690
1738
688
1944
674
1974
9095
2067
692
1736
704
1972
716
1890
685
1817
739
2125
687
1866
694
2093
580
2067
684
1145
362
2060
692
1766
684
1916
697
1988
702
1890
687
2044
567
2017
691
1939
712
1745
586
1920
682
2277
697
2158
727
2017
613
1277
421
2252
681
1937
627
2055
375
1835
688
1982
702
1962
679
1955
699
1850
679
1932
578
2030
494
1929
600
2060
707
2032
696
1856
545
1942
404
2029
353
1598
534
2045
722
2103
695
1615
594
1970
585
1995
694
2050
669
1994
679
2315
667
2032
678
2012
560
2157
725
1952
716
2008
679
1899
665
1915
684
1973
696
2030
682
1912
697
1269
576
1944
704
1897
689
1880
541
1073
345
2298
696
1985
712
1917
686
2057
704
1797
692
2035
574
2278
672
2025
694
1657
712
1977
699
1944
699
1945
563
1993
402
2064
684
1413
532
1809
625
1849
697
1884
689
2052
697
1919
687
1970
736
1203
375
1917
679
2015
462
1972
681
2014
699
1952
709
2045
697
1937
594
2037
548
2095
682
1832
704
1907
698
1974
679
1233
380
2090
651
2143
690
2059
681
2060
706
2000
616
1935
694
2210
692
2105
682
2037
451
1955
696
1955
656
1794
587
2057
603
1706
576
2144
741
1909
701
1934
626
1924
702
2077
561
2117
685
2130
689
2052
646
2089
695
2015
692
2085
709
1970
686
2140
697
2117
549
1924
652
2043
649
2293
575
1929
694
1945
699
2052
601
1944
676
2037
686
1957
681
2017
690
2080
684
2081
694
2047
714
2035
682
1922
401
1998
709
2087
697
1980
704
2063
595
2051
721
1995
640
2074
694
1889
684
2032
696
2062
9354
1658
528
2078
682
1499
533
2147
701
2032
696
2019
644
1875
624
2003
634
2119
634
2087
398
2062
682
1962
447
1062
377
2097
9848
2042
602
2075
702
2067
694
2027
495
1948
694
2012
695
2037
692
1958
320
1904
768
2139
607
2098
678
1904
708
2047
453
1937
711
2178
644
1909
694
1884
699
1917
572
1885
699
1941
9455
2009
682
1932
702
1473
707
2022
530
2080
697
1749
702
1586
552
2092
699
2022
714
2019
709
1899
707
1989
570
1960
405
1527
500
2068
697
1954
669
1961
696
2055
729
1957
595
1895
707
1967
579
2148
407
2245
709
2100
689
2014
684
2172
587
2035
695
1912
706
2052
734
1907
655
1984
696
2019
707
2162
702
2029
622
2087
691
2047
682
1862
687
2000
709
1941
709
1952
710
2011
668
2020
512
1871
711
1583
700
1884
699
1957
701
1353
455
2033
689
2059
682
1521
691
2055
582
2388
493
2135
696
1955
710
2077
707
2189
694
1581
538
2011
684
1994
700
2242
702
1778
697
2052
685
1995
667
1802
592
2175
682
2110
687
1077
374
1713
574
2080
685
1970
695
2024
706
2114
648
2240
722
1586
331
1977
719
1527
518
2087
682
1134
402
2075
712
2015
696
2112
363
1516
694
1987
694
1452
380
1929
701
2007
695
1599
518
2047
707
1841
374
2002
684
2070
573
1842
694
2007
709
1834
679
1868
332
2030
690
2074
697
2012
682
2089
684
2062
665
1995
621
2025
399
1977
619
2097
461
2105
575
2103
702
2034
406
1781
674
2192
711
2053
653
2035
682
2182
710
2071
724
1993
576
1500
533
1808
689
1924
617
2100
578
2075
660
1962
704
1354
387
1807
616
2099
714
2097
709
1612
523
2057
710
1952
702
2192
711
1859
581
1680
576
2072
679
2085
663
2128
687
1594
553
1957
687
1670
662
2017
687
1694
530
2102
643
2045
605
1909
395
2168
595
1940
706
2123
559
1952
695
2143
710
2065
696
2062
715
2077
707
1951
704
1219
709
2030
444
1957
694
2225
707
1971
649
2045
694
2032
701
1822
581
2143
584
1912
707
2157
689
1787
595
1604
599
2077
694
2097
699
2031
672
2053
613
2114
692
2120
692
2050
686
2039
689
2024
711
2122
696
1566
397
2019
651
1916
704
2042
747
2158
709
2148
709
2197
707
1283
705
2005
681
2073
509
1754
545
1949
734
2133
710
1874
707
1942
687
2097
687
2078
356
2085
676
1926
711
1610
704
2080
533
2152
704
2092
681
2042
702
2053
619
1950
397
2087
705
1962
697
2090
709
2102
682
2000
712
2170
584
2055
662
1383
486
2185
702
2025
686
2027
696
1662
509
1938
646
2053
634
2090
699
2109
694
2173
694
1218
699
2029
596
2162
694
1942
552
2173
679
1970
682
2391
704
2078
697
2047
691
2104
702
2113
700
1962
428
2090
696
1758
598
2055
697
1192
407
1337
396
2242
694
1990
667
2250
697
2107
694
1598
704
2095
537
1654
579
1236
681
2067
696
2080
692
2105
697
2014
694
2044
731
1975
764
1922
558
2037
697
2039
400
1814
707
2110
571
2080
707
2172
704
1917
696
2102
714
2153
594
2039
694
2047
710
2041
671
2192
712
2037
697
2037
699
1988
682
2168
739
2087
725
1257
701
1977
697
2082
691
2125
505
1977
684
2005
705
1955
725
2135
702
2030
642
2088
692
1895
691
1960
327
2185
653
1817
694
1922
694
1965
564
1892
667
1947
752
1950
724
2119
715
1109
410
1712
669
1866
717
2446
694
2057
707
1889
709
1967
704
2110
697
1974
697
2125
604
2127
682
2272
573
2017
696
2107
704
2107
690
2280
697
1866
684
2119
636
2099
714
1995
702
1902
596
2037
694
2152
697
2102
587
1814
697
2262
694
2012
697
2137
681
2058
709
2075
734
2235
691
2070
589
1858
696
2027
606
1957
604
1832
689
1969
707
1857
704
1892
694
1302
401
2030
709
1846
493
1237
408
1973
704
2123
702
1822
642
2135
679
2293
606
2539
649
2073
700
2148
694
2140
367
2135
681
1726
702
2005
679
2030
694
2077
689
1964
601
2010
641
2087
682
1935
706
1711
561
1974
689
2047
709
2276
706
2205
681
2337
681
2043
696
2034
693
2125
592
1946
696
2012
596
1932
594
1994
696
2127
714
2113
681
2205
696
2192
697
2152
686
2178
710
1952
709
1831
570
2029
694
2157
666
2222
656
2119
667
2034
714
2015
684
1258
729
2133
681
2009
691
2062
538
2157
533
2099
689
2080
709
2188
682
1930
687
2087
697
1944
689
2218
679
2075
641
1834
601
2105
684
1965
714
1957
704
2049
658
1055
341
1977
697
2085
643
2195
694
2069
684
2092
701
2052
689
2078
709
1448
514
2088
680
1985
804
2198
697
2032
636
2227
690
2080
694
2227
682
2155
699
2140
591
2143
682
2189
694
2140
702
2190
696
2203
670
2130
689
2197
597
1718
689
1969
696
1944
653
2143
701
2092
706
2190
697
1284
704
1995
666
2024
694
1867
704
1889
697
1618
605
1844
707
1630
731
1844
699
991
699
2027
712
2170
682
2015
701
1918
583
2040
714
2075
551
2059
709
1529
489
1828
649
2098
600
1862
573
1884
562
1983
716
1794
714
2147
732
1614
587
1977
699
2015
479
1998
681
1871
706
2207
697
1698
687
1915
697
1935
697
2072
681
1927
586
2331
702
1952
655
1991
712
2218
702
1948
699
2049
699
1462
497
2017
712
1957
704
2049
684
1939
697
2045
684
1747
9880
1892
701
2052
699
1821
563
1349
464
2000
706
1792
682
2051
681
2090
689
1605
548
2047
666
1969
674
1968
681
1877
711
2007
707
2112
697
1899
697
1900
687
2070
709
1796
693
2098
699
1975
712
1428
498
1477
559
1990
699
1957
639
1950
674
2047
697
1579
692
1660
576
1979
724
2027
649
1997
493
1992
601
1965
684
2047
601
2033
707
1951
624
2088
681
1914
694
1917
698
1864
707
1377
485
2007
684
1819
686
1897
681
1937
700
1914
712
1962
710
1806
9480
2034
694
2104
694
2085
684
1874
596
2018
694
1889
696
1985
682
2232
663
2057
697
1965
697
2052
691
1974
708
1962
686
1944
694
1872
689
1987
636
1985
682
2053
631
1932
685
2335
679
2172
694
2007
431
1205
390
2436
714
2172
701
1962
586
2070
692
1978
701
2085
694
2142
541
2382
714
1885
694
1959
737
2098
682
1949
692
1914
589
1851
574
2030
542
2133
712
1892
709
1663
611
2005
684
1932
689
1636
619
1282
376
2014
691
2014
487
2035
707
1144
576
2010
679
1977
651
1796
689
2068
697
2220
682
1722
596
2007
574
1984
722
2104
706
1804
714
1934
697
2052
694
1984
579
1877
647
1860
588
1965
435
2230
716
1897
9273
2052
712
1904
692
1370
605
2002
589
2002
671
1957
694
1912
709
2060
717
2100
702
2035
689
1995
696
1635
587
1921
577
2316
681
1847
690
1947
669
1862
712
1969
705
1890
687
2082
682
2091
706
1887
647
1917
710
1842
633
1511
587
1938
687
1857
726
1602
679
1927
704
2062
694
1887
695
1950
712
1892
679
1905
702
1879
712
1952
681
1990
710
1795
577
1930
694
1862
689
1616
535
1950
689
1829
682
1987
704
1892
699
1932
686
1950
707
1844
595
1870
694
1786
697
1899
709
1952
679
1859
581
1920
694
2075
559
2015
682
2157
578
1825
691
1804
682
2089
510
1892
707
1862
704
1665
709
2107
706
1772
691
1911
697
2277
578
1977
672
2027
669
1756
524
2037
709
1673
524
2000
657
1877
692
1804
697
1949
714
2024
697
