2163
706
1847
596
1827
684
1816
594
1942
697
2057
714
2040
579
1817
714
1912
681
1969
689
2007
694
1983
382
2002
529
2085
632
2130
542
2087
385
1920
474
2023
691
2453
689
1970
661
1972
699
2023
707
1211
707
1909
525
1834
696
1882
668
1997
550
1874
697
1796
483
1812
697
1932
707
1786
669
1884
624
1952
714
1984
554
1902
482
2265
697
1955
674
2054
696
1954
689
2198
684
1897
662
1877
671
2037
639
1955
599
1985
542
1858
699
1877
679
1128
691
1424
477
1974
692
2047
566
1849
689
1975
706
2002
700
2040
606
1995
704
1583
589
2195
682
1797
695
2010
694
2005
674
2019
682
1864
699
2009
744
1929
464
1890
682
2027
692
1942
698
1860
707
1897
577
1856
572
2032
697
1531
669
1932
767
1955
697
1837
696
1836
697
1905
699
1892
697
1977
631
1894
681
2012
712
1992
679
1997
608
1980
709
2087
539
1879
710
1934
704
1882
591
1364
425
2292
694
2022
681
2019
694
2009
665
1924
629
1713
656
2099
681
1884
709
1399
370
1910
656
1709
530
2037
681
1784
613
1894
700
2022
695
1922
576
1889
691
1775
702
2032
707
2065
709
1956
684
1809
724
1959
496
1947
704
2047
684
2060
634
2027
692
1634
697
1824
709
1977
386
1854
697
1882
686
1578
567
2010
707
2107
675
1924
9287
2024
727
1974
543
1942
707
2030
701
2132
693
1997
696
1902
682
1962
601
1987
694
2062
694
1375
697
1881
682
2067
697
1912
625
1935
669
1877
676
1984
597
1944
539
1914
684
2122
694
1934
697
2080
616
2069
692
2040
696
2110
597
1816
616
1792
697
2089
694
1889
683
2225
684
1530
402
1882
375
1954
734
1947
8903
1932
682
2090
697
1984
694
1426
584
1899
710
1054
393
2140
419
2055
681
2050
694
2270
699
1932
705
1363
454
1856
684
1670
548
1859
637
1998
702
2129
664
1842
697
1737
526
2005
632
1974
557
1932
712
1950
692
1518
692
1895
11436
2150
624
1320
344
2123
704
1882
558
2027
567
2040
686
2057
587
2057
686
1874
696
1987
681
2035
652
2007
696
2069
692
1994
452
2277
689
1947
712
1900
702
1977
684
1937
694
1939
687
2080
707
1912
681
1967
683
2097
732
2010
697
1930
665
1056
305
1973
584
2045
694
1982
764
2155
701
2000
684
2054
573
1690
591
2215
697
1857
702
2034
337
1984
681
1866
704
1995
688
1553
547
1924
729
1839
663
1842
699
2022
709
1950
684
1935
696
1876
702
2049
382
2255
822
2117
721
1978
692
1736
522
1907
696
1965
682
2153
714
1967
551
1679
617
1737
687
1965
699
2050
704
1949
681
2020
684
1960
714
1972
659
1889
688
1962
606
1917
568
1932
587
1988
707
1907
449
2008
656
1904
667
2163
688
1577
468
1654
595
2040
697
1904
704
1984
699
1970
710
2039
704
1943
684
2097
714
2175
684
1942
695
2182
697
1977
667
2075
694
2058
684
1979
379
1951
387
1601
400
1917
694
1970
569
1711
508
1974
644
2002
597
1967
699
2049
709
1937
696
2138
714
1612
754
2070
688
1072
390
2025
661
1820
709
1939
737
1766
701
1869
694
2084
629
2049
669
1786
694
1935
697
1952
697
2101
682
2132
575
1547
559
2072
9269
1959
709
2092
681
1884
714
2043
694
2035
704
2039
689
1131
585
2001
696
1967
707
1929
558
2079
714
2083
722
2022
686
1671
485
1983
506
1934
700
2060
709
1924
704
1203
354
1993
685
1869
694
2103
666
2009
692
1967
654
2077
694
2002
719
1690
593
1941
710
2185
710
2039
709
1964
657
1972
694
1887
702
2048
606
2120
685
1983
706
2190
694
1962
560
1776
476
2027
691
1190
382
1863
655
1558
592
1971
697
2071
527
2050
697
1366
376
1687
701
1954
710
2030
576
2045
700
1995
506
1992
747
2248
664
1872
586
1992
692
1980
710
1942
714
2017
709
1997
695
2002
672
2012
704
2023
694
1792
711
2011
610
2000
702
2123
734
1884
686
1945
697
1974
454
2102
578
1607
489
2190
684
1944
704
1978
681
1967
707
1954
680
2094
722
1995
569
1629
694
1997
616
1957
679
2160
516
978
696
1816
602
2052
696
2027
668
2376
689
1150
405
1954
704
1842
709
1827
580
2258
626
2102
727
1825
598
2104
695
2183
707
1993
373
2019
595
1924
697
2043
695
2023
697
2000
629
1979
709
1949
398
1929
697
2158
696
1932
644
1094
507
1951
712
2029
694
2092
392
2023
709
2092
574
2197
682
1811
595
2045
707
1938
483
2115
694
1838
711
1975
696
2137
694
1932
707
2015
697
1896
709
1984
385
1984
704
1924
709
2084
774
2133
669
1904
674
1237
394
2062
702
2161
684
1977
474
2147
664
2075
699
1987
696
1862
722
2082
728
1766
695
1985
694
2020
692
2124
711
1980
585
2007
529
1754
544
2037
575
2033
682
2169
499
2099
696
1343
407
2113
741
2027
588
1980
699
2152
687
2319
682
2012
578
2235
702
2185
488
2005
696
1974
699
2020
436
2043
9211
1999
581
1796
687
2060
714
1960
679
1551
460
2050
709
1991
712
2182
697
1924
546
1927
711
1949
707
1968
696
2012
711
1777
563
2202
694
2094
626
2040
707
2153
689
2100
711
2299
702
2125
702
2122
704
2160
702
2062
699
2089
688
2122
684
1931
687
2040
604
2097
682
2082
707
2080
594
2085
718
1965
651
23226
661
2107
684
1320
395
2506
689
2085
681
1985
706
1975
706
2340
704
1892
706
2177
689
1264
415
1587
729
1964
647
1972
704
2129
692
2135
706
2118
467
2142
658
1932
694
1992
684
1937
681
1867
695
2243
704
2007
413
2002
719
2117
722
1967
684
2057
539
1895
696
2065
687
1909
683
2035
694
1726
525
1990
692
2260
694
2107
741
1301
406
2093
707
2070
583
2208
694
1877
436
1939
711
2140
698
2022
694
2112
732
2100
647
2037
464
2090
691
1970
711
2080
555
1964
684
1633
665
2047
694
2460
686
2150
581
2077
616
1997
681
2052
701
2012
732
2155
706
1940
704
2027
574
2072
617
2065
493
2052
687
2113
368
1309
406
1728
593
2107
704
2112
712
2105
714
2120
673
2248
694
2117
445
2007
687
2075
588
1813
704
2085
694
1972
684
1964
694
1999
496
1970
724
2102
707
2178
551
2350
707
2093
709
2067
694
2080
9131
2035
686
2043
650
2219
543
2131
694
2095
707
1929
718
2047
8416
2065
709
2132
697
2055
681
1974
712
1826
679
2064
702
2063
699
1295
402
2043
647
1967
697
1807
696
1977
704
2040
699
1411
461
2117
704
1926
699
1824
699
1655
704
1940
709
1784
707
1887
694
1940
697
1960
697
1927
694
2069
689
1804
620
1760
580
1904
712
1862
632
2150
687
2140
706
1910
711
1909
694
1967
682
2080
697
2019
699
2371
11254
2035
699
2057
695
2105
691
1964
684
1992
697
2080
704
2075
712
1964
682
2165
694
2025
699
1979
614
2012
707
2080
684
2118
725
1620
516
2129
726
2147
711
2085
496
1924
561
2094
705
2180
652
1237
9414
1961
684
1766
684
2098
687
1891
697
1887
691
1944
619
2135
395
2067
554
1993
343
1927
443
2032
716
2070
702
2072
692
1974
661
2285
507
2125
687
1589
689
2117
367
2130
769
1241
375
1748
694
2100
680
1701
576
2035
9874
1944
704
2052
680
2155
681
2215
701
2014
580
2326
681
2005
709
2048
696
2065
8998
2188
715
2064
691
1840
491
1642
684
2441
594
2165
620
2043
714
2122
697
2045
681
2073
706
2128
682
2285
662
2368
714
2022
646
1917
595
2034
689
1855
572
1994
696
2215
681
2100
710
2165
697
2187
397
2238
709
2155
691
2113
582
2030
710
2011
684
2248
702
2131
699
1366
694
2227
709
1832
682
1932
699
1899
694
2073
642
2148
681
2100
702
2115
574
2102
694
1136
363
2072
711
2070
678
2117
711
1942
599
2030
694
2141
686
1323
709
1950
506
2027
696
2007
695
2052
682
2147
694
1457
692
2150
692
2069
689
2067
677
2114
696
1301
704
2225
704
2198
684
2267
711
2075
415
1979
702
2075
649
1987
696
1950
682
2079
646
2088
639
2181
674
1959
696
2085
581
1937
704
2070
682
1585
568
1799
699
1992
662
1800
704
1992
579
1815
693
1904
423
1947
692
2024
696
1939
712
1635
734
2022
671
2038
708
1887
688
1871
514
1378
648
1927
623
2130
614
1895
684
2000
405
1957
712
2117
693
1911
697
1885
704
1909
676
1947
704
1584
540
2068
704
2065
682
2073
591
2047
719
2338
699
2050
697
2353
717
1987
667
1852
709
1697
606
1987
694
2025
694
1935
679
1797
696
1877
735
2032
705
1958
696
1861
704
1900
544
1216
464
2009
640
1997
696
1848
717
1811
681
1826
587
1820
587
1965
689
1919
695
2042
667
1992
661
1799
646
1932
694
1889
704
1992
700
1866
708
2065
689
1975
679
2083
647
1964
702
1997
700
1889
691
1912
704
1954
687
2085
710
1985
697
1276
395
2065
699
2015
692
1995
719
2003
422
1660
513
2117
679
1987
572
2122
728
2001
697
2089
549
2027
629
1581
446
1501
486
1910
456
2078
711
2010
684
1764
574
1922
696
2047
724
2131
685
2127
696
2167
684
2152
692
1989
694
2035
699
2158
579
1877
694
1974
702
2238
677
2047
690
1957
694
1959
709
1976
702
2029
565
1899
742
2127
707
1983
679
1900
697
1948
507
1965
575
1972
681
2053
597
1941
681
2110
683
2045
707
2119
681
2120
691
1980
574
2120
684
1902
686
1995
694
1957
707
2531
570
2098
681
1930
660
2054
684
1825
702
1735
570
2067
684
2017
616
2009
721
1849
709
1851
694
2007
696
2139
688
2128
704
2027
694
1972
712
1726
678
2022
712
1170
393
1972
9074
1684
552
2113
679
2050
689
1949
721
2037
595
1109
696
1826
627
1594
551
1877
714
2024
682
1990
719
1907
614
2107
539
1957
594
1658
594
2054
704
1519
727
1726
591
2095
692
2020
711
2032
689
1812
704
1937
699
1947
696
2027
692
1895
532
1862
9272
2055
699
1899
679
1734
595
1944
706
1909
697
1834
627
1929
722
1969
704
2380
682
1915
663
2040
692
1909
461
1879
702
2120
561
1817
686
2270
677
1660
573
1887
687
1937
691
1899
694
2019
709
1972
707
2070
639
1995
587
1806
697
1936
541
2062
710
1814
711
2040
694
1854
9437
1918
648
1904
712
1933
647
1854
658
1959
682
1507
561
1896
660
1789
709
1802
704
1887
721
1915
694
2098
708
1932
694
1279
396
1721
585
2039
690
1874
709
1932
659
1922
706
1944
709
1846
658
1874
694
2022
696
1753
584
1967
697
2020
681
2059
577
1817
653
2105
670
1997
9156
1921
697
1999
688
1975
684
1824
696
1952
696
1935
624
1967
687
