1907
633
1879
697
1932
690
1957
684
1881
624
2037
684
1864
425
1819
682
1804
697
1664
687
1900
684
1655
707
2100
454
1891
663
2030
530
1205
381
1952
595
1955
697
2500
689
1935
706
2052
567
1132
360
987
380
2010
716
1937
694
2223
697
2039
568
1776
673
1799
532
1867
691
1810
684
1812
463
1859
582
1827
689
1517
556
2009
699
1973
727
2169
706
1998
617
2125
699
1912
553
1944
683
2002
597
2057
691
1880
696
1937
564
1979
695
1987
675
2140
380
1994
453
1649
719
2032
669
1982
737
1895
724
1915
722
1872
689
2257
689
1707
577
1904
694
2178
714
1862
694
1694
692
1892
719
2127
466
1972
712
1954
316
1952
687
2065
697
2042
544
1897
682
2134
612
1368
519
1881
697
1927
696
1218
694
1907
694
1924
679
2073
705
1905
717
1844
684
2084
672
2023
699
1989
596
2030
682
1887
685
2010
682
2245
544
1937
661
1928
553
2043
606
1964
404
2080
617
1854
656
2120
696
2032
699
1839
582
1556
614
1997
717
1804
689
1395
671
1799
707
2022
726
1829
456
1874
709
2064
689
1985
711
1849
528
2049
695
1914
692
2073
584
1940
685
1885
704
1593
684
1897
498
2017
565
2240
764
1957
658
1892
717
1925
696
1445
694
1751
382
2037
696
2042
697
2009
710
2089
682
2325
701
1892
555
2055
734
2048
719
1775
587
1997
470
1734
730
1997
697
1816
697
1889
687
2035
684
2057
697
2132
501
2337
726
2050
712
1949
684
1844
586
1846
597
2090
697
1994
712
2067
704
2135
689
2035
707
2181
676
2070
684
1995
686
1992
604
1984
757
2162
711
1987
685
1965
711
1955
408
1930
405
2000
380
1859
682
1869
769
1602
550
2223
671
1857
669
1902
687
1869
576
2175
699
2034
423
1975
704
2077
684
1939
724
2162
697
1682
660
2195
699
1846
669
1966
677
2062
586
1969
694
1897
681
2078
697
2003
664
2085
597
2067
710
1944
709
1991
689
1368
471
2032
697
2112
392
1890
684
1884
665
2032
702
2050
717
2007
531
1806
601
2055
682
1204
697
1884
666
2110
722
1720
578
2088
529
2002
556
1999
695
1857
689
2002
707
1865
658
2009
704
2075
692
2022
649
2658
697
1942
617
1615
487
1977
697
1143
353
2333
721
1999
689
2013
589
2027
568
2047
691
1992
574
1387
706
2070
685
1902
722
2168
678
2162
724
2085
707
1686
702
1872
664
1900
684
1994
699
1509
624
1952
602
2113
653
1975
681
1812
700
1955
394
1882
699
2017
684
1382
481
1900
682
2080
699
2230
719
2024
709
2035
691
2122
585
1912
716
2025
694
2065
694
1979
662
2093
694
2075
692
2042
647
2054
705
1732
694
2025
672
2039
674
2022
657
2107
685
1930
701
2127
660
2014
655
1879
562
1858
562
2054
568
1984
678
1892
695
2053
730
1914
704
2020
682
2160
707
2300
686
1576
523
2070
684
1866
656
2079
684
1901
681
2014
565
1993
699
2019
720
1635
685
2060
684
2022
696
1988
650
2005
651
2065
577
1439
470
1927
644
2024
571
2035
689
1871
564
2017
387
1989
704
2007
535
1987
556
2250
704
2040
712
1992
744
2028
694
1902
696
1919
684
2181
699
2080
566
2091
555
2090
686
1545
682
1804
699
2117
706
1232
375
2057
689
1750
552
1977
690
1311
389
1979
702
1909
697
1919
684
1959
681
2000
708
1829
673
2088
682
2083
585
2123
709
2039
685
2073
707
1860
376
2050
714
2125
689
2045
694
1185
388
1868
561
1760
682
2059
724
1974
696
1867
712
1904
682
1646
694
1762
719
2075
696
1927
707
1699
578
2070
687
2097
697
2065
699
1987
700
2082
574
1676
594
1465
373
2040
707
2044
523
1684
595
1990
677
1223
682
1284
368
1809
696
2155
577
1674
701
1965
757
1670
503
2040
681
1974
664
2030
595
1934
473
1679
502
2212
696
1962
697
1945
735
2172
656
2367
699
1990
684
1967
684
1990
694
2123
681
2112
692
1962
605
2109
580
2048
681
2022
565
2041
739
2120
709
2025
581
1983
627
1884
699
1656
589
2119
721
1835
572
1166
484
1700
584
2032
710
2052
696
1907
694
1929
686
2027
501
2043
694
1936
660
1985
398
1895
704
2095
724
2050
583
2330
343
2405
682
1985
709
1985
684
2195
687
2135
697
2215
685
1607
448
2285
682
2173
603
1312
305
2019
697
2160
669
1802
541
1852
702
1809
714
2128
494
1887
613
2023
519
1878
407
2290
699
2050
716
1997
331
2003
694
2047
587
2120
551
1977
595
2027
684
1936
624
1982
674
1955
687
1962
699
2012
707
1988
731
2115
669
2088
704
2048
634
1934
700
1927
701
2203
389
1740
587
2175
534
1630
509
2042
716
2113
687
2075
692
1967
694
2155
711
1429
694
2127
742
1238
407
1161
391
2153
585
1512
711
1594
692
2032
711
1962
682
1960
694
2115
682
2052
569
1581
541
1933
695
1859
582
1949
601
2027
694
1856
689
2129
517
1936
679
1934
709
1872
694
2127
639
2027
684
2000
466
2009
702
1962
715
1879
682
2022
704
2087
597
1985
554
1949
697
1922
602
2215
707
1943
625
2032
682
2085
712
1647
548
2034
696
2000
454
1669
534
2131
700
1854
699
2059
653
2185
709
1796
576
1454
696
2008
707
2150
706
1863
666
1960
744
1992
739
2102
697
1955
727
1960
692
2172
658
2047
717
2147
635
2114
9677
1987
704
1975
704
2007
684
1960
714
1995
689
1977
698
1974
691
2095
699
2157
681
1810
701
2100
681
1982
704
1942
688
2084
706
1759
694
2011
699
1874
697
2014
699
1855
684
1784
722
2232
697
1993
357
2045
694
2107
697
1967
701
2157
684
2067
694
1541
464
1940
694
1972
697
2177
691
1182
406
2077
687
2205
599
2002
395
2104
684
2022
704
1911
684
2030
694
2045
589
2080
566
1937
696
1939
561
2391
709
2079
681
2047
711
2060
681
2087
684
2050
709
1718
697
2130
684
2034
701
2155
724
2030
699
2155
679
1688
574
1542
712
2203
581
2122
689
2059
714
1959
538
2067
712
2022
716
2165
389
1794
412
2083
696
2058
714
2168
710
2030
684
2108
685
2238
700
2067
486
1819
704
2290
597
1865
709
1717
679
2122
655
2047
714
2145
684
1932
697
1132
379
2055
709
2077
695
2130
694
2125
709
2125
704
2137
697
2097
709
2080
679
2107
687
2103
682
2181
692
1365
398
2039
695
2130
662
2155
682
2047
654
1430
461
2030
686
2045
681
1221
404
2158
709
1967
684
1830
697
1701
8271
2020
694
1411
473
2009
701
1872
589
1995
699
1957
699
1985
697
2170
697
2027
709
1824
694
1909
681
1897
704
1999
689
1937
707
1394
648
1852
717
2031
668
1987
712
1970
712
1989
592
1949
736
2170
714
2089
702
2052
707
1148
692
2305
519
1205
405
2009
649
2175
607
2095
696
2173
677
1963
697
1720
502
1909
699
1980
697
2050
691
2088
707
1994
707
1751
551
1556
514
1984
677
2158
684
2022
587
2063
704
2118
617
1719
548
1369
679
1982
704
1932
709
1235
686
1987
684
1910
682
2087
707
2150
566
2105
689
2035
397
2042
714
2140
689
2065
697
2172
714
1815
607
1856
464
2025
684
2155
686
2190
358
2130
724
1268
694
2185
589
2110
744
2233
591
2115
709
2201
710
2118
9774
2095
707
2303
709
1739
585
1962
704
2104
679
2105
697
2060
619
2155
684
2105
692
1819
563
2200
709
2014
699
2155
712
2040
694
2142
751
1307
702
1989
710
2177
684
2095
697
2275
702
1958
710
2061
586
2031
677
1896
576
1946
571
2123
694
2195
586
2147
699
1678
682
2108
696
2140
702
2140
571
2238
694
2113
734
1886
644
2044
694
2135
705
2145
682
1927
708
2078
687
2137
697
2163
551
2112
696
2125
684
2238
539
2083
705
1186
277
2043
692
2108
706
1818
696
2317
600
2025
717
2097
709
1468
420
2223
694
2040
702
2007
691
2072
694
2185
692
2102
696
2147
691
2171
712
2341
704
1735
508
1261
655
2047
711
2113
701
2089
681
2072
587
2117
541
2037
706
2061
595
1426
558
2227
697
2067
709
1907
722
1132
392
2105
697
1965
699
2032
709
1945
537
1784
700
1889
716
1792
704
1862
537
2035
569
2063
668
2180
704
2341
667
1959
702
1524
518
2082
709
1995
697
1939
700
2032
465
1912
686
2053
599
1811
594
1985
678
1979
399
2082
697
1925
709
1959
682
1980
700
2193
696
1684
706
2065
451
1989
679
1980
573
2032
701
1960
711
2040
730
1955
706
2040
689
1874
689
1890
697
2042
687
1932
709
1860
611
1892
684
1897
591
1965
699
2005
692
2067
699
2102
702
1419
516
2165
468
1962
629
1924
702
2054
684
1824
685
1965
8390
1985
658
2057
682
2015
697
1967
697
1787
648
1622
586
1964
579
2162
694
1937
697
1972
712
1819
687
1885
697
2007
695
1987
704
1593
533
1615
697
1936
694
2029
707
1917
696
1428
514
2038
698
2002
696
2115
707
2105
706
2037
707
1877
487
1892
710
1966
697
2057
709
2211
704
1944
694
1187
729
1418
431
2030
697
1897
707
2007
469
1932
694
1633
586
1880
682
2019
697
2070
9286
2221
569
1927
716
2007
697
2052
699
2005
696
2171
709
1907
682
2080
727
1967
692
1950
694
2087
694
1817
694
2018
552
1166
396
2195
687
1980
682
2058
682
1997
754
1985
684
2132
629
2037
686
2062
592
1821
705
2143
681
2092
679
2160
696
1992
614
1902
641
2014
699
1941
705
2095
710
1959
681
2385
708
2037
712
2192
704
1979
694
1316
362
2022
695
1952
689
2065
587
2167
684
1497
512
2000
729
1995
697
2371
701
2139
595
2093
716
2233
694
1972
8482
1959
708
1979
438
1889
724
2038
689
1914
680
2121
747
1812
614
1934
717
1922
699
1959
692
1929
651
1977
727
1957
685
1836
695
1929
629
1779
586
2052
711
2125
692
2051
691
1909
684
2015
700
2097
712
1934
691
1957
707
2125
720
2029
666
2024
697
2142
543
1999
701
2203
595
1814
9318
2088
681
2250
697
1960
639
1887
697
1925
529
1929
616
1948
646
2023
602
1957
694
2145
616
1650
584
1868
712
1994
709
1827
707
2022
704
2065
709
1839
691
1553
704
1907
696
2070
709
2115
712
1942
655
1937
509
1937
601
2007
582
2032
689
1852
696
1915
692
1847
697
1912
691
1960
754
2091
679
2162
295
2060
659
1899
566
1804
697
1650
708
1851
554
1621
689
1907
699
1919
590
1977
709
1194
408
1524
529
1794
566
1874
687
1879
684
1965
704
1884
697
1962
653
2047
580
1983
722
1676
709
1943
712
2172
691
1995
696
1792
722
1997
694
1974
689
1952
694
2029
704
2085
731
1904
692
1619
516
2258
707
1969
689
