2045
9166
1881
696
1891
694
1944
682
1975
657
1889
694
2008
688
1905
452
1145
374
1939
696
1912
701
1653
585
1393
435
2008
686
2293
679
2148
697
1942
696
1947
709
1965
710
2062
691
1847
696
1917
692
1131
694
1992
694
2022
696
1881
696
1867
707
1994
717
1516
509
1172
374
1897
439
1792
564
1837
621
2008
528
1947
9329
2253
699
2159
469
2123
575
2031
629
1906
706
1942
649
1994
684
1979
601
2210
689
2018
699
1869
557
1947
686
1880
687
1897
347
1916
704
1979
555
1995
709
2219
699
1882
691
1960
697
1987
692
2060
689
1688
587
2037
717
2117
696
1941
686
2050
696
1947
642
1500
457
1977
697
1656
442
1977
682
2057
686
2083
614
1934
465
1877
684
1870
682
1908
729
1914
685
2113
689
1950
684
1827
682
1937
724
1847
712
1862
742
2015
507
1970
720
1992
689
1607
697
2205
692
2068
679
1798
686
1997
716
1957
555
2072
717
2041
417
2090
672
2020
696
1975
684
1967
691
1884
595
1958
692
1445
517
1792
678
1862
702
1965
694
1999
695
1981
687
1869
707
1960
701
1960
692
1827
617
1987
692
2055
514
1656
598
1896
691
1935
686
1857
662
1869
692
2087
706
1918
695
1977
710
1934
495
1809
714
1934
686
1610
381
2107
604
2052
702
1954
684
2022
694
1940
495
1977
471
1932
692
1985
717
2023
584
1995
702
2100
692
1906
689
2002
684
1894
711
1892
685
2052
694
1967
707
1912
682
2037
696
2049
611
1927
707
1935
586
2068
677
2044
412
1902
691
1902
681
1677
724
2273
707
2032
686
1889
681
2040
414
1947
701
1854
585
2178
704
1977
709
2152
463
1143
707
1924
694
1955
677
2065
694
1762
533
1821
694
2055
669
1826
575
2115
712
1173
382
1997
699
1566
603
2085
594
2040
716
2027
634
1914
702
2027
604
2050
666
1598
709
1768
494
1918
697
1867
679
1950
585
2037
699
1762
583
1642
584
1812
696
1515
530
2062
697
2023
684
2045
589
2052
710
1927
545
2127
694
2083
686
2098
602
1869
629
2070
700
2080
711
2045
696
2109
697
2009
699
2015
411
2258
704
1978
586
2072
691
1982
685
1762
587
2007
586
1960
681
1961
536
1807
697
1596
586
1956
528
2088
734
1009
283
2023
668
2057
597
2241
735
1894
684
2045
707
1982
681
2045
687
2057
682
2032
629
2112
693
2024
683
1882
716
1611
512
1958
694
1872
699
1814
686
1872
697
1930
694
1987
682
2037
709
2113
697
2019
387
2007
694
2032
629
1962
459
2072
654
1917
696
1942
431
1949
697
1992
609
1748
704
2000
705
1949
704
2047
682
1882
682
1942
701
2078
594
1950
694
2092
681
2042
697
1944
691
1869
707
2130
697
1980
715
2060
688
1845
651
1972
653
1945
700
1942
699
2040
684
2035
616
1596
589
2122
686
1748
549
2135
684
1407
501
2007
686
1907
669
2151
689
2042
655
2060
689
2065
692
2060
552
1644
399
1437
392
2061
9691
1784
707
1954
696
2175
695
1947
707
1937
711
1466
481
1962
668
2022
649
1838
702
2112
606
1608
382
1919
696
1947
694
1964
689
2062
559
2113
614
1984
7607
2001
514
1959
685
2120
702
1967
696
2145
697
1046
674
2067
694
2245
696
1865
691
2080
689
1884
301
2082
707
1987
549
1925
567
1549
697
1989
595
1181
699
1927
599
2067
679
2024
572
1972
704
2045
706
1985
692
1346
463
1256
365
1997
686
1207
398
1884
694
2043
705
2114
706
2040
364
1864
705
2088
627
1936
641
2000
682
1890
689
1606
548
2065
699
1977
654
1814
696
2105
596
1914
583
1915
689
1948
696
1954
691
1935
534
2067
589
2065
684
1654
697
2027
699
2063
524
2002
689
2005
574
1426
677
1529
492
2032
684
1710
586
1974
559
2047
626
1659
716
1877
587
2005
8823
2037
695
1907
693
1218
401
2222
712
1964
697
2191
682
1934
578
1904
689
2038
359
2032
685
1563
521
1963
684
2015
674
1944
692
2197
578
1675
576
1941
711
1974
719
2049
684
1964
699
2020
657
2045
740
1777
708
2052
684
1594
589
1877
395
2117
599
2065
699
1970
554
931
694
1867
597
1997
694
1802
667
1734
699
1846
701
2014
694
2052
689
2015
704
1144
267
2085
585
1882
697
1261
401
2068
534
2112
697
2060
680
2055
707
2135
704
1991
634
1134
692
2181
699
2185
697
2085
696
2037
448
2105
696
2054
574
2037
702
1544
521
2047
696
2017
716
2080
619
2087
386
2007
711
1633
519
1997
701
2000
699
2196
686
2059
689
2153
696
2103
691
2044
685
2088
571
2066
679
1572
425
1984
702
1907
691
2087
708
1922
660
1558
503
2040
606
2137
575
1687
565
1403
499
2127
697
2019
682
2023
694
2182
696
2112
694
2034
667
2037
697
1910
406
2135
578
1997
599
1324
654
2118
696
2182
684
1739
687
2346
656
2042
684
1992
702
2035
699
1142
593
1538
545
2078
682
2002
680
2042
559
2175
697
1992
473
1992
685
1859
694
2142
585
2083
494
2071
700
2110
677
1922
697
2035
589
2070
694
2052
566
2078
687
2170
696
1919
715
1963
658
1930
702
1990
701
2313
703
2129
709
2070
722
1332
377
2217
591
2152
454
2108
707
1675
503
2162
474
2132
644
1967
712
1935
583
1927
734
2020
696
2102
730
2115
717
2062
700
2148
724
2120
697
2145
683
2037
709
2153
701
2082
704
2078
687
2005
677
1722
668
1474
704
2053
718
1875
689
2059
527
2010
696
2090
632
2190
694
2097
697
2045
687
1939
707
2023
708
1962
704
2075
721
1881
724
1816
571
1832
548
2037
656
1621
346
1761
697
2041
696
2063
712
1775
481
1975
562
1516
454
1969
702
2157
682
2177
616
2248
393
2197
716
2363
443
2140
697
2211
616
2015
549
2162
691
2225
764
1962
719
2148
704
1932
694
1825
597
2107
692
2190
696
1850
605
2147
690
2017
644
2112
687
2002
699
2205
697
2125
690
2072
682
1940
697
2341
681
2118
679
2103
401
2337
658
2240
706
2064
710
2015
625
2035
515
2064
696
1997
694
2114
598
2168
699
2057
692
2052
593
2032
682
2052
697
2070
682
2060
694
2175
704
2069
709
2083
678
2043
697
2150
712
2112
697
2208
701
2153
702
1199
380
2225
697
2118
691
1823
547
2080
689
2147
685
2300
672
2153
555
2188
684
2195
715
2127
687
1503
498
2032
400
2070
702
2047
637
2227
704
2009
724
1504
467
2077
697
1893
631
2115
401
2195
724
1964
684
1611
684
1738
687
2025
571
2062
325
2067
726
1972
702
2030
682
2183
744
2015
709
2089
686
2100
700
1885
679
1494
494
1955
709
2095
9422
1965
573
2092
519
1815
701
1915
682
1902
712
1381
394
1884
709
1924
711
2062
701
2050
675
1917
707
2065
306
2055
545
2054
518
2080
613
2268
694
1985
697
2052
637
2017
696
1291
388
1743
687
2165
699
2165
702
2080
706
2155
706
2059
699
1872
585
2088
701
2050
704
2115
601
2127
601
1441
692
2042
689
2207
702
2033
696
1672
687
1260
692
1962
696
2235
719
1976
545
2067
735
2205
689
2105
618
2048
661
2132
714
2144
674
1989
697
2081
696
1174
393
1826
696
1306
322
1694
426
2040
699
1862
611
1974
584
2000
740
2185
699
2027
696
2250
679
2019
709
2232
697
2068
682
2195
587
1797
689
2039
684
2098
672
1399
430
1864
614
1990
614
2099
547
2060
668
2051
686
1526
402
2037
684
2077
672
2135
644
2097
689
2045
695
2155
712
2090
601
2135
697
2160
589
2082
704
2137
694
2043
557
2082
680
1989
554
2105
675
1899
697
2160
694
2163
689
2012
591
2245
681
2090
614
2082
657
2135
694
2128
704
2242
717
2038
590
2162
697
2095
692
1584
521
2049
687
1945
679
2160
561
1882
702
1046
281
2223
682
2050
685
2040
705
2153
706
2047
699
2100
584
2155
614
2064
689
2069
682
2120
696
2150
709
2160
691
1677
576
2190
710
2024
714
2125
709
2183
639
2122
687
2075
691
1755
690
1332
712
1997
696
2075
694
2023
574
2137
597
1930
619
2052
599
2108
697
2175
634
2090
387
2030
687
1990
689
2135
612
2027
528
1886
727
1837
691
1538
574
1929
708
1849
667
1897
699
2060
704
1990
694
2075
702
1812
606
2142
700
1899
717
1910
712
1972
498
1684
684
2062
701
1716
661
1993
707
1912
714
1915
697
1972
697
1937
597
1904
684
2065
699
1951
704
2215
694
1919
717
1910
737
2024
681
1894
706
1914
697
2017
342
2090
694
1937
682
2060
632
1959
694
2110
691
2093
712
2045
662
1810
587
1952
704
1934
696
1730
677
2483
647
1950
555
1947
699
1143
722
1942
689
1906
692
1869
682
1600
727
1978
704
1997
681
2108
682
1960
682
1879
704
1904
696
1970
511
1248
411
2140
611
1944
694
1965
681
1880
742
1902
679
2025
699
1189
377
1962
697
1789
694
1848
689
1989
680
1972
692
1954
709
2013
697
2064
584
1960
697
2077
705
2122
589
2145
684
1912
697
2052
670
2020
682
1654
508
1174
407
1909
709
1579
710
1963
636
1238
466
2008
694
1935
689
1952
699
1937
697
1837
617
1705
513
1955
686
2128
694
1974
687
2044
681
1906
699
1919
697
2032
681
2069
589
2143
679
1949
706
1942
634
1011
583
1980
699
1947
710
1995
692
2035
684
2055
695
1966
707
2027
702
1977
679
1972
714
2145
705
2218
699
1967
682
2111
681
1985
8671
1895
697
1920
621
1967
606
2353
681
1975
717
2182
679
2112
697
1988
596
2115
680
1456
445
2191
682
1972
513
1962
732
1927
614
1367
510
2215
702
2029
669
1990
701
2007
595
1953
704
1969
676
2033
614
2077
694
1937
694
2017
691
2107
707
2145
689
2157
697
1484
686
2048
644
1952
696
2092
689
1656
587
1942
714
2082
682
1947
697
1937
429
2073
681
1912
688
1900
696
1967
717
2005
683
1995
692
2060
691
1979
706
1852
693
2057
707
1982
707
2057
709
1724
485
1407
505
1755
529
1886
561
1907
686
2112
680
2010
692
2034
9692
1977
708
1829
584
1378
447
1887
694
2320
682
1877
709
2072
681
1875
706
1772
624
1815
706
1992
697
1864
700
2042
685
1993
684
1907
627
2239
709
1965
709
1892
574
1991
586
1945
624
2045
712
2100
694
1884
706
1904
686
1904
679
1312
462
1952
699
1536
712
2150
681
2072
697
1982
694
1829
704
1648
587
2105
701
1999
689
2008
742
1879
642
1910
679
2014
709
2054
527
1889
527
1945
694
1972
699
1917
694
1984
706
1952
709
1972
590
1804
711
2020
696
2255
701
1935
697
1962
692
1944
696
2060
585
1939
513
1612
596
1969
707
1849
681
1896
701
2038
682
2037
694
1997
679
