1463
427
1952
696
1325
466
1812
710
1737
587
1832
696
1884
692
1272
462
1268
376
1163
390
1814
686
1924
697
2070
468
1977
729
1882
619
1819
684
2024
694
1925
618
1814
705
1937
619
2067
692
1875
665
1942
709
1970
696
2190
694
1844
679
1930
696
2020
706
1845
704
1187
674
1852
390
1859
702
1877
729
1960
696
1935
659
1984
675
1518
479
2010
682
2110
706
1869
693
1980
712
1864
696
2038
696
1979
682
1862
706
1100
375
1954
702
2002
694
1926
584
1839
609
2058
735
2043
732
2017
628
2105
712
2063
679
2172
682
2057
704
2037
686
2175
680
2148
696
1560
662
1997
697
2042
716
2133
513
2074
704
2017
725
1917
687
1955
697
1939
699
1857
681
1544
694
1764
692
1724
653
2240
697
1406
449
1884
682
1811
697
2007
696
1851
699
1955
694
1864
687
1972
696
1829
694
1942
684
1962
672
1999
706
2025
704
1947
709
2031
784
2068
691
1595
587
1984
692
1951
704
2033
777
1995
393
2032
689
1513
597
1905
684
1884
687
1884
684
1987
694
1932
721
1874
697
2045
697
2035
679
1970
697
1809
692
2152
689
2031
697
2343
711
1969
707
1949
578
1889
691
2313
681
2029
709
2088
681
1911
682
1949
561
1686
661
1869
695
2022
712
2022
390
2528
693
1919
573
1902
455
2015
720
1850
555
2143
726
1977
699
1945
611
1571
706
2130
584
1962
697
1980
705
1904
686
2047
684
2117
706
1934
609
1953
729
1972
682
1914
707
1911
691
1967
669
2030
682
2014
9635
1997
681
2010
681
2118
694
2090
695
1959
611
1982
464
1962
604
1636
550
2177
696
1887
684
2084
727
2041
697
1984
634
2015
717
1995
669
1952
687
2062
689
1832
712
1624
679
1582
483
1972
701
2045
398
1860
695
1947
714
2017
434
2057
9312
2012
693
1860
660
2023
675
1987
681
1916
685
2015
585
1822
656
1599
567
2022
694
2130
727
1935
666
2033
674
1934
712
1648
523
2102
721
1871
696
2028
683
2052
682
1967
716
2145
691
1969
707
2068
689
2022
690
1892
700
1122
697
2035
687
1068
408
2015
706
2042
695
2035
697
1970
601
1909
704
2032
687
1945
652
2200
689
1932
717
2110
681
2027
646
2163
854
1924
710
2110
639
1073
308
2111
695
2082
712
1947
696
1963
705
2243
589
2043
679
2082
674
1977
694
1967
729
2050
684
2037
709
1980
695
2109
684
2015
710
1884
696
1937
682
1892
651
1964
714
1876
697
1837
568
1912
606
2077
692
1853
679
1955
714
2070
486
1964
677
1957
9490
2047
719
1869
697
1975
694
1884
690
1977
697
1857
679
1874
672
1904
694
1997
674
2032
649
2012
684
1847
578
2019
707
1977
692
2032
599
2120
589
1690
687
2001
681
1920
592
1924
672
1917
702
1935
704
1990
699
2022
711
1977
717
2025
624
1897
549
2085
696
1937
714
1214
383
2010
714
2087
689
1948
660
1783
600
2014
684
2035
707
1126
710
1892
392
1822
682
2020
701
1964
684
1945
653
1899
646
1975
687
2163
363
1977
707
1891
695
1884
709
1867
707
2015
709
2095
684
1912
591
2027
704
2039
691
1961
697
1994
691
1881
694
1975
682
1604
524
2123
684
2007
694
2060
584
1844
661
1980
697
2125
679
2017
690
1894
621
2210
689
1560
567
2007
616
2203
727
2049
519
1864
704
1259
590
1869
508
1947
583
1947
687
1850
619
2055
545
1978
636
1039
582
1965
696
1997
694
2057
681
2175
598
1987
634
2027
719
1764
729
1977
694
2042
702
1929
692
2088
707
1877
9188
2047
9444
1892
717
2105
697
2263
649
2064
734
1884
684
1938
694
1917
722
1952
469
1995
682
1904
387
1997
707
2308
536
1900
706
2087
725
2018
653
1935
697
2030
692
2042
697
1879
704
1972
668
1460
692
1799
559
1950
692
1992
700
2030
697
2017
697
2045
717
1914
697
1613
582
1223
390
2373
710
1945
722
2092
732
1955
684
1641
580
2029
694
1822
702
2150
445
1951
729
1702
585
2155
715
2048
638
2054
672
1735
684
2089
722
2022
547
1922
396
1860
597
1957
684
1955
722
2017
709
2054
682
2197
544
1984
702
2025
649
2017
709
1954
709
2022
679
1092
391
2033
722
2105
701
2107
693
1540
461
2180
697
1955
707
2145
352
2161
584
2062
717
2083
568
1977
689
1729
704
1952
694
1106
694
2055
694
2280
556
2107
613
1942
694
1854
710
2168
699
1879
697
1613
527
1969
682
2236
611
2107
9276
1880
704
2107
689
2067
689
1947
717
1914
601
2147
716
1955
714
2080
710
1836
694
1898
697
2137
692
2032
695
2265
729
1932
701
2085
726
2005
694
2055
651
1905
566
1965
767
2031
618
1549
537
2097
9394
2080
727
2107
684
2017
696
1978
706
2218
684
2041
696
2105
694
1988
404
2107
330
1688
608
1754
396
1993
8315
2042
704
2052
709
2102
565
2045
615
2054
697
2102
694
2012
580
1632
586
1912
696
2005
690
2162
714
1979
679
1937
704
2154
694
2058
692
2050
682
2428
694
2048
684
1755
589
1908
685
2040
689
1532
9223
2120
701
1860
674
1804
585
1862
701
2141
600
1983
697
2207
689
2138
594
2042
697
1821
604
2087
378
2112
697
1714
667
2177
661
2160
694
1938
703
2102
653
2068
473
1924
692
1485
516
1974
697
1947
399
2095
624
1873
727
1995
701
2085
681
1854
707
2025
692
2045
694
2270
499
2042
695
2065
684
1915
682
1972
696
2278
706
1922
630
2111
578
1979
687
1546
514
2050
681
2187
694
2222
588
2098
696
2055
670
2125
705
2145
727
1619
609
1820
742
1987
699
2087
461
2027
400
1962
665
2190
692
2303
681
1419
694
2137
607
1433
454
1950
667
2127
682
2011
649
2255
679
2188
652
1937
570
2178
684
2077
694
1784
560
1247
690
2045
680
2052
697
1767
591
2049
679
1947
533
2082
583
2079
607
2326
691
2162
697
2053
722
2178
699
1970
712
2015
679
2065
9600
2037
697
2386
606
2082
651
2013
688
2039
686
1745
582
2117
694
2022
724
2120
571
2142
697
1937
697
2170
684
2183
696
2057
709
2062
689
2000
705
2024
709
2135
694
2195
699
2180
709
1582
545
1922
704
2262
704
2014
715
2053
596
1926
694
2073
581
2105
689
2311
624
2175
704
2065
686
2134
593
2083
688
2105
659
1760
689
2083
554
2225
681
1249
639
2010
697
1375
476
2119
505
2125
712
2150
584
2084
696
2193
701
1967
684
1937
694
2087
667
2142
394
2268
714
2095
697
1949
709
1934
654
2017
702
1652
415
2054
696
2143
577
2007
687
1917
697
1956
9640
1947
608
2030
731
1947
656
1892
717
1952
669
1955
732
1917
694
2065
693
2004
684
1898
588
2112
687
1137
404
1942
670
1392
514
2078
719
2198
682
1872
694
1995
727
2024
666
2148
709
1986
666
2115
701
1218
682
1249
401
2002
694
2055
383
2017
694
1823
436
2040
585
2062
641
2073
701
2059
684
2343
697
2187
682
1913
689
2040
719
1250
714
1982
383
2167
684
2130
697
1817
696
1671
566
2067
682
2022
697
2025
706
1886
527
2119
684
2052
601
2054
576
2193
551
2039
714
2118
707
2090
704
2135
696
2022
696
2268
697
2125
405
2007
619
1987
682
2133
680
1987
677
2127
642
1886
727
2089
587
2028
699
2019
575
2195
719
1884
576
1850
709
1997
702
2103
684
2242
706
2047
407
2029
712
2009
587
2182
701
1863
670
1987
624
2137
389
2079
671
2080
697
2207
701
2047
707
2083
692
2030
709
2140
661
2095
684
2473
697
2157
686
2180
681
1959
692
2147
696
2082
611
2085
707
2085
402
2022
699
2152
689
1919
736
2123
711
2216
699
2023
642
2214
679
2042
694
2027
714
1809
704
2100
684
2068
573
1587
613
2059
687
1993
665
2029
692
2017
741
1442
243
1284
702
2238
687
1697
696
2167
702
2025
684
2105
672
2180
679
2027
682
2125
710
1237
694
1433
464
2273
724
2058
716
1736
661
2385
722
1262
398
2074
634
2064
699
2207
525
2132
696
2087
694
2195
681
2007
704
2448
578
2153
426
1992
570
2083
612
2165
697
1834
530
2113
393
2095
691
1960
709
2107
584
2168
685
1807
726
1830
704
1607
551
2041
684
1870
709
1994
682
2132
608
2178
695
1941
564
1999
686
1947
689
1981
697
1877
618
1882
507
1985
696
2114
585
1947
542
1972
704
1851
616
2019
729
1987
697
2015
575
1939
681
1612
509
1959
688
1922
682
1800
575
1933
587
2064
704
1922
691
2032
709
1183
400
1822
704
1954
686
1987
566
2005
696
1969
690
2005
701
1959
682
1947
712
1827
689
2125
706
1884
687
1839
671
1937
694
1864
722
2005
704
1882
694
1816
700
1792
682
1912
815
1812
697
1924
694
1937
701
1985
682
1897
717
1987
702
2172
710
1131
716
2015
674
2025
709
1925
690
1975
697
2038
704
1925
705
1956
699
1907
677
1877
674
1900
699
1686
554
1946
687
2115
684
1993
697
1548
691
1979
682
1974
710
2070
586
2058
684
1934
523
2120
712
1977
732
2094
548
1984
697
1904
676
1877
616
1709
694
1902
655
2040
696
1867
631
2012
697
2052
695
1978
697
2082
692
1942
606
1950
696
2055
686
2055
704
1987
700
2185
724
1946
592
2124
656
2360
681
1947
682
2040
603
864
688
1952
554
1937
697
1947
714
2045
671
1957
722
1990
716
1938
704
1471
497
1950
592
2112
694
1899
696
1952
613
1696
707
1744
595
1867
696
2078
694
1680
616
2398
699
1997
593
2119
656
2165
706
2160
540
1960
597
1549
414
2080
692
1924
531
1872
696
2107
649
1842
481
2037
697
1922
646
1994
674
1962
661
1876
724
2053
722
1994
692
1987
772
1992
609
2000
721
2019
644
1692
687
1957
707
1907
527
1847
624
2044
689
2001
704
1437
712
2025
681
2118
682
1867
709
1819
695
2024
681
2192
684
1872
679
2009
705
1927
697
2052
704
2078
707
1872
697
1952
697
2035
712
2032
696
1985
712
2158
692
1939
468
1969
681
1871
574
2027
699
2085
634
1513
667
1696
680
1920
593
1984
585
2038
669
1897
694
1969
684
1871
712
1889
702
1935
699
1862
557
1839
682
1929
694
1809
693
1957
696
1962
681
1092
674
2062
679
1843
545
1872
702
1569
701
1899
684
1940
707
1975
697
1556
533
1910
710
2142
699
1370
739
1975
717
1992
711
1804
619
2075
627
2078
549
1876
639
2058
637
2012
593
1920
10413
2022
682
2018
697
1942
718
1828
708
2050
543
2105
699
1784
631
1730
585
1832
634
2013
694
1962
585
1982
582
2140
699
1977
684
1947
702
2060
682
2007
701
1867
709
1854
687
1970
578
1990
682
2057
714
1874
646
1964
694
1584
539
1967
726
1947
717
