2160
658
1971
509
1854
431
1392
696
1500
446
2043
714
1932
700
1919
706
2100
394
1975
386
1814
707
1961
694
1340
544
1930
710
1922
666
1668
545
1982
626
1860
696
1949
373
2012
703
1873
684
1877
699
1106
375
2098
9496
1977
671
1877
690
1790
697
1852
674
1819
694
1784
354
1824
702
1844
672
2094
680
2286
665
1995
597
2037
682
1937
537
1857
601
1987
697
1898
395
1874
614
1384
469
1593
482
2047
724
1942
681
1142
381
2088
521
2020
675
1932
629
1907
695
1970
694
1932
669
1872
701
1842
699
2030
697
1859
672
1859
681
1744
593
1870
672
1774
696
1962
709
2080
694
1366
710
2010
687
2448
526
1842
483
2065
732
1947
616
1984
747
1416
504
1990
565
1787
485
1954
699
2071
697
1979
380
1689
691
2100
689
2080
714
1768
591
1872
609
1971
682
1806
707
1941
694
1978
697
2250
697
2040
737
1922
684
1897
677
2004
585
1246
366
1959
682
1894
687
2044
705
2097
692
1954
454
1904
696
2037
7412
1925
679
1839
696
1957
682
2037
719
2127
704
1950
701
2190
730
2042
702
2134
712
1816
686
1947
697
1990
589
1932
714
1711
558
2127
714
1819
679
1912
712
2067
697
2050
578
2062
731
1946
586
1874
672
1830
690
1879
699
1985
678
2087
704
2052
682
2082
709
2027
584
1724
597
2060
562
1939
702
1884
704
2020
9584
1782
654
1477
475
1917
710
1854
729
1924
697
2007
636
2070
606
1984
604
1983
684
2067
702
1944
706
1877
571
2032
711
1964
633
1368
699
1965
707
1426
464
2052
593
1900
712
1945
691
2044
724
2112
696
1650
709
1962
704
1984
692
2014
667
1971
702
1632
479
1967
721
2104
674
1992
681
1569
576
1997
717
1887
669
1778
515
1890
686
2253
674
2062
697
2009
452
1945
704
1986
699
1927
711
1901
687
1983
709
1937
635
2014
542
1987
627
2077
697
1785
587
2000
677
2009
589
1969
727
2135
629
1912
692
2119
609
2012
694
2013
697
2082
699
1844
582
2137
681
2059
711
1964
575
1973
619
2103
589
1212
390
1945
681
1960
410
2032
701
1955
699
2155
687
2050
696
2022
694
2090
707
2068
667
1897
704
1716
697
1924
697
2050
580
1819
709
1931
697
1995
667
1260
403
2052
711
2103
704
2032
523
1896
724
1637
711
2093
691
2127
619
1730
545
1964
694
1884
697
2093
684
1870
707
2014
705
1956
687
1859
681
1844
681
1950
716
2017
688
1944
598
1941
679
2035
685
2245
578
1982
694
1762
690
1965
464
2040
699
2045
679
2025
717
1984
694
2030
366
1686
656
2007
682
2077
676
2030
696
2012
696
1957
697
2002
717
1987
714
1842
653
2035
696
1990
656
1970
505
2054
698
1942
694
1875
690
2035
592
1918
691
1918
721
2035
613
1974
684
2100
689
1887
662
2117
622
2075
679
2167
699
972
702
1977
381
1937
701
2055
704
2229
702
1644
707
1636
689
2451
681
2099
687
1857
350
2045
709
2060
696
2075
757
2107
690
1978
679
1228
687
1627
487
2117
701
1972
709
2087
697
1897
689
1945
697
2117
698
2135
697
1915
573
2049
669
1961
699
1965
705
1869
699
2137
681
2025
694
1917
696
2022
689
1454
504
1951
527
2207
701
2131
697
1682
587
1352
477
2075
701
1969
682
2075
631
2120
694
2039
614
1889
660
1906
699
2817
709
1682
595
2135
682
1885
769
2003
558
1994
674
2068
696
2060
627
1388
375
1949
604
2228
684
2012
686
2020
671
1821
642
2085
556
2015
694
1821
699
2115
656
2380
702
1902
708
2078
700
1955
697
2050
697
2037
697
1891
687
2077
679
2097
681
2007
687
2072
694
1182
394
2143
709
2047
534
1407
464
1768
536
2052
671
1920
632
1955
677
1957
721
1633
587
1910
698
2030
701
1997
696
2080
691
1889
598
1804
576
1973
709
1972
684
1908
719
2062
716
2230
387
2303
694
1926
696
2085
686
1904
719
1800
599
1887
642
1985
600
1910
608
2030
714
2023
720
2005
736
2072
711
1987
619
2185
684
1983
686
2055
709
1867
589
2032
696
2040
688
2047
612
2100
584
1767
571
2034
686
2031
689
2143
694
2251
704
1864
668
1636
513
2019
391
2055
696
2029
697
1885
692
1073
263
2061
681
2077
601
2105
385
1900
699
1997
709
2123
561
1984
682
1795
674
2158
676
1351
687
1686
704
2142
534
2120
653
1944
707
1752
8557
1447
516
1610
585
1539
518
2162
573
2240
689
1571
694
2059
709
2165
581
1785
519
2048
699
1967
725
2333
594
2057
692
2085
725
1753
595
1990
689
2110
704
1952
586
2198
591
1720
689
2045
694
2047
694
1948
660
2129
597
2107
697
2108
9670
2120
459
2125
497
1995
711
2260
684
2182
690
2167
707
1562
684
1944
699
1922
694
2006
391
1936
351
2137
701
2050
381
1989
590
2145
687
1992
702
2123
580
2152
653
2100
672
2111
694
1901
559
2127
580
2290
682
1937
701
2037
691
2083
681
2094
611
1879
685
2035
697
2113
719
1885
697
1934
665
1975
689
1978
694
1853
706
2025
702
2065
711
1919
702
1969
622
1827
608
2002
670
1784
696
2195
727
2128
686
1982
714
2150
689
2077
681
2132
722
1648
704
2100
698
2185
556
1882
9886
2020
602
1466
464
2074
604
1957
682
1658
572
1969
442
1409
463
1952
696
1707
727
1316
697
2052
702
1989
694
1972
684
2183
614
2102
684
2105
684
2083
682
1973
754
1938
709
2097
573
1965
696
2094
689
2228
536
2045
706
2034
696
2058
691
2165
699
2007
657
2201
704
2074
712
1985
653
1515
719
1922
684
1932
461
1965
344
2019
672
2075
687
2411
704
2033
697
1995
732
2029
694
1832
706
2118
689
1817
689
2057
687
2138
695
1812
707
1259
400
2153
704
2052
707
2062
358
2225
697
1985
710
1958
702
1905
706
2333
595
2089
702
1995
696
2125
706
1914
694
2082
684
1932
700
2235
682
2083
681
2005
694
2190
676
2124
481
2061
694
1847
702
2039
682
2065
699
2092
506
2249
697
2027
680
2175
711
2031
596
1962
682
2069
710
1538
383
2110
704
2169
696
1782
551
2250
694
2089
593
2105
721
2032
707
1889
299
2092
697
1975
709
2007
576
2090
727
2125
704
2082
709
2123
682
2104
692
2065
702
2030
781
2465
692
2097
704
1769
691
2210
554
2105
717
2190
712
1468
461
1502
454
2032
691
2428
704
2022
707
2229
697
2100
694
2069
699
2040
694
2062
682
2006
395
1867
536
2255
684
1809
697
1999
697
1640
587
1889
534
2155
635
1947
582
1872
697
2038
694
11126
702
1807
696
1393
445
1922
641
1374
483
1907
699
1952
695
1946
556
1965
696
1607
586
1949
701
1522
595
1145
403
2085
702
1952
724
2245
695
1632
481
2000
709
1965
694
2063
682
2047
682
2273
702
1817
691
2152
710
2151
616
2047
615
1994
695
2047
709
2070
654
2080
666
2012
447
2082
694
2110
684
2140
694
2025
694
2106
653
2132
686
2053
539
2060
556
1507
403
2288
720
1992
722
1907
553
2053
692
2040
721
2050
739
2059
636
2075
696
2232
706
1952
712
1834
507
1944
617
1977
707
2125
660
2129
716
2097
696
2039
696
2052
684
2007
701
2143
701
2074
596
1997
514
1922
697
2155
618
2241
709
2073
696
2020
567
2108
692
2100
596
1834
553
2050
691
2183
684
2072
696
2087
684
2115
684
1937
705
2202
616
2030
703
1907
561
2049
699
2182
697
1739
511
2110
695
2195
724
2040
694
2445
699
2120
684
1734
582
2177
729
2070
724
2185
684
2070
684
2105
680
2005
694
2130
696
1783
587
2052
711
2213
704
2183
724
2305
672
2082
710
2158
704
2050
696
2114
704
2099
694
1686
10752
2114
681
1453
456
2102
734
2015
679
2017
681
2060
689
2099
689
1254
270
2179
397
2138
709
1949
704
1970
591
2145
585
1983
619
2100
537
1427
463
2323
697
1890
682
2179
721
2250
694
2114
712
2085
696
2057
686
2080
398
2009
575
2262
697
2183
542
2059
692
2135
380
2074
686
2125
686
2373
687
2135
678
1995
642
2019
734
2548
651
2105
597
2031
392
1983
692
1931
694
1790
586
1912
619
1877
695
1812
606
1218
463
1667
695
1882
699
1884
720
2022
596
2009
685
2007
711
2108
684
2022
699
1929
704
1894
699
1631
472
1904
682
2060
697
1849
734
1969
734
1822
552
1992
701
1952
704
1909
697
2057
681
1954
510
1939
704
1902
684
2010
697
2083
697
2082
686
2032
679
1970
707
2185
398
1879
684
1982
692
1654
681
2039
616
1970
481
1914
709
2039
682
2137
709
1954
695
1990
689
1942
567
1987
697
1995
704
1915
659
1922
701
1821
721
1930
678
1959
694
1842
725
1872
699
2105
684
1934
706
1940
681
1944
697
1874
683
2015
694
2022
406
1930
726
1103
402
2045
532
2054
697
2160
697
1568
704
1948
682
1671
515
1948
707
1952
692
1767
598
1907
679
1972
686
2163
681
1977
702
1935
696
1987
505
1972
582
2180
586
1636
503
1927
699
2040
704
1947
574
1812
689
1937
732
1950
656
1944
702
1925
698
1819
528
1831
496
2067
656
2082
694
1934
707
2083
697
2120
692
1945
674
2102
695
1987
710
2010
689
1899
689
2012
576
2130
665
1980
699
2084
696
1974
694
937
654
1841
501
1776
658
1954
684
2053
696
2090
683
1794
670
1897
689
2163
689
2034
695
2032
561
2037
681
1612
520
2007
734
1937
515
2010
599
2172
684
1925
488
2150
714
2080
682
1857
706
1967
722
2005
667
2037
690
1327
441
2012
694
1427
527
2017
595
1867
697
1894
657
1950
745
1972
694
2044
689
1939
699
1962
619
2067
709
1957
697
2119
701
1408
709
2014
694
2067
695
1992
581
1993
707
1974
540
2322
665
1874
702
2060
695
1949
463
2020
708
2148
681
1935
711
1897
719
2057
699
1977
593
1932
686
1629
689
1875
697
1939
704
2132
692
1919
694
1990
629
1982
671
2045
704
1985
691
2138
702
2015
519
1935
727
1882
712
1509
527
2128
688
2060
706
1993
696
1824
714
2119
697
1864
697
1909
693
2152
702
2015
717
1960
626
1850
465
1824
639
1970
614
2232
627
1897
696
1952
699
2039
572
1163
694
1362
401
1784
564
2052
697
1970
706
2010
704
1947
712
2010
641
1920
684
1884
629
2042
685
1841
441
1894
677
1648
589
1804
613
1894
722
1935
687
2039
689
1964
595
1987
691
2173
694
1818
679
1922
712
1800
451
1902
682
1970
558
1948
694
1887
712
1986
575
1969
601
1983
697
2035
637
1985
574
2297
739
1658
711
1744
647
1949
702
2000
687
2073
694
1806
655
1850
704
1937
636
2220
704
2049
699
1968
692
1804
697
1977
687
1839
680
