1864
665
1359
521
1834
465
1910
699
1937
475
1897
705
2029
474
1950
716
1927
9111
1824
669
1917
682
1939
682
1859
675
1950
685
1990
699
1962
684
1930
722
1796
677
1374
468
1272
538
2065
701
1884
679
2075
601
1985
427
1881
570
1764
702
1947
677
1977
694
1824
709
1897
379
1700
646
1933
666
1997
701
1897
594
1750
542
1602
545
1882
557
2052
686
2240
395
1707
705
1899
498
1273
466
2042
505
1987
696
1877
704
1074
696
1872
689
2054
694
1954
693
1989
695
2047
674
1942
455
1955
694
2035
729
1982
601
1665
499
1940
697
1526
697
1877
699
1967
684
2165
694
1979
702
1990
373
1970
653
1955
597
1677
452
2105
709
1919
699
1862
697
1417
694
2047
681
1864
720
1992
712
1792
9743
1960
458
1971
732
1902
684
1899
729
1972
699
1817
679
2125
694
1669
586
1862
582
2073
697
2057
653
2057
684
1957
734
2115
719
2033
712
1120
402
1787
588
2147
555
1927
704
2063
682
1795
417
2022
698
1801
464
1832
686
1885
8825
1874
641
1942
737
2022
694
1972
684
1869
698
1992
680
2009
451
1957
575
2303
660
1937
687
1962
707
1717
558
1872
679
1880
8881
1934
709
2074
641
2004
717
2014
674
1946
589
1784
697
1864
630
2045
697
2037
694
1887
694
1513
695
1979
684
1082
704
1225
624
1764
704
1861
696
1787
497
2012
580
1959
694
2037
573
2039
687
1860
694
2039
696
2054
596
1982
692
2023
717
1884
576
1972
704
2019
697
1932
687
1819
707
2062
684
2219
704
1849
697
1372
462
1967
732
2283
682
2063
702
1904
694
1916
647
2262
664
1962
689
2147
682
2009
697
2030
707
2027
9093
1983
693
2015
694
1837
696
1829
477
2040
682
2037
700
2220
689
1880
695
2080
707
1938
712
1783
660
2115
681
2072
714
1984
572
2256
695
1889
678
2042
701
2008
525
1820
607
1879
696
2043
697
2024
682
2007
697
1953
684
1962
722
2030
697
2127
707
1558
546
1325
387
1889
639
2063
672
2100
576
1995
682
2059
697
2055
625
1566
518
1200
389
2009
561
2034
696
1699
589
2072
697
1979
682
1955
682
1955
684
1984
699
1519
712
2125
681
1939
699
2020
674
2037
682
1670
664
1820
696
2040
692
1373
375
2059
702
2094
710
2054
704
2119
722
1864
702
1887
694
2000
679
1652
555
2042
685
1654
521
2044
697
1869
705
1840
578
1908
751
1924
697
1832
681
1877
707
1839
624
1654
607
1980
689
1889
721
2080
722
2057
632
2052
673
2027
699
1799
691
2087
702
1769
563
1431
519
1959
701
1668
536
1983
679
2050
699
1789
581
2077
689
1737
697
2019
676
1995
666
2024
712
2030
684
2105
719
1887
599
1988
559
2022
694
1904
697
2014
665
2037
669
1792
679
1930
697
1720
588
1957
707
2028
708
2148
682
2009
696
2067
705
1802
702
1947
384
2142
702
1967
601
2330
697
2093
683
2152
682
2230
684
1990
697
2042
696
2013
701
1912
629
2155
622
2099
689
1145
694
1492
702
1989
694
2067
604
2009
707
2000
737
2068
704
1213
381
1952
697
1985
644
2017
571
1978
704
1952
709
1934
684
2189
707
1957
681
2042
684
2015
694
2112
700
908
726
1889
684
1760
705
1974
682
2105
697
2062
464
1875
719
1882
619
2070
689
2013
694
1896
624
2130
682
1777
726
2034
680
1931
707
2002
594
1775
626
1647
525
2097
681
976
708
1980
687
1370
457
1919
689
2132
644
1942
9124
1977
701
1939
659
1864
689
1605
697
1669
694
1899
709
2078
749
1937
694
1934
543
1931
694
1967
682
2021
686
2023
695
1994
697
2040
689
1965
709
2097
725
2023
701
1952
597
1736
539
1902
486
2052
646
2047
694
1872
9089
1862
604
1942
709
1967
697
1663
742
2035
620
1927
8810
2007
676
1666
507
2043
706
1206
398
2059
664
2130
615
2039
694
1889
634
1306
719
1912
696
2047
716
1904
687
1797
709
1188
665
1556
527
2000
710
1995
713
1674
580
2038
655
1749
521
1876
561
1683
699
1578
707
2250
707
1654
692
2024
684
1952
679
1906
605
1874
545
2012
678
2088
700
1686
689
2060
696
2007
597
1962
712
1970
588
2057
679
2070
694
2157
444
1859
699
1045
259
1716
537
2072
717
1781
385
2042
681
2058
704
2109
709
2004
699
2014
699
1366
374
2127
591
1240
392
1977
709
2255
656
2105
739
1969
704
1837
500
1992
589
2047
680
1960
714
2165
696
1977
574
1919
697
2014
679
2275
689
2080
684
2048
666
2104
665
2067
684
2130
536
2005
691
1475
684
1974
697
1659
614
2105
702
2015
545
1861
694
2103
599
1709
424
1732
714
1687
549
2210
702
2042
687
2127
552
1945
587
2145
712
1955
694
2097
612
1960
684
2223
684
2128
704
2007
395
2159
368
2001
712
1492
465
2153
545
2180
694
2157
586
2067
587
2153
710
2089
709
2128
697
1841
563
2055
716
2127
694
1736
595
2097
701
2077
701
2165
669
2059
695
1887
686
2165
511
1927
697
1997
654
1844
722
2055
697
2067
689
2132
687
2074
639
1874
704
2014
573
1937
694
2110
663
2025
696
1340
406
2087
702
2009
679
2233
709
2087
688
2140
591
2117
700
2250
569
2182
666
2060
725
2112
716
2015
694
1694
509
2062
689
1538
503
2023
478
2142
463
2160
696
2035
717
1963
532
2137
689
2083
483
2087
687
1927
704
2039
710
2155
684
2070
694
1959
694
1285
474
2022
689
2418
694
2043
696
2032
695
2055
696
2123
699
2022
626
2029
711
1731
656
2307
690
1985
679
2039
654
1958
694
1204
684
1965
716
2133
600
1932
687
2077
687
2165
691
2112
697
2067
696
2014
694
2015
704
2030
689
1719
702
1937
684
2138
702
2188
669
2145
694
1874
702
2453
709
2088
612
2057
697
2189
687
1995
545
1848
619
2098
585
2074
587
2170
714
2092
599
2019
702
2063
694
2043
682
2100
691
2052
676
2044
692
2024
684
1997
373
2093
699
2027
704
2115
697
2190
679
2077
558
2137
562
2107
693
2145
706
1935
474
2093
697
2205
699
1252
692
2120
717
2048
682
2024
694
2030
699
2390
689
2130
692
2073
689
2034
699
2152
691
2464
463
1892
596
2035
598
2125
716
2000
697
2238
709
1840
594
2231
700
2215
694
2050
9798
1967
697
2188
679
2135
447
2065
694
2044
709
1982
709
2137
7082
2504
702
2098
701
2167
710
2162
702
2054
719
2052
683
1967
707
1629
604
1984
689
1247
387
1912
679
1911
709
1877
737
1990
684
1672
351
1190
9455
2012
694
1907
704
2015
701
1844
697
1809
508
1952
681
1871
691
1585
702
1884
709
1946
685
1955
697
1915
712
1854
696
2045
684
1955
663
1905
634
1922
682
1972
707
1995
515
2082
726
2122
697
2130
581
1107
385
2058
694
1989
502
1897
454
2082
709
2022
572
2208
516
2208
679
2100
684
2175
694
1992
653
2084
444
2160
581
2107
641
2158
694
2025
697
2125
683
2039
692
1284
393
1848
524
2323
408
2205
684
2000
666
1933
696
1967
696
1927
691
2048
727
1818
519
2212
682
2082
568
2085
619
1961
430
2057
547
2053
702
2092
651
1927
712
2047
682
2055
689
2065
697
1872
644
2060
696
2197
608
1952
544
2050
709
1736
674
1954
707
2057
687
2102
669
2059
689
2037
576
1934
702
2060
707
2160
681
2132
709
2107
681
2050
697
2355
585
2180
536
2067
521
1739
692
2048
464
2052
709
1853
593
2115
679
2158
697
2117
684
2255
697
2161
692
1962
526
2035
706
2115
717
2063
647
1981
717
2320
654
2034
698
2118
682
2192
391
2225
692
1929
647
2200
694
2007
724
2118
716
1905
578
2073
697
2163
692
1973
707
2035
691
1958
684
1938
656
2127
697
2163
697
2027
700
2252
617
2150
689
1160
372
2033
711
2070
732
2110
583
1804
730
1920
644
2313
687
2409
697
2064
694
2245
688
1885
692
2202
696
2094
707
2020
699
2112
697
2083
694
2143
465
2068
707
2123
682
2060
701
1959
689
2122
697
2226
695
2190
701
2135
696
1989
632
1927
694
2047
684
2225
584
2090
694
2134
679
2253
639
1742
607
1947
604
1957
681
1787
696
1538
557
1475
580
1999
697
1950
691
1937
682
1902
499
1466
390
2014
695
2120
687
1962
689
2100
697
2061
694
1964
507
2112
687
2142
712
2022
699
1975
681
1836
712
1854
729
1965
709
1954
696
2009
697
2041
8968
2271
702
2005
696
1999
619
1971
684
2023
689
2068
681
2012
692
1964
694
1930
707
1949
696
1963
708
2055
682
1929
681
1969
681
2047
694
2065
694
1892
637
2007
669
1995
682
1954
711
1859
721
1925
671
1997
709
1754
580
2060
699
2103
697
1939
702
1987
712
1954
687
1867
686
2022
682
1801
684
1198
398
1925
696
1571
370
1906
682
2009
395
1901
691
2170
694
2045
682
2054
704
1945
684
1816
592
1174
410
2100
694
1534
606
1985
706
2023
9452
2117
694
2025
704
2052
604
1998
597
1834
684
2242
551
2260
510
2107
710
1930
712
1783
595
1892
769
1990
697
2055
629
2071
719
1899
701
2207
612
1407
9352
2561
705
2030
596
1992
672
2030
681
2030
681
2322
684
2057
679
2141
754
1612
702
2055
694
2133
694
2193
656
1987
679
1982
702
1955
717
1858
602
1897
656
2444
716
2105
727
2021
696
1970
699
1970
697
1692
690
1507
506
1048
406
1982
697
1995
700
1975
531
1985
682
1612
583
1896
701
2217
686
1947
702
2115
679
2228
694
2093
692
2099
692
2092
699
2012
707
2242
722
1997
684
2037
443
1924
669
2109
684
1895
707
2067
721
2148
694
2035
717
1967
684
1864
696
1855
604
2032
694
2098
742
1897
719
1877
619
2042
596
1857
574
2187
697
1914
475
1826
630
1775
691
2067
705
1929
466
1889
688
1934
681
2233
706
2060
696
1999
551
1916
694
2150
597
2082
687
2040
686
2072
704
2195
699
1952
724
1987
692
1902
566
2018
686
2025
559
1992
604
2017
689
2157
699
1939
696
1387
531
1677
589
1899
700
1922
580
1574
501
1918
604
1897
591
1860
601
1971
698
2075
657
1957
674
1892
682
1171
672
1779
704
1516
696
1877
729
1997
696
1894
691
1961
694
1046
375
1809
597
2037
701
1884
721
2042
578
1835
709
1984
692
2022
694
1889
699
1814
699
1912
649
1972
664
1852
709
1912
696
1801
663
1861
704
1910
704
2045
682
1935
666
1882
556
2027
696
1927
709
1895
722
2161
694
1937
455
2108
684
2285
594
1927
591
1676
701
2143
668
2127
651
1940
656
1902
684
1794
694
1950
709
2015
669
1995
684
2117
684
1979
674
2025
697
2048
553
1990
9026
2083
701
1857
716
1828
732
1542
684
2077
684
