1907
517
1531
489
1922
695
1917
9284
1952
502
1981
688
1816
483
1914
689
1891
699
1973
720
1969
677
1974
717
1867
691
1942
684
2064
707
1513
696
1985
707
1889
618
1995
694
1413
616
2368
696
2128
384
1890
729
2022
679
2125
712
1875
682
1922
724
1592
499
1939
716
1877
692
1912
696
1780
696
1889
583
1914
694
2048
9168
1745
709
1895
573
2180
714
2025
684
1934
694
2025
769
1628
430
1992
709
1732
548
1874
697
1964
694
1955
705
1979
594
1924
653
1888
694
1957
694
2000
498
1705
658
1995
621
1983
657
2059
577
1811
566
1533
584
1977
546
1974
639
2020
694
1259
464
2074
769
2185
702
1988
656
1912
473
2078
669
2002
731
1887
699
1954
700
1910
532
1802
511
1887
617
1919
699
2050
438
1920
621
2052
707
1772
606
1892
471
1182
712
1992
684
2024
589
1820
706
1985
691
1962
695
2052
704
1882
626
2054
652
2064
591
1942
378
1897
617
2028
617
1792
699
1993
710
1355
458
2035
682
1259
454
1832
629
1910
636
1935
702
2007
714
1881
693
2290
681
1805
706
2093
691
1909
691
2078
560
2007
491
1819
681
2085
697
1777
576
1824
674
1888
644
1835
461
1726
692
2005
699
1766
584
1934
576
1094
401
2105
694
1210
709
1872
681
2022
704
2165
719
1879
719
2023
342
2145
400
1832
712
1862
705
2315
570
1847
632
1909
683
2097
599
1892
740
1939
681
2034
682
1977
682
1980
697
1628
684
2010
697
1804
694
1932
636
1879
668
2042
695
2122
697
1590
570
2021
695
1916
442
2024
582
2127
684
1920
694
1867
684
1984
672
1920
715
1825
696
1962
684
1985
712
2266
679
1957
707
1912
694
2082
686
1539
528
2125
599
1995
684
1911
697
2112
695
1896
598
1936
563
1922
660
2240
696
2057
697
1827
687
1884
699
2037
684
1995
8913
2105
714
2055
697
2025
454
1855
687
1787
571
1947
697
2010
655
1967
709
2025
691
1915
682
1995
694
1798
499
2092
662
2183
651
1977
696
2087
671
1697
491
2050
608
1905
706
2000
717
1947
706
2137
575
1954
702
1982
709
1889
644
2098
687
1990
699
1627
553
1964
679
1758
588
2099
684
2055
682
1954
714
1790
721
2217
677
2002
528
2128
689
1184
411
1674
724
2102
689
2053
694
1949
665
1897
634
1947
694
1919
597
1874
566
2160
684
1969
574
2125
682
1852
597
2055
696
1911
719
1662
587
1870
681
1872
606
2037
609
1967
578
1957
682
2202
682
1955
714
1786
662
1815
681
2020
582
1979
664
2081
694
2072
677
1999
695
1880
696
2000
672
1999
695
2002
696
1931
575
2095
674
2040
366
1955
709
1873
653
2135
465
2088
577
1992
579
1966
712
2112
714
2075
699
1786
689
1984
704
2053
663
1666
621
2067
614
2122
648
1922
691
1633
712
2132
709
1237
709
2048
679
2178
681
1932
641
2027
694
1974
610
1770
528
1678
701
2022
692
2085
709
2034
606
1929
712
2091
699
2127
637
1301
398
2000
584
1924
382
2005
736
1714
688
1703
609
1975
702
2178
692
1626
532
1947
687
2120
674
2017
395
2087
562
2057
699
2080
721
1987
353
2035
597
2000
688
2032
639
1646
697
1957
682
868
721
2055
678
1753
689
1930
646
2042
574
1932
524
2047
686
1680
326
1997
695
1985
667
1979
696
2063
707
1721
576
1722
509
1967
651
2074
702
1271
403
2095
471
2015
709
1952
716
2052
727
1420
692
1983
699
2057
651
2089
710
1995
696
1876
712
1579
520
2022
709
2019
702
1960
684
1874
712
1908
681
1902
646
1917
697
1990
704
2053
538
1944
696
1962
702
2098
697
1580
568
2059
694
1304
478
1962
709
1955
691
1426
471
1975
699
2054
694
1969
674
2035
490
1967
696
2009
691
1892
586
1945
707
1770
679
1599
679
1219
721
1972
684
1315
398
2135
692
1798
697
1895
586
1598
549
1429
380
2020
470
2128
585
2069
699
2053
702
1980
643
2130
9254
2020
363
1817
700
1985
709
2030
710
2102
679
2078
599
1707
694
2057
684
2062
662
2020
699
2072
689
1912
684
2039
584
2205
694
2024
529
2052
694
1804
587
1958
679
2010
508
2017
659
1920
709
1962
679
1915
639
2035
694
1751
687
2418
599
2047
563
2095
704
1979
697
1822
636
2030
689
2143
684
2310
697
2050
687
2175
674
1989
725
1094
377
2023
654
1565
490
1304
724
1277
389
1936
719
1256
742
1767
557
2087
704
1938
599
2088
697
2137
685
1971
706
1947
710
2135
682
2152
699
2045
684
2045
734
1987
701
1814
691
1868
706
1990
704
2270
583
1905
702
2021
663
2032
750
2082
682
2037
732
2077
697
2225
481
2012
704
1957
689
2210
694
1957
699
1964
694
2000
541
1921
657
1974
696
2008
694
1952
692
1450
441
2082
391
1588
542
2041
429
2085
696
1977
628
2050
697
2024
682
2044
689
2002
694
2113
774
2098
694
2032
602
2005
695
2035
709
1056
394
2080
695
2019
702
2029
689
2125
689
1766
577
1984
591
2087
677
1824
682
2027
694
2130
595
2050
9198
1916
699
1966
710
2045
639
2170
704
2129
629
1935
689
2068
405
2193
707
2157
690
2123
684
1595
406
2250
706
2103
526
1917
697
2313
679
2215
694
1980
681
1720
9638
2047
703
2109
676
1481
495
2165
681
1627
693
1940
710
2023
702
2098
707
2385
711
2183
569
2055
704
1867
707
2130
688
2084
726
2032
696
2084
707
2020
465
2125
704
1849
699
2042
684
2023
691
2123
714
1999
654
2020
521
2035
727
1862
459
1942
704
1932
734
1930
665
2097
692
1787
699
2160
446
2049
800
2103
704
2007
577
2108
704
2135
699
1995
709
2087
717
2002
601
2057
694
2052
679
2030
591
2124
701
2115
706
2093
597
2120
689
2085
704
1869
407
2255
697
1894
431
2320
704
1849
575
2142
521
1982
586
2167
694
1964
557
1988
644
2120
463
2052
714
2208
693
2017
697
1948
731
2260
682
1780
439
2140
677
2065
689
1719
759
2137
696
1949
694
2019
711
2089
684
2403
694
1669
515
2085
697
2095
697
2055
397
2132
699
2193
692
2141
736
2043
686
2037
687
2195
694
2065
673
2042
687
2014
700
1759
466
2085
702
2047
699
2077
710
2070
697
2127
648
2113
700
1935
456
1609
495
1696
543
2105
689
1326
404
1778
568
2085
668
2062
705
2102
699
1990
691
1908
694
2127
702
1668
519
2077
694
2115
684
2075
696
2122
677
2070
697
2055
688
2118
689
1994
605
1917
694
2082
684
2105
702
1674
419
1950
406
1912
697
1899
712
2400
696
1935
710
1857
704
1837
696
2047
706
1802
697
2032
697
1964
694
1922
624
1564
697
1994
696
1965
571
2002
522
1809
689
1559
443
1819
691
1887
618
2030
706
2160
691
1694
559
1832
389
2015
653
2112
512
1808
581
2105
694
2080
699
2103
694
1920
724
2065
697
2158
700
2063
694
2017
687
2355
493
2059
603
2064
689
2035
491
2085
697
1981
691
2132
471
2142
690
2132
709
2115
702
2017
694
2015
697
1967
704
1881
696
2117
767
2145
606
2135
698
2105
704
2040
691
2097
707
2120
599
1987
706
2063
688
2015
706
2210
681
1807
697
2090
674
2092
422
2048
687
2002
653
1744
602
2172
689
2137
9276
2167
704
2142
729
2108
696
2230
689
1789
712
2047
692
1957
681
1587
534
2032
704
2139
714
2095
712
2060
694
2230
691
2108
692
2104
692
2185
463
2072
584
2047
584
2077
704
2097
716
2213
682
1849
737
2170
679
2010
10424
1815
597
2195
9236
1728
702
1779
699
2115
682
2087
684
2250
747
1261
399
2050
697
2082
714
1958
652
2007
679
2145
697
1728
576
2072
685
2134
684
2039
682
2143
699
1287
401
2158
682
1986
683
2125
642
1970
681
2067
682
2290
696
1250
399
2170
529
2097
695
2281
376
2067
684
2037
709
2137
689
2037
696
2075
696
2150
702
2095
681
2047
712
1530
694
2238
701
2110
681
2123
683
2040
607
2168
653
2177
685
2038
691
2070
707
2108
8878
2062
562
2067
711
2109
696
1934
585
2038
681
2118
682
2159
534
2167
696
2226
707
1992
550
1837
706
1995
719
1616
712
1699
682
2024
688
2024
515
1957
709
1934
697
1899
709
2168
701
2080
335
2017
697
2087
612
2095
665
1822
699
1240
699
2002
707
2107
699
2024
654
1734
737
2154
684
1884
615
1921
656
1977
584
2120
681
1982
696
1923
697
1874
704
2074
697
1954
700
2062
576
1722
583
2019
696
2032
695
1902
684
1789
695
1989
689
2080
696
2107
707
1029
704
1250
391
1914
697
1887
670
1638
519
1691
692
1899
677
1872
694
1912
694
1974
709
2139
710
1784
689
1882
696
2292
697
1976
602
1547
586
1768
702
1874
682
2052
684
1749
697
1937
391
1799
694
1877
675
1962
689
2047
401
1952
707
2368
694
1987
682
1501
689
1887
709
1728
551
1907
398
1950
687
2060
582
1967
682
2167
464
2115
684
2080
577
2002
706
2105
584
1954
589
2115
715
1968
581
2030
737
2108
741
1902
584
1935
692
1964
697
1881
697
2054
684
1850
684
2022
709
1950
719
1594
561
1591
523
1859
571
1932
697
1863
665
1947
681
2003
681
1972
709
1914
702
1934
699
2139
694
2025
639
1985
697
1851
602
2047
682
1749
261
1907
683
1932
698
1957
699
1982
694
1988
699
2077
710
1327
477
2042
691
2022
696
2040
636
1990
699
2095
692
2073
709
2087
519
1879
709
2047
681
1999
612
1949
707
2055
696
1960
697
1940
706
2084
682
1920
697
2107
704
2079
679
2150
682
1909
614
2132
682
1969
697
2025
684
2030
691
2075
693
1917
717
1698
584
2027
599
2125
679
2079
704
1987
694
1963
560
1919
704
2019
8718
2017
694
2054
704
2045
625
1844
680
1616
687
1987
414
1970
712
1964
684
1909
580
1925
659
2040
726
2025
695
1956
546
2080
682
2073
699
2055
696
1954
694
2130
707
1934
712
2200
682
2037
704
1872
714
1656
580
2018
574
1894
699
1922
694
2010
696
1973
697
2063
697
1539
561
2006
557
2112
594
1875
718
1907
727
2057
661
1967
686
1992
694
1534
599
1147
699
1849
704
1915
701
1949
732
2082
697
1640
586
2000
684
2080
692
1965
694
2052
704
1980
606
1965
694
1644
694
1229
692
1907
701
1982
729
1999
697
1882
706
1884
686
1854
449
1826
614
1975
697
1869
707
1898
581
1967
679
1972
704
1950
656
1943
697
1870
667
1884
704
2241
712
1962
545
1992
626
1994
648
1847
511
2047
690
2027
681
1882
624
1882
732
1857
747
1586
669
1880
724
2190
694
1977
709
2087
627
1934
699
2120
652
1733
587
1975
589
1802
694
1892
687
2033
709
1894
702
1814
679
