1972
593
1944
404
2042
714
2073
702
1831
689
2072
722
2160
702
1865
704
2007
688
1080
373
2045
684
1877
592
2040
694
2052
694
1874
595
1982
681
2070
586
1999
747
1962
600
2027
691
1875
670
1907
601
1879
465
2059
702
1519
710
1669
563
1985
692
1876
667
1814
687
1814
696
1900
696
1884
547
1870
677
1970
356
1812
714
1673
586
2045
682
1653
480
1992
644
2074
616
2002
639
2115
685
1864
687
1940
621
2042
395
1894
497
2120
699
1859
694
2139
697
1997
697
2045
682
2340
336
1677
584
2067
679
1999
711
2058
591
1982
709
1977
682
2030
724
1972
709
2037
690
1937
454
1967
467
2035
682
2075
9347
1955
681
2020
690
1917
684
2013
682
1980
712
1907
589
1930
701
1774
709
2040
653
2265
694
1920
599
2092
686
1868
694
2070
756
1912
697
1805
537
2078
700
1405
431
1907
694
1954
686
1862
678
2040
704
1140
389
1892
680
2057
684
2103
737
1531
455
1957
674
2015
591
1658
381
1969
694
1922
505
1789
690
1684
677
1914
737
1830
704
2100
667
2007
435
2010
704
1775
704
1789
699
1872
387
1862
709
2045
593
2070
707
2010
702
1982
516
1960
704
1984
579
1824
706
2000
592
2028
690
2014
707
1737
684
1809
689
1872
681
1867
708
2105
680
2015
696
1939
503
2070
452
2027
690
2044
432
1935
614
1932
697
1299
381
2057
712
2022
697
1894
681
2035
8913
2023
687
2054
706
1949
388
1961
697
1854
599
2050
689
1809
624
1915
648
1870
699
1884
687
1997
545
2020
548
1159
383
2017
677
2109
716
2067
699
2003
656
1817
694
1917
9074
1882
684
1952
606
1866
410
2005
385
2278
693
2115
711
1561
525
2015
683
1937
674
2005
692
1756
563
1753
670
1921
682
2045
689
1507
689
2010
689
2225
694
1816
559
2025
700
1932
712
2103
696
2092
649
1639
493
2255
582
1892
701
1182
672
1960
707
1900
696
2044
729
1875
699
2080
699
1967
682
1718
497
2170
724
2037
697
1686
568
2011
712
2060
682
1877
682
1945
724
2054
516
2058
684
2032
508
1867
694
2120
681
1932
682
2012
715
2015
603
2052
614
1975
692
1564
453
2008
617
2083
692
1957
672
2143
702
1972
691
2012
458
1997
574
1958
681
1186
423
1564
689
1987
704
1909
707
1943
688
1770
707
1637
692
1943
684
2192
669
1724
709
1816
667
2107
570
1959
681
2037
9153
1935
682
1922
684
1824
692
1796
644
1480
421
1729
488
2097
697
1667
607
1977
734
1850
598
1965
681
1977
658
2009
694
1957
679
1957
701
2147
380
2012
696
1848
687
2029
711
2035
696
2042
515
2175
701
2015
682
2067
520
1857
620
2049
699
1925
518
1952
712
1830
653
2090
684
2253
682
1934
705
2208
694
1877
729
1749
580
2288
698
2110
569
2053
684
1899
696
2097
679
1954
574
2290
597
1981
709
2185
685
1919
576
2015
699
1999
687
1260
689
1268
689
2112
684
1650
707
2000
721
1835
537
1834
520
1663
500
1099
691
1116
390
2070
344
2000
698
1595
7811
2077
601
2242
707
2017
553
2035
704
2343
694
1639
471
1909
705
1861
662
1862
712
1794
697
2050
697
1957
722
1259
383
2085
702
1929
682
1724
571
2031
687
2057
676
1902
724
1894
686
2055
677
1934
388
1190
384
2070
669
2062
689
2002
707
1963
683
2022
694
1876
710
1875
657
1944
744
1904
701
1949
589
1962
672
2061
707
2047
699
2045
699
1705
471
1974
642
1722
697
1764
486
1583
704
1957
636
2012
385
1992
589
2030
679
2017
682
1912
659
2287
721
2087
720
2083
705
2024
712
1912
724
2060
689
1178
728
1927
641
1872
595
1912
590
1844
617
1342
697
1921
684
1976
682
2007
9209
1882
463
1892
689
2078
757
1483
392
1942
698
1273
702
2044
699
1970
724
1907
613
1753
589
1895
701
2313
671
2079
709
2002
689
1470
511
1985
612
1844
548
2020
694
1643
707
2247
702
1686
697
2018
626
2117
365
1960
689
2060
712
2085
686
2210
572
1869
677
1959
581
1156
697
1183
742
2105
433
2050
706
1851
585
2039
689
1993
702
2061
709
1927
709
2043
507
2065
689
2028
642
1960
710
2153
681
1793
687
2142
709
1296
696
2042
657
1969
645
1677
501
2255
697
2159
621
2331
612
2188
709
2060
694
1962
611
2315
505
2171
691
2132
710
1994
699
1958
674
1992
704
1945
709
2017
682
2149
694
1814
694
1677
712
1905
694
2118
708
1494
714
1962
679
2248
692
2125
592
2122
679
2105
712
1698
701
1994
706
1998
695
1852
709
1900
711
2168
690
2024
711
1823
561
1990
701
1126
380
2025
706
2143
722
1997
584
1708
567
2255
717
1992
694
2042
689
2085
569
1959
704
2077
684
2100
707
1982
684
1989
700
2063
699
2037
686
2020
576
2122
698
2073
576
1668
699
1951
538
2291
611
2023
697
2053
669
2045
709
2033
701
1584
630
1131
722
2025
699
2119
681
2138
684
1690
706
2017
697
1972
702
1924
684
1724
689
2230
684
2002
690
2139
682
2157
691
1943
609
2024
684
1648
714
1989
684
1754
595
2007
696
1864
714
1982
689
1916
719
2012
681
2185
706
2015
704
2533
729
1922
642
2187
587
1595
681
2167
697
2058
574
2014
614
1891
557
1034
700
2047
704
1907
609
2105
686
2118
593
2091
649
2069
704
2037
707
1977
684
2112
644
2179
724
2104
704
2115
710
2047
711
2043
584
2030
709
2041
556
1886
742
1917
518
2107
699
2135
707
2080
711
2029
707
2055
692
2187
699
2052
636
1455
459
2058
711
1980
730
1642
589
1844
679
2094
715
1602
529
2160
701
1281
13151
2087
682
1990
705
1972
619
1984
682
2090
689
2085
695
2079
471
2120
696
2103
702
2197
694
2005
684
1849
679
2040
597
2220
681
2163
684
2220
694
1164
373
1942
707
2120
527
2137
679
2013
709
2118
709
2042
694
2052
687
2014
701
2090
697
1918
699
1960
556
2020
699
2045
523
2243
681
2051
729
1985
712
2052
779
2252
709
2105
718
2010
695
1962
699
1918
507
2149
694
2030
663
1243
688
2037
704
2305
401
1956
694
2110
711
2125
704
2175
580
2162
699
1901
707
2133
613
2080
694
2153
717
2062
681
1872
682
1810
717
2073
682
2115
595
2117
704
2050
709
2090
689
2102
734
2069
694
2057
692
2172
604
2128
698
2071
694
2343
729
2183
509
1957
571
2002
495
2210
737
2045
644
2032
704
2248
596
2082
706
2260
679
2082
704
2017
684
1914
694
1995
711
2120
684
2138
591
2000
679
2063
651
1957
694
2130
656
1945
696
2025
699
2045
597
2446
684
1885
585
1881
703
1929
712
2003
695
1089
710
2068
709
2012
555
1983
456
1872
644
2120
696
2057
677
1901
660
2097
712
2048
692
2072
522
1714
712
1042
709
2222
691
2042
714
2033
556
2100
701
2117
714
2110
577
2004
629
1999
696
2145
678
2002
724
2152
691
1865
600
2115
710
1541
517
1997
711
2080
709
2207
692
2115
694
2075
695
1816
689
2044
589
1660
610
1976
712
2030
707
2120
694
2107
677
2139
681
2019
614
1909
742
2128
694
2121
687
2175
696
2213
694
2052
699
2090
682
1975
692
2185
717
2043
697
2088
686
1984
616
1972
702
2130
563
2050
681
1927
717
2165
684
1728
676
2358
704
2055
704
1827
681
1839
752
2030
711
2072
697
2059
406
2128
524
1787
477
2263
704
2365
690
2145
644
2064
568
1989
682
1979
541
2340
568
2077
410
2250
682
2270
694
2103
694
2112
681
2135
582
1775
527
2248
697
2075
704
2143
680
2135
709
2017
688
1874
681
2162
696
2029
709
2260
619
1650
717
2155
589
2182
694
2067
674
1315
392
1999
587
1955
354
2074
702
2120
707
2037
697
2092
706
2124
689
1348
416
2155
644
1982
709
2192
676
2117
682
2057
704
1964
710
1916
584
1845
346
1975
692
1953
574
2002
682
1892
699
2130
682
2069
696
2065
694
2102
710
2404
644
2077
702
1995
655
2164
692
2172
377
2305
561
1962
609
2027
709
2059
597
2345
716
2048
394
1994
694
1800
582
2084
689
1915
682
1640
702
1896
677
1944
711
1800
707
1971
556
1890
569
1857
702
1960
506
2025
702
2125
734
2227
681
2083
696
1955
704
1933
696
1880
694
2210
681
1892
687
1978
707
1848
523
1990
9805
1977
734
1842
700
1960
700
1902
476
2040
694
1963
697
1929
634
1980
694
2081
669
1755
731
1844
711
1190
403
2117
751
2172
611
2052
682
2022
694
1960
715
2029
699
1273
407
2132
659
1927
684
1855
710
2070
601
1821
712
1879
700
1995
556
1995
681
1944
697
1946
709
1250
702
1859
697
1869
711
1669
597
1884
689
2045
709
1972
726
2292
696
1897
694
1860
722
1837
709
1964
684
1905
692
1872
704
1854
659
1958
701
1802
679
2058
697
1949
444
1977
681
1917
717
1811
553
2188
700
1875
694
1807
572
1950
756
2084
710
1977
406
1975
696
2033
689
2083
682
1961
707
2075
706
1708
561
1892
682
1929
700
2115
684
2067
697
1343
466
1950
693
2258
696
2029
699
2042
619
2043
644
1977
702
1879
698
2052
678
2170
712
1897
681
1917
779
2042
710
1878
692
1785
587
2088
571
1729
547
2105
653
1959
702
2012
684
2105
709
1981
9281
858
304
1879
699
2105
9028
2020
675
1974
684
1864
684
2004
451
2057
690
2037
697
2188
704
2007
656
2078
702
1997
657
2068
697
2243
749
2232
681
1899
610
1964
697
1958
700
1970
682
2068
700
1904
711
1574
515
1649
584
1982
697
2014
678
1990
679
1724
701
1853
557
2097
697
2000
706
1595
595
1929
395
1914
558
2022
682
2049
684
2187
624
2105
694
2082
741
1922
694
2124
654
1990
627
1993
671
1892
556
1987
681
1895
697
1755
695
1801
524
1771
544
1937
697
1926
689
2000
719
1298
444
1898
574
1967
711
2200
691
1917
688
1990
644
1977
644
2158
682
2052
689
1939
608
2004
684
1959
687
2157
702
1917
704
1932
584
2034
704
1914
559
1999
730
1837
591
1623
475
1945
592
2188
690
1322
417
10970
604
1905
704
2093
8136
1851
697
2078
557
1984
682
2017
699
1473
525
1973
711
1214
13422
2155
707
2057
622
1816
423
1908
694
1900
682
2269
693
1837
614
1646
590
1930
582
1932
684
2019
700
1794
700
1935
681
1688
491
1678
680
1959
8948
1827
481
2027
596
2085
580
1890
345
1892
549
1652
704
2001
691
1894
701
1999
682
2020
682
1932
10369
2012
697
2032
700
2007
714
1952
696
1282
406
1950
686
1790
709
1967
697
1984
684
1847
628
2045
690
2318
686
2285
578
1909
714
1654
524
2182
689
1949
709
1901
656
2000
518
1958
687
1816
697
