1431
463
1996
707
1513
436
1799
684
1056
725
1932
694
1874
706
1892
401
1587
499
1445
684
2075
594
2053
682
2020
711
1867
659
1934
707
1969
712
2012
681
1884
704
1914
691
1890
712
1914
682
1940
692
1900
709
1979
706
1412
497
1944
692
2026
653
2000
701
1532
819
1859
694
1846
686
1829
713
1778
677
1972
601
2012
699
1265
471
1972
553
2163
664
2003
711
1874
685
2037
669
1193
420
1972
704
1628
724
1892
691
1505
530
1957
686
1852
695
1458
517
1643
508
1952
696
2048
496
1999
601
2074
703
1899
660
1849
700
2087
772
1942
582
1621
593
2087
9058
1603
519
1315
709
1882
649
1125
689
1867
697
1984
690
2045
699
1774
707
1965
691
1839
727
1862
696
1944
6850
1890
707
1980
686
2134
671
1888
662
1915
696
2013
679
1831
681
1946
651
2027
388
2020
517
1618
694
1228
666
1864
712
1892
681
1794
706
1881
689
2022
692
1897
387
2052
465
2088
661
1951
687
1981
682
1930
474
2068
697
1937
467
1922
721
1990
669
1942
559
2017
702
2117
503
2022
689
1935
666
1887
690
1788
694
2034
696
1949
573
1949
697
1652
574
1791
694
1709
707
1877
684
1924
594
1935
601
1690
574
1978
697
1869
576
1013
399
1967
684
1955
406
1709
709
2144
705
1724
707
1972
581
2120
387
1987
615
1962
634
2027
683
1780
580
1972
700
1890
578
2143
689
1995
696
1905
401
2055
699
1877
706
2029
720
2064
691
2052
696
2072
702
1889
511
1583
707
1935
521
2080
576
2027
684
2189
704
1590
465
1814
692
2077
682
1962
572
1942
684
1975
587
1945
506
2008
653
1932
631
1982
697
2025
704
2025
681
2045
649
2035
704
1867
9233
2106
656
1964
724
1632
654
2169
681
1666
556
2022
707
2075
606
2020
644
2060
573
2183
706
1987
706
2010
682
1877
555
2013
726
1977
680
1861
578
1992
704
2045
694
2015
687
2097
499
1948
712
1829
697
2050
691
1864
682
2140
709
2073
662
1618
647
2015
697
2072
696
2092
696
2065
701
2065
694
2065
696
1947
703
2025
699
1954
694
2092
695
1840
606
2042
706
2050
688
2123
557
1939
584
1674
586
2055
717
2110
679
1915
370
1982
593
2115
768
1860
561
2095
704
1219
395
1854
694
2169
656
2093
702
1940
696
1960
702
2039
698
1688
592
2067
681
1846
614
1977
694
2053
699
1922
724
2010
592
1977
692
2007
676
1934
696
1915
681
1877
521
1960
373
2145
684
2028
687
2083
684
2270
697
2004
643
2149
667
2049
697
1942
696
1902
569
1579
560
1974
622
2089
581
1975
704
2092
682
2030
601
2060
682
1847
9191
2045
698
1924
576
2075
682
2068
694
2050
734
1997
701
2032
686
2065
697
2004
702
2102
667
1979
706
1984
681
1964
751
1819
697
1982
684
1745
584
1972
697
1178
394
2129
706
1990
709
2115
710
2030
682
1884
641
2029
702
2057
682
1674
689
2079
689
1311
420
1274
390
1623
517
2147
691
1169
405
1894
374
1531
360
2054
681
1849
695
2042
696
2150
694
2082
634
1950
717
1048
727
1844
549
1907
639
2034
689
2048
694
1924
626
2027
401
2135
700
2039
719
1973
558
2074
707
2032
704
1994
282
1426
696
1979
690
1990
661
2061
684
1985
707
2175
715
1594
546
1627
517
1665
694
2072
707
1876
697
2210
574
1957
701
2145
659
1985
734
1979
406
1985
471
1915
598
1997
712
2205
709
1997
611
2030
784
2080
681
1940
706
1926
336
2014
696
1969
583
2049
682
1592
580
1917
700
2190
686
2202
716
1595
597
1894
694
2022
694
2042
614
2077
684
1890
702
2000
702
1934
689
1877
697
1994
511
1915
560
2031
612
2054
672
2280
593
2002
696
2005
695
1957
597
2027
700
2017
694
1614
585
1948
684
1950
697
1979
707
1927
618
2027
523
2032
685
2057
765
2042
587
2025
702
1924
556
1947
704
1892
707
2151
714
2145
684
1950
587
2055
653
2273
694
1509
490
1914
692
2183
8775
2069
694
2029
647
2042
694
2134
582
2031
584
1912
9404
2177
719
2007
681
1944
701
2032
696
2060
702
1964
694
2027
717
1827
587
1907
679
1656
391
2203
588
1944
694
1975
684
2028
679
2010
679
2037
512
1246
399
1814
585
2048
692
2097
684
2079
722
1982
704
2157
684
2085
694
2150
696
2122
666
2109
697
1353
391
1993
710
1952
717
1273
416
1407
712
1985
500
2027
477
2064
704
1962
696
2140
686
1932
607
1481
689
1885
707
1990
603
1205
702
11715
682
2007
463
1990
607
2067
691
2075
631
2062
697
1992
418
2127
599
2075
594
2077
694
1927
702
2230
707
2062
691
2052
686
2087
546
2032
546
2215
697
2090
684
2155
588
2059
682
1899
523
2029
530
2107
722
1994
687
1948
704
2137
669
2093
587
1539
694
2108
682
1978
709
2153
627
1849
606
1760
486
2025
693
2095
661
2205
717
2198
697
2198
684
1450
473
2052
657
1939
373
2093
694
2025
677
1905
704
1921
707
2032
702
1949
745
2040
374
2062
708
2119
697
2104
694
2007
756
1982
697
1957
692
1964
694
2077
709
2135
709
2193
688
2135
694
2125
697
2345
702
2097
681
2115
697
1373
689
1922
599
2358
690
2110
692
2217
690
2202
623
1960
649
2105
702
2205
696
2015
505
2127
684
2057
696
2145
563
2117
784
2268
707
2215
686
1804
586
2112
702
1922
692
2005
697
2084
684
1256
393
2142
654
2047
696
2112
689
1966
582
2117
697
1952
606
1934
630
2032
551
2005
707
1916
707
2055
709
2030
681
1939
697
1869
702
1882
682
2118
696
1436
464
2182
529
1202
413
1919
594
2035
679
2047
597
2115
715
2060
683
2055
737
2141
695
1238
701
2080
687
1842
687
2059
709
2087
712
2190
693
1671
711
1776
591
2040
682
1754
475
2070
687
2059
653
1412
334
2077
707
2107
696
1999
689
2090
701
2062
696
1942
707
2054
708
2270
694
1621
409
1938
699
1756
586
2220
729
2105
690
1979
696
2065
685
2150
719
1655
532
2093
710
2019
699
2037
447
2057
679
2122
701
1233
402
1940
701
2391
699
2189
697
2240
571
2192
709
2067
684
2139
701
2175
681
2131
664
2092
463
2050
706
2335
698
2118
699
2317
702
1995
694
2142
539
2009
697
2110
715
2040
694
1840
692
2022
403
2218
554
2386
712
2190
686
1992
582
2008
712
2027
704
2033
706
1565
520
2118
684
2070
649
2010
711
2042
699
2007
699
1965
680
2022
694
1922
727
1865
668
2071
696
2072
556
1950
682
1907
682
1935
694
1904
692
2113
716
2050
682
1832
671
1954
632
1889
690
2032
656
1997
667
1852
707
1877
694
1962
689
1987
699
2160
687
2022
519
1794
618
1906
694
1834
647
1979
672
2135
736
2243
689
1752
561
2150
392
1849
709
2181
498
2000
521
2130
692
2123
734
2109
684
2202
641
2030
626
2078
698
2181
684
2020
729
2222
679
2062
705
2170
692
1226
699
2052
621
2057
707
1986
446
1751
572
1995
548
2165
699
1827
694
2012
619
1919
681
2045
682
1688
596
2140
577
1952
714
2142
692
2195
719
2177
684
2042
516
1934
689
2057
707
2075
696
2178
511
2133
716
2100
679
1881
587
2093
679
2055
634
2215
696
2132
700
2140
682
2097
474
2072
712
2060
692
2199
689
2075
755
1988
692
2015
692
2397
691
1862
689
2092
714
2068
697
2097
694
2148
706
2105
707
2117
686
2020
672
2022
691
2175
330
2213
684
2140
686
2283
685
1942
726
2000
686
1966
697
2117
681
2102
621
2125
595
2185
691
2155
697
2163
696
2110
588
2075
679
2140
686
2105
701
1907
553
2027
669
2031
509
1838
729
1815
681
1977
704
1985
681
1962
579
2162
415
2025
700
2097
695
2077
684
2091
621
1974
598
1839
551
1294
390
2125
584
2137
684
1930
461
2205
700
2082
711
1851
511
1848
712
2052
663
2217
689
2135
704
2155
697
2227
711
2122
694
2035
701
1977
684
1766
664
2040
697
2128
684
1962
556
2119
684
2205
633
2148
702
2132
699
1316
685
1822
677
2163
697
2102
684
1792
704
2099
749
2153
540
1905
584
1923
742
1871
709
2205
684
2236
707
2018
686
1899
702
2077
694
1253
394
1854
644
2072
697
1904
399
1833
526
2022
557
2143
726
2010
694
1167
395
2141
674
2042
709
2280
581
1995
696
2105
689
1959
540
2097
696
1980
694
2097
702
2059
679
1967
692
2009
689
1985
689
2100
709
1904
595
2160
682
2340
669
1884
680
1972
8697
1867
681
2225
591
1979
686
2092
700
1952
707
2072
674
1966
707
1841
616
1952
712
1846
704
2050
658
2016
637
1932
567
1994
694
1195
467
1987
692
1992
696
1946
701
1866
696
1797
716
1954
692
1905
684
2035
681
1974
393
1874
404
1878
697
1979
617
2059
697
1722
353
1884
701
1989
610
2050
682
2019
695
1957
689
1957
544
2017
689
2034
686
2010
694
1964
682
1900
679
2143
684
2027
689
2012
624
2005
549
2082
697
1974
728
1945
654
1915
642
2032
694
2098
724
2083
687
1930
697
1933
671
2029
709
2000
678
2069
759
1927
696
1914
682
1980
709
1965
550
2052
681
1994
687
1968
696
2071
682
2068
685
1860
729
2000
682
2110
681
1800
524
2052
689
1922
580
1945
629
1867
697
1945
694
1894
709
1970
696
1975
697
1985
681
2075
709
1974
706
2190
697
2078
399
2014
565
1879
684
2113
709
1989
716
1749
604
1922
684
1899
709
1979
610
2062
680
1832
577
1970
691
1972
704
1686
536
1939
679
2009
655
2065
694
2298
681
2286
614
1904
9196
1976
654
2025
687
1930
707
2113
714
1847
596
2082
688
2047
697
2014
587
1994
663
2002
687
1980
694
1870
681
1919
699
2047
705
1998
694
1908
9451
1851
687
1970
702
1224
381
1952
715
2050
679
1959
682
1457
554
1992
587
1569
645
2111
730
2140
696
2083
701
1960
702
1947
589
1616
739
1886
710
1960
680
2057
661
1849
503
2219
464
2167
705
1922
443
1576
587
1914
681
2064
708
1940
674
1574
580
2097
694
1972
696
1927
594
2092
707
1975
742
1761
810
2007
699
2037
710
1957
682
1919
769
1837
682
1959
681
2050
697
1970
694
1669
519
1856
705
2167
697
1977
709
1394
452
1622
499
1646
717
1173
707
1963
524
1900
697
1969
684
1929
684
1919
736
1859
704
1819
547
1880
709
1967
704
1922
690
1197
403
1910
642
2152
599
2072
699
1958
682
1493
8933
1991
697
1980
539
1740
571
2040
560
1902
590
1897
709
2077
714
1962
679
1934
623
2075
698
1979
694
1927
687
1999
694
1989
692
2020
684
2042
697
1992
709
2039
597
1732
597
1952
681
1772
643
1965
719
2104
694
1920
682
