2168
737
1967
495
1862
697
1807
804
2013
394
1967
717
1880
694
1944
397
1925
696
1959
574
1877
696
1994
699
1698
546
1868
679
1899
694
1846
699
1865
656
1836
682
2032
685
1952
593
1872
736
1682
589
2020
708
1965
431
1341
505
1997
557
1952
762
2035
696
1799
614
2012
681
1922
699
1824
682
1853
694
1806
452
1947
682
1962
478
2052
9720
1982
593
2073
704
1330
681
1692
724
1766
574
1944
686
1536
578
1963
699
2130
694
1932
714
1992
707
1847
717
1990
582
1644
706
1972
687
1947
586
1847
692
2102
729
2014
691
2040
693
1079
351
1784
694
2027
591
1974
563
2082
701
2024
684
1922
373
2138
719
1139
374
2065
681
1995
677
1832
696
1880
591
1887
697
2004
586
1932
708
2002
714
2175
563
2040
598
1932
691
1834
670
1899
694
2157
694
1925
697
2202
709
1630
558
2067
697
1793
598
2089
651
1975
707
2120
621
1877
694
1982
744
2049
704
2023
661
1922
704
2032
710
2087
467
2052
684
2052
709
1824
696
1943
712
1872
632
2025
737
1876
514
1962
695
1887
692
2045
688
2000
689
2123
523
1929
711
2049
664
2127
697
2065
707
1852
706
1968
692
1950
689
1975
684
2043
704
1973
681
1310
507
1817
704
1950
684
1860
392
1592
697
2019
696
1630
510
2052
697
1989
697
1882
551
1977
645
2032
551
1874
604
1986
689
1924
587
2032
682
1303
498
1925
689
1887
595
1605
693
2002
714
2120
697
1937
717
2134
709
1912
660
1865
674
1884
694
1633
687
2020
8335
2059
684
1882
454
1869
694
2148
679
1947
569
1962
659
1926
575
1960
571
2060
679
1977
518
1015
699
2102
681
1932
704
2145
672
1967
684
1821
577
2023
707
1889
682
2074
603
1066
369
2112
613
2025
697
2039
689
1826
543
1786
724
2004
684
1950
679
1962
682
2117
686
2052
697
2007
695
2062
687
1999
684
1864
603
2050
716
1967
566
2077
682
1992
707
1987
682
1979
710
2042
689
1969
590
1793
676
2032
701
1918
589
2052
711
1873
694
2007
714
1978
689
2052
638
1836
699
1952
704
1939
706
1927
710
2085
692
1844
684
2138
696
1926
528
1696
586
1947
686
1972
698
1917
377
1459
455
2002
739
2025
578
1956
692
1210
387
1855
697
2077
495
1997
664
1540
509
1940
707
2047
707
1968
687
2017
696
2207
566
1973
516
2090
654
1720
695
1986
592
1880
707
2037
672
1997
696
1907
702
2014
684
1969
370
2112
696
2009
682
2017
580
1955
607
2043
699
2052
696
2055
684
1980
712
2088
695
1148
399
1941
678
1997
500
1912
704
1895
682
1912
727
2265
711
1970
336
2055
674
1982
702
1887
609
2093
682
1912
591
1964
574
2045
711
1857
696
2165
706
1853
658
1936
726
2094
700
2104
672
2063
702
2024
662
1973
517
1952
704
1212
378
2152
701
2090
697
1901
692
2162
694
1980
682
2027
704
2228
649
1879
704
2173
699
1380
437
2104
686
2053
726
1899
697
1688
692
2088
711
2039
593
2027
702
1977
692
2050
709
2082
715
2027
682
2080
702
1875
692
1952
699
1955
709
2032
704
2027
691
2027
704
1670
408
2085
689
2037
686
2022
695
2077
674
2092
683
1904
706
1857
656
1750
595
2160
684
2082
699
1952
691
2032
684
1922
560
1934
574
1997
587
1960
692
1972
701
2100
671
2042
707
1970
616
1982
684
2059
669
2354
668
2160
497
1847
727
1979
721
1987
701
1874
699
2150
686
1195
709
1932
531
2030
689
2266
592
1863
656
2099
479
1876
696
1977
700
2104
714
1924
543
2014
697
1995
704
1854
711
1997
696
2145
699
1983
696
1944
699
1879
720
2024
572
1558
469
1944
584
2010
724
2049
725
1970
697
1938
697
2079
576
1952
9167
2032
583
1852
712
1562
530
2107
705
2152
712
2025
540
1610
520
2142
688
1740
585
1965
606
1972
711
2005
687
1992
580
2110
690
1794
576
2265
586
2063
556
1705
546
2064
704
2025
531
1925
712
1952
696
2012
694
1919
706
2095
689
2137
709
2031
704
2043
709
1894
665
2112
685
1946
696
1852
709
2114
729
1794
706
1959
475
2102
681
1964
681
1912
700
2072
656
2002
685
1827
708
2062
581
1959
629
2115
481
2054
589
2025
694
1633
468
2087
704
2098
585
2075
606
2037
621
2298
704
2100
701
1694
529
2063
697
1989
477
2052
702
1910
697
1955
699
2117
691
1542
529
1959
582
2020
714
2065
696
1960
666
2002
587
2100
378
1987
714
2075
589
1190
689
2097
682
2037
734
1095
409
1970
696
2125
569
2107
697
2099
456
1627
587
1649
560
1941
692
1738
606
2105
696
2111
711
2149
696
2094
583
1856
611
2082
659
2063
709
2035
697
2145
697
2077
702
1852
509
2117
700
2080
696
2034
603
1710
596
1912
682
2042
695
2102
709
2025
701
2040
696
1944
694
2103
680
2049
694
1914
684
2097
694
1962
701
2022
702
2178
466
1975
679
1882
364
1927
694
1247
391
2017
707
2077
679
2080
694
1523
697
2042
689
1957
679
2122
694
2025
557
1961
638
2090
694
2228
704
1939
709
2128
697
2072
576
2119
707
2052
696
1888
581
2064
744
1412
466
1998
682
1429
454
2120
589
2035
686
2025
687
2013
685
2018
704
1949
663
2130
682
1902
704
2128
694
2093
689
2039
691
1920
694
1990
688
2075
696
2147
651
2055
585
1722
600
2115
691
1286
720
2140
684
1932
393
2192
694
2052
704
1749
469
1992
688
1917
704
1999
734
1879
635
1842
697
2363
696
2045
695
2092
694
2315
689
1972
9656
1957
8980
1789
711
1982
707
1490
704
1471
399
2048
608
1965
595
2104
700
1987
702
2155
715
2113
698
2055
704
2117
682
1639
702
2102
701
2113
696
2029
710
2087
653
2170
691
2168
712
2119
565
1938
692
1865
459
2260
689
2215
709
1491
489
2137
629
2070
621
1955
696
2147
9138
2100
720
2055
709
2045
694
2110
689
1972
722
1960
683
2019
699
2055
679
2065
616
1769
555
2117
729
2040
696
1997
544
1988
797
2017
691
1995
425
2113
707
2162
710
2041
405
1970
689
2067
714
2044
707
2057
511
1708
586
1979
699
1963
640
1742
557
1980
679
2024
709
2007
697
2142
684
2022
505
2085
689
1967
571
2231
627
1458
474
2075
481
2115
696
2235
697
2117
709
2000
706
2125
672
2025
717
1294
689
1722
489
1752
689
2038
691
2050
681
2150
694
2009
612
1293
402
1863
681
2087
694
2020
684
1960
707
2017
685
1671
561
2014
699
1776
697
2113
649
1889
696
2014
697
1781
708
1952
694
1992
694
2179
632
2077
709
1970
704
1774
707
2022
10937
2044
564
1907
602
1874
692
1942
684
1856
709
1944
325
1967
519
2015
564
1975
706
1995
707
1994
697
2138
692
2105
556
2159
684
1966
597
2240
707
2227
514
2190
603
2002
714
2112
587
1927
712
1233
668
2033
696
2077
684
1952
697
2097
692
2081
587
2135
709
2131
707
1970
696
2165
700
2147
597
2151
687
1801
556
2079
681
1967
520
1887
687
1842
704
1791
641
2367
8770
2092
521
1959
684
2047
707
2107
696
2120
684
2105
477
2175
709
2175
673
2090
8996
2122
689
2192
701
1733
599
2043
694
2135
682
2082
563
2062
682
2158
684
2220
695
2102
737
2353
654
1545
526
2050
629
2135
697
2097
692
1724
623
1711
518
2017
699
2054
711
2333
701
2069
686
2085
704
2064
737
2122
552
2092
685
1821
593
2022
384
2160
692
2069
704
2225
681
2225
682
2152
682
1698
636
2055
699
2137
684
2248
682
2062
709
2388
694
2113
684
1815
584
2098
714
2050
704
2195
607
1944
642
2090
686
2047
707
1216
386
2298
686
1729
699
2150
694
1578
508
2099
697
2034
707
2187
709
2157
704
2056
686
1363
347
2185
536
1341
405
2160
699
2050
697
2038
696
2044
687
2115
694
1838
489
2057
704
2093
601
1812
689
2020
684
2263
581
1872
680
2127
682
2165
684
2075
697
2074
656
2043
716
2068
722
1977
726
2143
689
2128
709
2238
689
1950
604
2132
702
1899
701
2000
685
2238
694
1914
553
1901
575
2080
706
1901
702
1787
712
1866
611
2047
9233
1897
706
1867
679
1880
709
2127
697
1884
393
1856
705
2145
687
2205
696
1670
474
1992
629
2107
689
1959
702
1804
696
2047
686
2125
709
2042
712
1964
691
2165
697
2152
712
1995
697
1960
684
2088
654
2153
685
1962
684
1990
692
2117
684
1261
704
1593
602
1917
588
2159
711
1671
697
1942
721
1850
567
1959
660
1964
637
1887
696
1927
479
2097
682
1899
694
1895
727
1877
709
1922
716
1772
573
1960
695
2070
561
1666
668
2060
559
2008
598
1379
526
1839
696
1919
689
1839
568
1974
694
1789
622
1948
639
1872
701
1892
399
1849
696
2223
533
1274
395
2205
674
1960
699
1834
691
2103
687
1527
694
1897
702
2012
740
2094
699
2160
705
1125
707
1937
699
1992
453
1952
678
1662
687
2055
684
1975
528
2007
737
1590
597
2039
684
1841
627
2032
681
1970
699
2007
704
1906
709
1897
687
1997
682
1967
697
2215
690
2005
704
1927
579
1949
694
1853
583
2027
701
2410
709
2027
696
2017
681
2027
682
2236
697
1951
634
2035
679
1949
679
1851
696
1879
382
2022
704
1834
591
1802
696
1864
564
1199
390
2132
707
1916
691
2010
706
1944
705
1937
456
1969
391
1807
583
1854
684
2211
604
1626
709
1705
494
1874
697
2067
475
1804
709
1186
411
2189
611
1902
696
2017
548
1842
696
1980
586
2049
706
2067
697
2062
682
1879
707
1974
538
2024
627
2268
681
2075
681
2297
697
1959
550
2023
697
1809
619
1995
697
2088
593
1715
541
1963
574
2070
712
1936
676
2055
727
2094
717
2107
695
1511
711
1919
694
2050
697
1977
704
1916
684
2035
704
1906
674
2062
574
2059
718
1944
584
1726
697
2054
699
2083
679
1846
586
2024
696
2003
684
1595
538
2122
684
1971
694
1315
689
1965
702
1468
509
1914
607
1824
681
2084
647
1992
679
1699
596
1372
404
1958
689
1815
518
1974
649
2043
694
2084
598
1822
607
2007
709
1857
694
1922
599
2135
707
1947
700
1942
700
2045
658
1839
588
1934
694
1872
682
2133
685
1861
706
1762
584
1922
663
1894
690
1473
530
2052
697
1897
681
1794
694
1792
709
1877
719
1991
706
1957
697
1907
617
2077
567
1261
666
1614
489
1942
726
2075
711
1784
9329
1949
669
2223
699
1354
438
2150
697
1919
702
1759
705
2005
694
2245
682
1862
680
1877
690
1990
704
1907
699
1991
721
1845
679
1920
704
1508
694
1944
682
1990
704
1859
694
1997
589
1897
716
1997
714
1949
704
2103
696
1909
717
