1940
699
1382
375
1864
712
1871
705
1578
689
1814
704
1834
692
2105
701
1884
701
1075
374
2155
710
1982
724
2100
586
1829
684
2055
696
2035
674
1839
710
1999
687
2207
699
1895
579
1957
685
1634
632
1969
696
1910
624
1363
387
1554
684
2138
694
1975
655
1952
567
1549
574
1969
689
1872
556
1626
584
1105
383
1562
449
2027
9303
2100
561
1997
704
1914
722
1979
772
1949
705
1810
597
1825
697
2022
661
2065
704
2138
619
1882
682
1860
681
1950
674
1943
682
1910
697
1937
692
1660
621
1994
679
2064
694
1944
694
1899
682
2032
447
2115
731
1867
719
2035
9167
2132
712
1844
464
1955
669
2083
498
2122
714
1877
730
2119
674
1469
333
1955
682
1574
586
1984
694
1799
709
1918
665
1894
699
1949
674
1980
707
1654
563
2438
699
1924
707
1894
709
2030
705
2147
465
1802
699
1872
701
2037
720
1967
704
1895
697
1919
709
1952
794
2017
706
2057
710
1871
693
1932
708
2102
692
1889
702
1947
606
1871
707
1972
663
1986
711
1693
658
2083
696
2070
587
1726
689
1854
580
2010
667
1917
672
2034
485
2012
709
1678
571
2037
684
1955
519
1707
719
1999
708
1897
543
2097
604
1694
671
2057
691
2065
697
1812
448
1851
727
1816
585
2029
712
1872
694
2007
682
2125
729
2047
696
1003
699
2090
689
2027
689
1945
691
2065
708
2037
397
1594
585
1890
699
1987
684
1715
707
1606
696
1877
704
2005
774
1940
697
1980
714
2100
696
1889
665
1814
709
1997
704
1190
691
1912
689
2047
8662
1835
566
2037
704
1559
679
1882
9587
1977
712
1829
689
2040
662
2049
686
2012
679
2017
794
2058
709
2102
757
1985
583
1887
687
2187
687
2140
710
1852
639
1593
573
1520
607
1954
709
2060
694
2103
696
1874
689
2132
689
1857
625
2019
696
1977
684
1969
727
2160
656
1907
621
1932
732
1912
601
2008
686
2062
679
1967
697
2065
682
1376
538
1947
724
1949
702
2068
697
1877
696
2029
697
2025
629
1343
706
2048
672
1959
682
2027
637
2082
693
1927
702
1823
655
1819
585
1524
575
2023
682
2020
705
1965
709
2135
699
2062
646
2221
681
1969
674
2032
711
1642
568
1423
455
1978
605
2267
719
1218
584
1978
699
2080
699
2097
578
1858
696
1664
689
1589
702
1741
569
1561
574
2052
682
1809
589
2119
588
2035
573
2037
681
1919
689
1922
699
1382
719
1506
691
1982
528
2061
660
1969
682
2047
532
2000
679
2135
473
1964
674
1975
601
2007
687
2077
712
1889
585
2020
383
2007
682
2049
579
1962
671
1947
637
2017
699
1992
651
2085
681
1678
530
1899
662
1862
682
2060
506
2033
709
1692
487
2024
697
1992
593
1873
704
1814
499
2042
706
1975
684
2103
564
2253
717
2005
686
1974
709
2172
694
1932
395
2052
605
1797
697
2097
712
2228
597
1877
682
2088
651
2398
682
2107
702
2072
681
1777
709
2037
709
1775
542
1960
572
2132
495
1963
409
1990
701
2067
686
2102
711
2072
530
2140
681
1912
704
2030
662
2113
702
2022
697
1965
714
2180
689
2037
682
1902
696
2022
682
2015
697
2002
595
1892
705
1902
663
1997
694
2057
704
2245
722
1985
679
2059
566
1782
591
1585
696
1237
385
1317
378
2045
682
2030
604
1957
710
2057
718
2029
712
2081
694
2040
726
2195
684
1922
714
1735
727
2014
702
1992
563
1682
595
1957
714
2258
740
1768
547
1982
629
2057
578
1902
696
1570
528
2113
380
1954
712
1726
517
1987
679
1985
727
2005
679
1967
689
1987
692
1929
712
1877
724
2143
681
1441
387
1876
591
2097
679
1963
704
1573
533
1792
556
2082
539
2010
686
2119
782
1309
467
1960
699
1664
546
1976
597
2212
697
1353
618
1973
697
2019
704
1919
675
1889
697
1985
614
2084
691
1914
681
2005
593
2137
676
2108
694
2047
694
1869
704
2067
641
2027
707
1891
701
1977
652
1698
576
1935
704
2118
681
1945
522
1184
587
2058
697
2288
596
2165
681
2107
332
1900
551
1961
694
2072
686
1995
689
2243
690
2041
699
2119
555
1672
13110
2168
707
1931
682
1255
697
2012
684
1703
559
1970
701
1930
707
2078
706
1424
660
2210
510
2378
694
1866
628
2032
709
2223
658
2112
589
1977
637
2007
702
2045
707
2127
694
2034
696
1972
642
2027
695
2153
704
2052
657
2022
543
2100
697
2030
700
2117
704
2052
727
2138
699
1889
674
1767
706
2147
650
2118
709
1944
653
2155
699
2100
688
2015
694
2227
694
1994
658
1971
702
1717
699
2207
682
2067
688
2044
706
2255
684
2103
540
2142
701
2069
697
2275
603
2043
684
2137
696
1854
556
2125
696
2102
705
2101
614
2030
696
2127
697
2090
731
2075
580
1616
724
2110
697
1991
651
2265
684
2105
405
1955
603
2115
696
2012
691
2002
674
2095
699
2040
532
1139
403
1996
696
2050
708
1967
697
1979
693
1910
653
2255
697
2167
681
1974
682
1866
704
2062
697
2087
679
2090
706
2100
691
2065
689
2077
697
1831
586
2084
707
2120
686
2070
722
2032
705
1953
696
2336
634
2112
696
2130
484
1940
694
2003
724
2178
684
1246
406
2187
556
2251
590
1979
610
1789
534
2015
255
1839
586
1750
564
1934
684
1904
609
2005
489
2114
478
2090
702
1827
584
2130
655
1553
634
1899
622
2142
542
2075
704
2057
585
1819
537
2025
672
1807
697
1437
536
2007
641
2058
740
2130
729
1868
694
1945
697
2020
694
1556
680
2217
657
2062
709
2142
717
2087
543
2148
704
1944
693
1912
551
2037
614
2178
681
2102
681
2245
714
1516
524
1595
712
2032
450
2087
681
1862
694
1873
694
2019
676
2180
712
2103
704
2121
701
1743
583
1538
505
2082
681
1974
681
1940
360
2000
684
1942
441
2129
686
2057
709
2055
709
2037
682
2052
684
2178
617
2221
681
2007
681
2040
724
2083
696
1974
545
2225
542
2102
694
2083
691
2070
704
2149
710
2193
689
2183
679
2067
699
2230
687
1260
691
2192
706
1983
405
2197
595
2157
709
2060
707
2107
699
2145
689
2208
607
2082
511
2160
710
2168
701
1661
589
2190
699
2102
697
1922
714
2013
697
2160
739
2088
726
1959
682
2040
715
1980
486
1789
702
2092
671
2112
714
2061
684
2083
704
2155
624
2112
730
1313
509
2062
651
2013
701
2173
649
2043
699
2005
639
2073
706
2013
707
2042
707
2028
709
2052
686
1930
561
1919
694
1981
686
1935
704
1919
684
1891
663
1882
719
1866
697
1932
699
2017
523
2115
684
1817
694
1759
9051
1922
697
2037
706
2004
696
1969
421
2022
677
1954
668
1967
587
1899
606
1914
595
1977
714
1939
697
2197
697
2195
689
1746
704
2005
691
2376
692
2100
704
2053
722
2405
709
1764
689
2168
697
1798
597
2133
350
2067
672
2137
734
2122
711
2185
742
2027
727
2138
691
1868
709
2012
704
1828
604
2205
607
2058
697
2010
687
2125
562
2107
735
1600
593
2042
697
2150
694
2451
712
2067
367
2358
680
2207
702
2253
697
1257
389
1905
474
2045
707
2017
704
1914
697
2003
672
2160
701
1955
706
2115
689
2037
685
1370
608
2054
684
1939
627
2137
706
2032
553
2014
707
1244
394
2190
591
2043
694
2071
9894
2223
453
1696
672
2050
692
2305
404
2112
627
2272
684
2077
697
2162
709
1902
702
2012
658
2115
682
1899
591
1828
597
1830
594
2083
689
2308
702
2110
691
2178
727
1595
692
1997
696
2317
694
2053
652
2270
684
2138
694
2150
684
1780
570
2120
682
1955
506
2171
641
1952
684
2095
676
2077
692
2175
702
1980
714
2015
594
1859
346
2102
700
2097
692
2017
679
2119
581
2140
696
1982
684
1323
683
2037
699
2218
694
2187
681
2115
682
1995
697
1879
684
1920
351
2157
699
2095
714
2040
619
2029
684
2152
698
2051
694
1997
706
2233
683
2183
702
2208
712
2212
716
1922
641
2125
9117
2035
689
2100
701
2097
710
1831
542
2125
696
1912
407
1973
697
1842
586
1977
679
1978
551
1922
701
1830
651
2051
684
1980
602
2122
697
1811
694
1911
682
1600
569
1947
706
2292
710
2128
664
2065
704
1969
689
2010
694
2007
662
2200
679
2120
704
2255
696
2110
682
2107
683
1922
711
2017
653
1947
691
1761
601
2163
699
2125
686
1595
527
1589
707
2009
591
1654
720
1939
706
1978
694
1897
672
1889
611
1942
607
1962
694
1975
724
1877
586
1937
707
2027
644
1950
676
1854
702
2325
684
1907
696
1957
586
2029
669
2090
684
1759
707
2009
712
1224
701
1967
692
1862
712
1982
545
1774
696
1942
694
1804
604
1972
684
1876
694
1867
610
1920
708
1929
737
1900
701
1861
674
1076
413
1862
572
1830
571
2042
712
1898
702
2155
681
2162
577
2060
695
2029
691
1932
697
1950
692
1940
631
1970
611
1997
707
1849
697
2298
582
2222
516
2068
690
2055
710
1972
694
2007
699
1990
553
2014
684
2010
744
2311
564
2147
667
2047
729
2068
681
1570
549
1702
564
2090
699
1541
503
2135
712
2049
692
2128
684
1970
694
1457
486
1985
699
1116
403
2023
477
2280
686
1867
603
2130
717
2003
697
1862
642
2180
710
1053
297
1910
682
1882
702
2110
692
2103
706
1995
695
1485
373
1972
689
1969
369
2022
696
2082
694
1799
653
1910
631
1652
584
2020
475
1885
679
1896
694
1967
609
2007
695
2097
740
1872
644
2032
707
1980
508
1472
534
2270
9844
1899
668
2017
681
1955
692
2185
791
1967
667
1944
694
1877
714
1877
709
1864
676
2073
699
2009
699
2059
687
1998
694
2060
719
2053
697
2082
696
1970
692
2042
674
1980
714
2022
578
1980
704
2167
685
1967
9885
1917
659
2005
682
2077
709
2080
571
1880
704
1945
697
2108
734
2024
694
2050
687
1997
697
1962
586
2057
684
2133
699
2007
701
1654
585
2030
691
2060
689
1977
632
1905
702
1995
684
1970
697
2057
621
2038
595
1889
699
1855
704
2042
704
1952
687
1864
592
1990
701
1874
714
1914
697
1877
568
1802
717
1819
686
1373
466
1982
702
1884
694
2052
681
1882
526
2145
672
1779
697
2013
702
2109
694
1804
595
1959
719
1932
679
1977
621
1965
681
1922
681
1872
729
1977
697
1785
682
1972
647
1889
9115
1573
494
1975
619
1911
373
1887
694
1919
724
1817
667
1957
692
1942
697
2025
679
2004
669
2122
691
1952
706
2090
696
1942
687
2032
394
1839
634
1887
694
1892
696
1994
684
1789
706
2037
681
1917
696
2065
779
1741
587
1954
696
2027
706
2057
694
1864
717
2025
697
1914
642
1894
682
