1979
689
1952
383
1513
530
1799
709
1784
696
1995
682
2007
591
2017
679
1892
682
1950
702
1984
707
1930
719
1145
375
1944
572
2049
448
1874
702
2071
679
1594
699
1801
589
1769
684
2035
622
1471
539
2017
704
1997
609
1185
367
1906
619
1881
689
1792
467
2080
717
1884
518
1862
386
1895
721
1545
504
1868
714
1829
626
2147
694
1999
672
1939
686
2133
589
1866
697
1970
726
1914
697
1896
478
2029
661
2007
672
1957
694
1999
692
1915
727
1882
641
1957
697
1066
381
1675
627
1959
709
2050
694
1840
634
1337
409
1877
697
2030
694
1795
714
1882
602
2087
709
1519
499
2010
459
2014
694
1947
696
1748
616
2025
571
2010
661
1951
669
2057
682
1791
709
1878
682
1784
674
1381
468
1890
465
1967
668
2054
684
2037
699
1887
706
1986
692
2080
681
2087
684
2044
707
1789
464
2085
681
2050
700
1711
597
1985
395
2210
702
1949
700
1847
611
1897
707
1681
662
1629
456
2005
696
1602
669
1887
598
1785
658
1851
674
1845
688
1861
722
1829
697
2032
478
1405
704
1946
599
1852
697
1610
584
1860
601
2099
695
1842
569
1652
588
1645
677
1797
468
2055
682
1885
528
1970
619
1213
729
1369
470
1952
661
1975
709
1879
714
1907
709
1970
578
1961
697
1975
700
1473
697
1947
446
1885
694
1942
599
2015
720
1965
704
2085
584
1754
642
2278
639
1969
681
1899
681
1963
694
1844
393
1867
599
2092
697
2027
694
1881
566
1936
689
1957
679
1972
666
1715
702
1937
536
1983
689
2112
707
1954
669
2093
689
1935
681
1854
596
1984
695
2037
685
1906
699
1995
686
1870
386
1976
691
1962
724
1970
563
1934
694
2019
684
2007
696
2138
702
1818
665
2007
704
1877
653
1644
531
2111
561
2065
681
1985
714
2012
704
2050
681
1886
704
1925
684
2088
719
1995
694
1847
663
1970
699
1717
662
2050
685
2084
692
1962
719
1945
699
1978
690
2030
684
1857
682
2363
581
1412
502
2143
692
2065
615
2120
702
1955
654
1977
679
1173
618
2002
716
2047
686
2110
684
2037
711
1900
597
1982
553
1844
697
2082
453
2082
681
1388
409
1962
389
2027
571
2072
679
2049
534
1327
455
1262
375
2310
460
1822
724
1944
716
2045
697
1985
598
1970
684
1930
631
2027
692
1908
668
2085
591
1722
670
1994
416
1975
727
1957
681
2042
697
1912
691
1774
697
1964
694
1852
689
1937
704
1884
686
1682
684
1808
594
2018
684
2142
680
1884
707
2065
694
2085
694
2073
599
1541
574
1982
704
1931
681
2120
704
1857
681
2009
694
1799
649
2038
694
2092
711
2114
606
1962
9309
1985
710
2002
722
2075
709
2119
707
2042
687
2187
682
2010
687
2027
707
1928
607
2002
684
1705
584
2157
694
1584
594
1807
697
2133
715
1980
692
2022
612
2073
704
2295
709
2123
719
2142
697
2078
696
2301
700
2175
694
1952
704
2014
622
1997
709
1748
684
2091
597
1927
521
2082
693
1947
677
1895
705
2107
697
1870
704
2185
688
1952
694
2253
668
2000
686
2222
690
1982
706
1980
684
2129
706
1932
697
2115
684
1982
686
2037
595
2022
709
1654
707
1997
394
1985
732
1225
403
1897
687
1103
400
2002
696
1962
399
2095
684
1929
686
1921
679
2168
685
1735
707
1952
697
1871
531
1889
709
2065
692
2092
721
2009
639
1786
682
2085
652
2010
697
2137
690
2007
407
2250
690
2129
696
1876
704
1688
690
2295
686
1899
702
2024
682
1559
493
1897
668
2081
680
1897
692
2040
456
1614
538
1953
581
2160
706
1955
699
1927
556
1869
709
1248
376
1958
446
2038
696
1942
684
2135
719
1351
376
2193
697
2045
681
1744
682
1964
704
1995
697
1994
731
1887
694
1865
389
2218
682
1718
705
2004
687
1909
604
2007
711
1990
762
1879
551
2100
576
2117
706
2115
612
2009
696
1822
681
1924
704
2113
690
1977
669
2027
539
1992
707
1975
682
1870
555
1736
714
2084
694
2010
599
1829
591
1687
687
1918
565
1869
704
2107
699
1952
663
1427
540
2094
349
1977
689
2047
710
1995
691
1967
685
2158
694
2060
684
2021
568
1862
691
1755
699
1912
696
1867
711
2193
684
1989
637
2195
606
2120
687
2157
692
2313
694
2233
585
2090
405
1926
684
1937
704
2130
687
2325
553
2119
686
2155
682
2113
697
1147
582
1658
565
1978
700
2132
696
2015
699
1155
405
1773
576
2115
689
1799
614
2013
697
2135
704
2124
682
1855
652
2030
683
2143
531
1834
597
1973
549
1697
448
2130
707
1821
589
1964
689
1770
575
1937
549
2100
540
2005
684
1943
702
1852
571
2125
700
2127
697
1134
410
2048
684
2078
697
2017
629
2077
689
2138
699
1869
694
1609
686
2017
697
2002
657
2052
697
1957
586
2130
657
1989
697
2123
712
1174
393
1902
572
1992
697
2075
585
2085
662
1722
586
1957
715
1970
679
2020
711
1919
730
1952
692
1742
663
1997
700
1995
734
1902
690
2464
699
1641
397
2115
634
2235
704
1804
454
1881
710
1869
681
2158
702
2100
691
2157
739
2095
697
1844
711
2017
684
2010
704
1781
730
2037
704
2050
707
2152
710
1934
711
1977
689
2072
689
2079
519
890
682
1636
556
1925
584
1963
389
2042
704
1995
701
2049
8766
2054
516
1838
689
2085
714
2085
704
1947
690
2012
694
2252
684
2082
697
2185
573
1668
707
2052
697
1779
636
2052
689
1672
412
1960
707
2082
706
1908
599
2192
689
2105
699
2298
624
1804
694
1960
651
1930
672
2127
689
2077
552
2230
684
1982
654
1937
651
2145
682
2220
694
2148
766
1818
558
1994
546
1656
705
2017
710
2220
701
2155
702
2142
696
2024
687
2188
692
2099
694
2002
707
2128
693
2215
712
2154
692
2072
694
2135
618
2130
711
2029
692
2085
697
2125
680
1982
674
2103
705
2083
705
1967
694
2112
704
2075
687
2175
613
2222
694
2075
697
2455
702
2155
721
2052
697
2052
614
2115
687
2087
689
2012
690
2120
671
2097
681
2042
697
2102
694
2095
564
2044
694
2005
704
2084
697
2022
692
2170
699
1346
395
1995
697
1831
583
2107
639
2213
695
2183
742
2012
9071
2005
700
2127
589
2065
684
2095
707
2065
687
2189
686
2197
681
2117
632
2102
684
2306
690
2245
691
2019
706
2198
694
2067
701
2120
694
2065
689
2012
695
1852
684
2135
691
1690
520
2040
702
2137
684
2000
696
1987
697
2130
694
2070
684
1946
715
2125
697
1845
670
1977
732
2140
682
2047
556
2143
687
1655
589
1882
684
1577
556
1997
691
2009
692
1616
582
1787
501
1980
679
2057
712
2065
665
1520
466
1832
571
2115
699
2183
700
2115
694
2142
584
2077
611
1953
691
1974
369
2077
697
2037
706
2088
682
2152
674
2157
682
1997
644
1949
697
2077
702
1267
721
2122
696
2032
694
2135
694
1972
681
1851
697
2102
697
2067
694
2090
697
2185
714
2115
682
1811
604
1942
382
1746
673
2084
681
1812
699
2430
682
1623
505
2057
689
2137
682
2095
724
1992
697
2093
682
2073
653
1704
545
2125
686
2048
707
2070
664
2118
681
2125
694
2130
697
1928
735
1333
679
2180
692
2117
590
1451
702
2265
694
2127
694
2200
691
1886
694
2101
710
1836
558
2081
697
2250
694
1722
682
2163
696
1927
665
2050
656
2348
689
2027
694
2037
709
2159
693
2128
597
2033
587
2094
696
2097
696
2082
707
2175
702
1613
710
1336
704
1910
559
2576
734
1711
526
2198
696
2125
679
1200
687
2168
696
2128
697
2067
578
2175
719
1974
567
1960
660
2152
597
2218
450
2067
693
2143
558
1947
701
2022
700
2122
466
2057
694
2302
9296
2010
708
2007
707
2153
707
2095
703
2112
697
2064
697
2147
704
2153
530
2033
700
2153
479
1880
627
2048
689
2154
707
1855
702
2263
665
2177
695
2182
689
2138
584
2105
706
1980
684
2191
712
2097
531
2027
373
2034
684
2142
697
2423
709
1761
662
2218
695
1972
676
1937
694
1982
616
2058
591
2070
704
1957
679
1975
651
1925
592
2052
719
2148
697
1706
736
1855
681
1869
591
2163
680
1979
697
2077
694
1970
696
2070
543
1952
707
2114
684
2255
704
2080
692
1928
744
2062
701
2133
677
1930
9163
1839
694
1926
639
1867
706
1686
581
1980
553
2037
331
1983
510
1959
591
1880
697
2047
577
2062
616
2054
706
2079
668
2013
689
2228
689
1866
595
2078
697
1859
709
1921
581
1884
595
1742
629
1990
687
1884
709
2030
694
2015
701
1940
697
1842
599
1895
499
2052
701
2150
701
2020
717
1884
540
2009
622
1795
690
1877
709
1965
694
1965
691
1926
595
2102
677
1852
699
1872
612
1740
546
1949
684
1960
699
1694
595
2145
684
2015
694
1953
682
2042
690
1848
697
1944
704
1982
694
2070
724
1990
729
2203
694
1887
575
1922
697
2045
699
1942
528
2045
712
1718
568
1947
712
1940
691
2000
585
2012
694
1821
727
2130
700
2065
697
1945
697
1982
697
1829
695
2057
537
1952
697
1980
712
2043
682
1874
716
1617
565
1930
493
1970
696
1975
697
1837
699
2047
704
1597
692
1794
576
2035
692
1965
699
2080
687
1985
704
990
309
1929
687
2047
696
1838
714
1974
704
1952
681
1887
697
2114
700
2396
694
2095
681
1912
577
2020
705
2044
714
1995
584
2075
696
2015
682
1955
694
1932
575
1849
697
2152
714
1897
684
2084
592
2044
681
2030
695
1767
672
1910
696
1922
691
1917
464
1972
680
2012
704
1968
700
2027
695
1977
695
2195
704
2027
707
2125
714
2128
662
1621
702
2122
694
1972
614
2237
636
2143
681
1922
707
1619
497
1867
693
1989
684
1959
696
1911
696
1882
697
2343
676
2067
664
2047
699
1899
613
1830
601
2118
682
1949
682
1690
693
1921
684
1862
613
2150
709
1969
692
1909
702
2027
704
1928
571
2017
701
2228
702
1882
7842
1936
681
1859
587
2017
702
1991
709
1959
676
1782
697
1787
592
1915
596
1448
518
1979
687
2132
681
1882
642
1950
523
1383
482
1880
699
1046
392
1992
583
2117
682
2082
684
2168
696
2155
697
1769
589
1914
576
1040
391
1097
418
2087
609
2049
684
1922
584
2023
697
1936
684
1825
587
1869
724
1937
700
1876
706
1902
692
2195
688
1982
593
1674
571
1822
685
1875
696
2122
681
1964
711
2020
8437
2070
682
1904
684
1879
710
1874
539
1845
697
2022
692
1829
684
1688
571
1937
407
1813
646
2188
684
1979
712
2223
707
2007
740
2092
669
1957
696
2231
697
1762
663
2033
716
1799
515
1975
454
2142
646
1874
692
