1606
707
1753
382
1882
712
1879
740
1810
696
1902
593
2024
712
1889
701
1922
780
1934
682
1949
534
1362
446
1927
696
1902
696
2103
665
1867
694
1866
707
1789
694
1824
681
1822
692
1859
686
1994
696
1925
581
2055
707
1882
696
1972
694
1895
689
1962
474
2009
787
1827
694
1940
692
1395
517
1882
671
1821
694
1822
697
1982
712
2053
709
1954
707
1665
599
1511
558
1702
563
1495
707
1902
682
1979
695
1837
681
1972
696
1920
674
1840
463
1895
712
2060
553
1834
702
1959
685
1974
684
1949
691
2250
704
1884
407
2240
704
2063
695
1884
681
1955
639
1957
749
2105
494
2297
697
1972
681
1324
461
1947
553
1970
692
1933
474
1882
712
1895
682
1915
697
1919
619
1211
407
1886
455
1867
694
2073
682
1960
712
2097
698
1892
717
1814
694
1969
651
1997
697
2097
696
1292
704
1894
655
2120
707
1924
707
1860
619
1955
674
2027
679
2047
684
2054
702
2030
684
2132
689
2007
717
1653
669
1889
681
1889
629
1771
682
1562
674
2057
696
2025
717
1849
421
1787
693
2060
686
1811
501
1869
667
1939
675
1706
553
1970
674
2029
10226
2037
679
1827
461
1900
701
1557
568
2007
679
1148
408
1682
585
1851
642
1892
701
1877
694
1867
639
1972
585
2142
422
2063
9151
1372
454
2032
658
963
608
2047
727
1880
624
2012
674
1908
596
1929
672
2027
660
1872
706
1923
681
1942
515
1781
334
1793
574
2085
699
2070
692
1978
710
1910
685
1890
712
2237
697
2032
679
1640
672
1964
702
2014
684
2065
696
1709
676
2065
696
1814
689
1104
396
1932
678
2037
681
2113
692
1914
681
2031
706
1970
563
2035
684
2089
547
1677
558
2042
9437
2064
654
2055
601
1842
585
1960
684
2092
667
2050
629
2065
687
2055
682
1927
681
1981
687
1877
711
2137
672
2015
9146
1957
677
2072
677
2208
707
1874
694
1962
687
1769
593
1964
689
1874
476
2055
691
1962
604
1894
709
2014
682
2089
542
2062
700
2078
687
2288
697
1965
501
1947
707
1969
379
2061
710
2077
699
2013
702
2050
587
1008
384
1737
594
1784
660
1862
604
1970
598
2067
667
1844
714
1782
589
2089
8560
2032
697
1860
464
2002
380
2250
707
2058
707
1920
700
1444
406
1907
691
2038
683
2055
599
2045
691
1861
694
2157
695
2225
694
2027
443
1944
689
1964
567
2137
684
1861
695
1876
694
1772
697
1788
706
2068
656
1977
684
1932
709
2022
603
1751
543
2072
714
1974
621
1555
498
2115
714
2093
714
1615
521
1948
691
1869
700
2090
658
1099
397
2045
697
1917
684
1766
505
2017
709
1604
679
1812
699
1982
659
1876
704
2039
687
2085
686
1879
619
2037
697
1688
717
1947
687
2207
665
1932
697
947
307
2045
682
2054
672
1907
547
1987
699
1997
625
1997
709
2008
697
1917
694
1995
625
1714
598
2100
593
2050
658
1861
684
1614
686
1857
702
2095
696
2002
697
2265
697
1962
561
1574
572
1391
465
1595
504
1280
699
2014
698
1481
527
2128
701
1962
696
1952
612
2476
717
2113
472
2031
628
1999
681
1781
699
2045
680
2097
694
2133
682
2130
632
1975
704
2020
407
1849
729
1243
546
1997
681
2095
644
2145
700
1679
546
1914
655
1874
704
2258
711
1939
697
1954
693
1902
707
1987
694
1955
704
2010
719
1196
390
2082
655
2117
681
2095
671
2012
709
1931
540
1237
669
1846
598
2160
709
2029
704
2007
597
2024
699
2078
679
1891
701
1939
717
1892
697
1947
699
1954
689
2035
711
1892
694
1977
697
1955
710
1862
706
1997
697
2112
687
2042
682
2173
560
1126
398
2203
682
1706
696
2137
694
2002
724
1904
696
2127
689
1985
704
1862
689
2028
719
1877
689
1945
714
1708
595
1680
585
1962
704
1939
731
1964
581
2037
546
2039
576
2130
530
1800
692
2057
9006
2017
694
1894
704
1996
688
2064
706
2025
534
2022
657
2049
719
2027
694
2092
682
2010
696
1667
584
1950
712
1945
616
1929
690
1974
676
1967
704
2273
691
1682
584
1899
503
2148
338
1866
593
2250
707
1465
687
2048
692
1949
689
2049
691
1140
385
2012
689
1710
540
2282
701
1980
697
1521
594
1944
573
1686
739
2127
680
1987
709
1961
597
2155
684
1972
681
2230
710
2155
674
2070
698
2127
686
2151
699
1855
682
2137
697
2083
681
2027
658
2102
501
2105
608
1964
684
2072
716
1971
659
2248
701
2052
696
1279
461
1978
690
2025
594
1582
506
1682
517
1759
697
2060
682
2128
706
1869
686
2160
656
2062
697
2085
690
2115
604
1837
694
2268
692
2078
697
2049
711
2064
642
1661
707
2080
602
2050
694
1997
709
2087
689
2115
736
2060
697
2170
569
2263
653
1718
464
2044
682
2095
691
2248
535
1957
597
1671
489
2025
687
1260
421
2002
702
2023
707
1974
690
1922
462
2035
691
1994
697
1102
351
1844
714
2010
694
1949
719
2064
695
1854
464
2092
579
1937
686
1985
734
2050
685
2097
714
2050
582
1942
712
1644
560
2032
682
1759
614
2150
699
2020
674
1819
687
1504
516
2150
705
1888
682
2245
689
2050
499
2168
706
2097
709
2050
684
1787
574
1914
689
1963
689
1859
597
2090
722
2017
676
2218
691
2055
407
2028
687
1977
694
1939
582
1847
656
2072
704
2111
589
2207
697
2137
702
2019
681
2014
699
1929
717
2263
554
2185
574
1937
696
1905
710
2147
710
1810
711
1975
694
2040
581
1942
696
1842
590
2133
724
2020
599
2173
707
1829
646
1851
672
2203
679
1649
557
2059
646
2085
684
1596
595
1975
709
2128
706
2098
696
1960
555
2155
667
2185
697
2142
696
1750
593
1733
704
2074
727
2113
589
2100
680
2112
697
2025
510
1889
692
2225
697
1776
709
2301
706
2062
704
2088
684
1577
499
2032
692
1957
701
2115
724
2049
708
1882
587
2102
647
2252
701
2139
699
2110
707
2032
679
2242
679
2243
709
2170
687
1331
401
2111
701
2075
684
2115
696
2045
709
2052
699
2153
712
2123
696
2030
616
2007
711
2037
697
1972
697
2117
697
2055
697
2068
680
2177
689
2118
683
2025
692
2112
687
2193
712
2135
483
1745
684
2027
696
2145
694
2097
702
2172
712
2045
697
2067
682
2070
697
2132
639
2055
725
1935
694
2069
697
2073
711
1980
682
1744
686
2168
669
2153
694
2043
597
2150
679
1979
506
2044
697
2062
717
2112
697
1932
697
2026
730
2158
686
2227
686
1994
681
1836
697
1936
644
1869
591
2322
696
2125
608
1934
681
1116
729
1874
696
1864
681
1927
694
1949
701
2014
709
1927
575
1451
709
1895
679
2010
720
2100
579
2163
8053
1716
685
1321
401
2140
638
2074
697
2165
669
2155
697
1627
552
2049
694
2027
706
2012
597
2120
575
2044
707
2015
624
2285
697
1949
699
2130
707
2130
682
2111
687
2023
700
2007
601
2243
530
2228
699
2130
720
2145
695
2037
709
2002
681
2095
611
992
391
1929
559
1467
688
1902
697
1905
697
2175
724
1879
439
2102
709
2049
704
1895
571
2439
682
2202
670
1992
546
2430
691
2135
729
1589
457
1985
619
1431
471
2172
684
1984
682
1950
9745
1642
479
1997
731
2167
8880
2202
684
1710
426
2122
585
1884
592
1959
712
2075
487
2153
686
2013
619
2258
621
2052
678
2064
627
1924
582
2177
681
2235
699
2072
679
2100
711
2100
697
1231
395
2024
696
2215
687
1541
704
2226
691
1975
704
2032
706
2067
542
25661
681
2173
699
2250
682
2380
700
2047
679
1239
404
2192
692
2092
535
2185
699
2074
711
2000
699
1824
585
1849
520
2081
704
2102
704
1892
692
1915
553
2200
684
2110
697
2217
692
2145
689
22903
697
2130
696
2032
690
2293
682
2240
696
2115
689
2420
533
2074
702
1816
593
2079
709
2150
606
2047
642
1966
689
1744
532
2032
699
2173
692
13122
681
2085
689
1890
687
2112
694
2147
8765
1102
402
2125
692
2260
561
2092
684
2155
694
2050
586
1889
727
1912
629
2198
597
1722
597
2082
709
2239
689
2027
702
1129
744
1905
695
2226
687
1829
674
2052
701
1917
588
2007
707
2320
696
2223
708
1969
704
2032
701
2097
707
1908
706
2257
686
1947
689
1935
680
1986
556
2095
684
1974
659
1979
712
2020
618
1495
714
1732
595
2060
697
1321
389
2193
709
1815
582
1882
709
2213
689
1892
556
1954
682
1977
672
1974
537
1967
687
1899
685
2049
697
1847
688
1992
684
1881
704
1836
527
2042
685
1997
694
2135
684
1907
718
1975
704
1964
694
2045
516
1890
682
1962
709
1966
694
1794
701
1892
665
1909
719
1929
699
1921
706
1987
691
2048
699
1987
706
1882
704
1984
694
1949
697
1924
682
1999
684
1844
682
2032
704
1087
403
1897
712
1965
687
2132
689
2042
689
2133
709
1907
561
1895
696
2072
681
2027
686
1607
570
1964
702
1998
532
1971
702
1902
664
2105
635
1935
593
2028
597
2047
641
1961
687
2077
682
2023
617
1982
609
1972
697
2380
707
1949
402
1449
527
1845
681
1992
600
1970
696
2132
679
2055
508
2040
585
2040
699
1867
710
1972
688
1606
689
1817
685
2075
699
2018
684
2009
627
1922
700
977
294
1947
696
1942
679
1937
699
2002
692
1969
682
2373
698
1949
717
2032
707
1971
687
2080
611
1915
569
2077
682
1990
689
2093
699
2215
694
2005
712
2278
521
1969
684
1912
614
1990
692
2135
701
2062
694
2077
684
1880
634
1768
692
2068
694
2012
654
1917
701
2012
694
1643
709
1889
710
2083
625
2044
668
2015
696
1993
707
2012
704
1947
695
2032
697
1711
587
2222
634
1875
694
2000
691
1598
597
1887
630
2019
682
1952
599
2085
696
2039
696
1939
678
2405
594
1987
702
1832
541
2035
790
2058
696
1673
589
1736
687
1987
681
1964
578
1894
674
2040
692
1970
686
1837
689
1997
580
1997
563
1829
623
1947
707
2150
686
1947
709
1892
696
1952
694
1909
687
1935
599
1949
617
1978
542
1926
412
2020
707
2190
604
2087
694
1807
586
1829
689
2127
704
1972
681
1638
499
1962
591
2127
699
2065
676
2202
699
1794
591
1952
692
1947
399
1982
406
1960
702
1977
704
1922
696
1924
714
1957
674
2027
595
1841
594
2047
574
2027
693
2052
673
1871
702
1971
692
1728
572
1834
696
2025
709
2041
525
2114
725
1857
587
1894
702
1769
544
1930
679
2193
593
1985
659
1917
688
2080
694
1945
593
2035
697
1929
709
2130
679
1957
710
2099
689
1869
637
2029
688
2035
687
2012
681
2117
654
1729
660
2298
594
2027
686
2075
704
1852
727
