2105
636
2089
479
2035
749
1625
679
1789
521
1972
336
1879
580
1821
686
1922
694
1970
699
2238
722
1374
438
1975
675
1682
489
1287
677
2105
694
1907
688
1962
702
1937
696
2050
691
2050
684
1917
697
2038
726
1982
727
1970
543
1887
682
1999
682
1892
508
1958
697
1965
682
1955
686
1969
444
1895
676
1762
689
1569
625
1638
476
1978
714
1768
586
1799
495
1530
705
1999
697
1982
644
1953
699
2095
696
1947
572
1608
556
1591
667
1884
461
1897
687
2055
700
1897
704
2120
687
1511
518
1919
732
1932
684
1764
584
1919
694
2027
682
1947
691
1927
708
2062
689
1683
455
2017
699
2024
423
1834
435
1964
694
2022
701
1389
694
1945
681
1659
599
1985
697
1980
669
1826
461
1209
473
2020
652
2062
696
2044
681
2097
702
1060
709
1872
463
1965
700
1969
686
1627
682
2010
688
1997
9096
2099
709
1693
574
1945
393
1616
600
2065
702
2020
585
1872
597
2035
682
2147
686
1874
699
1997
694
2122
694
1952
684
1934
696
2020
727
2002
731
1711
699
2080
595
1894
702
1932
701
2082
681
1884
586
1957
681
1975
697
1867
708
1990
692
2064
697
1879
466
1499
679
1824
686
1752
643
1927
696
1940
555
1967
607
1398
520
1967
685
1912
684
1929
697
2037
708
2137
694
1912
447
2050
670
1869
697
1924
687
1962
671
1872
689
2045
689
1922
694
2069
682
1872
697
2035
697
2090
691
1885
386
2035
696
2065
682
1961
694
2102
722
1079
382
1854
681
2005
679
2017
704
1732
706
1993
704
1892
461
2025
682
2077
706
1814
702
1916
692
1959
391
1934
659
1883
684
2072
686
2201
630
2018
609
1905
681
1993
682
2095
684
1902
684
1970
682
2045
729
1984
696
1599
574
2222
682
1884
656
2007
704
2000
549
1946
352
1914
709
2110
684
1866
697
1927
631
2030
596
1914
672
2034
709
1857
682
2087
719
1929
692
1927
710
1992
697
1767
693
1899
696
2005
702
2085
694
2000
695
2177
530
2343
527
2037
729
2043
682
2195
585
2045
510
2025
672
1884
609
2012
697
1962
666
2108
693
1079
677
2090
694
1892
739
1882
697
1912
662
2005
536
2045
606
2010
679
1768
716
1992
696
1599
526
1667
686
2258
824
2050
695
2012
561
1777
504
1957
707
2188
681
1880
712
2017
680
2074
697
2012
517
2077
684
1983
468
1915
679
2050
697
2085
639
2082
617
1894
699
1928
684
1107
691
2009
588
1849
604
1972
702
1917
577
1976
597
1962
694
2034
681
1997
518
2069
712
2055
681
2090
565
2050
681
2020
687
1939
707
2070
734
1190
375
2047
624
1889
702
2145
699
1876
707
1995
510
1995
700
1915
612
1967
699
2068
697
1879
646
2055
689
1796
691
2032
700
2025
712
2077
679
1198
313
2112
712
1965
706
1962
707
1951
688
2019
660
1771
584
2080
709
1111
711
2065
689
2087
684
1914
712
2100
701
2162
464
1856
532
1950
704
2117
727
1909
696
1527
691
1693
404
2030
689
1821
722
2092
701
1302
393
1940
651
2007
679
2052
696
2039
533
2052
726
2027
603
1210
467
1919
692
2062
680
2059
704
2343
686
1967
710
2075
697
1244
664
2113
455
1857
585
1607
600
2107
690
1967
694
2010
709
2005
696
1056
701
2285
637
1967
519
1660
679
2078
666
2065
702
1964
462
1962
689
1960
682
1870
697
1191
691
2000
696
2127
702
1652
704
1638
694
2283
553
1939
397
1703
706
2045
707
2002
689
2094
706
2008
687
1650
707
1925
699
1945
531
1910
684
1835
696
1840
614
2060
641
2060
714
2122
672
1932
697
1902
694
2012
621
1874
679
1957
689
1951
706
1844
704
2002
712
1939
697
2168
682
1937
699
2005
719
1877
702
1961
714
1925
699
2009
591
1919
704
1868
704
2045
699
2012
687
1912
642
1518
570
1966
571
2007
489
2135
699
1967
587
1586
592
1936
586
2075
684
2062
692
2022
687
1907
704
1967
523
2063
653
1957
559
2134
682
2065
684
2094
585
2120
666
2039
696
2002
539
2095
689
2245
594
1927
671
1971
639
1684
653
1942
554
1945
699
2095
9061
1975
682
2052
692
1607
705
2037
702
2132
699
1419
924
1807
528
1733
576
1363
398
2148
694
2067
617
1962
694
1945
696
2100
682
2112
709
2027
703
2010
695
1268
709
2112
561
2155
586
1972
694
1992
689
1667
537
1972
574
2113
585
2005
593
1879
699
1859
534
1927
665
2348
681
2163
634
1963
649
2049
694
2045
672
2241
614
1948
704
1976
658
2030
661
1742
525
2048
586
1997
712
2120
704
2243
589
1977
711
1650
8339
2119
568
1303
410
1997
555
1917
692
2125
719
2148
707
1909
696
2103
684
2003
649
2075
696
2172
704
1706
700
1943
641
2153
682
1547
569
2039
704
1932
704
1907
694
2117
716
2137
588
1937
721
1969
704
2102
677
2125
681
2117
707
2058
443
2075
681
1979
684
2047
667
2095
709
1016
697
2012
689
1932
714
2347
401
2115
715
2061
580
2057
684
1877
706
1836
527
2057
679
2148
694
2092
344
2062
688
1987
696
1881
697
2051
626
2098
709
1909
689
1949
701
2064
507
2072
697
2137
709
2082
689
2110
682
1997
513
2152
690
2083
696
2095
587
2087
691
2033
679
2035
697
2063
696
2300
589
2282
689
2073
682
1932
514
2014
656
2228
536
1887
694
2132
692
2039
697
2015
712
1257
496
2225
630
2044
697
2039
694
2015
688
1750
583
1684
714
2002
533
2030
711
2010
608
2044
697
2073
704
2065
716
2263
593
2090
578
2112
709
1892
707
1904
705
2009
687
2263
684
2163
682
2218
625
1996
572
1640
548
2017
629
1964
699
1972
531
2061
673
2055
707
2202
684
2105
694
1671
687
2113
689
2446
691
2003
704
2087
689
2087
695
1918
512
2014
709
2070
707
2118
677
2022
708
2090
578
2185
706
1561
531
1940
661
1627
686
2125
704
2120
692
1758
590
2053
697
2010
689
2080
694
2428
682
2160
704
2107
747
1364
688
2050
694
1239
395
2090
688
1941
591
2053
697
2088
701
2078
701
2077
690
1849
574
2102
704
2260
707
2350
707
1877
594
2139
694
1305
411
2017
686
1990
705
1744
456
2089
707
2117
710
2009
682
2075
656
2128
587
2067
701
2055
712
2098
682
2078
699
2187
679
2130
714
2130
704
2012
712
2122
582
1997
697
1785
551
1475
462
1722
381
2137
590
2105
694
2165
697
1942
736
2085
694
2115
510
2111
712
1959
694
2285
689
1955
694
2010
690
2032
694
2157
697
1969
696
1999
699
1757
595
1887
722
1940
697
2110
717
2195
589
2004
475
1898
704
1969
697
2047
692
1818
681
1909
719
1994
696
2047
452
2020
696
2066
681
1857
557
1929
710
1957
694
2198
404
2120
697
1717
697
2030
639
2305
668
2015
671
2067
706
1721
556
2005
674
2345
689
2077
727
2015
672
2218
679
2027
710
2057
696
2087
707
2085
587
2185
682
2010
712
2080
684
2057
686
2082
709
2110
696
1996
712
2328
707
2042
547
2055
686
1960
711
2029
697
1585
548
1985
685
2125
692
2019
453
1220
399
2090
707
2045
531
2240
684
2185
711
2212
679
2127
716
1935
696
1598
461
2240
539
2223
689
2130
684
2098
681
2031
663
2097
695
2220
749
2030
689
2072
694
2040
679
2063
537
2057
694
1987
702
2097
696
2162
484
2318
706
1935
529
2190
697
2039
595
1764
604
2165
584
1768
699
2054
674
2219
707
2137
679
2095
388
2057
698
2119
583
1952
568
2265
687
1874
702
1964
734
1985
593
2130
702
2097
461
2140
696
2120
714
2140
696
1985
398
2067
686
1661
688
2197
342
2102
696
1937
559
1802
597
1625
531
2050
617
2020
699
2010
616
2084
582
2062
694
2080
670
1802
684
2062
692
2418
707
2140
709
2079
696
1745
559
2157
696
2280
689
2187
692
2067
694
1834
690
2147
684
2203
684
2052
557
2082
699
2183
687
2079
684
1962
535
1994
706
2095
642
2065
701
1967
714
2260
704
2072
398
2125
547
2070
484
2125
691
2143
719
2129
692
1830
697
1939
805
2221
692
2132
599
1988
656
2037
694
1950
712
1162
683
2338
709
2042
697
1982
698
1972
689
2100
684
1849
697
1917
694
2245
691
1874
697
2085
690
2111
702
2055
684
1960
724
1894
692
1879
697
1950
542
1960
702
1944
576
1908
704
2071
618
1075
384
2015
578
1902
704
1261
394
1818
611
1997
696
2070
683
2098
692
1970
707
2047
660
2057
699
1956
721
2021
694
2060
757
1990
684
1971
631
1967
707
1922
697
1902
687
2002
661
1959
686
2045
692
2054
709
1675
593
1927
696
1981
704
1862
699
1969
732
1902
695
1808
689
1924
706
1889
524
1839
694
1975
709
1949
704
2128
619
2040
579
1859
689
2007
694
2005
679
1990
697
2009
682
1919
697
2090
696
1972
398
1962
681
1976
684
2063
721
2060
681
2081
694
2055
690
2014
706
1975
697
1608
580
1727
572
1976
612
1849
660
1901
592
2052
709
1181
695
1754
689
1887
682
1790
681
1821
629
2000
696
1854
704
2047
684
2019
706
1877
701
2141
397
1944
540
1782
707
2237
692
1693
724
2128
679
1970
592
1717
587
1991
681
1822
686
1568
547
1934
702
1994
682
2112
534
1594
532
1840
568
1950
516
1029
311
1999
696
1942
8951
2059
681
1694
574
1796
571
1980
573
2090
9389
2079
709
1967
696
1872
697
1622
483
1677
558
1998
702
2022
684
1340
421
2030
689
1984
8466
1874
711
1944
692
2165
694
1960
576
1956
609
2147
721
2000
694
1957
8803
2032
694
1759
526
1912
682
1608
573
2050
707
1519
699
1895
706
1678
584
2142
693
1902
764
2032
742
1897
704
2012
737
1960
711
1526
521
1867
657
2009
627
2052
560
2103
699
1934
574
2256
697
2108
586
1917
596
1977
701
1952
587
1924
694
1987
702
1952
734
2052
695
1914
684
1752
707
1942
702
1964
714
2095
692
1979
715
2308
684
2000
704
1900
682
2030
687
1926
9607
2069
707
1962
662
1987
710
2150
727
1962
707
1955
589
1662
581
2105
707
1886
639
1298
402
2074
682
2034
712
1975
697
1964
697
1904
689
2002
528
1880
697
2035
696
1669
687
2038
684
1654
513
2073
704
1528
596
1937
709
2067
697
1641
335
1824
662
2043
699
1922
8746
1804
711
1877
696
1874
669
1822
406
1917
657
2015
634
2080
704
2090
498
2155
691
1934
576
1839
611
2135
709
1969
709
1677
642
1972
696
2000
702
1933
697
1449
518
1957
684
2000
597
1884
594
1879
708
1802
499
2040
696
2072
684
2085
681
2070
515
2160
704
1872
712
2140
697
1959
684
1794
584
1885
694
1802
696
1949
684
1751
499
2067
661
2057
696
