320
308
324
338
349
210
289
280
306
311
308
313
212
229
328
310
326
305
398
275
310
247
226
295
356
273
419
326
260
333
336
296
353
299
323
186
513
323
304
326
334
328
386
320
374
310
323
326
321
215
201
298
384
227
171
171
329
299
279
341
294
328
323
329
313
303
246
174
299
311
360
311
278
313
271
250
199
179
239
300
301
327
313
237
276
262
256
313
336
321
356
313
319
173
328
315
189
95
258
220
178
249
250
261
200
117
164
138
355
311
333
278
227
209
311
328
337
130
188
338
275
225
289
326
378
256
335
325
314
247
363
313
341
248
262
348
308
172
274
310
301
222
262
197
210
300
267
149
289
157
321
170
198
208
221
311
227
310
314
311
448
335
323
164
266
285
249
160
311
171
253
323
238
331
324
238
274
333
318
269
237
296
280
216
349
228
373
313
376
276
335
211
317
311
235
311
284
310
201
138
178
159
333
296
197
187
180
178
321
311
205
324
329
331
325
265
361
323
341
249
312
295
286
323
346
304
326
325
268
261
371
313
282
300
321
325
366
293
381
251
219
172
223
188
401
311
189
181
326
313
335
257
224
195
258
310
403
353
175
313
354
239
341
306
185
177
354
137
184
169
283
323
346
323
247
311
361
335
474
258
383
310
340
275
306
120
425
298
291
217
315
289
216
217
301
265
295
239
483
311
213
325
326
357
326
298
401
313
355
328
290
338
326
296
204
336
368
272
313
311
368
278
561
248
379
297
323
298
219
326
403
139
184
311
269
323
330
321
341
298
601
311
311
304
376
333
328
194
326
318
436
310
315
326
293
228
326
298
414
229
334
301
331
314
200
186
274
200
389
311
321
284
351
298
305
325
221
323
359
308
394
313
214
311
316
291
391
298
287
161
182
298
323
314
340
209
233
313
334
311
315
295
237
313
295
301
308
334
376
318
244
318
313
298
303
329
303
298
284
214
406
320
333
219
368
313
336
209
287
311
187
323
301
157
373
311
269
326
370
319
354
241
321
311
221
228
343
310
361
301
318
184
329
207
338
313
324
169
827
199
327
265
227
203
373
313
336
313
196
133
284
206
313
295
576
310
230
356
323
308
348
311
351
326
293
314
311
290
346
313
341
346
243
200
244
328
298
366
348
316
348
314
312
279
229
301
237
303
318
306
324
298
323
311
227
301
206
325
322
228
198
311
239
298
376
311
300
298
229
126
345
329
252
326
339
314
318
329
345
249
349
301
317
310
383
231
270
299
212
298
329
311
321
323
168
108
302
202
300
319
358
311
281
299
306
296
346
275
351
298
624
251
241
299
305
326
401
311
364
231
279
255
216
181
192
235
285
137
309
323
307
183
301
311
261
311
328
311
349
313
594
326
395
326
316
351
311
316
376
311
331
311
293
240
321
310
527
311
215
313
168
153
354
209
333
291
338
311
391
339
426
313
288
323
351
311
291
236
224
325
262
185
288
325
323
311
308
301
328
308
313
208
247
311
210
201
321
326
193
187
191
301
318
336
388
313
259
270
327
334
262
147
269
323
265
313
350
313
213
192
371
222
252
311
604
323
173
128
343
209
233
333
314
324
333
243
343
260
373
192
253
311
388
318
303
215
285
320
234
323
272
310
271
237
229
130
250
237
380
298
285
313
316
288
356
220
222
301
326
291
320
329
341
298
310
191
326
290
330
318
353
316
316
237
242
169
295
311
326
321
210
171
300
235
422
182
368
323
316
313
304
313
264
298
351
298
361
295
301
296
358
208
350
251
386
311
381
326
330
298
353
316
373
313
310
126
336
306
349
313
318
328
328
310
323
356
301
323
398
318
325
190
341
262
231
150
321
298
227
209
319
323
355
288
281
341
257
325
341
278
358
326
303
218
284
315
361
235
375
261
326
303
315
248
336
303
278
310
361
320
298
308
363
314
318
338
353
311
301
311
348
328
327
161
310
304
329
266
323
301
353
262
273
326
377
306
394
180
560
194
301
298
336
315
389
313
256
226
249
212
356
333
361
326
346
299
298
311
221
252
346
326
494
133
328
281
349
311
270
313
236
324
331
301
275
311
314
209
263
206
371
241
262
230
260
326
298
228
376
301
270
285
369
154
314
291
281
318
269
198
341
248
337
301
333
310
348
317
188
143
323
264
231
320
351
255
280
296
349
212
338
323
275
239
319
338
258
323
247
239
189
122
157
151
205
129
319
310
349
313
240
316
252
234
325
311
188
159
270
277
318
310
371
316
265
311
309
311
333
349
191
152
294
272
350
313
306
301
348
326
323
190
313
170
298
311
381
326
298
311
359
262
247
298
331
253
360
276
298
300
302
298
245
300
293
249
321
272
368
319
729
333
310
295
310
305
284
223
323
314
257
323
334
324
308
336
376
313
388
274
295
209
324
325
311
326
272
341
341
129
356
326
351
217
281
222
378
311
331
323
408
313
354
215
313
235
220
323
498
310
311
274
341
313
277
311
184
148
284
310
381
264
305
298
350
244
328
327
315
285
197
151
313
339
309
323
316
324
363
237
235
145
253
299
295
132
323
311
316
311
316
303
393
353
315
311
179
153
341
248
331
338
349
200
319
248
376
323
344
295
262
290
354
304
354
262
351
224
335
262
181
310
489
310
319
311
309
299
348
248
380
301
213
304
349
341
321
291
339
274
298
310
346
186
258
242
311
313
316
331
363
330
346
313
315
218
257
311
328
230
449
226
350
313
351
308
295
295
354
310
269
264
212
296
351
320
239
169
406
338
343
248
300
279
381
313
318
258
326
311
336
325
240
235
331
290
333
183
329
298
360
298
236
222
251
240
308
311
197
261
356
176
324
326
349
311
353
315
321
215
310
333
283
314
326
308
790
310
311
323
342
261
350
283
341
318
277
313
360
323
274
328
336
161
296
261
401
313
177
313
308
325
323
298
381
311
348
311
368
323
323
323
363
311
391
351
356
346
311
311
313
296
384
298
349
264
343
328
348
221
216
308
546
310
343
313
336
173
533
326
285
311
272
255
276
314
284
303
309
295
285
301
318
273
338
238
203
326
327
336
346
339
345
310
222
171
351
313
237
304
323
164
356
310
234
226
298
306
346
248
358
203
268
295
426
323
319
311
311
247
311
325
314
258
364
301
259
303
313
331
258
301
313
326
414
263
336
323
407
194
320
166
304
253
207
311
311
328
311
281
288
325
343
323
294
197
244
226
341
261
318
237
341
219
298
274
270
328
298
301
309
247
291
180
344
232
359
311
341
192
321
326
350
306
318
311
399
311
298
325
333
311
302
325
370
217
365
324
390
308
335
251
302
236
309
350
336
321
326
211
323
325
308
311
333
320
369
314
243
313
215
158
351
249
325
299
271
253
323
316
251
310
373
313
346
298
331
187
333
237
361
311
343
334
313
215
377
195
221
154
322
325
249
262
314
285
189
197
323
306
361
237
348
187
333
311
391
334
276
321
333
209
319
297
333
311
359
313
185
311
471
310
213
310
359
326
198
251
331
308
319
227
290
326
594
325
346
325
316
298
363
310
306
323
338
187
214
326
212
318
346
323
314
311
308
311
253
328
211
310
328
297
273
308
179
298
306
323
253
313
167
98
313
310
298
306
248
171
270
232
461
351
354
301
216
98
280
311
350
311
303
325
205
313
204
136
216
328
338
310
282
311
316
324
285
296
318
298
331
364
308
183
291
298
246
209
263
298
331
259
331
313
263
311
326
168
206
313
373
315
315
310
413
151
126
197
237
301
291
336
250
226
230
102
225
178
189
204
324
323
346
311
251
262
501
324
355
311
338
263
196
241
308
281
186
183
313
308
215
132
325
326
353
315
273
249
224
298
495
298
313
310
205
311
371
311
326
191
241
318
349
321
374
320
203
313
288
314
343
311
363
298
163
208
292
348
244
248
246
228
328
323
190
206
338
311
296
310
360
325
263
210
231
323
315
174
268
311
341
327
210
261
361
305
202
249
299
321
335
310
379
313
356
305
348
253
241
333
285
192
391
261
263
171
312
186
283
165
333
311
257
311
241
310
181
298
230
334
247
313
223
318
345
114
356
339
224
310
350
298
357
258
326
311
271
218
270
258
350
320
236
194
355
186
381
209
383
325
309
326
359
228
334
227
185
328
316
324
321
313
226
202
304
311
573
266
234
248
346
333
261
265
348
323
326
262
278
313
374
311
164
237
248
216
267
310
234
295
340
303
378
311
363
245
328
208
323
311
207
187
313
311
332
321
318
296
492
209
343
238
193
194
361
333
121
135
238
328
368
283
296
258
328
326
252
286
303
323
216
253
299
311
224
313
239
296
158
301
353
239
339
310
355
313
304
251
303
298
298
215
326
299
261
259
335
298
311
323
313
316
274
336
287
215
258
323
405
326
300
299
356
338
235
325
264
167
262
323
353
311
320
338
313
261
152
170
331
311
244
217
225
190
259
272
276
315
361
314
376
253
269
310
216
186
263
232
303
278
249
280
353
265
354
311
211
298
334
329
316
306
318
130
247
187
340
296
325
321
223
199
397
158
244
297
340
298
361
311
293
313
356
292
344
311
279
193
369
324
311
308
270
313
226
209
343
306
336
248
554
178
384
155
345
311
305
326
336
331
325
314
297
325
239
182
326
252
378
298
318
333
251
278
328
299
304
298
329
249
351
311
212
273
174
109
164
138
319
336
294
296
291
311
241
264
191
172
267
201
373
363
341
311
338
310
426
137
326
318
354
299
379
324
595
310
338
288
268
245
306
275
366
224
205
178
255
199
199
140
316
314
353
278
280
298
305
296
351
305
379
308
328
326
272
319
293
237
243
290
244
169
300
275
253
324
305
310
210
174
233
301
328
311
318
336
326
239
379
333
318
299
323
326
266
293
343
311
325
275
245
313
284
288
341
276
386
311
769
311
335
311
372
323
239
171
195
143
346
326
395
296
302
123
524
311
223
311
353
324
288
348
368
264
356
293
195
192
217
326
151
137
263
242
284
197
296
274
316
323
357
319
176
168
203
295
331
296
345
311
253
325
326
298
303
313
339
311
273
326
271
326
290
226
343
262
350
311
395
304
428
303
351
288
379
345
401
329
356
298
319
240
318
326
229
175
246
230
348
313
329
311
343
326
202
275
320
175
344
310
323
256
288
298
333
262
383
326
356
323
248
326
306
308
356
325
254
246
339
311
418
318
220
311
368
316
356
311
290
265
354
299
316
313
298
263
373
256
311
226
526
311
351
336
301
326
315
301
343
326
363
315
339
314
301
336
318
297
314
311
331
296
353
323
339
298
338
311
329
298
358
303
354
338
361
284
293
238
262
313
389
313
266
346
202
316
295
318
316
326
391
170
334
353
327
323
368
298
409
288
343
310
358
298
239
299
298
311
192
168
303
256
343
305
344
310
315
301
338
253
279
208
327
333
286
295
316
298
381
331
306
309
252
239
254
345
313
318
195
323
267
311
311
310
330
310
384
325
301
326
396
311
351
311
351
311
209
293
321
313
354
313
348
233
316
323
546
333
281
311
318
315
215
170
336
244
184
147
336
320
336
335
363
314
353
327
234
183
325
225
364
292
326
286
333
321
616
317
157
144
343
248
182
321
102
323
272
311
329
323
346
311
336
129
275
339
315
268
346
267
232
308
291
273
309
346
378
341
314
211
300
216
310
323
346
298
290
308
314
244
301
298
331
311
315
296
160
144
344
311
321
238
230
245
343
333
232
321
175
303
202
170
278
129
341
311
259
208
324
323
336
310
291
314
320
324
291
306
172
115
336
328
239
201
336
226
316
311
408
160
371
310
368
311
340
323
233
232
606
296
313
215
221
194
271
345
300
301
306
351
204
195
260
171
351
299
290
296
295
137
361
328
227
297
435
263
338
333
274
199
338
246
222
310
232
271
414
311
215
183
321
274
331
311
181
132
207
176
301
298
217
182
449
301
409
298
285
318
361
262
350
326
317
323
256
325
300
308
403
263
361
291
262
248
497
311
366
313
323
231
328
323
418
296
290
318
393
270
306
324
353
318
243
314
311
311
342
291
248
323
338
313
339
313
395
311
361
237
348
285
260
158
320
313
318
283
321
308
301
325
201
214
349
313
331
167
326
310
260
313
223
170
351
323
305
251
323
299
331
313
255
221
295
283
338
293
353
311
326
326
343
324
291
298
338
295
308
296
323
303
316
311
245
243
304
311
329
164
358
286
168
143
301
334
350
299
330
313
295
315
238
229
248
313
309
219
554
274
311
134
361
320
313
336
165
311
325
310
447
222
318
236
373
311
276
326
335
323
316
323
310
311
328
318
296
326
349
306
296
233
320
311
195
242
221
158
346
323
318
313
273
275
181
315
242
211
342
321
347
261
353
326
311
313
338
310
348
323
341
321
419
311
223
311
308
346
339
299
226
181
160
261
301
305
354
313
354
311
331
311
328
313
371
313
371
298
259
323
345
311
702
306
295
296
348
215
344
326
341
313
316
283
328
313
294
298
344
333
319
313
335
310
359
323
300
287
300
310
328
300
488
323
323
326
325
330
291
301
391
311
376
335
351
323
293
301
384
311
348
298
366
173
368
351
386
313
314
310
352
310
264
261
649
311
340
234
283
323
286
263
335
305
219
202
346
301
305
315
333
325
282
175
184
194
340
326
240
311
281
246
167
300
468
175
197
319
329
323
359
310
333
316
361
306
363
318
366
288
318
244
215
311
309
295
377
323
183
132
302
237
324
339
216
166
318
316
296
331
277
297
359
178
358
296
301
196
319
243
228
105
354
343
334
235
343
338
339
331
418
323
360
310
311
298
323
351
336
318
224
310
356
246
198
296
160
326
425
325
182
248
361
171
368
298
386
208
338
152
405
311
336
308
335
242
331
311
341
258
264
321
308
299
308
310
373
313
346
311
379
283
356
323
233
202
326
326
294
283
344
313
329
366
348
310
333
217
326
313
313
296
316
202
226
199
291
237
194
318
246
209
409
143
241
171
328
307
300
283
348
324
327
308
373
121
328
298
257
338
333
248
579
206
324
313
358
323
351
343
381
311
356
136
243
184
345
240
376
170
307
248
248
200
338
311
333
299
346
328
419
305
304
201
318
311
316
338
288
321
294
217
383
324
351
311
293
311
329
345
369
313
281
252
379
326
217
310
311
321
317
323
247
207
358
333
304
313
323
311
220
165
408
314
248
326
310
338
219
131
324
333
299
334
346
301
343
316
324
255
335
131
305
298
301
296
302
328
235
149
311
296
323
189
296
341
330
313
268
301
358
298
152
353
252
338
348
326
341
311
679
311
351
311
318
323
181
121
173
184
321
311
336
242
285
313
361
257
454
313
159
326
366
188
328
326
346
313
321
165
299
239
273
159
294
271
367
331
291
301
296
262
253
260
325
334
514
311
324
248
333
306
328
124
283
325
241
160
323
264
333
301
208
311
297
324
286
289
299
316
374
310
250
318
333
321
341
199
318
321
236
311
194
128
338
304
356
326
408
295
331
249
237
249
278
249
321
311
287
326
383
310
240
270
365
326
329
262
308
308
331
298
306
301
274
303
353
313
167
120
324
301
277
325
335
326
272
243
310
206
235
328
335
323
325
311
321
323
368
331
202
323
336
215
316
313
381
361
351
311
330
185
264
295
220
311
321
310
353
251
323
330
406
311
339
265
272
279
311
325
311
313
190
187
268
260
365
310
308
251
302
310
271
326
335
289
306
271
333
314
358
298
364
280
371
305
326
333
346
182
296
298
309
320
361
231
328
310
311
293
336
326
374
313
325
326
316
311
264
318
346
298
343
230
318
326
325
286
173
261
336
326
340
273
319
298
286
340
339
321
281
326
276
301
289
303
431
311
222
310
313
325
180
136
341
212
328
298
281
318
398
298
310
303
353
329
316
245
356
131
304
311
302
186
297
259
273
249
303
326
334
329
338
300
346
325
360
298
286
323
293
200
381
228
323
257
218
301
238
207
313
284
331
298
341
328
333
276
356
305
274
230
326
311
326
310
306
341
330
298
353
316
376
296
314
326
339
311
313
325
338
311
363
281
289
311
373
326
303
326
257
271
294
313
325
273
361
310
363
165
371
323
276
267
341
311
224
311
349
228
366
311
323
326
338
225
356
326
225
192
207
323
323
299
333
323
325
262
222
303
373
208
283
203
308
329
298
211
336
311
154
311
321
153
375
299
210
311
181
334
546
311
320
248
401
309
340
171
267
331
374
188
376
298
326
311
181
116
306
328
361
313
331
236
361
215
352
183
314
311
346
311
389
326
303
295
186
288
293
328
267
313
301
321
285
311
256
238
316
240
333
325
388
311
326
321
176
313
207
273
211
313
283
326
330
338
333
313
330
306
209
325
331
263
341
334
305
140
269
311
667
311
339
319
318
170
201
331
321
303
278
138
315
256
326
262
256
310
315
318
220
146
355
338
319
328
318
200
328
299
326
310
270
244
319
326
336
331
354
353
371
298
641
327
331
233
354
274
306
204
184
118
360
310
354
309
328
273
351
313
264
196
285
311
309
301
330
278
271
275
278
318
346
311
318
314
326
325
232
313
403
310
346
254
321
311
320
238
536
313
310
262
353
311
371
331
361
259
448
306
363
310
295
171
363
311
356
290
378
318
301
249
339
296
235
261
353
311
291
313
316
310
351
336
295
251
358
351
353
299
363
147
197
176
336
297
346
255
361
272
169
151
246
328
489
343
375
226
333
295
383
311
455
238
469
346
359
301
256
248
342
173
340
313
313
326
307
251
212
174
321
294
288
301
334
296
321
237
314
314
210
298
266
271
389
313
341
185
164
301
325
343
390
293
386
314
205
314
323
313
316
285
316
326
272
309
235
311
323
274
441
328
137
151
393
311
236
311
336
311
303
228
259
351
277
303
360
137
330
195
344
170
295
299
261
210
280
297
414
325
393
326
279
215
356
311
224
281
356
254
254
311
353
321
294
298
358
310
323
262
288
301
295
346
239
338
375
326
204
199
353
331
290
311
318
256
186
135
348
316
349
336
568
233
310
190
314
281
341
333
341
290
436
338
513
325
378
326
188
253
318
333
287
298
186
310
276
313
216
145
175
150
158
122
