252
311
343
217
755
325
299
325
349
318
225
218
341
338
241
191
361
137
214
325
290
348
441
241
646
148
421
323
163
300
383
326
341
296
414
330
326
347
235
311
305
276
252
203
308
326
348
247
228
313
368
301
252
218
237
190
320
339
383
361
269
201
324
311
235
326
363
311
361
216
236
339
253
340
255
219
256
195
405
333
244
336
373
331
251
341
356
278
544
273
351
329
346
336
183
323
178
115
336
145
357
148
343
231
346
338
463
183
343
224
486
273
326
333
393
216
330
339
356
346
353
275
272
311
323
338
207
324
405
333
350
341
331
338
361
323
577
293
350
227
436
329
222
187
316
321
203
104
574
354
265
270
373
311
232
166
340
341
230
323
380
211
259
316
394
339
177
120
187
121
222
325
364
241
344
280
355
323
243
183
396
311
299
294
196
171
388
290
187
328
240
228
398
311
358
343
386
329
283
271
187
165
327
334
351
338
253
329
325
361
323
291
255
237
246
213
344
338
260
219
227
196
334
310
465
311
379
325
202
144
371
215
333
311
335
331
351
323
273
282
206
144
351
316
320
356
364
275
304
339
334
222
214
184
334
345
324
325
393
326
255
311
276
323
381
301
292
146
312
340
261
324
344
245
339
324
343
235
270
310
413
326
270
323
235
230
369
349
220
193
391
326
330
354
333
315
335
182
358
206
401
315
333
323
351
262
448
353
220
338
191
191
353
329
300
291
384
341
351
313
389
328
287
311
341
334
358
361
284
323
415
326
454
237
354
196
365
341
316
341
307
314
222
184
541
326
700
286
383
329
201
341
257
172
296
314
345
338
366
323
277
291
358
293
418
346
351
323
341
321
262
336
396
321
323
250
328
353
351
358
363
323
268
331
354
328
296
311
174
298
326
328
336
271
624
348
339
328
302
255
373
345
320
323
301
264
215
195
378
326
335
260
326
354
325
311
418
324
346
341
283
326
326
226
328
353
285
262
459
326
213
288
481
325
300
326
190
116
358
261
344
336
345
341
358
333
316
325
450
341
371
264
323
218
408
296
395
226
313
313
177
258
366
326
391
323
250
324
394
328
348
355
387
336
366
323
390
323
576
328
310
323
350
311
373
329
384
325
373
333
323
346
388
237
223
339
373
331
207
311
333
326
346
341
474
270
602
323
326
311
360
328
352
328
339
256
302
247
347
326
354
323
348
326
364
306
348
325
366
340
333
233
289
281
349
313
346
338
379
264
361
329
268
323
343
368
291
341
286
335
413
323
298
285
363
323
264
326
351
346
356
323
340
261
233
178
343
319
379
179
375
325
338
343
364
296
386
326
373
266
220
325
281
313
379
359
323
217
294
237
290
303
671
313
339
266
350
326
353
230
212
145
368
218
166
310
356
351
364
263
348
323
393
233
398
318
229
159
361
201
381
325
371
221
521
216
252
248
354
338
386
310
363
321
328
291
319
325
576
318
331
383
308
310
221
311
358
365
246
313
356
296
243
247
255
170
227
170
349
311
366
324
619
256
313
336
244
226
381
304
241
273
451
339
345
326
330
225
353
323
346
316
440
311
360
306
363
339
376
326
391
318
242
261
259
235
256
351
254
261
282
338
366
310
314
331
391
191
416
339
301
237
323
331
308
325
561
334
385
286
336
290
276
250
342
308
255
329
341
330
341
291
373
291
338
311
315
313
441
326
431
314
393
326
204
340
373
294
183
351
374
345
371
335
333
326
287
330
346
336
255
218
411
363
383
337
506
171
364
180
396
206
329
141
504
328
331
326
356
325
222
311
328
246
286
324
608
336
356
243
388
156
345
325
318
328
293
314
351
274
359
179
250
281
361
293
393
248
539
209
353
329
338
326
369
260
353
351
722
325
406
323
311
310
323
226
306
121
289
313
438
338
473
225
346
311
378
340
191
183
406
351
354
286
366
328
321
339
250
338
327
251
328
338
334
339
330
325
355
311
379
300
236
246
251
311
204
124
356
323
343
353
262
208
361
326
373
316
414
326
256
217
289
237
381
341
381
297
346
338
245
303
356
338
353
339
301
275
259
330
373
319
289
266
349
258
333
356
261
349
312
212
371
251
253
311
378
363
346
274
273
326
346
287
359
318
383
338
370
356
333
339
340
209
177
313
299
323
374
328
272
328
333
341
359
161
346
335
273
341
343
325
356
328
343
295
354
329
291
313
395
143
195
135
186
135
348
324
313
329
344
323
325
325
386
285
393
223
218
177
311
274
281
313
370
148
355
234
386
237
225
186
201
160
627
325
332
341
333
220
345
332
348
282
331
321
346
298
346
326
353
339
164
145
281
244
278
323
364
260
214
323
334
334
230
168
336
323
386
333
265
369
387
325
361
326
338
326
249
310
348
338
321
263
471
314
170
323
269
354
384
268
388
314
298
313
327
288
326
326
324
326
376
348
302
311
379
254
323
256
371
325
290
248
288
338
366
344
566
237
311
381
368
298
205
339
336
326
414
326
451
325
379
313
356
361
340
341
293
239
213
192
353
311
308
340
235
288
318
336
338
329
396
327
302
336
363
323
356
324
275
326
327
331
249
313
312
348
574
270
329
325
226
199
333
311
279
184
409
328
373
323
316
338
301
326
224
348
301
195
289
248
244
339
360
313
250
263
309
249
334
279
340
276
365
338
391
343
368
323
318
201
154
326
306
366
328
311
344
338
269
249
259
311
451
326
394
209
336
338
453
341
340
304
343
339
361
326
438
346
271
310
365
338
356
329
333
311
349
318
308
323
282
190
356
326
468
313
346
338
383
171
313
248
313
283
354
336
376
338
222
270
364
331
323
225
335
239
361
226
386
323
486
326
376
341
336
261
366
336
427
326
313
351
323
341
411
281
301
269
356
276
360
311
326
222
353
187
373
326
209
188
299
345
414
326
370
341
351
303
359
331
237
323
378
291
364
149
351
310
361
328
373
333
315
313
363
323
308
251
216
171
311
333
483
326
349
179
383
326
359
315
208
178
353
235
279
316
607
245
331
343
414
341
263
231
305
365
326
341
404
336
383
277
358
341
363
338
290
328
354
338
385
211
632
326
388
326
303
333
329
326
343
338
297
243
244
317
353
333
306
349
239
339
321
325
331
325
456
338
339
351
300
335
296
310
622
324
261
263
261
314
362
303
366
281
229
326
216
174
326
351
241
306
210
341
396
343
243
333
348
358
258
269
304
286
341
314
184
161
373
324
222
245
391
230
274
303
289
323
206
285
405
333
132
313
343
326
335
316
339
311
353
349
244
331
351
330
268
344
366
353
328
264
345
325
524
341
501
339
303
313
324
323
338
325
321
338
333
304
331
301
360
313
363
313
351
253
299
255
363
341
388
334
356
326
335
288
346
326
369
313
227
345
235
217
355
324
170
197
241
318
343
326
541
316
341
326
318
213
257
237
267
214
336
211
298
341
366
330
313
310
343
328
381
249
343
326
224
192
276
237
344
325
349
326
329
290
184
159
359
293
365
340
271
363
348
246
340
273
286
208
329
326
371
340
368
346
344
350
246
242
318
224
327
251
322
329
109
116
208
125
361
326
356
344
368
339
225
151
345
325
255
208
257
339
283
311
271
248
279
338
204
237
306
253
328
318
331
305
343
325
371
241
222
139
388
252
345
348
353
338
379
328
300
311
245
326
347
297
327
255
346
176
233
323
252
328
391
358
391
338
315
303
203
211
253
338
426
238
313
266
212
339
314
175
339
324
394
333
360
326
348
329
366
326
325
328
259
245
309
340
358
333
194
311
374
350
333
318
226
324
260
344
350
318
388
341
266
295
268
324
334
356
313
323
533
323
236
226
291
170
310
298
358
331
316
338
336
361
345
326
308
331
253
328
363
326
356
329
231
311
409
326
385
314
228
286
349
323
341
336
339
326
264
251
391
360
189
199
250
188
489
216
346
311
159
325
270
325
319
339
292
338
336
321
358
326
326
313
311
338
521
311
516
329
394
326
212
341
465
189
199
146
233
351
368
338
224
261
421
328
318
268
184
135
248
328
166
233
341
313
483
338
315
301
361
338
271
341
348
272
291
311
285
341
346
331
594
343
351
351
210
192
345
327
370
177
343
311
351
328
353
323
330
324
275
338
321
341
304
308
283
329
243
257
238
303
215
326
207
338
331
323
373
323
250
325
403
348
331
341
283
285
266
339
354
308
366
301
219
216
221
178
364
325
353
251
245
215
371
354
214
188
316
237
368
341
285
323
263
313
311
239
298
324
388
237
265
326
273
326
275
338
577
326
361
334
244
311
334
261
330
311
355
178
278
285
344
340
161
328
356
338
215
313
354
274
237
326
358
311
322
318
336
192
371
311
243
137
231
132
415
245
191
306
268
227
378
248
398
324
353
326
250
369
338
310
302
338
472
337
634
326
349
337
326
246
346
177
387
281
361
340
281
321
233
326
343
240
207
320
287
181
340
248
232
326
407
245
268
271
346
273
291
326
240
313
321
315
386
323
440
326
306
313
266
313
238
181
273
341
350
314
224
144
425
326
323
306
313
251
344
202
353
339
363
333
276
188
335
326
334
324
371
329
299
314
260
244
308
318
274
252
354
343
339
238
260
343
363
326
383
313
331
339
403
338
306
327
227
313
305
331
496
272
356
320
308
333
264
356
177
326
333
200
323
286
240
193
309
260
247
184
185
145
314
346
407
141
323
338
250
242
300
233
322
212
329
293
231
276
353
325
416
333
328
333
379
334
321
313
259
309
307
213
308
195
363
324
373
244
331
187
282
339
353
310
313
354
327
349
317
246
341
326
333
237
343
339
258
338
346
311
391
343
354
261
566
338
388
326
353
326
343
341
293
261
373
323
282
353
340
325
349
321
341
274
208
183
281
298
289
328
323
321
264
283
348
326
240
311
381
316
326
326
363
174
244
298
232
337
408
328
320
340
321
225
348
186
353
310
306
296
383
257
339
311
308
318
225
196
338
316
321
310
324
323
249
201
544
323
376
247
212
129
366
323
361
323
293
310
318
336
351
340
356
311
341
339
265
326
228
334
369
207
319
256
323
338
317
210
350
340
393
262
396
326
371
263
331
339
328
323
306
325
321
339
302
237
356
338
368
327
441
338
289
335
481
323
376
324
378
361
212
175
373
326
286
326
386
326
363
328
401
326
361
313
375
326
326
328
346
324
424
338
366
351
351
315
371
353
267
323
326
323
363
350
323
278
349
351
375
315
345
291
376
323
343
313
346
333
368
325
299
361
436
333
373
326
356
187
371
326
364
311
336
262
339
326
341
311
283
325
684
323
348
326
346
328
331
338
236
311
333
326
273
228
401
326
275
212
350
333
265
320
330
341
272
348
366
239
385
341
373
326
335
356
381
348
393
311
255
310
328
338
253
341
354
323
320
274
313
206
351
295
215
205
327
325
582
338
295
313
250
320
321
313
224
133
343
182
349
351
318
177
353
305
366
329
273
338
361
167
275
341
317
329
228
323
374
283
331
323
335
319
341
333
348
340
371
336
376
304
321
311
343
290
324
318
338
353
349
319
348
339
326
338
271
179
237
188
330
279
344
333
431
278
366
343
306
237
493
207
346
323
434
308
313
341
211
314
203
326
379
324
341
220
261
219
214
341
310
267
271
341
218
225
210
327
206
293
244
323
543
237
366
155
281
293
391
326
379
326
411
339
338
247
211
179
384
203
290
338
341
206
522
326
313
338
240
311
346
346
301
326
319
356
336
250
151
174
309
377
315
167
298
238
318
236
378
334
317
356
323
232
411
338
385
265
498
247
236
261
348
325
170
338
255
341
384
246
325
315
201
311
209
187
305
313
356
326
331
323
393
323
312
268
214
314
339
336
388
328
401
326
180
143
323
340
261
217
202
311
285
126
286
351
385
325
345
143
446
338
374
353
338
311
313
314
231
188
245
211
325
338
226
179
353
310
350
325
243
192
374
326
331
269
293
325
408
313
295
311
549
303
398
323
333
276
379
324
320
296
371
314
528
296
261
323
224
325
270
193
348
338
330
313
368
325
225
217
419
275
377
339
292
320
369
298
328
268
366
338
308
336
274
310
496
326
245
187
351
353
294
151
393
348
338
239
312
239
288
227
253
356
249
339
386
341
441
351
343
347
345
329
336
323
368
288
331
318
338
326
331
325
426
218
290
311
320
313
349
294
296
338
307
324
374
170
272
263
413
354
351
326
331
350
355
310
343
172
326
333
260
283
368
200
395
329
398
344
333
331
176
311
371
339
376
365
355
216
375
325
299
329
334
314
368
316
308
326
311
338
339
306
308
338
188
144
266
233
358
323
379
258
399
325
361
326
179
121
350
313
341
291
338
340
378
328
343
351
359
338
561
311
396
175
267
326
266
339
355
326
306
336
195
129
275
328
356
313
434
338
329
261
214
197
325
310
356
351
414
325
253
341
306
304
304
333
377
355
298
313
409
336
353
307
371
338
326
346
336
308
336
310
376
318
326
334
295
346
351
340
338
356
251
323
375
138
251
311
373
361
218
183
360
323
664
329
317
311
331
323
479
353
416
326
376
311
428
351
381
331
354
318
252
341
263
323
393
324
187
341
294
338
358
311
328
229
351
341
343
341
260
190
421
178
313
293
329
323
364
126
335
190
333
341
310
328
381
339
393
326
634
257
404
193
289
338
209
341
274
175
264
339
381
339
309
356
236
266
383
326
365
338
228
178
338
305
349
226
327
245
373
325
371
363
339
326
381
248
321
338
351
241
451
166
301
321
193
126
366
320
509
325
363
341
324
339
319
339
367
338
369
199
341
296
298
185
303
346
274
251
331
338
343
288
377
253
353
326
271
285
378
326
346
326
519
341
338
326
354
272
279
338
333
338
302
345
288
186
334
325
383
331
502
343
286
184
674
336
311
338
374
311
336
316
233
329
327
324
225
194
339
338
344
217
358
178
297
315
343
303
261
239
351
337
283
311
351
296
280
346
298
323
461
323
340
338
227
329
390
326
439
326
360
311
321
314
284
348
373
311
205
344
489
184
218
144
368
255
206
311
359
333
351
326
398
290
186
339
339
193
351
338
287
191
285
339
368
323
591
314
366
326
321
328
325
340
329
321
224
325
330
313
204
198
385
341
293
339
371
335
351
340
246
323
408
311
336
338
204
328
355
298
245
309
343
319
328
326
381
273
401
341
374
326
321
299
361
341
288
326
264
259
331
325
366
283
394
311
227
314
301
301
193
326
206
338
353
356
381
188
312
340
291
246
361
325
283
311
351
178
339
321
331
279
213
338
406
326
333
314
388
219
399
324
355
338
257
232
356
326
240
326
404
333
364
331
348
338
318
324
272
238
361
329
327
326
246
310
343
326
310
224
336
314
467
268
258
326
220
198
261
328
223
326
336
323
303
339
353
285
359
341
295
325
373
353
306
329
378
328
278
274
376
324
223
170
205
325
388
293
218
323
348
311
462
275
268
339
291
323
343
257
313
181
381
237
299
326
338
339
381
340
316
335
321
326
323
336
328
314
371
339
270
166
274
326
321
313
323
195
336
310
236
236
233
194
304
301
316
171
321
296
376
310
339
340
333
325
269
261
354
326
196
178
328
325
381
325
245
241
351
260
361
323
368
311
366
348
275
208
342
323
381
326
348
339
349
207
391
215
336
266
316
339
258
311
269
300
216
311
301
338
226
175
279
324
248
314
344
326
352
326
350
153
353
326
286
314
330
307
466
349
343
339
344
323
285
348
384
215
351
311
559
311
361
336
330
260
346
313
272
338
355
338
246
323
213
297
234
192
193
326
493
251
401
323
386
271
288
176
338
261
371
311
331
325
363
336
356
336
311
321
391
293
323
246
314
262
338
261
547
241
371
333
353
283
363
338
419
326
361
338
329
284
242
310
245
323
257
208
275
185
311
341
234
326
328
316
280
325
381
323
331
286
313
297
408
318
280
306
277
323
394
325
249
295
378
185
272
323
318
323
351
323
331
264
383
357
268
313
569
318
288
161
363
326
321
323
351
204
379
190
361
331
331
311
314
311
419
141
411
327
348
329
215
182
416
323
301
334
356
333
285
249
291
338
331
325
351
276
244
274
338
326
264
274
264
338
399
355
358
326
268
326
383
248
288
325
237
333
595
303
268
341
396
328
398
326
191
109
252
338
388
343
338
326
321
338
202
329
421
346
331
356
390
310
217
256
300
253
319
160
396
231
268
150
404
356
521
244
285
194
373
341
210
341
288
311
299
333
177
187
239
336
276
261
393
338
265
311
325
323
331
310
341
274
351
324
386
262
541
324
356
339
349
326
256
234
336
341
348
303
291
276
389
343
333
329
289
329
448
323
452
326
354
338
291
323
389
326
405
325
223
191
260
326
336
339
159
138
361
341
383
328
293
338
223
341
321
323
358
340
288
313
371
341
339
330
303
326
323
325
356
313
325
264
336
237
429
293
384
339
366
328
246
337
391
341
327
335
316
277
328
308
371
324
371
338
391
326
356
325
316
273
348
208
267
235
341
225
351
324
378
217
370
339
355
323
358
325
326
302
363
327
363
340
381
351
391
237
326
246
226
348
310
321
293
310
330
313
346
263
326
351
464
161
411
148
385
316
311
311
328
306
262
250
309
177
378
341
247
290
214
183
349
361
341
211
306
311
212
338
381
337
310
314
353
325
374
338
294
339
280
157
301
219
335
283
222
323
388
311
333
355
278
336
371
335
356
329
356
325
425
326
334
340
363
326
348
326
266
259
353
256
215
267
381
339
419
275
303
255
333
341
330
239
242
306
353
313
265
281
346
333
356
283
349
331
310
313
726
321
393
326
310
305
428
321
209
135
394
283
214
315
338
328
296
237
254
311
182
227
361
338
265
371
213
326
328
311
479
285
366
360
594
326
358
338
286
339
604
336
353
311
288
313
287
193
413
325
371
323
391
324
224
341
339
323
313
204
333
338
347
348
321
355
345
276
311
310
238
331
298
350
417
338
323
326
356
363
448
288
299
326
393
335
367
343
446
326
336
343
381
314
346
328
318
290
346
274
372
257
358
221
272
227
299
313
341
291
309
329
340
341
681
326
367
109
328
328
264
146
209
170
196
169
