333
339
338
187
265
338
251
187
343
325
371
284
344
323
231
310
356
328
448
326
448
369
323
311
333
338
269
351
489
339
384
200
299
250
353
326
346
310
215
323
368
287
334
310
324
313
396
187
321
341
388
303
312
206
239
216
341
299
263
326
246
326
373
341
235
341
242
186
368
206
307
286
336
199
374
313
306
200
366
190
311
190
386
338
373
227
325
313
399
173
328
329
360
287
351
329
398
138
304
267
184
164
239
163
256
178
619
196
314
313
336
183
328
316
417
308
376
350
272
313
242
324
285
313
356
319
433
335
281
284
349
281
279
225
348
207
298
212
395
296
203
293
335
326
272
306
209
130
320
313
348
338
272
333
185
170
356
328
356
326
351
313
261
204
224
260
163
144
333
157
179
143
344
351
321
326
300
326
511
171
329
326
298
280
328
245
277
326
261
321
378
303
308
206
391
275
464
254
350
224
261
175
338
334
331
325
226
329
381
338
344
306
368
335
243
339
340
455
368
270
338
326
323
311
299
303
333
338
366
373
328
315
257
325
398
363
299
318
314
318
195
149
284
326
247
323
275
311
368
326
379
323
338
266
314
341
474
194
366
310
356
323
259
204
294
351
195
298
318
201
267
242
328
311
413
326
343
340
356
311
295
298
278
311
311
293
371
301
185
204
389
208
326
311
289
282
338
313
311
311
343
273
373
314
321
338
366
321
343
303
353
341
361
356
347
306
338
315
249
326
318
338
371
335
268
333
275
340
350
209
373
339
411
326
343
328
184
314
381
338
390
411
368
340
397
276
393
323
293
259
393
148
325
325
379
184
363
326
278
226
294
240
294
251
308
340
254
233
263
223
336
313
335
333
358
217
277
333
313
237
216
310
321
341
328
293
391
325
183
323
262
311
234
326
309
239
293
326
343
186
307
274
357
325
376
170
411
326
234
310
265
155
273
242
351
331
411
326
313
336
340
351
373
331
356
339
371
353
368
341
361
317
380
340
246
298
371
326
227
207
333
253
313
313
308
288
343
319
346
290
345
326
315
303
391
325
288
198
333
338
313
151
348
175
399
298
228
326
421
336
371
310
230
339
285
268
384
323
354
325
284
261
376
326
340
341
337
325
270
313
391
303
358
208
348
341
339
193
351
329
324
294
349
341
345
128
346
201
331
341
496
237
289
249
346
311
324
324
328
293
366
367
323
283
371
338
399
199
354
339
360
326
409
276
396
336
328
311
686
341
281
294
361
299
345
262
342
214
251
291
354
326
283
274
301
339
346
338
318
310
256
336
359
354
384
296
356
192
311
339
337
325
331
311
277
325
361
326
328
333
332
182
216
142
343
305
323
353
319
225
344
157
408
341
376
323
286
328
322
326
236
173
339
321
261
181
368
339
364
326
363
237
299
246
361
357
148
144
295
289
401
351
351
326
308
288
338
341
334
341
333
157
276
361
316
295
320
326
353
351
358
325
338
241
359
323
371
326
341
328
355
341
381
326
282
247
304
284
316
311
376
215
260
263
366
326
346
338
255
235
459
326
343
326
286
224
323
325
383
336
336
337
346
341
319
311
338
313
318
308
388
325
361
348
336
131
358
328
346
259
296
311
259
326
270
185
400
323
640
297
363
276
273
338
331
338
317
184
341
263
356
325
318
315
218
314
315
338
328
338
329
326
361
341
334
311
371
339
251
326
310
253
287
336
363
299
391
331
331
341
371
339
337
318
378
311
348
327
328
313
377
253
577
310
319
311
321
299
345
311
379
326
253
338
327
333
346
324
374
329
409
182
303
308
255
326
320
311
254
256
316
325
284
295
348
262
333
341
268
259
258
334
325
313
353
293
326
326
293
323
654
327
378
303
346
262
252
326
328
313
341
323
310
265
345
331
548
354
366
338
348
343
389
326
336
256
234
321
327
311
318
311
373
326
333
278
424
338
361
315
304
228
298
290
376
338
403
323
343
348
339
341
290
216
367
325
328
296
305
310
316
328
259
217
338
371
286
201
474
351
360
338
291
225
338
336
330
338
376
321
179
122
379
348
348
346
293
281
328
311
365
324
326
334
325
289
336
366
306
338
284
182
331
226
333
336
335
298
234
209
381
325
336
323
262
335
238
205
351
197
284
224
356
215
308
255
268
326
303
320
315
268
323
309
351
194
335
321
406
328
335
257
338
280
357
325
295
350
353
323
161
132
190
106
261
137
396
326
290
341
272
235
411
338
331
326
186
200
346
295
288
313
371
326
338
182
253
228
284
238
228
185
230
148
340
263
343
329
331
306
274
313
336
291
260
339
326
326
597
311
209
325
190
118
368
339
351
290
294
187
361
346
350
323
439
326
323
348
469
338
331
311
247
208
381
296
331
346
229
311
244
311
329
326
343
326
314
289
319
326
384
307
295
311
277
337
353
338
356
325
278
341
359
325
259
323
309
226
403
326
374
306
373
311
423
313
361
326
441
245
343
339
351
323
356
326
314
310
368
341
376
325
401
201
356
246
328
276
351
336
194
194
281
254
401
386
601
331
298
308
333
338
328
218
346
341
328
351
331
326
299
329
344
341
354
326
336
226
325
318
403
341
323
298
380
329
381
326
288
250
354
301
311
310
333
284
301
341
321
338
384
339
269
256
280
234
363
331
346
326
361
248
326
311
353
293
393
335
339
253
246
259
162
341
349
227
293
310
281
326
361
323
381
219
336
326
364
255
371
326
280
326
358
326
299
246
377
326
313
264
313
331
324
269
315
237
379
326
393
335
662
324
346
306
393
324
345
245
273
325
333
325
423
341
338
331
341
257
341
308
399
333
238
341
369
354
269
326
340
256
386
226
263
221
271
246
237
219
234
329
310
325
228
328
325
310
318
323
364
323
289
229
325
329
386
311
307
339
348
333
406
376
338
333
371
201
323
311
328
222
401
137
188
323
304
264
328
313
373
351
355
328
393
338
368
325
222
301
319
333
272
313
368
338
378
267
373
353
257
326
314
257
401
340
326
195
419
217
363
338
316
326
341
162
292
313
381
301
339
226
338
246
244
142
273
249
395
348
361
341
317
248
288
356
339
325
174
499
383
328
388
323
409
351
219
341
493
341
294
324
378
341
333
328
266
290
328
285
232
310
348
284
328
262
329
333
341
324
359
338
327
326
381
246
356
336
391
343
358
189
320
326
363
164
323
324
257
316
325
326
369
306
314
295
283
357
328
313
346
310
232
340
336
215
345
338
406
341
496
348
401
343
310
326
338
313
343
325
351
311
319
311
388
326
222
326
414
339
311
310
251
341
401
141
345
324
309
300
308
311
324
323
399
349
348
323
323
318
343
321
269
329
366
222
329
324
353
341
358
301
335
320
363
326
267
315
338
285
343
339
319
328
320
338
325
323
373
313
234
358
344
283
319
337
431
326
334
319
303
177
318
338
224
141
128
145
343
224
326
130
295
270
346
331
323
326
344
291
254
216
282
228
326
338
351
326
318
328
386
138
212
325
546
337
366
333
244
252
333
323
348
325
251
314
238
338
219
334
375
331
334
286
358
326
313
323
346
236
363
341
314
286
316
351
353
329
346
341
238
323
234
328
339
161
401
181
300
298
301
311
291
251
281
170
333
319
346
298
341
314
387
326
350
306
359
366
258
295
278
325
171
326
351
328
421
339
325
325
348
355
338
334
351
259
288
373
191
163
340
353
346
329
301
358
494
343
371
192
238
215
324
244
238
211
292
326
289
323
315
349
323
129
247
227
328
207
335
208
313
262
278
326
202
267
369
131
344
199
348
286
142
191
213
269
346
302
381
325
336
259
331
272
366
245
324
226
336
228
198
176
292
261
304
277
364
308
589
333
519
341
307
349
534
326
441
195
353
326
330
268
358
329
401
180
265
294
319
346
594
325
322
139
293
256
369
226
213
326
303
325
404
222
343
318
338
316
253
336
355
323
238
286
261
341
391
309
365
329
190
323
336
264
338
311
298
150
366
341
323
323
338
191
363
291
351
283
416
323
397
323
318
311
260
323
213
326
304
301
345
323
356
338
371
324
277
258
270
323
351
328
354
336
163
326
318
295
333
324
238
313
305
318
281
326
250
310
436
323
350
348
294
348
376
326
231
193
373
331
281
192
330
327
306
311
210
323
311
311
283
339
256
261
293
324
324
173
452
338
280
188
356
298
340
189
334
346
311
199
251
338
329
261
361
325
375
351
324
229
499
328
341
309
287
323
361
323
276
246
245
310
364
338
161
330
259
251
323
325
366
323
359
333
289
351
505
311
292
199
314
260
232
334
293
311
296
323
213
353
311
171
312
313
341
351
339
308
278
227
268
338
336
326
343
323
336
339
356
326
423
323
346
338
276
229
294
218
353
310
378
331
259
340
309
310
356
303
319
177
255
339
281
269
319
348
351
326
304
313
308
321
308
333
355
326
329
353
288
359
351
341
356
340
328
341
183
325
338
310
251
338
328
173
318
341
838
135
246
185
360
313
242
209
441
326
354
310
343
328
208
118
319
338
357
313
200
156
276
195
323
244
366
285
436
326
407
307
393
326
323
311
329
326
391
346
406
340
274
188
314
228
393
173
288
311
309
291
403
274
366
269
371
356
327
323
351
308
341
311
561
338
259
338
182
306
316
178
292
327
313
320
361
361
374
336
311
309
303
338
270
325
189
326
200
162
229
157
309
311
210
139
255
338
258
311
191
172
356
338
317
192
200
323
338
311
331
338
321
323
310
270
333
319
323
279
351
244
220
338
361
330
348
281
323
311
313
315
469
360
331
313
366
206
217
340
373
333
364
339
320
339
281
341
379
273
331
325
287
274
295
323
356
325
424
278
358
333
328
246
218
323
282
280
336
329
313
274
343
340
333
313
389
345
180
140
393
339
338
326
348
168
484
262
324
311
208
313
288
313
336
354
303
334
330
208
288
255
356
326
365
261
358
353
269
330
349
336
338
326
182
320
397
323
277
323
303
174
411
323
361
339
287
249
313
287
288
242
254
346
411
331
318
134
316
237
318
307
391
296
361
205
353
196
189
326
328
318
282
313
331
144
259
341
383
328
391
328
379
218
366
311
353
311
371
316
198
325
436
285
391
326
388
335
517
293
341
339
353
261
341
338
267
311
260
318
411
323
396
327
310
353
388
348
340
339
301
314
381
338
381
325
319
313
328
314
315
339
345
326
356
325
318
323
217
291
384
258
353
340
336
323
331
363
353
326
358
356
259
328
290
328
376
323
359
338
285
321
343
343
257
300
200
310
396
288
291
204
361
341
327
324
434
326
325
316
331
311
315
185
334
323
411
323
219
177
298
314
368
255
361
311
343
286
266
325
281
256
606
334
264
219
428
303
596
320
264
316
267
334
237
191
328
323
246
271
366
272
304
305
359
303
279
259
318
285
338
326
361
336
363
339
298
267
354
325
247
338
333
338
220
177
202
326
431
341
351
174
273
272
364
318
263
187
306
224
514
341
190
331
295
310
351
278
343
313
228
180
240
311
319
130
332
201
303
323
313
319
466
226
341
339
240
343
279
183
338
338
336
339
224
189
391
326
356
339
341
348
301
160
372
307
341
326
181
353
279
245
368
328
250
257
169
174
251
328
265
285
363
249
221
309
236
175
338
340
378
324
478
182
257
219
323
318
389
220
281
326
346
343
609
338
231
291
235
326
323
291
267
341
298
237
244
311
189
143
346
333
337
328
373
326
323
223
313
326
321
336
238
217
366
326
215
340
336
333
340
281
343
326
348
307
386
326
353
326
324
338
389
326
314
340
286
324
379
318
191
202
373
346
358
336
408
325
328
326
325
333
239
314
255
272
359
289
349
274
394
326
172
172
356
328
419
327
331
326
346
345
376
351
414
287
341
326
171
325
366
329
321
246
332
192
260
301
336
311
339
326
396
364
331
210
469
333
346
333
323
299
242
226
354
168
506
331
378
326
301
262
351
326
327
368
294
321
363
339
286
326
356
346
416
313
381
145
257
348
349
316
252
188
342
363
201
318
201
311
443
325
326
325
400
328
376
296
377
269
414
338
311
157
471
143
303
247
305
358
184
138
276
326
369
325
201
343
354
326
249
338
297
261
378
326
288
269
336
258
335
188
208
313
318
326
479
337
458
171
348
321
369
326
356
326
331
274
339
313
413
306
405
306
379
323
339
273
288
261
393
326
241
323
257
172
409
340
416
323
335
331
293
276
371
326
669
246
222
140
331
338
311
286
340
148
259
191
327
326
310
368
267
198
584
326
341
328
353
326
327
338
250
227
388
331
333
325
291
326
325
338
326
313
230
217
353
321
359
337
364
326
304
338
308
311
183
159
267
237
349
338
285
311
247
360
424
323
589
368
300
311
393
305
201
287
211
314
361
259
343
306
376
284
305
389
544
261
270
355
313
316
424
326
357
313
323
333
361
268
378
310
247
339
416
325
408
323
366
346
361
339
378
218
281
313
361
326
334
351
340
361
367
323
383
321
224
343
277
271
366
333
295
255
383
147
323
338
346
353
195
338
361
339
325
323
343
325
380
316
306
310
378
319
421
331
353
310
404
323
383
328
343
311
227
323
371
326
323
338
227
188
338
292
396
323
260
268
348
323
194
346
454
338
389
276
501
323
273
192
336
314
189
341
286
261
268
326
321
283
240
307
334
326
361
328
634
260
266
183
368
337
411
353
457
333
364
167
269
222
365
329
252
261
316
309
265
339
481
276
216
233
350
324
359
311
154
138
178
129
313
153
175
172
318
279
205
326
376
303
300
326
286
259
348
341
269
330
335
326
311
315
384
326
343
325
329
311
328
339
382
326
270
325
348
306
227
229
358
236
323
311
325
311
299
333
252
338
239
323
291
337
349
323
511
351
213
179
325
323
347
216
246
306
296
341
359
363
353
340
251
325
220
331
379
311
338
338
204
313
366
323
429
369
341
351
253
167
321
246
323
351
301
346
337
243
324
311
546
271
343
252
318
338
281
339
353
129
386
248
338
341
363
334
371
326
554
323
333
344
327
346
386
136
218
341
351
256
365
341
348
310
391
235
213
175
264
313
314
337
396
199
355
311
266
272
505
279
344
326
314
249
331
325
278
313
330
341
323
357
341
341
431
305
288
326
353
325
368
351
418
324
305
334
398
325
340
360
391
327
388
328
166
361
198
194
195
161
363
146
411
226
260
338
363
323
323
323
376
323
251
333
298
316
323
317
305
192
561
313
358
313
383
166
389
313
399
326
311
324
329
311
245
351
307
280
331
339
300
169
199
330
356
341
373
323
364
264
255
323
295
201
233
328
359
326
260
338
335
333
559
184
376
326
193
325
333
326
572
348
346
326
359
313
360
261
269
270
344
323
329
242
262
323
283
326
351
336
241
297
341
351
373
339
321
328
353
284
346
293
304
255
332
326
566
275
354
236
354
338
343
381
289
328
254
311
315
328
289
243
383
311
304
339
246
329
341
331
399
140
321
338
317
232
371
353
299
341
267
188
257
199
284
318
323
222
320
348
232
132
336
326
228
299
363
339
381
329
368
311
338
268
493
201
251
326
336
336
254
224
388
326
370
166
335
296
263
243
260
251
360
182
336
325
328
323
396
248
262
214
338
326
774
326
283
301
335
325
317
250
263
324
377
323
324
248
444
326
338
341
379
294
291
237
269
341
340
328
250
326
403
336
199
195
237
348
360
316
350
310
316
311
363
333
379
266
341
348
338
230
282
325
213
326
361
258
203
313
604
209
277
187
323
285
168
327
356
311
381
328
381
326
331
258
329
339
397
306
331
328
306
209
331
230
348
341
363
179
366
182
208
344
372
204
368
237
403
323
336
329
210
338
269
357
444
206
351
307
310
331
333
265
399
323
390
237
447
326
279
338
299
275
386
186
242
250
338
294
310
349
185
324
411
326
411
341
414
191
349
271
406
323
336
144
267
325
233
248
322
282
313
260
333
310
328
326
336
182
275
170
250
311
354
310
268
256
360
340
313
340
303
251
308
338
257
263
353
315
337
326
366
323
280
316
429
324
366
345
413
348
330
326
363
259
404
253
338
326
328
303
349
212
339
311
371
338
359
341
343
310
335
189
343
209
350
326
340
326
657
326
274
311
428
333
396
348
408
323
257
258
619
293
346
313
419
288
338
323
301
145
180
271
333
206
303
321
366
326
256
308
278
349
337
324
396
338
269
181
699
247
375
329
468
286
363
311
376
318
217
175
369
283
282
178
381
324
295
313
257
316
381
330
278
274
355
291
341
329
384
275
345
301
343
299
348
196
339
337
281
246
376
326
364
194
326
314
353
266
356
323
338
344
391
326
353
325
373
338
218
338
364
326
389
326
343
337
348
309
321
325
301
338
256
307
179
273
255
326
364
261
257
326
348
248
318
324
335
326
331
326
454
209
263
323
359
324
225
181
409
324
389
326
270
325
386
326
281
348
321
218
369
318
376
325
634
325
352
275
257
338
369
324
353
321
341
309
344
263
252
311
359
318
343
329
295
311
241
339
218
325
326
326
197
326
659
326
552
339
357
184
346
353
336
326
406
333
270
343
398
329
482
187
371
274
365
346
315
341
258
341
366
275
289
189
301
224
321
316
389
325
351
326
324
334
367
325
469
323
331
185
251
353
376
330
345
316
221
185
365
193
406
334
332
326
311
336
351
207
391
323
304
299
296
311
283
326
310
313
242
311
529
218
265
246
303
237
292
240
335
350
421
186
386
248
351
326
256
311
418
310
353
354
384
326
367
271
235
333
348
341
501
294
328
325
269
215
408
338
345
251
369
303
331
363
343
338
232
317
255
209
368
326
365
351
356
182
180
146
423
326
249
188
309
327
360
326
386
323
418
353
341
284
448
304
264
274
200
309
360
297
220
261
178
353
336
353
353
328
215
156
272
349
284
237
318
216
405
258
371
311
328
228
391
289
301
210
310
266
331
181
354
277
386
306
339
339
296
286
324
303
446
359
381
323
333
287
378
326
359
324
339
326
354
270
297
277
350
328
369
174
368
326
297
243
346
310
303
341
654
270
366
336
356
325
300
249
310
295
316
310
377
326
396
326
220
326
245
189
611
323
266
158
174
143
365
163
