323
328
614
314
351
314
218
340
262
206
323
326
371
183
373
333
276
328
356
326
287
238
396
333
314
338
311
341
331
343
258
323
311
217
247
326
376
341
333
323
281
217
249
358
353
343
337
328
255
326
229
353
195
255
363
318
364
326
355
311
319
325
215
272
349
178
411
311
249
327
336
321
234
215
333
338
348
298
228
353
349
275
279
311
350
340
315
310
358
169
349
310
391
326
348
334
391
291
375
178
237
144
320
161
176
132
378
293
392
310
319
323
381
354
341
271
371
296
386
313
330
336
318
328
288
254
356
324
323
323
328
341
328
334
252
246
340
296
392
327
359
339
369
223
394
326
169
130
664
323
326
313
279
346
214
146
386
237
393
326
356
323
228
194
180
128
178
152
179
338
203
156
293
325
316
346
320
284
354
326
363
335
318
316
280
325
346
334
330
326
376
327
236
338
248
316
303
247
314
324
158
184
299
186
250
310
216
313
351
305
297
275
455
328
359
216
192
169
398
207
341
258
321
338
219
356
348
244
404
326
331
331
365
239
350
225
309
270
426
152
182
162
307
283
383
326
341
326
350
321
371
273
336
189
334
339
359
325
328
353
371
325
333
242
176
132
344
137
348
326
333
344
338
251
321
325
318
314
198
170
335
338
311
313
321
276
308
311
339
327
332
328
221
341
395
291
343
147
313
237
335
311
418
218
296
325
361
219
329
313
379
326
375
328
574
339
334
167
397
341
346
311
326
336
413
288
355
339
294
256
281
325
581
311
266
237
253
176
225
259
229
313
367
324
350
323
387
325
323
323
364
228
356
272
366
303
378
311
339
330
369
321
248
281
413
338
356
325
351
326
260
341
323
323
285
207
297
301
331
299
232
171
374
326
204
171
343
326
298
313
264
266
431
336
368
328
346
258
253
326
228
177
250
219
363
341
349
318
321
341
326
340
336
363
308
338
496
250
287
325
219
310
330
323
373
331
346
326
379
328
336
344
257
157
275
209
350
338
290
326
245
339
336
353
544
333
330
323
330
326
328
353
310
354
371
323
246
326
304
344
343
149
197
329
254
185
371
321
381
326
298
219
341
138
215
185
312
321
287
348
340
283
253
288
320
353
376
294
321
278
326
275
289
259
316
305
313
331
338
311
272
347
298
313
366
253
346
326
205
346
308
316
242
311
259
311
323
339
272
323
313
284
328
334
319
339
363
208
230
187
355
303
320
315
339
341
284
259
604
328
308
311
333
336
351
335
356
345
368
245
344
313
244
204
338
285
278
323
356
326
391
336
355
326
242
311
361
334
364
339
336
323
344
335
366
328
276
341
331
368
641
329
443
177
359
326
334
306
371
296
338
311
250
257
393
310
291
325
344
323
291
334
381
328
353
325
285
338
309
338
286
240
441
284
301
226
187
157
320
301
364
336
377
248
338
296
323
311
467
333
335
333
286
336
322
202
391
323
323
326
370
338
383
326
346
323
339
353
446
285
351
187
321
328
338
218
353
133
346
349
332
326
361
250
355
326
341
199
201
336
252
174
340
339
340
348
248
310
290
333
349
337
381
336
401
323
325
313
356
303
247
326
359
333
556
138
424
327
344
355
351
339
328
338
203
191
399
324
348
261
336
356
310
328
425
311
329
310
391
326
330
347
374
311
349
301
564
336
336
325
364
301
319
284
333
246
606
346
253
338
386
323
321
312
348
348
313
238
340
316
321
204
371
339
195
169
378
167
333
326
289
326
300
270
371
295
323
346
286
274
366
331
180
256
348
326
366
233
373
275
338
225
276
338
245
348
609
324
298
319
416
346
374
326
353
348
384
326
331
259
314
311
315
323
332
334
210
313
324
313
344
323
378
338
389
313
353
219
316
338
205
320
255
241
290
338
361
170
364
311
363
329
331
309
347
316
255
345
209
136
334
313
383
326
438
335
351
328
353
326
211
313
448
324
353
338
290
310
349
255
336
290
389
324
347
237
481
158
330
237
378
351
264
241
349
339
448
326
319
311
724
353
371
290
395
323
334
310
349
293
348
159
358
192
340
323
283
311
292
325
378
313
360
310
316
295
302
212
347
177
290
205
448
326
268
330
323
234
343
174
353
311
426
328
398
335
341
326
248
195
230
313
351
314
331
189
394
356
566
366
299
311
229
209
291
259
368
341
220
169
344
276
266
273
313
246
291
311
218
130
251
221
208
149
333
315
379
323
268
186
272
226
351
326
328
303
223
192
343
215
371
261
379
318
572
353
341
340
310
241
221
195
182
142
481
323
308
310
363
325
252
320
329
237
355
298
330
334
341
296
323
328
167
130
242
325
343
354
391
218
363
336
343
269
336
338
381
311
215
328
190
142
201
175
213
323
253
266
408
323
337
310
328
310
353
325
393
326
358
351
328
314
375
324
249
326
328
351
406
338
204
301
356
325
388
330
347
227
340
351
218
185
266
338
272
324
411
323
461
338
418
343
351
321
331
300
374
349
453
294
356
331
321
328
326
325
366
250
343
142
224
194
297
169
353
214
319
316
365
354
341
333
242
310
384
310
351
215
353
186
349
328
419
325
307
346
381
218
297
304
288
241
346
328
411
308
285
341
363
311
286
257
345
324
319
226
246
311
408
371
358
287
331
326
326
310
264
146
376
280
358
326
287
257
383
325
346
323
356
338
384
326
339
340
360
338
391
328
336
341
251
179
369
341
324
323
338
285
338
338
406
326
327
361
383
326
242
219
361
313
319
287
356
328
330
246
331
311
264
326
389
341
366
281
346
326
341
169
262
334
418
167
273
354
310
311
365
285
371
354
358
329
363
185
351
340
333
341
358
334
375
333
371
219
415
177
333
291
179
331
367
328
363
356
398
336
335
287
306
248
398
338
399
328
347
320
391
325
277
201
343
338
323
338
242
346
382
326
328
271
192
138
419
340
364
336
359
325
364
343
381
328
338
323
200
341
416
348
396
311
341
293
358
326
343
326
373
250
334
274
348
325
299
339
436
325
260
248
290
326
324
215
348
326
318
304
343
313
198
180
434
340
378
294
346
325
305
287
279
318
358
354
361
353
311
256
386
331
348
217
396
328
315
313
344
341
266
346
302
188
371
324
389
232
306
311
291
241
220
326
304
338
441
255
335
326
303
323
338
323
398
339
323
233
366
326
363
169
403
275
353
326
381
339
354
325
360
338
380
246
376
340
355
210
283
331
341
328
637
343
386
338
203
185
289
321
329
328
365
339
324
339
341
338
381
290
391
298
403
333
364
333
353
317
388
326
388
328
343
338
376
330
388
139
330
326
293
325
239
326
279
227
474
178
379
249
366
341
252
311
376
323
313
313
376
311
266
326
341
343
311
324
281
341
401
269
341
250
349
341
336
285
348
307
444
319
607
323
691
338
347
326
396
364
353
281
371
324
366
272
449
331
324
131
315
193
248
366
328
153
357
325
228
151
348
356
314
316
331
314
338
336
346
348
438
264
346
291
349
288
345
171
350
326
328
267
349
336
240
338
199
235
331
271
310
275
352
343
328
326
357
144
255
321
306
311
262
323
221
149
190
255
270
204
278
326
239
339
340
326
303
343
313
346
194
245
304
289
289
236
351
310
340
237
318
343
353
326
351
349
354
222
306
291
263
283
341
325
376
325
174
132
351
218
361
323
345
175
314
317
403
330
274
341
356
338
313
308
408
339
346
333
273
280
351
338
346
177
243
341
350
323
173
351
166
184
381
323
326
191
284
273
379
311
366
329
284
333
343
326
431
328
200
256
218
142
388
356
290
216
213
354
186
146
349
184
217
298
291
237
345
325
408
341
183
341
335
371
234
311
293
297
251
260
421
348
232
360
301
288
319
323
349
336
364
290
241
339
349
338
279
333
251
328
168
219
361
358
354
303
162
311
223
299
236
338
371
288
351
331
330
326
350
250
331
310
206
311
383
346
247
341
341
178
190
208
324
323
210
177
339
338
351
356
330
318
329
326
301
311
225
358
404
326
290
254
355
155
379
231
315
220
227
214
293
244
214
200
346
330
344
328
368
257
354
331
284
311
347
252
387
334
299
241
351
323
511
306
188
313
216
176
338
277
313
325
331
343
356
266
371
329
337
325
348
303
361
324
341
333
366
313
351
326
308
274
249
225
311
284
317
348
205
163
379
351
602
351
240
311
369
333
291
343
227
326
280
311
319
311
368
326
325
325
288
311
356
329
319
333
351
345
361
326
192
142
240
211
236
341
325
323
125
341
353
325
351
328
399
339
346
323
349
218
343
228
308
350
346
276
388
341
190
235
298
331
194
283
208
338
290
284
301
326
338
338
275
229
341
325
290
334
267
333
351
181
280
311
341
338
396
333
337
157
277
251
364
361
346
218
336
313
262
338
321
246
377
328
409
311
416
328
328
313
300
343
383
310
376
335
357
339
346
237
294
311
343
341
295
326
207
140
330
242
178
356
428
207
330
319
400
255
285
339
296
161
242
183
319
338
399
172
306
338
359
333
393
329
222
164
334
310
518
338
196
162
313
300
294
245
346
344
351
329
446
329
331
216
338
328
358
325
304
301
340
337
318
343
385
285
391
348
255
341
338
256
311
334
211
197
409
222
339
249
328
338
284
326
373
326
314
333
326
246
218
326
330
314
325
330
353
209
295
338
359
273
313
311
505
325
343
331
203
144
227
146
351
353
191
160
358
268
328
257
215
133
338
328
291
217
385
285
191
145
363
183
415
338
397
328
316
311
423
256
213
264
303
336
336
310
320
273
281
338
356
217
354
228
316
311
354
191
291
178
361
270
221
183
559
336
210
170
349
321
529
226
385
258
323
314
326
237
323
248
348
328
306
158
331
268
351
275
386
346
371
212
176
136
232
209
366
351
409
327
366
339
257
247
378
344
362
326
435
316
175
138
355
182
195
325
348
326
323
182
350
326
341
326
338
232
358
325
181
137
368
303
334
341
331
256
253
217
214
338
471
284
304
237
286
198
333
338
363
339
373
260
378
310
303
343
293
351
359
325
319
286
316
318
283
340
338
168
293
289
351
323
163
338
316
145
298
333
220
173
308
311
326
351
292
331
343
338
316
325
371
351
346
338
356
337
388
326
220
275
353
326
277
254
522
319
353
341
371
323
531
338
250
349
371
219
597
326
361
333
353
333
260
310
239
331
298
221
238
307
310
326
283
270
546
349
366
325
394
310
320
243
383
358
394
237
453
334
174
137
388
346
506
274
408
328
348
338
331
341
341
318
326
324
369
338
315
311
376
323
338
333
325
306
348
326
338
325
391
239
341
304
351
336
386
298
353
313
284
274
341
326
341
203
297
286
312
323
373
310
348
323
345
248
249
330
421
328
313
313
331
311
335
337
341
311
232
338
330
326
314
325
398
179
298
209
333
246
316
252
399
276
366
325
333
338
296
327
323
285
235
198
219
195
323
326
205
326
285
196
426
360
331
338
350
298
239
351
634
276
255
223
338
316
181
328
331
313
259
339
323
340
366
290
334
288
327
321
378
301
456
311
268
340
365
341
328
268
348
157
363
348
250
341
353
343
252
167
297
323
368
336
208
135
609
333
517
338
149
141
378
336
278
252
373
215
348
193
431
310
277
336
336
328
241
349
330
339
336
334
333
313
116
120
213
121
329
286
321
351
270
217
390
343
311
339
331
328
270
220
270
326
363
311
356
337
234
172
279
325
296
248
221
326
293
273
166
193
226
308
323
338
622
262
383
261
253
300
321
310
476
358
325
311
355
336
214
323
326
313
333
326
338
202
363
370
403
290
369
272
374
298
266
252
167
317
353
326
284
308
283
238
473
309
383
326
267
257
439
280
356
336
182
313
198
140
371
273
364
234
367
323
346
183
187
143
371
273
328
329
280
326
292
188
333
311
215
115
274
336
355
325
368
338
411
278
300
339
261
141
323
341
209
323
358
225
444
327
353
323
353
246
384
315
363
294
353
264
294
265
340
325
386
318
381
196
491
323
394
323
358
338
329
189
388
336
282
196
361
123
377
328
338
303
373
311
387
334
291
338
353
338
361
323
368
152
331
338
378
326
167
338
298
225
366
310
225
325
333
270
356
325
404
326
278
341
275
215
363
310
237
326
225
182
300
313
350
295
229
130
351
348
368
333
371
290
408
263
361
323
353
338
381
340
343
341
366
328
329
338
293
190
625
340
200
330
341
304
353
326
378
311
383
268
559
326
284
237
316
232
326
303
340
325
235
339
283
311
354
219
223
338
234
135
323
339
345
336
303
338
328
283
323
251
404
339
359
311
493
341
381
338
282
285
320
311
707
325
373
325
301
313
398
325
253
338
343
306
229
310
386
142
345
266
328
358
361
318
386
336
361
323
270
326
325
173
230
151
576
328
292
209
328
326
348
313
351
344
383
328
361
313
346
325
349
271
341
325
352
370
354
176
306
316
406
331
370
333
311
303
369
274
363
288
348
320
338
326
364
323
350
341
311
310
391
238
391
323
344
353
383
311
329
311
336
343
371
259
373
326
226
141
318
271
341
326
346
335
381
338
353
335
373
341
262
309
376
326
281
228
329
304
344
311
351
336
376
325
240
351
368
338
335
369
331
343
229
196
386
326
340
221
313
329
336
249
321
233
234
326
281
273
199
321
281
338
340
364
338
258
211
173
386
326
289
261
178
131
379
231
360
343
356
296
282
303
323
310
335
339
626
246
221
201
338
341
414
333
383
313
214
142
331
337
403
323
344
271
344
329
361
273
310
338
354
318
186
323
333
340
273
272
220
338
346
338
254
172
516
313
331
313
333
316
386
210
339
323
336
236
371
261
265
325
611
275
351
325
385
253
379
340
353
323
408
211
349
328
349
338
323
255
374
326
366
311
329
272
359
258
351
336
371
341
396
324
369
328
262
326
326
311
343
202
303
256
269
203
363
358
376
310
196
194
249
253
341
341
332
333
386
339
399
323
381
283
394
236
297
338
229
333
351
326
361
323
346
338
336
361
341
344
303
313
269
313
333
311
366
326
336
338
253
326
318
298
533
326
380
326
398
338
308
328
217
311
335
326
340
356
519
248
303
302
295
274
269
350
244
228
358
272
386
318
398
309
381
291
309
296
250
327
226
191
395
326
341
243
399
326
465
260
316
293
365
311
366
145
311
227
313
265
359
307
286
262
358
333
421
145
386
323
308
249
378
325
381
340
344
313
346
299
333
323
336
338
284
320
222
141
161
310
303
177
242
314
419
292
249
326
403
245
384
326
403
351
321
319
257
239
291
176
318
258
361
246
291
338
376
348
209
338
150
326
369
283
267
215
285
323
234
310
366
298
354
272
264
226
303
311
299
325
316
336
271
338
245
326
403
356
299
321
235
272
408
273
375
298
356
311
506
210
313
310
361
272
348
201
253
311
237
326
411
182
355
339
253
311
351
336
333
274
331
354
354
323
334
150
343
326
328
314
263
326
338
314
264
326
326
321
368
293
212
313
401
328
238
354
313
338
232
339
319
331
351
324
290
226
406
328
252
220
539
331
378
272
245
288
334
326
411
330
216
338
332
276
313
356
504
338
364
324
353
187
266
192
489
315
346
328
366
326
355
167
305
247
358
323
541
306
356
381
371
323
343
326
335
314
323
311
196
310
271
328
393
326
216
136
346
327
316
218
209
246
348
311
322
299
326
218
365
313
206
318
313
311
298
262
218
308
381
153
224
256
290
349
401
343
336
239
361
325
331
178
373
358
219
182
361
326
369
192
257
186
169
341
430
311
257
340
315
323
250
216
358
361
329
303
291
264
585
341
309
275
333
206
306
326
292
299
208
311
354
276
351
185
343
326
339
338
328
191
327
326
326
338
358
338
365
338
339
301
383
340
356
271
356
264
338
307
346
343
280
338
319
272
248
326
257
321
271
238
290
310
375
334
313
314
479
328
355
336
436
331
298
323
363
326
314
278
341
236
351
323
361
217
373
176
297
321
299
182
351
341
356
326
432
232
323
323
341
336
399
329
576
326
341
341
346
316
368
313
349
338
327
346
356
311
264
266
316
274
308
324
302
281
202
313
351
338
299
327
363
286
387
216
366
260
300
301
366
328
384
351
343
260
347
326
202
311
344
328
301
218
384
323
345
341
264
304
426
308
365
348
331
359
554
338
356
341
406
348
331
326
320
336
486
323
353
338
365
309
371
331
212
314
166
127
261
190
283
293
424
325
331
323
333
346
359
338
323
341
272
361
344
323
381
326
342
326
347
316
315
351
381
343
353
228
292
270
321
324
343
341
237
333
329
321
267
311
629
323
336
297
266
328
381
326
329
313
350
329
325
341
431
212
387
326
229
187
326
323
280
323
338
194
363
323
453
338
425
318
13043
333
190
148
481
326
305
326
326
350
250
339
329
348
306
311
277
263
283
323
358
351
305
311
343
290
343
326
336
343
400
288
369
199
371
326
344
263
386
255
258
238
371
286
256
299
380
189
333
329
338
326
358
233
351
318
384
341
354
313
393
196
348
325
302
325
378
326
333
361
346
316
222
344
351
317
371
349
526
328
416
319
344
329
234
201
461
323
264
187
221
310
326
345
274
339
383
313
368
208
396
335
313
310
187
328
203
147
215
228
393
343
386
339
338
339
344
334
311
298
321
341
326
286
241
176
276
268
324
326
307
314
348
303
343
323
365
331
356
311
321
323
396
338
246
313
192
189
343
316
371
323
328
301
349
338
328
326
376
326
353
323
312
326
233
225
389
344
381
253
381
215
191
328
340
340
329
262
354
349
351
326
414
216
345
185
636
325
391
323
366
336
306
314
199
330
329
273
339
325
309
151
335
325
300
129
414
326
246
185
325
261
428
318
390
326
309
338
264
223
289
326
351
338
198
181
354
313
266
338
297
323
348
323
344
326
341
238
364
209
554
354
281
251
381
313
313
288
261
218
302
232
391
293
350
328
563
310
328
328
343
323
527
325
386
333
335
341
349
335
401
276
262
171
353
325
408
333
346
326
380
326
601
321
358
327
178
329
309
331
345
348
261
190
350
338
193
318
275
341
376
349
366
326
315
327
320
350
386
272
323
314
387
336
288
310
297
324
188
159
188
171
160
139
