210
351
449
353
363
348
292
185
235
238
234
337
281
190
433
281
373
324
401
358
373
325
428
265
424
335
336
323
456
152
370
338
178
135
408
187
387
343
334
336
441
336
311
341
287
349
388
304
233
348
244
323
364
336
307
334
387
338
423
348
379
320
292
336
374
351
373
343
319
334
323
301
277
214
370
351
182
339
429
206
363
341
290
321
418
349
277
335
386
358
297
336
348
306
384
240
262
336
356
173
192
174
192
134
576
313
221
192
370
334
389
334
389
303
324
269
396
320
391
349
250
187
245
333
341
244
574
363
351
320
398
336
344
214
373
255
334
329
303
333
456
348
391
334
345
269
457
155
337
199
328
250
373
356
212
150
371
336
391
348
406
345
359
222
180
134
171
155
310
336
403
348
352
335
351
333
337
349
416
243
441
333
394
331
358
255
361
349
337
275
314
258
356
321
576
190
388
278
431
329
333
193
408
217
232
242
388
349
231
330
301
230
336
348
364
348
151
169
374
335
371
260
384
353
401
214
307
321
307
351
353
298
348
351
378
279
436
351
185
144
369
182
359
298
388
278
376
363
348
336
343
336
384
346
334
268
321
319
396
349
256
232
418
353
406
348
399
348
316
331
393
348
331
333
363
336
393
356
275
348
376
351
336
336
286
187
486
301
391
336
626
266
224
213
449
253
418
335
337
299
282
321
415
222
413
269
348
343
343
338
433
303
179
333
388
351
398
363
401
320
381
336
403
339
289
254
463
365
385
335
406
326
336
321
390
336
386
263
338
336
317
334
378
295
319
363
319
336
404
269
379
343
351
341
405
335
369
254
364
321
373
348
375
256
393
279
396
223
289
366
335
335
274
336
299
277
325
307
336
320
368
336
426
336
225
187
215
167
325
349
413
366
393
359
414
290
336
334
391
348
483
145
272
237
371
346
411
351
556
346
417
321
601
373
396
335
339
151
424
136
411
353
329
306
370
321
371
351
299
251
284
336
229
321
328
335
261
258
395
348
284
321
310
329
363
271
421
244
396
356
227
269
411
231
337
328
394
343
399
313
371
363
401
355
371
348
388
348
383
306
380
200
401
336
263
146
261
371
461
338
401
336
426
336
200
186
371
336
247
206
362
250
383
192
404
348
356
348
322
164
340
338
303
289
326
336
591
344
391
348
366
363
378
150
431
347
399
336
345
336
416
345
384
336
244
223
409
334
391
348
336
336
514
230
276
336
406
336
476
333
368
271
353
335
377
348
253
337
383
376
245
202
389
336
244
282
305
221
310
336
418
336
333
346
441
348
298
348
323
334
418
298
192
149
413
349
466
293
291
336
275
351
371
339
379
353
599
336
380
224
198
166
396
257
282
348
207
255
269
215
244
316
205
346
233
321
344
346
329
336
528
338
312
283
370
323
213
156
361
283
273
210
353
234
381
292
355
321
396
353
394
348
356
336
218
323
373
341
383
336
444
351
351
323
158
171
272
259
368
283
366
335
237
187
396
335
174
351
341
336
353
351
325
333
381
323
405
338
167
237
286
333
276
265
399
351
267
336
359
351
396
336
351
361
303
333
231
200
301
205
404
336
340
361
369
324
381
300
451
281
308
323
308
374
246
193
363
321
348
348
292
335
314
297
346
348
371
321
389
273
259
193
376
333
403
334
300
341
393
336
418
381
419
286
360
301
609
313
272
333
384
338
417
336
656
348
279
208
411
361
426
338
320
348
356
328
368
346
306
197
391
301
414
351
262
359
319
368
311
324
391
338
313
266
375
351
406
336
240
348
325
321
346
333
216
213
395
367
321
331
344
343
169
323
262
246
383
347
301
346
319
305
386
363
454
320
351
344
239
184
374
233
424
336
451
336
404
299
383
215
221
344
403
229
348
336
584
348
411
336
421
348
375
316
388
350
336
335
363
141
423
306
361
214
325
323
413
364
363
203
388
149
381
333
237
336
433
266
376
349
257
190
369
146
273
224
249
165
261
361
376
349
237
162
315
335
394
225
496
321
327
320
406
336
337
343
411
318
340
236
198
129
468
349
399
351
414
348
323
258
291
343
261
211
216
328
380
321
397
316
272
321
353
363
368
319
239
346
274
336
381
348
380
349
398
336
387
335
371
351
374
311
447
267
395
351
321
356
361
335
275
232
429
341
567
192
336
335
268
218
406
248
376
268
387
217
403
336
454
323
255
163
238
154
399
255
371
321
194
324
269
286
337
351
399
224
280
213
330
267
338
303
267
210
357
224
277
347
256
336
199
208
218
178
398
350
366
334
317
220
364
346
363
348
348
323
317
243
387
259
388
316
359
346
232
333
337
268
391
318
351
336
367
336
424
347
424
348
291
350
328
183
381
301
197
150
276
309
394
245
401
321
394
336
287
201
375
346
400
311
399
336
349
306
399
336
371
348
398
334
335
346
413
366
379
331
406
363
374
335
219
192
244
316
396
376
253
346
378
301
408
283
363
279
356
333
349
323
197
326
378
339
385
338
419
335
325
329
348
338
429
349
408
194
303
321
351
237
356
190
363
333
385
304
411
231
376
323
399
235
366
348
405
351
324
321
245
321
274
323
359
346
231
140
359
365
285
333
381
212
487
239
298
369
230
321
374
358
339
361
406
346
622
326
367
217
426
356
409
336
393
188
410
314
367
334
395
348
501
345
386
344
354
310
386
363
348
324
339
341
241
336
331
317
334
313
406
336
409
307
323
348
341
343
417
326
369
348
326
201
383
335
201
338
274
186
403
338
438
361
201
271
341
323
360
335
230
261
401
275
215
172
406
283
343
343
349
351
343
321
374
337
381
331
253
350
333
338
208
365
379
336
349
323
337
331
359
301
268
116
366
260
237
134
429
303
426
363
335
336
251
261
385
336
358
360
388
313
429
351
182
355
396
351
379
360
345
338
309
363
378
336
343
333
250
346
360
335
304
266
350
304
206
323
366
321
408
336
386
349
373
349
417
336
373
348
251
338
421
363
387
343
321
376
384
354
398
349
411
381
361
356
388
343
358
333
418
348
183
295
316
339
401
376
439
351
333
333
379
321
433
336
429
241
565
339
401
345
411
346
260
333
344
321
316
323
360
333
345
311
416
333
408
337
353
329
328
346
309
321
368
321
398
320
428
336
411
301
245
336
368
340
304
279
321
331
377
242
391
173
439
336
296
340
503
336
358
222
348
258
246
250
378
348
330
323
429
348
345
244
231
213
348
317
369
346
346
245
327
264
176
331
273
224
371
305
220
320
342
337
554
192
381
338
363
339
381
336
369
333
423
333
293
323
347
346
253
324
431
358
369
171
222
321
353
208
396
298
423
320
359
313
370
358
461
343
381
296
260
358
353
276
240
154
391
323
379
335
366
359
349
346
401
341
303
338
363
336
373
223
411
265
444
336
419
348
209
321
444
349
258
303
296
295
414
231
341
323
186
204
323
351
358
324
427
364
437
249
391
336
179
326
258
334
296
193
411
333
394
336
250
184
285
235
351
205
363
351
366
347
506
336
314
349
433
310
273
323
364
358
366
336
351
329
268
323
227
334
241
315
396
351
356
364
346
321
431
356
394
346
308
333
267
265
222
186
361
335
272
334
311
274
371
338
241
187
630
336
299
284
266
306
426
233
341
336
393
350
436
336
285
216
308
336
398
336
378
165
212
223
399
353
254
339
396
318
339
318
413
301
237
331
454
244
272
351
356
361
376
361
408
197
406
235
327
280
323
354
353
346
313
245
273
311
260
349
308
211
323
338
283
336
334
334
266
345
375
347
508
323
369
333
359
336
325
338
399
355
599
256
346
323
318
336
242
259
408
358
236
349
358
341
348
381
308
326
294
333
247
335
376
334
418
335
346
222
347
333
288
336
288
338
366
356
416
349
158
200
338
336
159
155
381
315
534
197
421
291
368
284
319
285
433
219
378
205
349
313
303
321
391
336
199
213
366
300
322
235
245
201
615
353
381
308
218
336
361
346
287
336
388
348
348
333
249
320
359
333
309
351
388
351
261
267
225
303
385
338
289
346
373
290
238
336
419
335
278
242
327
353
356
349
629
280
294
335
406
270
286
146
253
194
385
336
246
301
241
334
558
194
388
326
312
336
344
333
369
320
346
308
293
336
282
333
351
290
358
337
319
334
349
262
166
349
303
351
278
351
406
308
404
218
378
333
253
338
366
338
734
303
269
323
426
351
334
343
262
235
306
216
345
345
241
255
201
333
171
224
391
311
296
338
396
323
388
348
507
313
356
333
386
351
274
347
409
254
387
345
383
361
345
282
266
147
321
331
277
180
300
336
460
266
315
321
267
338
411
311
347
353
222
324
386
346
283
333
366
353
264
257
411
336
191
167
260
271
371
251
368
348
286
326
466
333
351
253
364
188
414
251
379
350
274
351
386
302
268
226
388
351
394
306
277
335
289
295
331
288
368
328
196
363
275
346
608
335
262
268
436
243
366
244
304
348
566
166
343
293
381
349
270
184
328
336
393
351
361
301
455
333
277
343
393
333
212
174
401
328
376
334
393
232
348
320
405
275
348
321
368
316
789
333
409
333
401
324
409
336
405
331
408
358
423
336
351
348
431
223
381
318
350
335
312
320
448
357
258
348
323
200
287
323
386
243
411
325
346
291
346
336
298
321
211
191
346
260
373
351
235
324
381
324
429
141
189
145
344
338
229
163
366
327
260
227
173
161
281
255
320
136
308
336
286
328
352
348
294
351
294
328
353
348
267
321
396
333
345
301
418
338
434
371
247
354
247
333
434
335
326
333
395
363
270
345
310
320
359
305
269
147
181
181
348
314
251
157
454
335
301
226
423
167
339
333
371
224
403
242
460
324
287
349
290
364
274
320
290
142
409
233
418
331
340
272
444
323
401
323
429
336
306
324
414
347
424
358
429
358
235
338
268
348
361
185
381
212
284
336
359
310
631
355
255
401
381
353
407
339
333
336
321
206
375
260
355
335
461
333
204
338
324
345
333
278
398
255
399
356
281
321
361
323
319
269
441
244
407
353
306
349
339
336
384
335
284
343
205
221
343
320
227
226
217
300
401
338
363
278
373
323
278
225
373
338
291
336
368
265
424
359
396
346
384
191
316
331
322
261
388
326
186
337
373
361
451
320
408
350
368
348
391
214
435
179
361
346
403
349
346
336
376
273
390
336
343
338
233
347
393
351
390
334
404
264
328
333
378
294
355
349
178
324
436
350
403
363
428
336
451
335
385
305
308
242
564
336
418
281
433
338
366
191
364
338
347
323
245
363
364
318
247
176
376
263
667
351
297
283
309
371
338
348
387
348
414
201
389
339
344
215
423
335
411
334
376
311
236
324
337
335
357
229
358
325
428
351
302
350
386
361
373
340
385
359
368
336
410
320
364
226
341
324
199
174
381
321
685
351
211
347
328
165
361
336
401
351
365
335
304
336
371
336
264
344
366
353
429
348
291
376
217
333
232
346
335
287
274
271
421
300
391
331
359
347
374
333
336
333
403
304
249
218
376
153
486
311
333
338
348
336
401
351
433
255
395
239
569
336
395
316
441
192
342
281
333
315
273
154
351
324
419
336
348
328
318
212
259
343
349
326
240
335
368
348
291
266
339
335
328
336
265
222
316
283
378
333
248
335
369
197
366
288
341
258
202
326
326
323
336
196
271
356
282
333
404
350
468
280
280
341
248
338
340
283
269
275
373
201
367
334
169
186
414
336
313
293
393
336
370
275
346
321
411
436
379
321
341
335
399
197
433
350
369
336
281
337
411
346
321
321
381
349
300
358
309
276
299
274
367
351
337
190
419
155
363
335
363
313
331
283
255
344
293
236
303
323
293
338
401
309
362
194
314
348
335
213
439
348
181
311
363
341
316
343
238
151
435
344
387
316
421
274
279
321
408
301
320
324
356
228
330
228
422
351
479
293
320
326
189
328
595
283
389
350
336
323
251
358
519
336
349
209
262
324
305
321
269
311
357
333
367
341
373
321
325
361
361
282
406
345
431
199
356
268
404
171
406
364
647
336
378
257
424
364
366
285
401
194
486
361
324
244
411
336
396
337
336
281
443
363
364
144
408
336
416
216
419
366
386
326
416
358
297
323
323
306
366
325
391
336
468
349
446
335
316
321
370
311
443
336
403
247
391
333
340
336
282
336
384
343
424
363
629
283
353
334
339
268
381
351
364
336
401
270
223
162
299
234
366
321
356
320
284
248
411
344
328
323
271
333
398
268
379
335
168
120
198
141
418
351
343
286
401
336
342
336
428
326
331
300
441
361
369
339
588
320
406
348
211
336
227
333
394
366
352
336
374
264
314
348
334
325
361
341
271
149
380
334
335
326
336
313
355
358
421
333
376
388
614
336
351
333
388
337
374
321
389
338
329
336
336
321
371
269
315
255
376
348
413
236
386
267
377
348
554
224
249
341
301
254
407
348
236
321
396
280
431
338
378
349
397
321
222
348
371
283
395
295
294
326
393
364
349
253
428
336
214
364
303
253
336
339
424
336
416
333
386
336
341
273
423
341
396
333
343
321
386
323
229
351
231
336
328
336
431
348
259
278
368
363
423
349
323
333
343
336
283
375
312
233
265
261
350
220
295
158
248
313
413
371
361
321
286
331
270
279
388
361
267
336
321
303
454
333
392
326
381
348
356
323
202
336
318
193
353
260
415
16006
375
335
375
347
262
203
521
335
366
321
348
331
368
261
302
328
371
333
346
330
353
264
212
191
451
350
411
333
341
171
380
348
454
345
441
351
375
337
720
351
320
291
413
378
374
336
351
323
501
226
378
325
409
325
356
336
264
349
366
335
365
366
394
298
343
326
385
335
302
320
642
339
318
303
300
165
214
354
343
244
331
252
245
192
397
348
358
321
351
225
479
341
386
341
499
359
274
364
342
145
334
321
383
333
444
222
345
315
230
346
401
336
326
291
269
335
338
316
446
285
378
243
338
335
371
348
368
252
358
335
346
321
365
338
331
255
603
348
327
308
384
279
477
305
331
321
331
343
360
376
384
349
371
321
446
336
368
328
328
324
403
338
327
361
355
336
316
178
418
345
371
348
401
336
449
313
403
242
461
335
329
308
441
334
384
361
366
336
370
373
277
323
419
336
423
283
350
331
339
245
541
333
434
334
403
371
376
321
309
318
281
321
338
320
176
124
349
292
386
287
352
348
423
282
536
310
421
349
354
298
368
351
419
298
323
323
289
324
221
185
218
205
359
338
356
274
378
333
366
348
319
255
356
333
336
256
316
256
260
320
404
303
399
376
379
360
441
293
441
333
358
336
276
197
361
336
175
127
281
376
326
348
583
349
441
338
411
320
218
143
406
336
358
234
321
351
376
351
401
334
410
336
354
292
295
333
274
336
411
336
346
298
365
348
589
328
378
301
355
324
382
336
423
293
230
336
398
347
289
243
333
331
361
318
394
336
453
345
453
336
329
343
403
349
493
336
398
338
223
369
298
328
373
323
259
209
277
349
354
259
227
353
376
334
434
323
356
351
314
349
411
256
391
320
423
338
331
303
194
168
304
242
275
308
333
341
383
309
418
351
418
351
256
339
441
349
313
307
487
336
325
298
448
338
292
220
213
170
404
343
391
351
373
304
312
313
189
133
449
346
401
250
434
321
497
307
418
269
243
178
313
348
304
351
333
364
323
331
408
321
394
336
408
338
253
333
498
180
343
348
357
281
281
198
389
265
211
359
351
351
396
349
296
248
371
285
393
335
401
364
311
328
385
320
441
186
363
344
202
224
359
306
345
337
401
349
431
330
341
273
340
236
337
269
389
336
382
378
374
336
366
225
302
240
418
348
381
254
386
244
346
338
569
323
324
186
181
147
255
193
305
358
369
303
370
348
369
323
299
290
267
260
401
330
391
338
439
333
348
338
338
325
339
323
381
363
358
199
419
222
342
351
336
323
199
195
454
343
348
328
338
320
272
321
336
271
247
333
380
321
301
215
351
313
455
306
353
336
445
253
343
321
327
272
285
204
305
268
426
336
230
301
363
316
381
349
404
203
529
331
220
320
396
183
413
351
326
323
395
327
389
314
342
290
341
218
280
336
356
324
380
349
171
155
348
195
604
361
272
338
329
350
212
338
370
244
346
298
396
351
209
328
323
323
481
251
189
339
416
359
408
349
361
335
323
333
321
321
346
343
358
335
429
348
351
244
356
330
389
334
388
289
361
349
348
331
318
324
299
272
273
321
235
321
350
313
191
358
356
185
375
344
324
321
356
216
394
367
351
223
349
298
368
308
283
324
375
323
340
207
383
320
418
299
313
348
321
294
323
233
411
336
284
354
306
336
401
282
359
321
326
333
331
172
418
281
354
336
214
178
221
158
297
348
361
324
328
335
316
321
411
349
521
336
379
348
324
149
381
243
277
290
379
323
398
321
286
314
371
351
364
192
363
148
374
303
343
306
398
351
478
335
310
335
406
245
233
333
369
338
502
348
351
313
267
336
253
339
330
323
406
351
236
209
425
341
376
336
315
266
451
349
243
369
337
201
385
327
336
328
319
336
207
181
333
353
261
363
368
306
464
333
391
361
650
335
493
344
360
311
371
321
369
323
381
366
488
344
346
373
383
276
369
323
476
336
219
321
376
155
338
338
286
177
222
334
348
333
375
340
370
336
283
326
360
321
355
316
562
194
326
320
214
174
309
199
354
333
354
323
345
215
381
326
391
272
279
348
217
210
313
333
363
222
504
320
413
343
431
359
336
343
364
356
391
271
303
326
384
321
399
249
236
182
474
215
362
279
373
245
601
308
282
149
333
266
356
351
367
336
254
199
219
120
363
323
396
337
406
348
369
349
300
371
365
319
418
348
388
343
336
270
340
182
324
337
391
351
310
336
597
300
356
205
361
154
364
330
311
324
393
215
366
319
387
301
271
373
413
223
378
346
433
363
308
184
393
335
583
303
337
355
419
255
406
338
376
256
345
331
404
333
490
211
327
256
391
350
388
336
376
365
406
333
256
303
338
323
267
336
388
334
369
283
275
136
404
378
361
310
386
281
351
333
378
306
343
124
369
333
376
350
226
303
249
333
232
157
300
149
268
154
