361
361
451
334
469
346
336
327
235
188
298
336
359
336
361
311
368
339
305
246
376
344
378
346
377
359
404
336
411
274
672
345
238
336
394
333
443
320
384
295
404
358
343
323
306
233
351
313
386
141
246
321
403
327
394
175
298
336
336
346
245
378
413
335
456
365
381
175
348
320
269
239
247
187
321
304
403
351
285
179
331
321
359
285
375
334
363
223
386
361
403
338
221
336
186
149
262
182
165
183
203
140
198
138
363
336
234
356
205
336
313
274
380
193
385
333
356
321
336
324
404
242
591
253
336
288
381
333
307
257
265
323
408
344
461
253
584
338
321
277
333
344
381
350
406
353
290
283
353
321
418
265
315
323
191
175
376
271
378
320
413
198
211
141
335
290
231
137
363
281
406
343
471
235
409
314
217
276
306
335
252
203
345
350
358
336
244
175
383
336
217
230
342
336
255
208
384
351
423
353
251
208
356
335
258
224
363
369
174
321
375
324
422
225
297
320
208
174
291
351
343
336
271
333
330
225
227
356
307
268
406
351
257
207
353
348
305
240
198
155
502
217
315
343
428
336
343
329
333
350
333
330
299
338
432
363
404
282
356
222
349
344
290
323
202
335
585
136
373
360
409
333
363
374
403
335
413
354
371
348
454
336
381
236
389
220
381
371
297
329
250
235
375
341
418
349
344
324
405
336
399
277
275
356
399
336
389
336
324
363
363
171
398
280
389
335
259
336
369
256
385
348
374
328
240
240
411
348
419
256
364
326
386
281
354
334
308
321
333
324
323
320
210
309
321
333
177
136
351
308
677
336
367
343
373
335
354
346
263
321
360
304
398
158
363
361
611
353
353
321
384
348
378
336
338
348
348
141
279
283
226
383
309
351
209
160
393
253
379
367
231
174
348
336
383
217
421
338
406
333
366
148
336
334
346
328
288
206
403
328
254
318
339
304
547
323
419
153
311
247
241
321
379
301
340
348
331
295
327
363
359
336
358
343
570
293
381
326
345
293
346
336
391
224
408
233
354
317
301
272
272
269
267
233
353
338
446
346
411
366
234
349
371
351
334
324
435
348
401
338
365
333
329
168
218
142
186
146
334
298
321
281
361
336
244
183
313
343
294
232
401
311
371
323
370
348
351
348
308
247
255
193
303
323
414
351
238
351
259
293
374
341
188
348
308
350
259
214
396
335
373
336
411
344
358
230
366
329
234
193
321
293
262
164
345
333
393
378
331
278
371
238
395
333
356
344
413
348
380
333
348
348
348
337
364
244
371
320
357
334
286
215
321
278
306
334
339
244
351
323
279
346
231
338
202
351
373
350
338
343
415
335
361
306
345
336
305
321
394
324
326
336
300
267
318
361
220
336
346
336
250
349
351
326
551
333
265
205
451
260
343
336
174
133
368
351
210
177
426
270
379
348
338
331
318
333
211
339
428
369
456
285
395
340
337
335
361
326
401
349
479
343
322
321
391
343
237
336
394
361
517
333
396
244
230
183
378
167
410
333
351
336
306
335
300
323
378
340
388
153
406
217
348
273
336
321
379
338
267
235
361
343
421
348
405
349
247
341
429
354
304
348
366
334
308
253
368
358
334
336
378
286
365
320
498
188
361
320
379
320
404
336
365
351
339
291
399
348
381
348
379
333
355
242
379
330
229
350
391
333
556
351
351
326
325
358
414
334
224
207
170
142
234
341
308
326
391
190
366
336
361
336
419
319
370
341
331
274
428
207
431
336
328
321
353
353
337
326
356
333
391
336
374
256
369
333
263
316
316
212
407
358
396
328
191
142
474
320
371
354
379
358
431
348
366
361
303
258
459
301
292
191
289
341
315
274
358
264
401
201
406
335
371
328
326
348
237
361
416
363
257
338
275
340
216
333
342
350
356
340
366
290
394
328
331
283
572
351
389
336
327
300
380
321
307
338
386
366
270
286
220
128
346
151
383
351
366
321
385
341
433
348
368
281
267
301
190
163
250
335
466
333
121
271
236
336
364
235
362
338
421
346
370
185
401
343
368
320
363
306
421
335
185
333
409
335
321
174
419
328
426
336
408
314
333
361
312
265
249
361
441
324
313
244
411
358
343
333
329
314
400
240
366
299
225
343
368
319
376
346
349
288
439
371
403
200
326
263
346
321
404
373
187
232
403
354
371
349
330
257
295
339
335
316
433
283
237
221
406
255
240
174
458
136
365
341
374
336
281
302
356
333
261
329
308
182
634
197
332
333
486
214
404
228
384
200
441
356
384
374
297
210
190
152
369
281
359
232
411
321
237
324
219
341
416
336
311
320
627
329
374
258
212
335
481
257
404
351
323
321
408
348
381
180
441
333
344
308
414
349
276
144
280
202
185
153
401
275
326
216
408
336
401
351
281
216
379
348
178
336
376
323
366
320
474
336
397
331
351
343
369
295
451
336
401
324
310
270
338
316
408
204
565
349
364
247
381
244
404
269
311
259
324
217
388
336
462
283
181
321
359
361
311
230
310
349
295
280
260
237
302
250
423
268
403
333
363
289
406
258
381
355
380
314
388
349
426
302
369
323
329
351
393
291
351
320
406
329
303
319
338
338
381
353
358
232
188
198
298
330
386
279
333
337
433
333
358
328
329
333
259
335
425
215
296
214
328
351
331
331
293
224
217
321
376
336
389
259
453
221
397
361
383
320
354
343
268
333
411
336
361
195
406
346
534
255
313
301
451
339
255
334
371
323
389
271
438
320
396
280
383
333
378
207
368
225
386
209
396
336
363
303
356
336
373
235
315
356
327
270
369
296
405
282
341
244
370
326
456
349
354
333
383
321
419
350
386
321
350
336
425
303
352
361
374
321
363
291
269
188
321
338
385
156
376
253
393
347
374
343
391
268
311
224
401
205
285
321
373
343
401
333
386
289
330
338
363
358
323
278
408
326
300
320
395
348
419
349
356
255
240
351
208
354
298
336
376
356
310
251
393
334
361
348
383
333
257
335
328
339
428
335
341
321
376
343
419
314
345
260
349
260
366
294
321
324
324
323
406
333
426
359
355
323
389
348
421
337
361
348
283
321
376
358
393
287
396
321
295
324
403
376
363
336
255
236
403
351
405
319
368
222
257
217
364
283
312
274
233
349
290
361
411
373
365
207
554
313
431
327
338
234
346
343
354
349
356
311
346
298
267
353
511
348
284
323
381
238
414
165
580
182
406
336
366
336
323
283
458
194
365
348
374
321
258
183
373
289
358
304
189
335
269
347
287
185
366
334
323
348
381
347
397
348
431
198
446
316
329
336
413
351
379
275
239
298
361
335
334
328
328
331
399
205
366
339
338
328
251
240
366
288
396
329
354
321
308
324
386
293
368
348
178
348
387
321
413
336
373
343
301
348
401
366
291
318
281
335
348
319
227
192
233
186
401
334
443
348
347
334
379
300
186
156
241
183
300
321
394
331
391
313
359
364
389
320
385
339
302
338
389
351
451
224
356
321
248
216
404
337
358
308
353
258
273
333
443
358
255
252
228
185
418
336
411
336
409
344
136
141
246
353
371
288
386
309
382
188
314
269
409
266
375
321
350
335
337
341
386
313
246
368
371
336
239
210
246
334
281
263
333
328
130
334
303
249
335
335
368
336
371
336
244
335
431
351
289
255
297
253
198
157
353
351
388
247
426
269
435
369
341
331
327
285
363
331
338
325
398
270
195
351
393
325
381
232
253
255
250
215
351
323
183
303
226
184
584
333
336
321
398
216
199
355
204
214
313
323
386
336
372
343
304
333
406
221
142
346
381
338
353
361
391
183
308
351
301
347
282
253
349
330
289
346
540
154
434
308
398
343
368
353
324
348
331
215
421
323
351
351
414
348
418
333
411
280
231
336
329
268
233
349
566
283
279
196
306
263
375
225
372
321
333
350
398
296
305
244
386
328
317
330
268
343
355
320
319
345
277
338
346
291
408
333
348
366
319
320
283
128
343
272
251
190
421
319
339
343
300
301
358
339
376
350
556
348
333
373
263
202
351
346
399
336
195
144
199
343
379
234
468
349
429
351
344
333
323
236
434
321
306
361
208
270
389
335
338
323
371
336
258
215
204
157
235
289
383
373
315
335
344
323
12008
101
351
320
355
225
344
349
220
177
263
348
321
321
192
321
456
260
378
338
276
323
339
205
304
269
296
339
348
304
376
336
310
348
280
353
415
338
335
320
334
301
361
336
343
349
164
321
381
336
272
234
434
334
236
321
360
333
361
326
391
255
378
338
361
333
357
282
218
184
389
346
376
333
401
350
379
207
361
320
203
321
396
364
336
340
406
323
361
333
288
259
241
320
273
367
335
251
233
336
403
348
409
206
329
198
297
353
406
348
361
348
257
194
356
179
346
302
417
359
513
333
355
275
426
361
371
339
282
196
384
348
346
348
388
336
345
346
364
326
325
320
330
344
369
338
222
331
309
336
617
336
307
348
355
343
345
298
229
184
404
351
211
171
320
321
356
323
303
253
261
320
356
336
446
336
219
196
384
348
315
321
245
179
328
320
387
336
258
301
349
348
379
344
346
334
344
351
278
309
351
351
409
351
356
263
326
350
388
185
389
316
379
271
413
272
366
335
200
162
242
212
297
347
371
181
391
336
300
192
313
324
429
258
599
348
368
305
619
337
366
321
343
320
298
336
364
321
310
351
343
192
193
156
373
244
225
141
346
225
313
333
416
166
346
260
322
356
431
339
371
276
250
335
340
323
375
334
223
321
438
280
341
335
177
328
449
335
381
298
356
287
398
333
366
343
381
315
404
320
374
336
512
323
481
323
203
336
536
255
391
333
337
334
302
320
241
334
398
358
305
202
381
334
183
321
408
361
381
174
326
266
368
318
176
321
406
321
268
321
446
370
381
270
321
339
524
335
394
335
309
260
404
338
250
110
227
337
239
199
308
335
431
268
435
333
427
321
350
244
294
351
370
208
351
321
355
223
121
193
183
298
192
336
364
333
609
344
343
338
376
349
421
346
365
311
368
274
343
348
187
321
315
302
336
323
371
270
379
209
207
163
343
214
264
127
230
323
343
240
391
323
424
350
346
269
363
294
329
215
418
248
348
343
406
354
381
323
350
335
323
324
384
358
441
351
493
381
230
205
459
333
368
338
386
353
336
323
373
335
272
205
427
338
366
321
416
336
439
359
396
301
375
359
223
336
312
328
384
323
404
350
399
334
415
314
396
207
435
142
242
121
337
295
411
336
363
331
368
351
341
344
343
289
388
336
398
351
217
182
343
320
375
323
368
351
234
333
364
326
365
323
358
360
368
335
373
333
335
343
262
321
384
303
242
336
398
270
444
381
280
338
391
403
349
335
173
153
346
334
379
320
449
349
316
351
445
150
388
255
286
323
351
356
325
273
439
232
388
333
209
126
391
336
404
348
395
300
411
200
357
296
396
363
323
324
363
348
370
323
353
331
309
321
403
214
372
244
348
140
354
361
318
347
311
320
518
233
559
166
381
160
344
325
396
266
388
348
434
233
226
146
451
338
428
336
308
323
358
341
408
325
367
339
342
348
272
281
341
336
391
296
350
336
336
169
331
361
426
373
392
205
403
283
546
323
368
321
259
184
323
266
270
335
411
140
396
190
315
363
416
264
352
359
398
356
348
202
418
336
356
333
233
209
395
351
378
248
368
321
282
336
325
205
344
321
409
251
191
288
250
348
247
351
313
324
309
343
279
321
214
186
356
321
343
268
436
295
431
333
351
267
295
339
361
209
373
320
22840
323
406
268
250
321
436
363
274
326
389
338
396
281
282
163
227
157
298
281
415
336
254
328
358
295
308
336
494
337
271
363
361
234
318
326
248
170
415
349
344
336
320
221
403
328
347
348
340
323
491
272
211
363
190
168
303
314
270
266
364
335
421
193
341
170
354
267
430
227
431
351
391
318
646
369
321
348
376
336
423
324
428
359
348
333
327
321
379
308
297
320
361
338
374
354
730
349
386
187
380
336
364
328
358
336
333
323
479
315
426
336
331
285
393
305
426
335
396
333
322
348
376
321
388
293
302
231
408
326
413
333
413
348
353
178
386
335
371
365
225
336
284
363
398
343
267
321
364
321
458
336
205
205
292
249
291
339
358
330
373
338
215
190
388
363
408
286
433
349
385
326
293
321
272
224
300
253
361
343
438
345
363
330
323
349
371
336
396
256
386
349
319
358
199
323
401
285
186
353
239
338
221
335
363
251
329
175
281
323
401
353
316
321
342
359
164
191
386
363
305
346
322
346
344
326
459
301
366
321
341
303
391
336
380
349
266
348
361
356
388
343
300
338
371
348
333
303
357
231
346
348
291
250
273
182
277
320
392
336
341
323
403
351
358
336
499
335
198
341
356
275
369
298
323
200
384
348
546
259
338
313
375
321
399
323
258
343
389
224
349
346
406
336
543
206
395
336
454
336
388
344
331
321
350
333
225
207
361
348
227
321
391
381
529
358
386
346
311
321
363
324
351
326
314
260
373
335
421
333
218
338
321
214
292
348
381
349
444
344
376
323
237
321
377
301
248
351
386
333
413
321
380
356
324
335
414
348
368
361
363
321
481
283
370
324
383
333
228
130
245
331
346
304
311
363
316
329
364
259
453
338
361
320
366
293
338
304
334
213
310
302
275
170
347
193
360
338
612
253
185
348
203
319
286
288
378
333
414
336
308
278
349
302
353
320
356
421
393
323
399
293
411
348
610
330
416
351
385
224
459
334
304
266
313
280
411
339
256
269
208
346
262
162
297
356
393
301
387
334
242
269
478
288
471
334
323
259
379
321
258
192
381
336
385
333
213
321
290
228
301
334
453
335
355
283
216
321
427
338
359
351
415
336
343
348
318
336
439
244
351
348
339
339
406
339
351
289
308
260
389
348
346
323
326
336
199
379
249
229
415
348
328
226
343
331
415
348
494
306
449
351
261
353
245
222
314
335
493
206
421
258
434
361
188
150
396
293
471
346
384
351
328
308
368
346
351
345
177
141
438
338
183
151
473
349
287
333
393
331
384
245
441
343
360
320
300
348
373
223
351
176
343
336
373
221
376
222
316
323
307
364
378
280
358
336
483
338
467
343
237
321
744
262
336
323
399
356
395
335
639
356
335
358
401
348
383
336
274
326
397
308
438
333
364
278
309
185
363
321
383
269
222
141
395
328
336
355
356
348
309
192
336
154
391
338
335
271
393
336
363
218
257
234
355
363
221
164
236
205
338
348
339
321
447
348
320
270
270
187
329
233
211
361
295
208
407
351
386
328
343
184
429
346
553
338
381
336
406
336
337
202
541
276
227
339
223
326
311
341
453
336
358
321
344
343
481
181
322
307
232
323
256
214
409
321
371
251
324
334
439
318
416
350
320
300
363
353
389
353
240
201
306
335
302
321
424
348
378
262
316
256
401
348
371
334
393
339
336
343
385
333
375
336
388
313
401
364
359
283
305
241
381
345
411
316
203
303
356
324
383
348
391
336
242
338
407
333
238
112
421
336
377
228
405
368
374
364
274
320
280
256
376
334
513
255
318
284
252
240
444
336
288
233
327
316
313
195
348
349
541
333
396
323
394
302
383
333
333
338
383
346
433
347
210
181
429
351
313
333
278
341
379
336
177
336
330
255
366
191
376
255
406
335
352
321
281
324
419
333
363
346
311
232
363
346
270
326
405
341
381
351
212
333
166
321
279
367
361
304
217
159
375
341
436
191
378
357
240
348
259
349
283
224
248
365
279
243
323
321
464
336
416
277
424
338
353
351
366
321
378
304
349
304
376
333
383
339
354
331
38054
354
331
361
384
318
328
323
206
165
275
315
248
333
192
336
362
351
274
226
355
336
301
333
331
348
406
323
381
264
368
324
421
328
418
336
326
189
350
321
737
321
429
361
391
298
353
334
296
270
431
326
414
349
361
336
284
337
555
314
276
348
325
344
326
271
401
255
371
338
293
180
406
336
258
273
348
149
348
321
312
266
304
287
433
334
272
334
376
351
356
285
436
336
309
269
365
356
405
306
403
336
317
283
379
226
190
343
375
192
604
316
439
335
366
323
373
326
381
335
396
333
395
349
328
280
552
321
356
343
334
146
448
348
348
326
419
336
457
271
254
130
272
266
376
351
493
333
362
278
393
333
337
198
237
321
406
333
426
351
349
345
257
205
389
205
424
254
281
338
390
335
296
200
310
235
386
349
403
283
542
341
375
286
349
338
383
348
288
330
411
351
265
221
391
331
270
349
336
253
212
344
386
222
227
215
294
247
338
344
401
270
401
147
373
320
361
204
366
336
416
333
281
207
353
188
464
335
391
181
281
323
358
304
353
283
447
349
386
335
586
181
221
336
388
222
286
171
425
351
411
336
621
245
632
309
373
324
361
338
343
196
381
190
306
188
464
310
280
244
451
355
355
333
272
220
386
349
363
323
220
156
190
337
399
356
491
348
313
351
664
291
418
338
409
353
271
225
368
351
377
321
254
333
393
335
401
187
416
336
696
321
296
348
373
336
362
239
361
173
229
356
270
222
335
331
351
336
348
354
208
340
374
348
292
206
384
348
504
335
395
348
381
321
248
225
263
343
335
321
399
348
502
172
451
342
337
269
328
339
346
293
418
351
277
316
283
306
359
349
346
268
448
298
407
289
338
293
358
329
363
346
336
223
407
293
421
289
435
358
381
333
214
178
321
343
247
345
376
313
321
404
220
191
363
323
341
214
449
279
361
301
325
335
315
379
282
300
341
293
370
323
235
323
441
244
356
203
394
280
302
215
369
324
406
346
418
336
314
333
349
293
393
323
356
308
244
349
205
227
371
283
441
338
438
198
396
339
356
338
394
171
668
341
416
335
354
263
371
305
273
148
241
298
303
216
273
224
476
333
396
321
381
336
358
302
33975
242
324
323
364
351
240
267
286
349
291
215
356
244
398
183
368
341
356
348
401
339
289
336
411
349
273
271
355
354
337
301
222
316
418
262
391
328
335
369
464
209
289
320
371
351
353
356
339
348
393
336
232
171
239
131
250
323
453
343
361
320
301
259
376
280
314
336
203
306
398
295
356
269
325
313
368
269
241
152
307
173
249
154
