351
349
456
349
288
170
255
315
484
349
327
271
311
323
326
328
353
335
343
244
342
285
380
348
284
193
303
321
229
213
498
333
296
338
349
334
636
348
361
356
303
354
536
314
404
351
277
321
376
341
590
323
441
346
363
321
346
261
385
336
373
298
359
233
242
316
394
349
302
240
414
177
393
270
416
360
351
336
361
323
391
338
399
321
308
234
637
336
348
350
285
348
378
301
217
129
243
170
405
351
218
165
172
150
326
324
566
183
209
271
299
283
301
313
366
192
386
336
435
345
378
364
341
336
371
348
335
321
302
264
283
233
547
316
350
343
396
361
353
299
280
331
275
242
601
348
321
293
235
313
326
343
376
313
249
174
249
217
351
335
373
336
398
338
275
153
289
157
316
305
285
353
341
242
418
341
194
164
406
383
270
222
325
303
406
192
324
294
381
333
414
244
295
213
373
183
331
338
234
311
214
185
431
351
336
215
335
321
428
333
348
320
357
276
346
193
344
183
363
262
670
335
328
333
270
351
187
315
358
346
358
350
296
187
254
336
270
162
393
154
279
199
366
344
398
336
299
244
530
284
323
269
363
233
356
371
327
350
315
218
331
321
401
348
381
335
396
353
414
188
331
346
330
321
375
345
368
336
414
368
406
336
416
348
257
205
286
359
370
333
286
326
289
153
396
373
271
321
220
336
240
336
383
183
353
338
358
246
366
348
339
293
355
336
363
336
236
333
411
298
366
341
361
366
330
321
351
341
346
333
426
351
356
336
343
335
405
336
250
323
536
345
406
199
398
348
421
150
376
294
297
255
268
316
282
321
316
327
636
335
318
359
363
321
399
333
385
348
218
321
339
351
251
354
292
336
184
331
296
246
364
320
433
336
176
165
193
142
391
321
408
379
278
351
381
306
441
336
368
351
190
334
310
277
355
336
331
358
386
320
391
368
396
279
353
252
374
334
371
245
426
296
351
336
395
348
321
321
312
323
298
255
398
349
333
353
381
313
419
336
444
223
257
214
259
363
351
329
272
321
368
333
343
283
222
283
393
335
361
321
371
343
356
336
379
350
264
335
333
358
435
338
361
216
353
333
320
323
446
333
362
298
348
336
234
192
378
222
373
270
255
198
366
335
318
324
214
190
266
363
333
279
322
232
276
213
386
298
404
338
319
255
441
344
373
295
401
335
406
348
495
333
368
273
300
348
368
331
266
323
288
349
431
206
401
339
351
321
424
336
384
276
315
224
466
245
413
363
358
338
359
247
385
349
333
333
306
321
404
267
451
348
357
338
453
351
551
335
341
328
464
336
378
348
383
336
274
351
276
162
353
272
342
348
284
244
413
339
357
321
356
343
236
325
241
359
231
131
436
336
214
351
236
192
240
353
387
363
343
348
366
172
719
335
401
344
586
192
359
349
300
156
491
332
447
316
234
194
351
335
430
283
391
333
395
343
361
349
355
321
396
264
308
320
371
293
338
283
350
338
429
270
274
338
259
333
200
336
428
336
413
351
282
241
393
336
343
324
272
321
413
217
218
321
371
348
299
236
237
165
230
213
404
335
371
330
348
346
260
239
273
334
383
326
438
245
436
336
249
333
391
350
364
336
263
203
414
286
410
335
426
343
373
324
342
282
382
336
338
349
296
333
383
349
393
331
388
331
421
300
234
349
358
298
216
160
358
323
361
206
654
346
387
351
248
263
225
320
416
336
351
336
390
285
296
333
366
344
366
335
406
314
345
339
411
351
701
265
326
233
411
349
333
245
552
325
391
333
349
335
418
348
330
259
339
300
451
321
237
334
353
351
321
323
408
335
361
328
395
255
393
314
376
268
408
244
397
335
506
324
335
233
329
320
262
334
198
320
394
281
376
348
236
266
396
349
346
238
389
346
343
321
329
281
363
243
189
321
353
321
388
256
391
323
446
259
369
320
353
321
386
140
363
136
388
335
355
333
370
329
398
349
330
326
348
334
230
170
376
266
344
269
406
283
200
349
289
239
559
258
334
339
330
333
355
333
351
194
366
373
328
336
341
323
499
333
401
368
282
404
388
349
421
351
409
328
384
336
334
226
332
348
426
281
328
331
329
349
457
223
371
256
441
336
424
348
343
333
453
339
326
354
388
336
396
348
431
249
394
283
236
316
197
296
390
305
312
225
390
351
209
197
364
319
349
311
224
321
265
326
198
148
189
142
386
205
257
335
386
253
275
199
306
343
271
183
245
202
315
216
328
301
244
321
299
286
394
336
350
333
244
203
235
157
313
320
416
336
347
295
274
336
336
331
298
343
294
365
323
321
356
320
204
156
323
321
425
260
398
316
373
334
352
298
401
255
309
244
388
356
339
358
371
286
346
334
341
323
399
334
361
336
517
349
257
225
366
335
360
336
421
335
191
368
366
328
401
348
388
251
338
343
366
334
379
298
349
321
293
361
351
319
396
246
385
194
289
359
388
348
411
363
263
329
331
334
311
340
361
321
401
366
368
336
383
351
369
326
243
207
404
336
416
346
338
336
704
361
299
253
348
326
436
358
383
303
369
223
342
346
410
277
323
325
406
336
423
323
273
222
349
351
395
323
348
336
183
142
379
336
293
268
438
303
361
335
363
333
376
306
237
196
391
231
404
335
409
351
505
333
461
338
383
298
411
346
423
350
322
257
428
333
411
336
363
247
421
341
406
338
234
188
366
361
343
348
571
283
404
319
401
337
391
355
394
271
386
348
358
204
356
351
355
224
354
356
272
185
351
315
351
259
385
321
288
358
599
346
456
313
344
356
431
335
341
323
519
273
376
261
393
336
455
266
406
336
415
339
337
325
253
188
384
238
331
351
333
324
361
346
586
321
317
163
323
337
369
224
451
350
398
224
453
181
383
255
356
333
333
338
371
360
297
345
393
341
335
336
284
339
399
340
187
121
410
357
524
348
420
328
394
323
331
321
371
336
406
336
376
142
383
323
371
321
393
333
359
308
344
244
353
215
341
318
416
345
393
333
396
224
228
253
319
258
368
333
421
348
198
321
371
336
342
349
210
185
398
355
203
128
539
314
428
349
356
313
353
326
437
314
358
336
329
323
393
351
316
244
371
308
351
336
371
333
361
339
386
321
371
349
391
333
307
311
369
348
248
224
315
321
411
194
289
215
336
348
303
320
365
349
591
351
311
321
381
291
524
336
393
321
413
348
388
314
286
336
269
338
378
336
243
368
331
214
368
336
326
338
246
336
398
143
347
308
363
264
379
321
371
331
456
336
684
298
349
200
261
321
346
256
414
343
306
333
293
192
279
316
235
338
271
232
414
344
295
343
331
182
401
351
351
340
404
348
379
376
359
320
391
321
403
336
199
310
366
337
389
343
257
321
507
336
239
336
404
336
466
349
371
255
359
335
351
261
328
336
426
162
348
331
389
368
385
247
254
225
411
288
244
336
331
371
307
256
234
351
341
313
353
349
285
324
398
356
386
363
403
348
252
351
306
368
325
321
356
336
388
328
378
341
374
348
250
311
231
284
355
269
511
323
353
346
269
276
295
237
136
189
446
341
521
336
369
336
391
348
421
336
395
243
538
351
329
320
335
263
301
358
332
273
173
118
366
141
302
267
336
331
233
321
329
333
379
358
327
232
405
321
311
323
391
351
298
242
383
307
429
263
295
351
350
326
287
336
384
335
456
338
371
323
399
331
323
259
152
242
363
146
343
311
228
187
299
321
196
333
182
336
261
361
404
291
403
173
381
163
281
336
391
230
357
333
328
234
343
291
200
351
439
277
235
178
346
341
288
264
404
351
328
280
389
348
408
321
364
246
233
336
354
303
313
349
247
364
255
335
271
174
361
366
355
333
444
354
423
269
328
191
369
358
355
187
338
222
249
283
324
308
406
343
330
351
203
343
413
200
376
364
336
269
301
323
380
336
414
216
326
325
267
336
346
336
408
338
391
333
388
333
397
338
398
368
385
356
381
356
313
346
335
348
413
197
275
353
396
366
311
244
404
348
569
344
262
337
383
200
184
140
407
326
379
391
373
351
364
299
359
347
346
336
248
198
308
321
346
244
312
257
382
373
199
144
246
226
188
366
235
207
361
315
381
325
258
339
346
349
621
270
408
335
365
167
321
335
207
339
386
154
371
348
423
376
317
291
411
353
318
338
391
349
394
298
329
333
336
331
314
263
323
249
320
321
406
339
383
348
272
192
242
348
378
273
238
336
275
329
286
203
351
363
348
338
298
323
339
321
419
351
418
346
356
335
265
220
346
340
208
320
381
321
356
321
312
235
336
321
198
336
215
184
308
246
273
326
361
378
288
363
373
339
168
139
351
255
308
290
306
321
308
346
343
343
369
327
416
336
461
299
409
371
345
269
398
348
388
194
244
187
330
371
285
323
388
318
396
321
653
330
291
265
366
331
213
190
303
348
250
194
293
270
391
306
217
323
418
349
491
338
306
299
345
341
311
302
182
170
388
313
501
324
232
336
381
348
169
346
356
333
398
338
326
265
391
335
261
199
443
358
309
346
366
333
326
321
405
242
375
349
351
331
367
341
413
306
411
307
208
276
342
141
737
274
421
333
421
260
373
289
309
323
401
313
268
222
321
244
370
180
436
356
238
199
340
335
384
324
293
197
523
328
347
271
349
324
291
312
426
336
288
344
343
321
409
300
203
134
356
364
228
186
393
330
286
253
418
168
528
321
374
182
288
301
324
258
343
230
283
330
413
296
444
190
294
348
368
325
371
351
296
361
416
176
381
335
295
243
326
311
329
320
409
338
384
345
366
335
285
348
363
291
361
338
446
338
310
176
421
373
195
345
334
336
304
335
335
321
371
348
396
351
299
320
461
336
401
336
330
323
361
278
408
234
291
261
358
333
373
348
304
324
361
321
403
334
398
225
383
336
232
144
178
180
293
338
374
336
456
294
274
336
376
256
195
350
393
172
369
349
370
179
202
341
319
355
245
336
276
346
243
199
398
359
370
349
262
330
335
182
365
341
327
353
329
369
358
341
391
321
411
276
389
188
396
336
411
269
361
279
374
338
366
266
446
353
671
273
238
172
356
336
381
333
347
268
366
336
405
120
324
348
377
336
393
310
316
330
456
333
260
222
250
333
369
283
343
338
421
349
233
336
408
336
409
336
423
351
416
340
388
386
408
338
317
286
379
333
393
343
358
336
347
300
350
335
389
339
421
349
306
227
355
336
201
329
340
354
386
191
368
283
394
245
353
351
480
336
471
333
401
241
171
154
306
313
353
248
371
351
401
338
395
334
424
324
373
336
398
349
191
335
389
344
370
338
201
340
246
348
471
336
371
331
441
335
350
282
330
346
240
138
358
358
435
351
388
336
233
349
191
253
333
198
408
339
354
283
391
351
365
343
334
341
240
337
370
339
252
334
368
273
411
333
340
354
305
336
274
338
303
351
406
333
787
258
408
306
409
213
401
260
416
150
260
215
278
351
265
193
407
323
624
336
384
336
295
336
469
325
353
333
341
224
421
348
312
336
401
336
429
335
406
262
252
336
371
357
366
299
379
346
353
359
436
350
366
296
306
334
394
336
404
323
391
351
306
320
371
338
368
304
393
356
375
348
398
343
228
183
353
348
339
336
358
333
339
333
344
351
539
336
386
333
321
199
242
254
358
335
248
335
356
333
206
320
249
199
383
336
346
323
373
336
285
343
343
356
396
240
401
318
274
197
230
211
346
351
347
266
398
336
265
349
289
343
396
321
252
190
285
336
364
320
252
253
317
257
436
333
404
336
391
290
403
351
287
374
351
253
405
361
214
170
284
321
356
323
760
336
253
206
406
336
373
300
283
320
345
300
436
336
383
321
368
215
300
349
394
336
399
273
396
356
441
334
195
166
341
349
604
333
365
296
268
348
232
326
243
335
220
363
368
316
361
346
385
281
220
358
413
369
366
277
370
329
316
320
284
345
406
200
330
253
411
330
368
356
329
350
284
175
431
368
363
336
324
321
386
249
330
335
336
346
429
339
399
270
357
254
366
373
395
336
558
321
421
339
312
341
354
348
355
328
311
320
338
341
391
348
273
349
413
141
336
335
419
333
359
296
576
290
380
339
369
333
305
214
407
318
421
266
423
351
328
236
302
335
339
333
322
279
274
333
370
348
340
255
368
336
275
251
393
303
428
356
270
273
381
349
321
339
378
321
341
245
172
344
299
228
207
338
160
320
466
153
414
244
196
223
237
364
384
336
423
256
327
244
375
236
353
336
411
335
419
286
519
238
403
336
547
334
263
196
378
336
435
151
341
320
221
321
255
324
338
187
366
355
226
326
305
237
351
323
376
376
333
349
274
331
328
330
246
321
243
255
418
339
417
334
400
259
228
351
254
351
376
323
306
279
374
323
275
193
343
323
338
293
301
282
368
373
386
308
429
351
169
335
251
333
359
336
375
321
389
336
394
343
461
338
379
349
354
338
391
349
306
323
321
356
226
134
363
192
407
320
375
365
414
336
353
339
348
343
348
346
313
334
381
348
330
321
363
338
414
333
401
386
329
366
384
368
331
374
364
336
373
333
516
336
399
361
405
361
321
333
353
270
315
336
203
245
353
334
403
378
172
208
339
338
400
148
408
334
281
334
389
325
314
190
348
343
264
348
386
341
265
333
333
336
353
336
260
128
434
197
282
181
195
246
351
348
379
337
187
313
461
349
371
343
418
321
358
284
224
354
238
191
441
348
576
321
354
328
393
208
356
353
351
187
237
321
279
243
356
336
343
348
336
336
381
338
302
333
298
300
384
313
277
343
371
334
391
351
459
214
378
333
407
348
297
339
373
232
428
335
182
336
297
140
330
331
458
356
439
271
369
326
499
248
405
358
414
343
385
356
358
321
464
293
301
323
233
346
453
336
314
353
197
338
391
323
369
320
371
200
334
341
325
295
336
308
448
339
243
321
355
321
353
301
351
197
371
321
366
361
381
269
292
221
342
349
218
334
228
321
396
318
333
336
378
140
471
206
315
346
391
351
358
336
433
338
359
333
378
348
269
334
305
192
438
331
352
182
323
271
365
301
356
329
398
336
559
334
501
335
251
323
405
323
474
304
345
336
416
300
398
242
224
136
361
336
326
334
319
259
413
349
466
349
323
305
316
336
346
356
315
349
391
302
291
338
353
313
384
336
326
334
338
324
593
331
321
254
321
285
469
356
369
254
245
349
414
281
312
343
185
144
383
141
348
270
381
338
267
199
381
353
712
349
234
192
386
335
282
256
391
349
408
361
483
375
375
346
508
333
431
348
376
336
374
351
224
321
299
232
353
140
415
333
409
356
371
287
346
257
453
281
245
301
398
324
373
222
359
187
421
336
253
224
349
200
350
336
449
348
381
351
429
339
367
348
237
348
374
346
385
333
407
335
637
351
369
287
355
323
341
348
381
304
297
220
361
348
376
335
348
320
325
356
331
236
346
253
357
333
380
314
239
336
242
356
724
336
351
325
186
141
398
335
194
366
374
207
291
274
317
221
386
326
358
309
438
338
380
270
381
338
214
335
209
323
386
331
469
197
211
348
403
339
331
321
308
336
328
339
350
188
373
294
349
346
283
336
368
344
233
320
371
348
415
270
353
339
405
297
377
341
277
354
274
248
296
123
293
348
372
336
386
336
231
201
368
348
338
338
381
225
243
184
333
343
392
338
382
328
239
321
409
358
495
363
308
182
391
268
421
280
394
339
371
336
339
323
374
337
359
232
233
325
464
339
403
333
434
348
409
343
279
202
406
234
434
320
376
217
363
273
398
254
379
363
381
338
343
293
429
302
195
143
212
214
324
319
381
255
203
335
326
217
386
349
391
363
202
151
436
335
376
306
173
148
260
344
385
357
326
351
349
347
401
343
368
349
418
348
406
368
258
334
414
170
353
341
314
336
436
265
246
343
393
333
345
321
313
341
331
323
358
323
324
270
304
320
371
326
296
314
381
361
319
244
198
366
242
231
350
320
668
366
379
346
391
227
429
336
357
271
358
338
226
323
343
320
322
258
439
336
361
318
290
169
407
340
414
336
328
335
424
378
257
349
338
343
637
336
373
336
399
363
243
205
371
336
399
345
328
333
255
171
411
336
242
181
484
301
439
349
349
349
399
316
252
328
426
261
272
222
326
321
276
334
349
354
579
321
411
338
418
361
293
217
274
325
219
186
331
294
237
343
428
258
246
348
322
334
451
328
303
344
365
270
413
141
323
245
286
130
434
348
364
314
341
325
238
341
191
157
391
282
324
348
359
283
277
336
434
336
396
343
311
334
424
348
468
348
381
336
386
283
378
336
395
314
361
324
683
185
494
336
441
360
387
190
354
193
259
320
306
211
313
323
315
298
333
301
421
346
523
333
409
311
372
337
347
336
543
333
471
409
521
338
375
351
394
348
270
351
256
345
381
343
296
351
279
215
406
333
359
336
267
311
351
266
346
306
621
336
396
335
318
335
414
270
388
281
364
307
350
326
373
336
262
222
349
267
421
368
361
345
271
336
373
187
401
371
404
335
399
263
393
343
222
147
319
326
663
349
308
266
197
335
380
279
286
328
373
328
431
218
343
320
353
256
238
191
380
159
359
344
333
349
350
348
386
329
381
212
269
233
344
320
371
343
381
336
373
186
298
333
368
348
325
290
500
336
314
333
309
191
428
339
248
326
345
261
283
318
388
308
274
350
366
321
436
191
319
326
393
348
411
333
302
190
404
313
376
321
374
333
341
303
376
348
349
346
313
351
391
191
421
397
348
320
374
361
346
251
316
254
333
351
223
145
421
351
300
324
254
158
253
366
378
335
358
258
385
200
351
338
322
354
421
348
339
321
276
191
379
296
411
336
355
326
371
293
250
336
398
293
341
328
367
351
383
155
383
301
253
336
419
343
388
338
353
349
376
323
398
336
377
335
281
366
338
336
562
331
358
351
272
213
378
343
439
255
368
336
411
336
282
346
287
255
290
217
329
353
316
232
363
351
361
336
324
346
278
336
398
254
238
335
181
117
397
323
327
323
233
147
358
295
310
338
363
334
255
280
362
353
327
234
369
348
363
215
233
161
224
182
272
167
