368
336
416
336
401
336
580
192
352
348
276
300
203
354
383
278
404
363
297
365
262
333
368
355
474
353
203
154
334
321
233
321
319
326
391
320
379
301
411
333
310
244
203
336
421
336
586
171
387
343
221
338
310
366
354
338
420
351
235
215
381
347
376
223
263
204
368
232
231
321
373
328
376
335
411
363
603
349
386
336
351
339
363
245
256
251
289
282
341
283
340
223
386
351
220
122
401
138
197
126
233
162
186
143
426
335
335
326
399
336
254
196
488
335
368
351
416
336
399
364
389
346
409
351
423
336
386
351
366
282
299
327
484
325
260
214
375
363
428
231
621
336
411
194
431
363
326
336
273
235
391
341
421
334
224
153
401
282
353
336
278
225
240
142
188
180
300
249
391
255
419
308
358
207
368
333
397
333
262
334
354
222
281
279
376
216
343
348
394
338
327
260
411
243
381
354
335
336
296
154
245
209
262
321
363
361
304
363
354
311
459
321
273
230
418
333
451
181
436
343
349
343
391
349
326
321
287
200
388
336
371
333
172
323
346
305
331
171
275
331
239
194
264
349
396
336
378
245
350
349
424
349
386
336
388
194
383
337
376
354
390
343
356
356
301
232
183
361
361
338
378
363
295
321
449
346
378
333
389
349
361
346
356
348
341
211
383
308
373
336
377
268
433
359
355
336
374
225
219
323
196
153
371
190
393
359
358
259
374
327
351
354
374
200
361
321
352
343
421
348
396
338
329
301
431
358
241
226
393
333
438
348
396
348
419
335
411
301
411
303
378
343
408
348
216
320
267
334
380
336
401
361
421
337
433
348
345
355
327
336
312
349
636
279
371
358
219
348
348
270
221
323
365
294
338
348
429
158
353
324
401
345
331
343
244
129
224
347
411
280
191
336
417
321
323
351
244
205
359
309
352
321
194
285
291
212
406
349
394
344
204
131
347
351
378
261
375
336
396
191
391
333
196
349
378
363
387
304
337
351
309
263
324
253
341
323
297
371
391
286
366
235
334
223
280
288
386
300
379
369
414
336
409
341
619
334
313
338
289
349
378
321
376
336
386
351
383
338
220
338
331
279
370
225
204
246
301
318
439
343
418
336
416
339
383
349
527
201
416
272
396
338
313
350
563
192
384
333
325
375
212
140
310
287
391
333
421
336
441
370
394
331
381
283
529
232
415
351
371
335
353
321
423
349
373
326
451
287
349
187
216
282
225
191
441
345
345
349
245
336
388
335
378
321
391
351
477
347
376
333
350
337
388
334
391
350
386
333
406
267
426
349
396
345
460
333
371
324
350
336
476
351
424
319
316
346
357
172
218
323
381
358
293
324
236
336
346
272
381
289
366
333
276
333
398
335
328
143
280
328
390
363
351
336
366
323
210
316
353
344
256
161
449
338
312
336
251
159
338
258
405
346
378
351
273
262
336
170
305
212
352
293
448
282
364
340
256
184
436
336
403
343
413
351
376
325
409
358
369
303
316
289
408
259
361
269
421
289
411
348
368
347
381
334
277
321
371
336
406
307
333
215
391
348
341
227
409
244
235
196
358
361
365
336
361
333
338
311
355
348
243
251
396
348
361
336
290
350
222
323
374
321
398
275
363
335
363
213
351
259
431
336
358
324
368
117
349
326
316
334
434
339
346
323
451
335
173
343
404
344
366
348
371
339
421
134
401
344
315
190
229
346
384
253
384
359
471
343
326
344
299
336
286
289
438
333
406
348
369
333
292
349
376
370
378
349
391
351
409
336
373
280
424
347
284
303
265
321
241
192
341
256
388
313
341
343
401
351
363
190
349
321
373
351
363
324
434
343
244
319
314
351
256
321
413
348
378
348
474
207
288
207
363
313
264
195
431
165
341
320
265
178
221
140
398
224
312
326
344
291
423
339
232
355
395
339
366
348
333
221
416
336
356
338
254
206
444
351
416
325
385
348
192
140
326
232
496
336
218
308
467
351
246
216
415
351
221
165
428
204
246
181
348
350
368
363
403
338
553
256
313
321
421
319
404
373
235
335
274
231
376
343
312
346
341
348
218
255
403
319
370
338
271
321
297
356
221
346
294
244
358
267
388
351
368
340
396
336
509
291
327
351
375
380
391
171
358
323
414
349
361
339
330
324
298
308
381
333
334
321
323
193
395
275
399
336
373
240
370
351
270
295
318
281
323
311
249
197
331
153
353
311
419
163
444
260
481
336
311
193
403
334
295
339
263
215
244
188
262
155
361
326
222
250
393
351
398
348
373
336
242
178
218
163
285
349
179
336
312
324
337
213
348
324
299
351
266
333
290
338
363
231
473
346
306
216
388
348
385
348
406
235
236
363
396
333
347
339
324
334
462
333
488
351
339
336
325
324
293
336
321
349
527
366
211
202
406
321
290
316
401
336
464
348
384
348
605
361
348
272
436
351
293
259
309
349
386
319
376
336
349
257
180
336
368
313
323
323
399
281
383
262
316
323
331
215
361
336
307
265
393
321
302
306
411
351
406
363
220
270
408
336
283
361
424
348
267
238
386
348
381
323
373
335
366
160
313
303
365
308
287
288
433
257
376
335
386
336
425
316
411
351
424
333
296
260
348
140
376
336
415
349
211
336
308
333
361
321
333
331
394
336
366
320
465
347
343
333
381
244
524
280
331
343
367
349
268
336
421
192
267
323
345
323
211
174
399
336
393
328
317
326
414
336
393
273
374
198
451
216
260
336
403
340
357
244
787
348
300
304
434
336
369
176
341
333
375
313
373
323
314
336
301
326
391
343
275
326
399
351
409
353
606
336
351
361
328
334
12905
336
431
336
261
321
368
344
378
243
252
202
228
321
446
244
316
335
254
321
461
348
375
350
198
336
313
321
252
320
335
334
294
323
401
258
358
244
346
315
321
293
376
298
426
236
339
346
408
348
341
331
348
353
347
291
384
351
441
334
368
321
431
333
386
225
247
335
323
321
416
186
391
328
430
359
357
299
389
336
279
386
258
361
356
320
751
349
439
339
251
227
398
333
353
359
282
321
377
328
167
153
318
336
401
346
599
333
268
140
334
152
368
346
343
220
313
336
451
350
369
341
339
321
376
206
376
329
413
325
395
338
396
335
369
344
381
306
400
293
376
229
351
339
341
333
373
270
396
232
290
333
381
343
373
333
298
323
305
265
368
321
344
283
309
316
242
360
404
244
338
247
266
351
317
295
286
349
359
358
332
341
245
358
564
271
390
348
381
348
338
369
343
336
257
242
353
246
474
336
321
296
347
351
431
324
389
350
389
346
336
343
354
338
330
171
286
318
394
336
299
300
368
268
413
349
411
335
373
232
343
333
386
338
384
300
383
341
375
283
341
238
363
336
358
321
401
336
419
347
439
339
245
333
354
343
411
357
309
316
406
253
271
197
391
334
389
336
293
163
267
208
529
323
172
156
409
254
312
336
295
308
436
228
335
331
404
346
409
336
396
339
230
321
351
356
356
333
310
344
399
346
385
333
384
368
353
338
274
189
284
277
365
349
187
338
511
333
387
344
359
336
365
198
379
335
578
184
211
313
355
335
265
187
417
282
285
333
214
388
487
181
389
333
376
336
338
336
371
356
396
363
301
324
271
180
292
336
407
354
331
323
298
340
368
321
310
293
411
349
356
338
413
158
316
356
363
336
439
346
274
349
273
257
269
336
293
318
244
334
289
264
324
386
379
333
373
178
211
246
404
226
273
336
297
335
250
283
249
283
307
336
343
344
406
334
281
350
323
351
394
371
255
328
360
301
249
328
346
331
283
343
405
333
327
330
386
348
294
234
499
308
411
336
356
341
363
348
200
343
308
333
374
344
266
293
351
344
326
321
395
360
291
324
376
335
366
318
376
316
543
335
259
201
348
324
356
339
359
373
379
323
296
246
251
290
257
249
243
323
344
187
263
320
379
316
333
296
281
260
244
199
233
301
198
187
401
335
190
329
343
336
433
348
398
346
216
335
396
341
266
274
741
348
378
307
411
228
614
239
333
283
573
235
419
336
270
366
280
254
325
249
376
348
406
363
334
320
332
298
398
366
326
336
311
359
265
313
401
336
365
299
347
158
339
326
201
149
269
195
384
323
319
338
225
356
351
336
284
204
461
343
391
348
401
298
244
244
265
333
359
321
364
333
448
353
444
279
272
225
364
268
319
268
270
321
344
323
376
340
202
183
570
296
457
336
310
320
346
147
254
320
286
338
337
223
335
334
271
321
396
336
239
321
376
348
312
244
294
320
371
348
301
279
215
142
636
255
421
335
308
336
328
338
345
323
213
348
309
348
295
192
341
334
361
351
378
314
243
206
251
336
318
283
406
223
439
351
390
361
401
346
321
323
232
329
388
244
414
336
443
353
357
336
330
320
428
328
349
321
250
347
419
293
331
293
319
335
409
335
416
311
239
323
366
346
338
338
374
267
307
355
699
353
293
336
401
349
190
280
245
248
358
349
280
254
368
132
409
213
215
215
351
346
378
208
364
336
419
333
361
321
287
321
231
291
260
146
383
338
359
281
274
335
304
323
275
351
244
231
433
336
337
293
371
320
373
348
291
336
411
356
501
283
386
346
391
338
390
330
426
343
267
226
355
321
388
333
316
214
329
324
564
349
381
351
307
267
403
351
381
346
389
338
429
285
357
234
282
278
371
199
390
338
253
240
207
152
742
325
249
185
414
320
369
331
242
151
441
336
327
336
356
335
251
311
340
232
333
320
335
325
230
144
371
333
361
363
282
216
358
341
290
190
383
334
346
230
295
321
468
365
441
333
361
249
386
344
401
281
393
149
318
181
330
294
318
323
336
321
368
365
361
331
364
261
250
189
378
336
358
130
311
276
393
323
383
351
333
327
319
329
391
161
386
346
389
326
328
307
386
214
282
353
241
333
354
341
405
321
345
346
351
182
216
183
464
339
383
311
297
257
363
258
312
231
426
286
312
348
381
321
308
273
315
261
266
200
309
212
370
348
385
255
368
346
351
333
275
216
369
336
243
333
540
300
418
306
280
345
358
333
353
156
349
346
280
346
310
263
536
346
327
338
389
269
241
195
411
348
277
336
371
211
398
336
391
321
411
336
418
336
363
335
333
221
399
360
328
301
434
336
378
348
378
301
292
335
315
336
386
190
380
358
396
323
234
153
390
333
378
344
176
142
311
254
358
333
371
333
359
351
413
348
403
363
406
348
7417
296
444
333
361
356
300
323
441
346
391
345
366
351
401
341
340
329
198
326
435
309
379
348
243
351
365
337
384
334
318
271
343
334
222
227
361
321
389
335
210
198
350
336
307
334
202
192
259
333
388
336
436
263
376
333
401
348
352
335
309
157
343
351
334
320
393
336
378
301
361
333
418
156
426
321
411
336
368
289
321
351
373
336
415
361
336
351
421
224
368
351
387
349
425
258
354
321
316
321
339
331
223
278
318
334
328
223
296
333
329
349
398
333
945
361
342
283
358
343
227
354
331
298
406
357
373
343
371
279
406
338
363
321
366
336
384
214
394
351
282
321
379
348
321
177
239
309
348
338
414
265
376
321
279
313
417
333
378
311
418
368
415
366
408
351
401
316
572
313
401
255
331
258
246
336
366
338
288
334
251
353
346
321
367
312
309
258
277
255
404
344
364
348
341
333
386
303
210
153
386
333
368
186
363
335
209
323
309
225
403
338
326
345
361
297
448
316
222
329
344
326
341
336
296
283
344
348
434
336
469
194
300
260
429
310
323
338
338
313
386
268
371
336
399
333
310
361
403
321
500
331
466
353
367
333
366
346
411
321
389
381
388
364
351
320
389
349
344
261
488
143
408
299
368
336
259
359
218
323
406
159
318
326
362
336
376
336
401
297
358
254
391
339
431
361
343
308
256
152
348
304
451
351
370
196
236
187
447
316
237
149
248
186
391
359
356
305
559
330
247
336
426
349
305
273
295
323
316
340
399
338
279
198
353
336
356
343
373
303
414
353
449
336
462
301
358
336
369
348
447
329
363
361
338
348
381
334
318
358
327
351
387
343
361
321
353
320
468
353
269
250
341
337
413
336
366
254
403
335
260
244
276
349
356
136
351
323
379
347
423
266
419
346
277
321
309
196
236
335
338
348
378
348
286
347
353
325
351
296
392
209
331
356
376
232
350
351
396
335
259
348
385
279
394
331
331
331
324
336
284
264
443
363
414
348
364
258
341
341
414
245
421
339
438
149
411
323
376
336
241
141
404
348
435
179
378
333
240
255
234
172
644
166
361
333
362
343
337
270
386
348
337
320
232
104
306
321
499
321
375
293
210
321
331
331
403
351
340
336
265
348
299
328
369
336
419
335
232
264
376
301
301
331
338
321
295
346
416
333
421
271
314
333
394
349
348
371
368
280
423
351
409
349
204
139
302
335
488
336
324
245
261
198
331
257
366
244
331
333
396
223
339
351
343
321
256
301
411
336
358
333
366
348
363
293
366
206
260
232
681
344
413
335
368
333
406
336
435
336
354
317
349
324
421
378
397
356
410
256
368
321
361
301
295
318
374
338
396
338
384
336
514
292
379
199
466
336
364
335
426
343
368
321
408
349
335
341
364
259
243
180
351
253
310
335
199
323
388
262
355
336
224
248
381
331
348
303
421
316
383
351
351
265
370
316
257
351
339
351
534
233
426
255
303
142
357
257
282
201
266
160
381
324
351
323
255
316
378
356
331
339
458
346
473
286
499
188
365
335
385
258
306
215
398
361
343
223
553
336
348
168
426
333
349
321
416
348
426
283
355
363
504
255
393
343
421
308
373
349
447
353
409
378
331
197
368
349
406
326
359
363
278
320
418
281
356
187
329
285
205
158
359
334
396
348
316
303
360
281
359
169
326
324
272
233
323
356
391
346
365
280
307
351
365
175
388
336
361
305
335
333
386
336
293
265
306
336
336
321
309
232
366
336
399
333
274
333
398
343
343
348
439
348
369
251
393
202
314
154
376
164
325
349
336
278
426
331
391
325
306
291
353
336
411
335
241
336
371
271
281
323
369
201
394
334
339
213
359
290
388
355
388
359
368
324
384
291
301
366
354
321
401
244
403
246
212
333
401
333
379
268
243
363
230
336
294
343
335
338
321
136
313
337
324
339
441
269
265
209
282
239
271
336
454
259
383
237
365
351
416
335
431
258
393
270
388
227
424
349
388
269
335
283
328
328
378
318
355
336
439
351
350
200
411
347
406
313
177
140
255
336
416
341
321
361
387
361
356
350
348
300
431
289
346
348
251
224
181
136
333
250
386
273
419
256
355
350
378
337
369
349
396
341
250
160
414
333
360
126
389
346
323
335
361
336
325
334
334
373
341
334
336
279
315
359
251
321
266
325
365
244
350
336
396
351
366
321
393
336
374
356
272
323
281
193
291
291
355
343
366
333
361
275
368
333
374
321
340
351
302
152
444
358
383
336
421
353
343
336
289
269
331
256
393
256
418
378
294
274
400
321
279
161
366
336
396
303
394
335
335
336
379
335
435
336
302
336
323
254
406
334
423
364
314
336
336
336
333
351
356
294
233
336
403
333
285
335
378
336
377
323
381
229
284
356
348
233
228
282
365
207
368
321
364
180
368
303
305
336
308
257
376
345
392
348
393
343
266
197
361
338
458
336
362
335
378
335
352
336
248
163
357
187
354
269
418
286
167
124
386
348
619
296
387
349
494
212
348
338
291
316
328
324
414
358
376
366
328
299
381
333
361
189
386
336
361
320
416
336
590
235
299
341
395
351
371
335
519
190
494
335
406
223
359
302
383
349
423
293
339
338
322
336
393
216
401
348
297
225
221
324
428
235
429
345
221
163
279
289
231
306
386
279
414
336
360
217
413
291
317
200
361
351
536
295
275
268
394
334
257
305
403
253
363
336
311
351
266
336
260
331
323
321
384
335
394
351
376
336
371
333
405
335
418
336
246
259
451
336
388
356
340
356
383
361
346
321
316
351
296
346
333
205
237
275
274
336
343
321
339
351
388
232
513
333
297
212
506
265
453
324
217
174
205
338
419
349
264
271
419
293
219
336
270
336
417
349
381
333
336
336
408
323
398
348
331
283
368
321
389
351
597
333
373
314
351
233
398
311
384
250
230
353
355
319
410
338
404
344
397
321
476
325
213
343
326
244
328
253
332
254
329
216
328
331
384
216
399
335
327
333
433
309
399
344
300
339
394
349
303
232
427
335
401
333
346
339
461
336
441
218
413
339
364
150
526
331
426
338
385
348
396
335
344
320
269
321
363
190
177
141
431
348
296
348
373
321
378
339
407
283
549
298
316
324
230
336
282
224
652
356
337
351
399
226
367
349
226
175
203
308
359
354
227
206
263
269
388
334
428
336
266
318
318
234
409
289
371
258
421
336
371
256
334
326
188
235
339
323
394
336
398
336
340
240
224
348
263
180
373
336
359
286
428
346
298
336
411
202
387
270
435
336
371
336
393
334
316
323
416
351
393
328
446
291
229
338
316
321
360
351
373
253
423
333
350
333
378
323
338
333
287
179
351
323
400
325
386
333
343
378
399
369
383
335
349
242
396
336
264
267
321
336
361
296
391
340
367
348
358
197
390
320
439
361
234
186
341
140
416
348
305
359
521
331
368
361
343
321
373
336
517
341
444
293
405
345
368
337
348
361
329
348
319
349
347
321
379
304
344
348
425
336
411
350
383
336
366
328
388
160
228
338
351
321
222
221
376
336
202
336
356
200
301
333
416
351
421
333
330
281
473
351
368
323
265
321
353
343
281
333
218
274
268
349
384
335
295
288
421
251
419
351
388
164
331
331
308
359
264
363
249
346
276
368
398
235
373
331
314
293
326
334
312
348
416
349
426
341
256
210
356
321
414
336
309
244
286
321
413
364
527
189
428
331
401
313
388
274
666
176
403
349
448
336
304
313
421
333
376
336
358
318
572
253
200
337
302
351
382
337
212
320
233
321
423
324
317
326
330
278
355
217
369
336
225
339
406
336
355
334
418
336
406
351
290
346
361
298
316
348
424
348
355
336
386
323
411
340
323
336
301
244
373
175
374
336
409
257
383
351
318
283
391
336
327
320
389
166
240
161
246
177
