383
336
261
255
566
331
371
250
333
333
431
336
277
321
243
214
295
348
214
126
406
173
290
336
406
298
326
233
385
323
361
348
309
265
416
348
418
336
237
336
391
246
396
157
419
294
353
333
304
189
346
331
378
349
421
365
366
336
391
291
247
323
393
242
218
134
368
318
416
333
349
338
426
351
237
339
222
191
401
364
318
175
388
308
240
223
388
347
434
316
308
341
246
263
371
155
380
126
272
215
212
138
346
336
346
346
428
210
434
339
446
368
267
349
393
328
363
333
291
357
571
346
328
328
293
222
378
256
383
305
296
222
363
333
366
361
571
360
304
373
258
333
454
282
291
338
187
140
376
221
354
225
355
306
230
178
242
333
331
348
378
349
418
281
200
308
195
132
373
351
376
371
421
333
359
237
425
368
236
233
336
225
250
336
234
205
376
348
385
344
297
270
319
349
260
338
229
321
315
225
259
198
280
335
306
333
477
356
383
334
314
320
291
233
222
336
207
185
361
330
381
351
549
344
313
289
304
180
216
189
341
348
403
348
400
347
313
260
276
287
344
343
351
436
423
344
579
323
190
339
308
326
351
349
321
185
271
328
226
351
390
336
356
335
311
323
361
356
363
336
406
351
421
336
335
336
275
223
190
336
414
189
370
282
344
354
336
333
369
279
469
336
361
351
413
349
358
233
182
336
554
349
396
333
388
351
308
267
346
336
389
333
403
283
411
369
376
368
401
178
361
280
451
229
271
232
407
313
371
336
378
364
436
339
361
349
418
273
358
281
190
349
339
320
348
329
361
335
383
335
378
337
340
359
234
217
491
339
439
349
260
361
363
333
223
199
383
191
411
381
355
140
176
335
408
351
356
345
377
348
326
350
555
356
291
333
179
321
574
349
414
131
233
350
340
336
326
206
368
321
282
146
195
363
315
331
366
320
351
336
399
349
381
215
371
330
386
347
247
191
366
356
352
154
331
363
368
366
415
348
369
338
354
358
385
359
261
328
260
240
535
363
408
212
294
336
497
335
283
215
348
336
393
269
501
336
371
348
343
321
325
335
388
283
325
323
319
320
406
356
291
190
459
269
329
290
336
286
369
334
321
361
374
326
404
341
326
245
361
324
427
338
388
335
393
319
371
331
207
335
406
358
403
335
338
350
313
226
234
323
473
333
381
336
322
331
314
338
336
336
401
336
597
327
368
353
350
333
384
348
436
343
426
361
263
360
299
281
371
321
330
305
323
346
333
316
363
334
406
336
262
348
381
363
409
333
388
211
243
336
259
356
381
333
373
222
384
335
366
338
431
267
265
226
569
343
193
160
383
193
405
336
353
323
338
237
386
348
349
335
406
281
286
255
406
331
331
320
351
330
586
328
376
336
330
361
204
235
334
341
366
254
356
321
303
255
351
182
281
227
403
336
360
335
293
280
391
149
267
224
368
295
303
225
312
333
287
348
371
348
411
361
451
348
329
336
289
271
429
333
327
336
415
348
433
338
368
351
330
321
196
336
444
336
495
336
295
320
213
180
254
354
312
287
326
331
360
347
366
338
339
335
393
336
491
324
656
301
380
365
303
220
356
269
268
200
254
293
385
326
226
321
489
348
289
325
403
349
253
334
241
333
403
376
379
346
374
338
228
223
391
283
429
335
377
338
363
212
411
283
193
323
356
335
413
339
371
321
336
318
398
346
378
334
389
230
356
214
349
333
308
339
429
306
414
351
404
363
424
326
360
353
406
328
239
319
380
361
374
237
389
335
294
321
247
233
343
344
378
309
310
349
376
336
364
291
453
348
351
364
333
300
403
336
218
274
323
293
300
268
403
276
267
206
406
268
325
321
398
338
474
348
341
336
478
345
324
320
385
341
261
223
386
338
666
346
398
162
439
336
287
346
428
333
346
321
343
244
400
361
376
310
398
369
364
157
396
366
343
254
289
270
421
330
381
300
238
193
306
358
361
351
378
265
439
336
350
151
301
328
431
336
606
364
331
328
401
275
389
180
411
321
299
321
336
336
393
336
252
179
404
336
358
231
426
333
273
299
324
285
426
351
251
281
340
323
446
363
321
255
247
353
310
236
366
336
250
215
371
336
438
336
589
321
268
321
332
348
303
231
361
323
358
318
433
259
374
336
354
348
370
301
342
351
428
365
322
336
466
343
318
336
257
351
389
309
281
338
297
190
196
151
237
155
363
306
434
343
539
244
233
331
178
336
225
349
414
357
366
320
380
334
357
249
312
283
386
336
371
333
359
346
270
193
325
321
484
333
396
336
312
336
413
356
252
221
305
328
388
255
383
224
398
331
359
276
301
321
314
349
254
179
389
265
277
350
245
351
318
346
403
374
404
348
388
333
359
316
401
336
169
132
373
351
373
339
393
336
404
192
240
336
317
246
368
348
365
323
383
337
353
300
341
313
311
323
324
234
396
333
307
336
413
326
328
246
431
353
373
338
398
331
507
341
343
293
434
351
379
348
325
269
311
336
301
339
319
209
303
222
338
336
418
326
237
349
401
348
431
333
316
321
398
333
318
351
489
179
378
321
409
278
413
337
356
261
323
263
346
330
259
278
349
346
406
244
348
296
350
321
416
329
393
349
398
266
230
344
406
222
429
280
401
328
200
363
409
232
383
343
373
330
336
301
361
335
361
318
418
348
311
359
378
333
370
333
398
224
359
336
434
187
315
285
324
336
327
335
446
336
368
326
318
321
297
349
371
336
436
371
383
358
701
286
336
341
210
212
389
349
415
366
386
318
337
336
427
346
429
363
346
250
368
363
376
283
339
331
351
338
408
341
361
369
413
349
272
207
426
349
404
376
353
334
312
356
391
348
408
273
360
331
187
281
348
196
529
336
441
378
387
335
328
321
463
270
403
326
344
323
214
185
334
223
370
329
379
329
377
336
378
338
314
336
379
336
406
336
358
336
364
254
428
338
385
336
274
232
404
141
363
349
371
348
421
187
246
335
312
179
349
333
436
335
401
348
189
270
272
333
319
321
395
333
299
299
379
353
509
145
747
348
369
364
381
349
365
282
192
320
589
254
240
361
265
344
272
327
401
346
315
321
340
320
365
366
491
335
185
338
396
351
408
255
378
343
370
361
427
359
294
335
369
359
409
295
319
334
411
326
136
185
406
350
439
306
360
335
220
139
381
193
353
301
274
262
373
306
368
300
386
331
329
268
259
336
449
343
273
320
346
328
249
158
483
258
429
265
343
335
453
386
551
341
364
198
346
333
313
203
381
229
383
336
232
349
257
321
436
350
280
343
334
333
354
349
255
323
366
326
316
252
457
353
354
320
368
349
396
333
363
319
336
296
348
326
306
324
496
371
348
229
335
339
282
349
333
193
327
243
428
344
423
311
363
348
383
339
397
356
230
186
330
353
278
321
238
137
416
351
426
374
209
126
441
356
369
346
306
257
364
268
353
326
418
343
418
351
428
361
329
182
346
223
388
304
399
348
401
348
351
282
348
326
363
351
379
252
624
301
348
264
186
195
291
345
238
214
227
215
380
233
373
299
298
245
385
207
326
236
266
233
367
337
286
338
391
356
241
214
349
356
358
306
389
333
366
298
431
236
336
233
363
334
351
244
421
341
395
215
396
339
242
321
373
349
354
320
353
206
411
346
279
222
303
256
336
323
398
321
337
302
368
333
336
324
441
349
381
343
288
216
370
215
283
350
343
336
338
248
381
277
283
349
282
224
373
335
209
179
220
163
428
192
288
338
374
321
206
294
324
301
232
180
311
321
359
250
329
376
356
336
234
196
393
358
242
330
297
336
424
348
386
359
12028
217
401
335
223
333
274
215
348
333
391
350
358
263
361
336
393
299
238
336
333
323
237
335
376
336
285
323
353
339
359
309
308
261
361
333
386
286
347
390
393
343
411
348
376
323
282
226
303
282
225
321
236
184
523
281
284
281
403
321
278
259
246
323
312
336
302
336
340
187
330
321
217
328
381
268
328
320
240
192
396
348
285
336
444
265
354
261
298
296
389
154
383
282
329
320
429
323
265
240
342
302
337
163
389
336
289
348
334
336
313
213
616
351
353
313
409
154
311
378
370
336
395
241
287
305
232
232
326
344
381
354
339
325
272
313
292
224
401
336
358
358
624
150
455
336
383
310
171
349
272
256
226
341
401
364
417
358
370
281
261
349
318
316
413
341
253
321
370
348
328
335
439
201
243
346
343
334
318
338
314
321
264
339
298
349
385
337
621
333
265
217
391
335
285
363
345
259
266
341
391
336
244
193
213
258
343
335
253
169
254
356
404
348
349
181
282
321
343
321
439
331
394
262
223
178
365
361
395
263
319
323
338
257
281
323
271
178
439
338
306
316
363
338
416
336
248
323
371
321
380
338
411
348
316
350
385
338
182
246
351
303
384
344
328
320
315
323
227
343
357
321
308
348
304
321
328
323
375
261
371
151
338
303
370
348
395
195
388
269
247
153
346
236
599
231
259
321
411
318
441
333
389
348
371
300
406
206
321
294
287
197
669
347
190
321
366
311
300
348
436
232
220
261
294
257
353
358
456
244
401
333
235
333
226
185
419
348
396
193
321
321
299
333
343
336
370
266
229
178
406
336
415
321
356
198
201
140
371
324
438
336
311
274
363
351
401
383
361
331
396
261
318
316
487
348
306
263
205
363
195
336
336
364
273
156
348
222
183
126
192
149
405
212
368
313
344
298
318
183
396
168
271
233
423
344
215
273
669
348
457
347
387
214
310
320
411
364
399
303
386
344
303
241
369
316
408
323
363
336
309
255
377
295
176
194
393
253
346
336
307
283
335
324
487
149
383
349
231
197
502
331
406
336
230
184
358
336
384
321
389
336
404
266
426
336
398
348
381
321
178
321
425
343
357
321
368
348
399
336
414
309
393
338
419
361
381
360
236
178
357
359
388
358
369
232
282
161
201
320
331
321
346
323
215
150
361
260
312
257
281
187
369
321
335
256
353
148
386
338
391
345
381
346
393
190
341
303
368
281
346
185
341
226
396
328
411
306
388
321
233
214
353
149
426
345
314
348
364
354
358
336
664
267
233
337
319
341
394
335
298
320
342
321
344
268
421
358
316
330
380
336
361
348
399
348
363
313
391
349
336
326
519
343
177
335
453
354
369
333
336
325
386
361
409
338
403
351
403
351
249
200
268
351
391
323
368
338
451
348
413
321
467
336
315
331
356
348
267
329
380
345
349
350
326
343
368
329
350
323
268
321
428
335
259
262
246
328
371
348
389
351
278
348
254
351
182
321
416
335
391
226
304
255
373
349
453
200
313
341
189
212
219
333
297
244
429
350
351
268
373
333
361
348
429
363
366
300
436
349
295
361
376
334
389
336
276
271
333
333
371
331
315
302
210
320
354
331
272
351
576
336
396
339
242
335
321
174
328
320
319
321
591
283
409
349
336
338
317
334
207
335
202
339
330
333
228
348
417
283
366
330
316
346
257
255
300
336
359
323
413
338
240
348
391
253
353
333
375
269
423
328
166
136
343
333
346
343
252
191
361
244
411
232
409
239
325
278
265
335
329
349
231
212
341
335
194
349
380
226
366
336
296
225
325
348
289
238
381
338
350
249
221
162
328
336
385
335
369
323
416
172
366
303
202
336
316
371
428
203
363
344
363
348
322
333
493
340
393
336
369
348
226
371
431
285
383
334
326
244
329
225
328
190
283
329
421
298
260
171
343
249
349
296
310
346
413
335
321
338
419
192
320
347
347
332
401
351
364
281
406
333
217
336
403
348
404
351
270
187
192
321
499
349
348
341
263
194
354
333
375
334
195
356
424
335
219
346
265
246
255
349
399
333
506
328
364
339
361
314
316
247
317
336
261
321
337
338
639
364
337
186
254
283
320
301
403
265
430
253
543
326
391
146
349
331
346
334
461
308
359
320
206
309
436
267
443
326
211
136
305
301
324
320
379
348
254
297
391
186
443
333
401
344
375
348
285
320
435
335
431
336
233
324
406
336
289
296
441
336
351
326
223
235
383
349
411
343
329
316
403
349
447
290
381
373
310
338
299
251
321
253
263
257
371
321
444
142
356
175
366
255
403
328
289
321
516
320
521
326
190
146
406
333
361
321
388
284
401
361
379
293
303
272
369
347
326
324
406
268
319
348
268
203
391
336
287
361
414
350
274
335
379
336
316
323
684
338
318
323
351
314
371
346
187
336
383
253
348
336
276
336
411
222
451
344
434
179
251
336
223
323
433
348
262
305
406
269
214
143
356
266
391
349
292
336
385
252
561
321
338
317
384
288
413
303
393
291
353
247
611
334
317
274
252
200
418
361
388
341
368
300
401
337
363
331
278
350
359
320
401
359
429
364
356
132
273
348
388
338
252
183
189
351
200
127
375
339
239
180
491
241
408
335
373
348
417
336
314
320
403
349
411
249
441
338
368
351
309
255
401
328
426
336
394
358
491
320
401
289
255
335
222
126
441
336
388
242
310
323
378
360
318
336
443
336
381
206
368
323
381
278
448
349
338
178
401
333
373
331
348
343
378
333
341
193
371
333
381
336
559
348
336
320
367
324
406
343
291
328
379
343
244
321
304
232
258
199
366
146
392
358
363
337
312
348
335
333
356
321
325
273
230
136
448
343
396
291
354
338
248
184
175
171
435
200
370
173
210
336
184
348
649
164
312
351
483
348
365
315
337
321
398
335
379
338
308
340
416
300
368
376
408
321
329
294
296
230
374
348
416
333
421
364
341
174
354
350
375
343
348
368
337
348
274
339
470
318
331
323
385
349
346
321
449
224
281
351
320
333
439
358
371
336
382
294
248
241
346
321
245
351
354
333
337
242
338
323
398
263
310
237
283
293
344
348
314
247
321
335
306
245
285
326
317
348
420
328
343
321
390
364
362
351
418
351
393
341
330
344
291
336
317
321
353
339
413
310
381
336
318
287
288
336
265
274
433
335
267
339
431
323
349
221
398
307
407
336
361
280
388
348
391
318
223
321
361
311
338
338
386
339
325
353
433
355
310
304
361
251
320
321
396
336
249
331
255
336
398
345
373
199
298
323
368
241
439
335
315
336
298
210
416
216
317
331
373
321
343
320
399
333
291
333
330
343
398
351
406
370
564
321
381
351
374
283
689
358
406
296
365
227
313
323
361
351
334
348
405
273
419
273
368
278
365
350
424
336
323
189
670
351
359
348
406
336
295
242
556
235
421
295
371
252
314
280
398
351
258
253
369
301
388
336
327
348
340
186
429
334
231
336
337
341
413
336
349
348
398
327
351
268
344
321
351
301
351
262
363
336
272
321
373
169
381
309
421
276
418
348
249
320
331
319
321
291
353
336
659
333
427
350
303
333
352
243
406
283
227
321
394
296
323
326
336
321
291
191
396
338
375
349
386
333
335
369
421
366
371
333
275
250
306
338
369
237
378
358
185
348
495
331
421
373
348
321
376
350
394
310
327
265
391
321
245
231
350
298
423
218
309
338
409
366
426
336
416
348
404
293
359
320
393
349
389
343
386
336
361
349
349
286
274
321
220
323
426
339
373
289
303
355
369
321
233
308
364
192
361
330
270
288
343
325
391
348
384
336
376
281
359
294
291
246
244
336
251
348
371
339
549
333
349
318
368
333
361
195
353
306
399
338
376
348
375
205
351
325
353
272
313
321
438
336
399
349
401
344
400
335
341
320
426
361
396
334
247
323
338
182
365
336
351
333
469
363
349
323
417
348
364
336
336
321
509
240
275
298
306
324
336
320
328
321
323
204
309
369
356
320
439
335
268
336
945
323
318
309
401
371
491
348
270
175
261
321
394
360
207
323
295
189
353
333
389
336
398
303
370
341
311
219
319
242
187
384
391
356
648
336
361
306
239
298
463
371
223
320
331
230
421
333
275
256
346
336
391
353
375
361
421
335
293
262
390
349
343
321
188
353
373
363
335
335
549
339
355
283
368
213
381
246
451
336
343
272
368
348
253
336
363
233
401
337
441
336
416
364
369
326
484
285
345
258
229
361
344
320
381
336
346
341
424
386
395
338
310
363
338
236
319
339
371
191
371
343
391
336
407
348
424
389
378
250
393
333
397
344
308
357
261
244
284
306
383
351
275
270
309
361
344
235
543
309
236
321
325
320
378
323
270
214
253
285
451
231
355
293
373
330
417
351
272
271
579
364
373
333
413
283
336
341
262
209
295
145
381
336
299
353
413
351
203
350
401
351
261
351
304
345
333
333
291
253
431
363
361
323
350
305
394
283
443
333
421
281
539
348
315
303
351
348
323
348
348
298
403
384
499
336
231
181
409
142
197
320
308
287
486
284
381
335
251
214
461
330
506
293
407
142
401
320
263
346
466
339
335
321
232
355
394
306
339
279
424
222
398
343
247
165
394
242
415
338
288
336
317
142
240
118
287
321
536
348
446
245
288
245
309
264
371
336
384
371
408
280
304
267
403
348
390
257
624
313
404
341
361
329
296
337
337
324
523
321
322
190
464
336
374
208
458
222
314
335
386
155
351
299
333
320
426
336
343
323
361
321
428
321
302
226
396
344
283
197
421
346
336
351
395
183
451
337
321
335
223
135
373
321
266
336
262
231
378
348
335
336
297
321
374
336
421
316
504
336
341
248
238
343
293
351
367
216
258
354
386
333
331
343
303
321
375
351
372
249
277
333
371
200
354
338
351
381
214
336
239
351
401
315
311
358
242
171
471
358
366
336
411
348
381
351
333
175
421
353
343
303
355
323
368
343
456
324
343
365
329
225
398
348
247
226
244
336
386
350
305
293
206
169
336
321
249
225
243
186
447
349
389
341
323
350
411
338
459
373
358
324
354
224
206
150
369
336
349
324
241
354
358
333
338
323
383
257
338
331
381
348
384
309
356
323
341
335
365
323
173
336
451
348
396
348
377
303
363
371
232
291
320
338
368
276
429
194
469
345
239
321
233
200
386
343
463
316
394
334
244
249
431
285
474
348
361
323
317
333
360
336
346
280
401
358
429
349
288
378
339
306
321
338
393
237
396
363
393
350
233
349
244
318
438
354
327
335
313
215
376
349
420
232
261
286
260
151
207
119
369
132
