411
310
405
311
386
269
742
326
321
310
363
198
232
248
292
313
406
326
326
324
326
330
336
313
180
263
334
183
318
329
343
300
268
269
340
326
239
310
324
318
371
325
321
328
262
218
180
116
339
255
611
298
227
180
215
126
270
311
320
163
229
311
308
295
176
142
217
310
305
306
348
314
319
191
173
182
260
129
320
338
209
165
328
313
325
298
373
184
242
156
315
310
326
326
214
123
181
115
248
211
179
149
133
107
216
125
217
316
278
222
304
296
303
311
341
278
389
250
333
313
306
197
336
301
317
310
311
296
355
326
331
310
230
188
220
313
359
299
338
295
340
304
321
237
554
307
184
131
207
112
353
290
333
326
386
341
223
217
345
306
301
325
248
183
401
243
351
214
293
316
349
298
318
331
317
259
388
313
391
323
371
240
315
313
300
325
306
311
323
314
278
242
336
215
350
311
415
218
174
171
181
129
409
301
364
311
359
207
255
323
234
210
256
239
341
335
318
212
325
326
365
321
199
323
270
313
271
240
316
316
353
177
268
328
234
220
336
311
165
226
368
176
209
205
250
321
323
262
301
310
358
310
209
336
331
300
347
200
283
207
265
279
266
325
343
171
246
296
166
298
279
314
303
326
331
311
348
169
311
283
338
301
343
328
187
230
296
311
333
344
296
299
291
206
323
328
361
323
306
311
330
236
333
356
386
208
323
251
323
311
331
311
361
296
343
326
387
298
336
298
331
298
368
314
368
285
343
351
310
174
331
291
334
228
320
326
361
295
304
311
339
175
199
169
381
286
283
172
344
353
332
311
215
280
366
296
358
291
331
323
355
258
292
311
252
176
257
325
321
328
257
198
311
217
346
283
299
324
345
311
351
331
329
311
326
171
215
296
291
311
213
310
343
311
371
199
281
194
339
226
333
298
356
325
327
311
226
260
333
310
335
241
369
247
409
217
316
318
190
331
351
325
261
326
321
274
353
265
320
336
339
311
343
235
321
314
238
251
348
270
288
296
253
227
476
313
308
204
326
323
308
326
262
260
256
189
348
316
297
318
481
324
375
125
360
204
323
296
370
273
243
192
328
326
288
304
387
237
240
291
359
300
289
324
321
313
343
318
252
330
368
275
314
171
269
306
235
311
369
276
258
185
257
326
185
326
211
303
337
298
358
298
356
311
343
188
403
129
300
323
321
326
341
276
289
271
260
298
341
313
303
351
295
143
378
303
319
310
333
326
281
249
325
301
272
238
209
307
368
290
378
217
337
233
333
313
316
318
353
320
338
295
343
323
206
178
193
132
233
313
363
276
393
235
179
313
301
306
239
311
336
326
338
326
326
313
285
203
371
230
331
208
192
155
297
240
388
310
328
313
270
283
379
331
368
325
345
336
245
326
351
311
306
250
332
253
318
298
263
269
341
311
344
165
351
351
329
295
323
303
269
306
394
313
383
298
345
313
317
275
345
226
404
226
333
137
356
326
416
324
313
301
318
14359
289
311
283
311
225
310
348
298
305
311
373
311
323
299
280
311
326
243
328
310
338
313
348
326
319
311
349
310
361
257
250
310
248
255
225
328
348
239
234
325
346
295
215
168
236
187
376
313
411
317
336
310
230
133
359
341
215
176
296
313
283
119
343
323
242
329
296
328
229
338
259
245
369
318
260
315
426
319
333
274
316
323
337
311
316
311
356
313
279
314
353
314
345
192
222
190
321
179
329
298
361
313
287
311
288
321
343
300
644
321
308
299
308
324
236
313
311
339
303
251
366
303
329
326
323
313
365
301
223
313
199
293
316
272
316
246
339
311
341
296
346
264
348
326
300
310
363
308
164
131
274
283
256
353
346
310
250
313
361
313
321
338
305
286
374
343
346
316
379
313
358
321
353
303
260
308
313
323
311
310
309
313
296
181
246
246
276
262
306
260
356
325
365
327
334
326
314
325
391
141
308
313
220
200
381
235
283
313
278
199
339
328
160
146
199
176
401
306
297
182
195
301
336
326
396
208
353
311
368
179
379
321
314
314
353
203
363
293
222
257
323
325
281
226
204
199
379
311
314
317
290
321
222
216
490
176
222
188
248
316
152
278
209
252
305
333
356
313
350
248
315
299
325
316
389
288
314
248
305
124
211
225
391
290
260
140
364
313
282
311
324
326
303
298
227
176
304
323
271
249
210
286
343
311
270
301
188
136
163
153
181
140
293
262
391
296
295
228
353
313
321
262
194
132
380
221
386
276
313
298
401
296
321
317
358
358
212
138
315
228
282
323
285
128
339
321
198
313
316
275
348
341
323
258
349
336
407
311
344
320
365
311
336
301
182
261
379
310
227
311
391
323
366
298
341
319
213
211
384
310
315
326
331
310
348
311
363
226
342
307
363
239
359
314
506
311
336
207
434
300
338
308
331
320
328
326
308
328
305
311
330
281
361
344
361
296
149
126
341
311
343
323
376
313
282
326
343
201
377
336
264
237
361
185
363
314
341
237
336
313
428
313
348
309
398
316
319
168
308
325
298
323
260
208
336
311
334
321
211
199
353
324
295
213
263
310
293
289
316
233
224
226
251
174
308
314
334
276
312
326
429
248
316
308
451
301
236
313
271
248
363
276
318
298
253
298
200
139
338
334
423
321
281
241
323
311
298
298
303
166
371
178
237
182
405
313
296
298
324
202
321
326
338
326
257
193
259
311
306
298
244
298
330
188
394
321
346
303
394
313
273
324
331
299
381
298
229
296
315
170
321
313
360
214
326
310
343
316
335
272
318
325
300
283
313
298
399
306
323
226
355
290
329
163
221
311
330
299
291
313
300
329
276
323
336
308
316
331
315
206
339
156
290
313
301
323
325
207
403
299
283
299
365
304
373
345
457
299
336
323
316
319
229
324
320
339
268
313
323
333
389
311
331
313
338
311
270
326
311
330
303
324
318
334
266
237
373
311
338
264
316
310
348
339
255
301
344
245
303
311
210
314
321
311
391
331
318
308
308
336
401
296
284
326
336
146
195
139
302
365
350
213
271
236
416
291
222
304
324
296
368
325
316
323
313
297
434
296
278
309
437
136
344
156
401
325
185
119
333
237
291
296
371
288
319
209
344
310
359
311
346
314
321
326
156
323
194
160
411
318
344
229
383
313
301
309
233
257
351
325
431
226
304
318
278
311
335
339
246
171
264
199
301
341
167
146
303
325
205
170
337
311
301
270
376
133
229
313
323
341
383
323
253
323
329
260
205
308
199
323
259
313
343
334
291
301
318
339
344
328
321
325
531
306
356
311
363
305
217
185
309
275
272
320
386
271
411
296
256
313
170
327
311
325
358
333
239
310
230
328
348
298
348
329
264
311
333
311
368
209
381
293
241
299
346
321
242
255
303
219
314
288
309
311
344
229
326
208
337
316
290
298
229
209
219
184
361
311
291
305
339
207
273
204
190
311
337
262
303
223
318
262
379
301
229
191
305
315
237
303
335
311
283
304
361
313
274
323
311
424
291
215
186
143
171
310
313
233
244
288
361
313
289
264
313
246
333
311
288
310
326
311
328
311
133
221
252
298
281
236
207
299
277
278
337
333
346
215
243
296
221
298
311
298
373
313
237
311
366
317
308
208
258
343
328
325
387
321
341
305
176
131
338
310
329
341
289
311
321
298
360
211
393
289
267
231
224
301
259
311
363
238
263
213
431
305
232
237
229
308
294
311
225
311
184
145
168
110
351
298
311
296
307
296
285
318
240
335
251
134
288
311
192
273
240
338
162
120
210
303
286
262
323
311
403
212
187
313
204
313
343
300
274
320
248
286
319
216
303
336
331
311
346
209
181
333
275
299
326
263
275
304
236
311
250
324
240
311
333
331
278
305
383
326
201
186
296
275
530
174
270
323
255
326
338
311
371
310
309
237
301
237
281
241
320
306
287
334
280
127
159
327
313
295
308
171
169
209
308
326
268
324
270
257
350
296
319
174
279
238
182
329
355
318
326
262
350
296
308
186
563
273
275
93
207
323
331
329
304
232
203
310
258
311
319
324
240
311
346
146
290
224
202
188
351
261
388
311
338
247
413
232
276
298
359
199
526
226
326
274
234
288
238
212
306
341
210
217
356
295
316
199
305
296
303
191
246
333
333
316
252
307
359
178
321
324
298
208
293
333
296
329
320
301
308
314
223
316
283
311
249
297
494
311
404
313
290
326
339
326
303
298
244
298
318
326
180
316
353
286
203
323
316
326
273
310
376
321
279
323
250
283
386
325
257
311
324
301
273
237
196
296
288
296
304
199
217
325
341
303
213
228
313
299
357
311
275
313
333
274
151
296
619
310
353
233
230
313
370
311
354
324
318
311
274
323
424
313
292
310
213
178
351
313
289
331
374
240
150
125
291
329
288
311
242
321
219
199
273
311
224
184
383
356
292
243
334
311
304
313
253
296
316
303
216
186
267
298
295
296
336
153
271
313
301
253
329
313
331
323
219
145
403
323
303
278
329
293
365
262
334
225
255
198
327
259
316
298
408
276
338
218
316
331
283
308
358
323
356
231
305
200
404
311
258
288
323
323
323
250
331
254
220
323
293
248
245
311
336
313
164
333
385
238
346
311
277
327
221
321
333
334
346
313
323
336
310
125
381
311
323
321
308
245
358
285
586
298
316
338
251
249
287
182
283
326
308
326
192
125
174
149
386
276
295
271
219
250
174
296
238
175
201
183
279
242
419
146
537
326
293
323
281
248
153
326
395
311
386
295
346
126
317
243
359
301
348
159
381
311
245
178
328
163
353
176
301
326
276
226
838
238
247
280
336
264
296
256
222
263
325
308
176
348
321
279
296
324
221
205
321
313
201
237
366
290
537
278
279
301
201
135
406
329
212
325
237
298
237
323
298
326
371
325
333
218
333
308
333
324
331
297
319
274
258
299
438
267
341
169
171
311
301
249
378
326
168
132
339
253
431
311
343
275
286
248
636
313
321
311
180
323
326
310
257
326
336
323
217
133
299
202
226
310
297
323
323
282
503
262
296
237
348
326
281
296
238
116
293
298
336
296
219
234
183
160
344
225
268
249
311
325
168
313
253
313
286
226
288
333
296
311
206
296
306
326
241
298
323
323
308
324
320
324
313
313
308
325
279
333
406
311
341
311
338
261
258
338
304
325
336
298
407
313
318
344
323
314
301
323
219
303
318
326
335
314
275
299
313
316
320
281
333
314
280
313
189
230
545
298
339
303
324
326
330
295
376
315
331
326
281
257
333
310
339
323
313
311
371
311
361
311
353
313
339
311
344
296
287
176
308
296
333
298
328
323
344
301
343
259
301
311
389
228
298
136
314
306
326
318
336
313
320
310
266
323
351
315
328
323
341
301
299
234
381
325
321
298
306
133
301
308
224
295
301
323
323
208
346
130
333
298
574
328
391
261
577
241
248
311
256
295
333
290
282
300
313
310
354
311
325
321
277
311
408
311
303
298
456
298
212
188
380
321
331
311
281
208
326
311
329
280
283
260
411
337
450
311
365
311
356
291
330
335
246
313
320
325
296
249
364
220
411
361
262
298
210
190
313
314
331
325
338
249
308
196
304
283
341
311
175
136
338
321
361
309
351
308
172
346
309
313
306
309
351
298
325
329
308
326
180
296
366
296
368
327
341
303
245
228
358
321
319
145
526
313
253
333
249
293
351
311
236
323
351
319
338
311
251
310
358
223
233
250
348
318
323
314
308
314
329
154
283
314
204
323
319
335
255
324
308
313
333
311
345
328
378
316
339
326
331
258
355
313
386
303
320
311
341
313
338
310
577
321
266
213
336
301
348
299
366
295
184
209
335
300
176
120
291
311
197
142
366
313
316
333
431
314
313
311
381
311
349
311
311
300
261
273
361
324
358
303
288
310
214
156
354
301
373
248
316
306
183
223
414
295
298
329
216
138
326
283
301
320
233
336
353
314
343
137
341
273
227
178
286
310
355
311
371
313
310
311
336
298
396
193
311
323
159
199
356
321
286
172
353
311
299
270
315
326
163
298
338
274
368
325
234
351
326
246
202
228
225
218
339
185
298
236
356
323
317
262
329
343
327
248
361
311
306
283
301
296
311
331
356
311
254
208
247
325
229
203
198
226
317
328
286
309
319
171
479
314
349
202
264
242
162
133
329
259
373
331
176
109
338
319
366
313
341
326
346
273
374
311
328
273
408
172
316
321
256
336
351
308
311
132
299
179
277
311
311
339
328
315
283
239
220
326
325
260
290
313
333
311
311
311
168
313
301
231
353
321
431
262
270
326
295
326
313
317
354
218
173
326
318
335
353
124
221
326
343
323
329
243
188
331
394
323
307
311
326
208
324
326
363
311
339
298
303
243
319
325
363
325
336
190
200
239
323
335
274
186
351
339
343
263
189
171
290
171
310
154
269
341
298
328
338
326
366
311
351
326
290
237
378
298
331
317
441
336
389
336
304
283
348
325
351
319
299
324
286
292
371
311
351
314
356
328
296
237
323
296
226
336
368
328
318
321
374
276
326
300
339
308
276
312
360
336
316
318
353
326
346
206
421
313
336
171
313
311
340
298
369
316
306
170
343
321
237
246
324
296
236
348
388
311
338
326
318
323
326
271
298
314
389
311
289
325
361
326
338
326
361
268
275
326
393
309
331
327
326
311
204
313
293
130
256
237
460
257
321
325
351
300
216
301
334
331
306
185
371
298
313
325
365
314
331
275
398
206
361
326
317
154
338
325
330
299
328
164
183
326
284
254
333
137
335
278
341
311
398
180
341
313
371
335
343
326
220
151
333
250
344
313
323
340
363
329
323
341
298
313
349
331
298
326
284
325
712
310
244
208
320
301
349
298
254
283
382
314
331
158
341
283
242
301
328
209
195
178
331
311
391
298
421
186
306
311
336
311
294
241
376
311
361
178
323
308
375
313
620
333
360
301
356
329
239
323
238
228
232
246
394
326
335
323
243
328
311
313
278
193
228
142
334
298
371
326
300
207
324
291
207
333
371
212
366
141
298
266
345
311
675
160
339
325
285
326
338
311
331
248
256
310
353
292
366
299
399
311
366
327
312
310
311
328
378
311
254
326
293
197
341
258
278
331
298
211
367
328
344
311
539
308
303
313
162
243
325
310
245
311
236
228
306
329
272
317
289
326
341
301
206
323
231
179
295
145
328
298
222
255
163
276
319
230
263
166
290
326
312
289
200
278
282
323
278
139
428
309
348
270
234
216
344
319
291
305
329
318
394
310
296
168
315
311
336
314
218
326
279
301
346
294
366
310
449
295
391
301
303
316
309
273
275
161
411
231
389
291
283
257
309
295
341
298
356
285
356
239
286
324
292
329
536
218
719
191
350
326
313
321
306
301
337
311
391
297
303
310
409
296
401
261
256
299
353
324
373
311
310
326
379
249
378
349
289
311
223
283
330
168
346
228
298
338
235
195
262
239
354
267
325
329
226
160
285
334
321
326
303
325
351
311
314
310
338
311
308
195
334
291
246
311
196
187
318
326
330
311
341
301
346
310
331
298
252
244
283
303
320
325
308
323
271
298
255
296
293
293
249
137
331
201
356
325
346
331
358
326
255
156
233
313
406
296
293
306
285
340
325
307
410
187
356
235
203
101
309
311
229
210
320
296
281
317
315
174
243
288
304
301
229
313
331
295
275
298
377
303
276
326
235
301
363
293
222
198
328
310
326
311
596
310
454
298
309
326
207
170
401
326
336
261
323
298
348
311
371
306
336
296
338
234
336
315
364
217
367
323
348
314
203
296
345
328
348
310
413
313
353
326
359
297
296
296
326
326
318
241
341
323
385
311
377
284
451
303
353
316
311
304
333
323
348
311
319
316
298
301
252
138
276
323
353
310
246
308
316
328
291
326
328
208
323
321
349
318
328
311
303
124
368
311
604
263
277
314
319
272
296
298
284
311
249
311
383
313
383
325
379
311
406
306
319
298
479
235
154
136
259
325
351
313
287
338
178
288
358
311
217
348
348
230
345
306
320
343
361
212
365
295
315
301
356
323
343
318
353
311
373
326
355
247
338
324
318
328
285
318
324
253
316
311
244
326
506
321
361
328
316
215
323
311
341
276
515
341
283
299
303
321
368
323
283
310
263
313
275
189
274
281
285
313
320
239
295
206
335
237
361
336
311
208
287
308
218
324
273
295
346
356
216
209
356
311
350
295
386
226
211
200
264
231
358
323
361
313
336
313
301
325
301
313
396
167
361
261
328
223
314
153
311
323
356
250
328
326
181
310
359
311
270
301
211
305
318
298
366
313
529
313
289
329
347
326
317
298
309
323
328
241
374
310
179
311
268
310
406
308
361
310
333
311
330
354
398
311
311
325
326
329
306
305
364
298
308
248
205
307
446
257
264
323
343
330
306
326
311
323
338
311
340
336
316
326
343
299
346
315
316
291
364
298
378
140
293
313
353
311
336
251
307
328
339
341
298
314
301
311
347
272
278
262
294
353
243
190
343
321
333
326
287
198
230
310
306
291
547
314
301
165
291
214
301
318
179
285
304
295
311
294
276
222
334
296
373
326
364
331
305
298
381
311
301
326
325
321
329
299
303
341
283
360
269
333
164
254
321
255
318
249
356
328
328
323
344
318
368
260
330
170
335
311
316
318
355
178
236
269
304
320
324
255
313
226
368
217
316
311
358
233
263
202
345
328
358
239
316
236
338
295
326
143
280
310
316
311
323
335
371
313
335
316
349
313
348
313
388
323
408
295
303
296
353
353
293
323
263
258
193
181
263
226
368
298
313
298
361
225
296
301
593
276
429
313
318
310
302
333
281
261
220
308
336
262
276
183
180
347
391
310
356
192
356
289
313
329
310
298
329
326
257
208
245
171
329
320
298
326
326
324
338
313
230
305
364
323
408
341
333
298
187
185
378
310
305
311
366
324
284
298
329
298
321
300
339
323
346
124
335
186
315
300
381
178
358
281
351
313
322
313
285
310
358
311
316
195
348
216
349
211
287
288
330
318
364
325
310
128
303
323
403
321
333
333
265
199
272
251
199
187
227
193
391
314
338
338
330
310
311
326
302
336
386
326
318
209
219
310
344
145
185
160
194
166
