383
321
514
222
200
334
357
320
390
345
308
238
340
165
243
328
288
349
245
225
250
335
379
341
391
283
371
345
391
344
384
336
413
333
369
336
398
313
435
348
341
321
390
329
401
305
346
336
523
335
391
211
396
187
306
351
285
269
239
301
359
280
351
344
379
335
251
214
373
336
241
235
257
363
239
171
381
359
369
349
366
355
317
326
368
333
386
333
390
363
504
313
378
276
196
171
197
146
200
153
172
171
376
224
366
338
236
348
319
323
421
383
429
223
357
302
259
383
246
351
383
349
250
202
354
212
411
357
388
361
283
321
361
348
526
328
453
282
354
302
411
321
328
366
406
361
290
249
333
299
421
147
308
262
249
190
443
200
369
217
333
293
208
358
233
130
147
251
345
329
408
328
312
262
259
333
245
217
326
321
366
335
306
140
388
358
353
333
364
325
266
251
319
268
257
188
438
229
249
278
267
223
318
289
359
283
339
266
284
346
353
248
356
336
378
200
264
186
417
301
366
202
301
323
380
290
290
246
517
281
172
150
413
343
255
233
356
157
276
195
308
163
363
335
321
313
280
335
380
140
361
323
386
333
274
178
386
338
421
434
398
336
404
349
431
348
255
232
346
320
330
338
383
320
401
271
403
351
327
348
361
343
682
346
374
320
298
348
385
346
431
266
313
321
361
333
339
335
391
244
389
349
407
348
379
295
391
333
373
326
956
371
341
324
373
338
424
333
357
335
409
333
407
348
669
351
389
335
361
334
208
283
391
351
351
335
328
333
428
293
399
336
366
336
368
335
408
301
352
259
393
320
292
336
401
191
397
349
328
321
372
211
376
351
325
346
359
210
355
286
336
136
582
341
395
333
424
281
346
272
239
217
354
334
371
213
378
179
619
333
391
333
346
182
354
363
395
328
441
212
292
222
431
333
390
349
343
366
314
251
414
303
242
339
343
333
331
301
405
351
356
214
411
336
312
348
275
226
313
346
415
353
439
369
389
333
345
351
441
295
379
234
305
346
567
206
421
348
386
341
341
281
384
349
293
359
376
338
386
283
321
335
389
333
336
375
408
305
353
333
270
201
325
361
194
326
528
323
386
323
253
324
274
225
346
319
572
330
516
323
381
207
254
334
310
246
303
348
213
351
194
358
275
221
393
335
436
335
373
144
360
336
416
335
346
338
356
343
169
189
433
351
423
360
338
336
409
168
329
334
433
371
295
348
383
271
339
351
413
348
278
231
262
262
366
349
396
281
325
336
375
351
393
349
271
222
238
172
722
315
348
350
371
351
187
353
358
323
339
173
269
336
242
336
318
320
297
172
411
310
394
316
366
265
327
335
649
338
401
265
358
336
398
245
421
275
573
338
411
344
321
388
395
348
386
343
283
141
260
294
356
269
325
256
385
349
225
208
401
358
363
348
361
333
323
323
364
149
401
353
378
343
394
223
312
335
366
313
410
336
356
334
369
354
263
295
493
313
343
326
403
341
431
358
632
336
253
336
409
321
251
321
302
320
383
341
325
340
376
337
272
164
416
331
291
346
404
333
277
333
413
256
370
335
259
314
346
351
315
249
275
244
252
320
298
238
363
348
326
323
316
350
366
301
373
275
371
364
214
323
179
214
316
356
244
192
401
318
391
356
378
279
411
347
396
323
413
205
403
333
429
132
374
336
369
306
315
356
323
371
328
257
378
230
485
320
346
339
399
348
340
293
398
334
387
324
333
336
329
333
364
348
411
355
349
295
325
348
313
272
330
325
366
340
386
349
481
333
286
308
400
333
304
323
439
348
332
285
419
343
231
231
454
336
343
185
594
337
324
294
341
363
506
328
399
349
350
348
451
351
421
351
425
336
375
264
293
253
413
335
331
282
371
376
291
351
366
355
312
355
327
219
267
244
419
335
416
294
315
326
291
320
389
244
395
348
365
348
443
336
471
306
180
336
391
333
373
358
314
288
282
229
363
231
524
338
273
148
324
285
404
343
295
304
396
326
335
346
378
264
349
334
298
336
298
267
245
320
228
139
379
338
356
323
373
339
398
346
324
193
295
317
238
337
353
184
326
318
411
349
378
338
345
293
384
237
363
336
310
282
284
335
287
351
301
293
344
283
379
336
396
349
323
321
305
248
323
323
351
333
366
229
389
348
393
364
293
285
259
328
272
338
252
193
361
321
371
333
396
339
210
311
225
150
246
214
356
321
384
313
318
216
394
356
338
306
403
226
220
269
401
351
334
335
333
316
319
364
684
343
254
346
232
199
418
353
338
353
336
304
376
336
378
233
235
164
326
320
408
346
318
234
308
250
391
266
311
242
421
336
250
333
401
369
371
323
403
351
374
335
389
214
376
333
299
231
406
349
464
351
207
341
361
348
329
225
214
281
345
339
378
152
414
336
345
298
391
348
597
339
373
391
301
335
344
215
238
339
478
274
371
343
431
244
371
348
363
346
265
357
409
333
404
348
356
343
373
210
401
293
386
326
399
244
364
319
414
323
320
323
403
336
359
331
453
151
341
334
298
245
335
274
313
294
339
307
309
323
378
366
421
334
343
213
256
161
537
224
354
350
311
333
384
323
336
315
652
333
391
351
369
255
273
259
371
349
416
353
439
336
343
341
362
353
469
336
232
218
363
353
248
335
306
369
466
193
429
357
429
336
333
339
373
235
394
356
353
339
401
283
388
287
391
337
401
335
408
259
295
339
307
290
406
333
414
333
476
361
281
272
403
364
364
348
371
165
369
337
341
321
335
349
373
340
390
265
370
351
264
346
370
334
386
348
431
254
379
336
421
232
355
355
389
335
366
343
328
321
381
265
387
378
587
358
318
321
340
333
409
360
356
330
355
323
12855
316
379
311
368
351
409
358
341
297
426
336
341
323
323
320
341
192
311
264
414
341
415
326
373
327
398
360
295
149
254
287
331
336
373
326
326
341
305
291
448
346
413
351
264
161
388
281
322
380
376
244
439
353
388
336
421
215
389
180
416
270
361
180
294
333
361
284
404
349
406
308
366
321
380
348
324
255
396
348
338
254
421
178
171
336
319
321
419
336
393
296
353
331
277
336
371
336
359
338
381
331
356
349
246
345
504
336
361
348
277
233
252
324
431
358
354
310
376
244
394
336
291
271
245
321
408
321
401
349
289
348
431
324
366
361
421
349
371
349
221
343
368
341
238
162
403
244
263
321
193
348
386
266
315
236
398
349
371
333
394
348
376
318
359
336
284
250
393
336
338
318
381
345
361
349
381
338
411
336
274
169
358
303
421
351
371
348
353
336
361
224
431
244
268
336
336
323
279
374
385
234
371
321
275
224
398
259
319
348
361
333
241
189
303
313
321
205
291
360
311
297
351
336
321
336
389
336
586
320
413
334
319
333
363
321
280
339
225
336
408
247
209
109
373
373
394
333
252
158
619
326
296
283
348
336
298
239
539
329
406
336
334
283
587
351
271
143
373
321
230
299
373
179
371
274
294
210
273
361
334
335
433
371
328
244
346
354
325
311
289
356
290
285
361
141
286
333
408
333
256
323
272
354
383
208
387
333
366
302
378
183
297
335
381
336
281
278
254
336
279
239
321
251
391
190
322
351
296
348
345
323
354
232
226
338
366
338
459
225
541
179
237
358
446
316
328
338
330
193
270
244
310
268
397
336
308
361
147
339
323
279
324
230
409
353
394
360
313
343
189
320
264
197
371
298
373
366
376
348
340
230
344
301
606
309
204
167
279
186
232
361
359
224
391
179
256
345
386
346
398
334
296
338
361
336
434
333
336
361
383
329
383
364
318
328
395
316
311
201
386
301
515
336
243
336
196
349
273
323
576
358
381
298
363
323
239
260
169
324
264
347
275
217
396
336
352
328
387
349
355
330
298
334
379
348
270
351
363
334
371
268
284
196
373
350
384
341
289
346
192
219
331
350
428
273
334
348
411
361
323
335
388
264
465
304
269
246
242
348
356
313
389
338
391
283
287
248
351
251
360
205
262
349
360
290
359
275
293
363
371
177
388
314
411
320
369
186
245
336
284
328
359
163
305
323
349
338
419
323
323
325
369
336
418
279
194
225
267
185
331
324
381
347
401
141
327
336
411
360
354
346
399
232
503
217
334
320
330
313
371
339
339
190
391
195
401
336
248
213
309
241
366
214
373
346
178
136
358
346
288
222
336
318
424
380
415
336
401
311
358
280
199
341
186
351
358
296
319
217
377
349
176
321
277
351
339
347
380
343
229
200
336
276
399
336
244
361
364
348
345
333
235
348
226
276
345
293
193
141
254
321
334
323
338
310
288
346
395
336
331
211
197
336
213
270
326
336
250
335
297
252
333
281
321
136
263
251
306
273
383
344
316
326
380
147
386
335
198
333
448
345
451
336
240
348
366
336
331
282
461
333
329
222
401
232
389
339
333
333
381
339
361
358
369
253
299
272
426
348
363
254
305
324
395
353
553
187
396
321
213
168
339
333
381
336
361
133
376
336
365
271
431
354
436
353
371
344
387
348
258
193
363
336
401
334
385
336
264
255
389
351
411
335
366
336
308
334
368
301
343
179
364
359
269
180
394
361
331
190
370
319
365
321
433
333
401
338
344
276
271
333
286
348
371
269
376
346
394
361
223
198
212
148
365
320
399
353
416
346
577
293
295
361
312
334
410
351
384
276
205
152
416
323
255
202
225
178
230
164
266
153
328
321
368
338
343
336
345
336
204
335
267
336
405
336
213
326
424
321
433
361
308
283
359
333
460
323
323
283
341
326
381
323
206
181
411
345
300
215
201
334
327
324
237
169
356
304
429
149
336
341
275
346
306
255
329
255
325
336
373
321
270
351
331
335
396
336
404
338
351
321
358
320
378
341
408
323
419
334
179
150
431
336
414
276
186
326
366
221
454
348
408
336
578
323
317
303
279
254
333
257
358
321
363
339
371
336
238
373
366
374
289
351
202
232
230
260
361
331
405
341
349
349
336
270
265
343
428
288
367
339
287
237
348
351
230
321
242
270
411
349
401
337
381
313
376
323
236
256
461
366
336
150
382
230
417
336
323
323
418
336
313
286
351
333
379
353
178
333
369
345
383
333
303
293
350
366
329
381
429
351
451
326
401
333
323
336
391
349
319
301
388
193
197
161
388
338
271
338
349
333
346
326
244
328
339
331
357
324
461
191
244
323
345
334
451
348
231
339
454
334
384
323
394
228
396
308
418
273
319
286
419
378
370
351
333
350
346
323
438
336
257
211
353
338
394
324
371
346
394
333
386
232
411
203
323
154
240
321
309
252
221
313
396
320
328
321
215
138
371
293
289
349
341
334
246
215
282
180
316
309
431
336
353
301
193
340
195
321
416
333
308
356
361
283
351
314
585
271
281
336
371
279
358
244
406
348
336
321
358
344
433
323
299
278
401
333
388
336
369
336
436
336
344
335
250
366
301
334
393
353
398
336
411
341
351
351
340
336
301
224
314
338
178
324
416
293
349
344
333
227
429
336
183
244
333
324
376
333
434
379
411
338
418
348
235
321
554
356
230
197
342
222
373
358
358
336
232
191
309
333
339
181
392
232
374
346
296
215
398
191
341
323
331
321
330
310
309
326
227
147
409
162
368
319
343
222
326
350
567
333
386
363
389
356
394
323
338
351
326
338
238
249
308
331
231
349
408
349
345
333
343
191
401
233
331
212
391
336
334
227
334
320
257
321
301
253
335
199
381
246
202
196
336
348
288
281
349
301
365
336
284
324
553
142
421
349
349
318
281
256
413
313
378
348
471
220
414
337
376
341
334
259
394
348
276
181
374
353
416
293
346
349
406
358
331
343
405
321
273
351
486
349
351
321
391
351
371
300
468
269
275
206
386
320
424
204
405
293
213
189
366
356
338
218
380
191
279
336
411
331
307
334
333
343
381
347
283
356
305
336
233
129
461
348
387
152
187
336
364
335
388
333
381
334
662
349
384
348
451
336
262
335
391
334
386
358
328
336
459
339
298
213
419
251
496
321
364
336
250
321
214
149
426
353
415
349
388
350
233
197
279
201
373
346
349
288
368
283
336
246
419
181
376
315
448
245
300
241
319
291
642
257
360
321
350
192
392
328
408
370
491
321
239
331
210
114
369
279
329
323
308
343
393
333
366
333
320
334
406
349
406
355
325
313
274
253
303
233
403
194
456
344
386
299
363
349
336
153
339
333
312
335
451
256
386
316
238
335
287
134
529
225
297
283
587
338
337
333
431
335
368
201
378
276
386
237
167
151
154
323
327
351
232
323
291
325
300
323
446
250
276
336
356
232
279
321
378
334
275
333
189
295
406
200
295
320
329
336
371
326
371
349
328
343
220
323
369
295
388
328
437
274
408
339
346
323
231
259
285
336
345
230
436
149
193
135
399
350
391
343
284
333
351
351
331
326
364
341
425
336
374
323
423
348
282
321
377
336
379
205
409
340
394
351
374
248
358
339
388
348
206
361
418
353
253
351
393
334
426
335
337
282
330
236
391
336
446
349
294
282
341
331
281
339
413
350
408
336
341
313
403
337
488
336
366
336
376
156
363
323
354
353
375
333
370
336
416
366
270
326
230
181
386
333
244
345
225
336
333
323
245
343
351
343
421
344
226
328
365
338
767
320
336
252
326
321
363
349
187
128
190
185
269
212
321
333
351
321
225
150
356
331
219
254
312
333
433
378
627
191
318
323
348
349
239
222
359
356
333
336
319
140
236
351
334
323
388
336
364
316
388
343
431
201
741
335
421
188
404
314
285
353
279
321
411
336
376
335
346
323
384
287
355
336
381
366
339
303
333
321
279
244
222
160
408
348
481
336
308
351
363
301
354
349
361
321
314
323
403
257
238
351
396
321
401
336
330
320
291
323
391
346
363
334
361
330
428
348
479
326
197
361
379
348
398
336
329
251
337
358
648
349
335
320
333
333
353
159
403
373
228
333
326
336
414
346
293
323
515
283
376
290
341
293
318
323
411
363
429
336
353
321
325
346
291
204
338
242
354
323
395
351
586
265
354
185
506
323
213
143
591
348
239
336
433
336
349
320
290
258
369
217
374
347
424
349
406
308
371
336
399
253
378
230
378
250
427
333
401
260
336
337
523
343
507
290
451
334
368
294
381
354
349
338
267
348
403
348
248
331
391
348
406
368
381
340
387
336
395
336
250
193
328
325
222
133
404
350
511
326
360
196
419
336
374
253
443
295
366
336
361
314
271
169
408
349
286
187
358
336
451
320
371
351
351
333
372
333
281
348
217
321
375
363
386
341
469
336
225
151
395
334
300
324
247
339
384
321
401
366
403
338
301
343
527
343
369
323
393
339
230
336
396
270
393
321
438
335
368
247
373
335
246
336
413
244
396
348
368
328
281
316
378
313
385
333
408
361
290
311
344
346
236
331
386
321
351
336
287
191
261
361
391
333
189
141
218
286
307
329
391
369
331
348
348
351
334
334
498
347
419
268
218
148
357
245
198
336
414
353
404
334
394
332
331
346
699
336
365
323
334
323
291
208
312
349
414
333
461
325
383
336
416
308
351
299
279
348
345
269
336
349
340
331
389
336
381
353
319
338
390
283
413
348
265
351
411
348
438
271
318
324
291
334
366
348
355
206
361
291
326
339
617
348
253
329
346
306
383
357
424
335
296
349
331
234
252
350
333
346
343
195
397
348
282
326
413
244
403
333
324
207
230
184
399
344
559
340
317
248
426
336
368
315
326
321
342
338
434
296
280
333
349
303
216
323
315
328
360
321
401
334
290
351
355
353
218
243
352
337
320
336
353
321
353
341
274
351
428
334
568
338
182
321
356
307
240
357
207
296
356
323
268
256
344
336
398
338
365
338
260
307
249
324
371
335
406
351
221
333
383
321
300
320
310
175
357
321
365
331
356
340
351
336
273
348
576
323
344
358
306
348
774
331
378
323
344
304
381
351
328
266
403
252
686
349
417
333
371
351
311
257
374
351
335
271
375
199
313
323
386
336
311
333
395
150
221
340
264
335
644
344
260
324
414
333
439
335
391
343
398
220
363
298
250
333
431
361
420
351
406
351
349
321
401
323
383
338
292
251
408
358
304
320
300
341
411
282
268
346
311
226
376
301
413
363
389
255
279
323
332
223
268
222
379
336
254
189
309
293
222
171
351
215
386
333
291
220
356
354
391
282
386
335
424
336
424
269
344
351
388
200
414
336
295
326
341
323
360
324
418
283
347
301
469
255
326
338
255
206
364
378
245
345
398
343
235
368
296
313
296
325
653
244
342
336
381
361
434
348
383
333
401
348
373
343
398
232
443
351
195
336
264
207
278
333
366
266
503
335
357
255
353
328
334
252
231
321
339
348
416
336
391
328
234
323
378
349
421
346
217
367
639
349
278
316
381
335
401
321
378
260
263
155
256
320
188
368
477
283
411
271
489
179
220
386
324
323
379
347
337
282
413
279
384
306
381
336
431
349
291
338
348
336
341
267
323
351
353
356
266
170
381
331
364
331
451
349
246
334
404
279
423
356
423
341
387
193
451
363
521
257
327
318
383
251
306
246
433
348
294
136
242
349
292
180
252
351
279
270
367
229
371
207
388
291
179
151
339
346
397
321
348
344
195
359
251
215
421
323
414
320
284
326
351
155
333
323
389
345
386
353
437
222
394
324
421
348
381
298
593
337
314
334
424
319
429
323
323
293
301
281
230
341
374
336
237
343
269
331
411
336
339
346
324
346
221
320
199
262
295
333
398
336
351
191
282
326
312
344
359
351
252
343
359
364
267
272
486
321
399
333
325
205
226
187
248
351
236
343
386
201
339
334
315
250
509
330
318
321
371
316
446
326
334
321
374
338
389
215
299
333
310
117
381
293
309
335
244
279
651
244
369
336
373
333
403
279
399
301
405
338
439
385
421
348
326
259
373
255
288
205
358
303
388
348
346
335
401
348
361
339
374
186
329
341
277
341
343
224
396
248
256
320
320
247
358
323
318
169
366
338
404
335
376
336
276
321
291
155
204
358
368
335
247
190
443
348
321
271
257
183
357
297
225
156
388
199
354
321
373
349
314
226
222
334
249
151
222
162
183
160
212
185
