358
331
197
145
411
155
261
373
453
353
393
235
351
213
323
299
346
327
270
128
268
215
389
361
381
331
271
200
324
345
381
245
267
271
228
333
266
206
319
261
298
368
252
353
264
233
481
295
379
325
418
366
374
161
300
262
338
281
290
236
391
287
310
358
213
346
253
213
336
144
295
238
428
361
207
174
426
348
349
318
379
361
396
345
384
361
363
351
417
146
245
350
388
279
186
166
223
138
130
155
252
136
398
308
468
351
224
199
257
359
378
345
361
308
244
330
436
393
338
252
373
293
403
205
378
348
389
274
231
157
297
239
305
381
301
366
379
348
386
376
398
356
406
358
306
262
422
142
383
346
393
364
376
323
266
204
333
334
358
279
446
204
390
153
230
143
216
149
357
348
353
331
264
207
378
371
304
270
393
241
242
199
307
251
406
358
378
358
366
264
316
225
325
232
439
346
548
348
377
268
401
318
288
278
569
333
335
148
302
348
267
324
371
366
226
346
261
182
453
346
418
272
365
343
369
241
231
182
376
369
195
167
373
361
418
371
165
157
212
184
238
147
224
333
391
331
234
331
342
364
286
346
358
351
356
333
394
240
378
145
433
259
381
333
386
349
396
345
335
363
383
358
398
349
426
276
376
358
363
364
389
346
312
303
238
205
323
346
421
378
361
331
434
359
389
346
191
144
365
346
401
346
419
346
322
353
361
336
373
346
316
361
379
346
282
358
414
339
513
361
419
357
405
224
342
363
398
334
399
310
351
336
391
363
428
376
394
363
418
291
366
359
379
277
327
292
441
358
274
351
307
358
323
349
391
353
341
341
393
351
336
351
533
361
388
353
239
199
415
291
371
264
616
333
399
345
366
139
324
231
186
334
403
348
441
345
424
227
252
345
332
293
410
158
416
369
245
207
633
361
403
147
436
360
393
346
415
358
334
302
327
283
228
200
319
358
284
218
281
374
313
240
355
358
181
129
246
346
426
358
366
360
458
348
350
348
386
373
236
198
399
230
182
366
391
239
384
343
542
229
411
346
247
345
307
281
428
356
313
265
291
333
411
361
234
180
359
291
248
346
328
192
298
333
464
364
466
333
319
274
305
346
478
369
408
346
307
245
396
350
266
215
330
333
322
305
376
334
377
149
314
152
429
350
346
333
267
346
374
211
300
345
361
331
286
257
378
338
426
373
398
348
319
328
371
256
408
364
360
282
384
361
406
335
536
361
388
371
339
333
381
313
407
346
396
351
408
360
344
358
383
369
391
265
383
345
255
190
341
331
219
198
395
376
259
331
421
194
418
153
385
319
312
163
247
364
249
175
330
341
308
252
431
349
403
370
396
361
340
223
351
345
446
346
285
333
416
346
378
348
306
373
299
223
419
346
361
235
371
291
366
358
299
343
564
361
251
220
321
360
261
223
326
347
416
346
373
341
229
199
413
356
566
333
408
293
386
345
367
232
234
184
408
346
373
228
313
346
403
363
241
346
393
333
324
212
466
359
379
346
625
342
444
369
346
291
285
289
307
258
398
324
408
361
391
328
331
331
267
232
330
309
426
361
252
358
596
361
185
345
399
346
391
275
361
267
264
175
629
376
243
267
296
293
411
302
315
359
338
314
365
311
335
319
396
13832
394
358
538
344
344
292
436
346
368
331
305
170
323
301
374
346
589
345
411
230
335
292
404
251
376
346
351
303
369
302
294
272
391
359
375
255
388
348
359
302
414
346
258
220
371
346
406
348
418
259
384
281
388
361
396
368
404
351
351
339
388
348
398
345
388
358
363
355
448
333
403
345
361
331
349
334
374
251
380
139
446
341
403
361
438
366
303
333
441
375
451
349
660
356
429
371
411
346
258
331
396
346
428
361
387
263
406
348
413
361
373
361
383
293
293
348
299
346
286
330
411
346
349
330
329
325
433
252
373
359
346
331
449
242
377
338
404
359
374
333
377
331
307
286
431
290
389
346
506
373
213
177
215
191
291
348
249
303
320
368
366
374
387
278
329
358
368
366
266
364
223
159
178
160
446
363
358
346
383
370
256
232
288
239
253
348
426
358
456
383
351
365
356
293
311
239
371
308
239
340
396
343
674
324
260
345
429
384
334
359
245
278
381
374
411
356
373
343
325
307
417
276
273
336
252
231
383
361
316
263
331
251
351
346
418
323
336
168
222
216
247
321
664
277
394
346
248
171
366
384
394
376
354
252
308
339
267
353
516
361
426
360
363
309
395
361
418
349
191
333
344
307
341
323
306
358
250
217
371
355
511
239
403
371
389
249
260
331
398
192
225
346
399
346
350
301
351
323
354
291
319
253
289
333
355
359
564
213
391
274
298
333
363
240
418
361
423
299
451
301
386
361
427
346
273
177
383
358
419
349
436
346
467
325
401
353
401
359
300
354
194
345
463
361
384
206
363
373
331
343
352
284
373
347
409
361
389
348
313
251
567
367
413
371
352
361
321
329
413
348
349
338
381
368
404
348
439
351
384
360
357
358
378
358
348
336
421
179
220
346
272
363
325
303
408
263
347
346
331
264
383
186
431
213
316
268
389
333
218
195
311
340
292
346
461
332
315
263
386
346
231
343
408
251
365
276
617
346
306
336
357
349
399
383
349
263
366
228
368
348
371
286
356
358
324
334
421
364
325
331
472
193
386
346
434
267
329
333
366
327
357
282
300
333
304
351
320
346
413
345
371
361
373
336
340
334
313
203
336
288
407
262
414
345
361
348
326
280
385
274
363
360
429
346
399
347
343
378
346
335
396
346
405
235
376
286
308
330
323
336
316
346
363
333
435
277
376
346
340
258
373
303
433
346
359
336
336
333
343
348
350
346
611
346
496
336
186
331
220
267
358
331
291
333
406
348
486
344
889
304
378
361
348
348
361
347
361
260
368
333
444
348
454
333
374
358
219
366
369
370
416
346
491
351
335
356
443
333
220
333
386
336
381
358
248
370
378
361
411
262
374
359
281
251
477
361
437
366
376
331
277
333
391
345
641
239
301
252
375
346
441
330
376
245
368
212
398
345
351
239
426
366
413
346
446
343
323
317
407
346
266
333
443
349
363
343
221
177
384
363
351
294
285
280
396
363
315
220
359
336
371
346
338
253
396
353
363
333
390
349
356
291
254
215
319
348
371
310
386
353
331
188
361
198
466
346
340
211
525
351
392
361
421
355
399
232
317
231
215
348
388
300
458
262
401
368
388
253
426
212
255
356
371
335
346
333
409
348
601
234
349
349
324
338
351
344
355
348
377
334
273
333
189
346
411
361
237
345
206
346
469
197
348
348
419
353
367
345
305
348
376
361
403
351
494
190
411
324
303
356
383
333
373
346
378
376
343
222
282
350
346
281
391
346
282
305
330
196
418
356
397
353
439
250
330
331
446
156
419
373
383
187
275
348
393
378
534
164
240
314
388
336
669
366
394
345
306
289
411
346
280
350
411
334
406
148
493
254
329
358
413
310
366
345
381
223
263
333
296
268
421
230
346
336
309
250
313
304
316
263
361
230
191
200
361
223
416
346
340
357
321
333
366
333
335
334
384
318
358
333
322
345
356
212
393
356
396
326
321
275
399
363
471
366
308
373
363
334
345
346
282
249
363
198
301
248
196
133
379
371
389
229
276
358
338
252
193
218
368
343
272
363
381
346
233
349
401
201
363
285
375
326
276
358
312
254
386
361
192
150
126
133
323
333
416
346
326
346
177
207
301
333
356
361
358
331
389
197
371
202
306
333
413
346
319
241
346
216
276
333
368
360
312
386
383
346
394
333
388
341
338
359
399
356
413
364
363
333
296
361
158
333
333
351
363
243
296
351
357
333
439
252
269
334
360
348
404
176
364
349
229
346
299
349
243
336
441
361
357
294
192
361
291
254
378
300
309
316
257
359
379
333
393
334
409
306
396
272
394
348
321
328
217
285
271
346
398
358
411
230
366
265
324
239
393
345
429
325
433
311
230
346
172
379
394
345
245
152
303
336
351
330
384
316
333
351
263
348
376
201
198
206
413
239
403
351
366
202
363
358
408
348
346
311
338
361
391
343
195
311
348
237
277
333
356
333
396
348
378
266
202
353
354
334
300
346
273
343
403
361
406
346
248
251
354
224
404
361
311
337
316
349
711
336
268
333
172
226
300
370
363
291
396
262
216
334
335
343
289
346
327
260
449
348
335
349
503
349
311
360
388
346
271
323
356
341
381
274
384
368
426
371
362
346
244
251
307
253
431
359
172
333
394
361
622
360
401
406
237
231
415
281
309
366
391
356
394
166
334
346
394
346
223
272
284
333
413
345
368
325
389
348
414
241
403
368
351
349
295
239
396
356
131
359
409
346
221
289
219
298
261
235
318
144
361
243
192
159
347
259
333
358
398
282
401
373
203
346
278
361
398
336
374
363
564
331
672
358
355
361
512
289
344
346
225
203
284
244
403
346
266
346
223
331
280
346
396
309
200
173
338
351
358
331
256
360
411
336
434
182
286
361
411
346
376
248
408
361
234
221
349
321
332
349
443
270
391
244
398
351
429
361
359
346
311
208
423
316
257
321
292
347
752
355
303
348
311
204
385
371
370
346
441
358
433
358
306
226
375
311
338
326
456
301
408
152
381
231
364
361
289
301
606
359
401
364
414
321
398
323
403
308
394
346
209
333
367
348
242
170
434
230
228
209
451
264
250
176
188
141
413
346
421
361
368
289
371
331
329
285
416
283
336
333
378
336
378
358
386
346
379
356
366
346
426
200
375
345
338
279
268
363
413
328
328
359
411
321
408
152
401
275
325
333
304
325
201
138
531
334
348
345
669
346
250
295
451
341
481
361
350
331
162
126
381
379
391
345
317
203
244
345
265
313
406
346
184
134
371
273
306
343
393
294
201
354
445
230
348
273
366
346
219
331
367
341
317
316
397
348
328
361
375
217
385
346
338
333
359
333
333
333
383
346
181
184
411
346
373
359
292
217
461
361
303
230
391
341
378
348
406
346
700
290
246
371
405
318
371
369
306
333
346
191
439
345
336
330
784
335
434
251
381
265
409
298
341
309
506
318
230
346
499
361
396
345
194
358
410
346
318
344
245
164
318
346
439
361
362
303
215
356
369
330
400
348
489
348
408
346
396
193
247
388
381
361
428
346
435
376
276
287
401
169
394
353
441
345
360
348
435
341
373
364
235
154
357
291
368
363
325
311
431
365
416
361
333
333
413
345
307
358
304
348
702
358
396
346
386
170
271
239
383
361
418
355
383
348
309
350
359
291
368
346
419
364
356
361
388
363
398
359
427
346
428
272
299
346
564
353
413
364
438
359
299
230
376
346
395
266
237
346
619
361
310
348
193
150
423
378
335
281
391
339
393
359
471
326
391
346
414
333
262
242
346
331
399
326
376
326
331
293
386
349
337
360
359
300
285
347
321
361
237
347
276
171
344
318
191
381
444
391
312
345
406
351
390
293
285
280
368
398
534
145
234
348
375
368
366
300
404
323
381
359
247
198
396
316
359
336
379
197
202
146
278
183
338
257
196
361
394
351
230
193
383
360
398
361
401
311
378
339
346
284
337
333
393
346
256
349
388
336
293
360
380
304
260
346
353
355
304
383
431
368
239
221
594
349
291
371
413
377
291
330
579
314
372
330
388
371
369
346
413
359
410
361
376
361
374
294
240
349
414
383
295
280
313
338
321
325
354
345
331
331
264
220
204
346
509
242
361
346
308
289
256
345
365
351
222
348
409
347
238
346
258
239
259
348
421
358
325
356
373
263
419
351
376
316
297
347
309
345
394
181
314
388
349
345
250
182
251
346
417
313
376
349
361
345
347
336
391
351
360
278
411
346
239
334
385
376
379
354
297
298
429
275
318
305
217
201
376
349
341
221
300
349
337
356
391
347
388
348
391
156
309
360
438
331
313
331
285
129
394
214
349
187
265
145
361
363
322
172
577
197
318
266
314
331
385
358
413
376
362
348
562
331
401
341
624
272
343
265
398
360
333
346
451
357
401
373
205
204
202
182
387
361
262
375
262
198
353
348
386
346
387
285
436
333
236
132
493
331
383
361
537
289
215
334
328
361
261
334
393
303
322
293
232
172
364
305
204
348
376
333
213
263
277
366
359
298
321
345
309
333
358
311
413
354
309
333
318
253
324
293
398
359
324
346
258
198
469
346
317
267
293
278
559
346
331
336
334
336
389
359
416
305
261
279
418
357
320
361
394
361
262
361
223
343
434
346
298
302
416
184
203
358
376
331
378
364
458
346
248
296
303
253
415
340
366
346
371
320
356
280
361
316
358
345
321
299
212
151
248
303
429
346
363
361
321
359
354
349
259
232
227
175
476
361
373
348
369
346
298
345
401
357
414
346
325
336
388
331
221
371
371
333
187
346
277
371
196
313
343
371
421
348
338
339
408
348
358
361
416
376
373
361
632
348
367
199
404
349
386
348
392
347
221
150
299
251
376
278
409
361
361
363
197
361
396
349
444
346
283
199
371
293
439
376
293
281
328
139
409
368
456
369
389
346
393
188
408
348
413
364
365
333
381
252
411
346
454
361
390
333
366
349
637
346
328
279
441
286
426
345
411
348
347
345
373
358
404
346
311
276
381
341
413
346
343
356
328
355
356
334
395
280
349
262
237
141
476
363
413
366
336
232
367
331
230
179
329
333
434
349
332
265
339
336
441
345
343
369
257
349
335
345
409
373
375
244
389
346
248
197
279
320
334
348
398
200
326
333
405
323
356
266
381
336
351
330
361
337
646
306
351
271
365
346
381
356
652
333
398
359
391
275
411
291
330
336
474
373
354
346
341
326
299
360
326
345
431
394
328
334
317
373
346
277
273
258
262
192
270
320
343
341
338
358
421
356
319
331
350
341
335
317
369
333
416
354
338
346
371
331
363
295
391
349
278
361
366
346
373
291
327
400
349
333
396
351
438
308
413
378
421
347
411
363
249
380
417
346
401
346
413
297
367
333
488
360
275
345
214
200
424
291
306
257
359
356
401
361
520
359
267
336
365
271
379
360
373
333
206
146
227
187
433
361
402
216
361
284
269
361
396
299
380
364
331
331
409
313
381
198
361
247
381
346
333
394
441
240
349
333
381
345
227
196
406
333
327
358
378
346
414
244
366
366
381
360
305
267
200
354
368
336
343
333
361
140
244
186
333
330
428
151
374
241
437
364
381
349
358
334
341
376
491
371
424
363
396
308
366
331
297
193
350
158
434
357
349
346
485
361
310
146
388
383
368
346
563
268
369
346
399
360
407
203
394
149
324
348
374
318
170
231
406
348
376
361
311
346
319
371
356
326
411
361
419
353
206
331
416
334
358
277
411
361
433
346
272
358
319
252
376
345
275
216
394
361
298
348
391
351
473
276
421
272
318
361
329
338
212
222
576
361
276
220
353
333
302
191
268
333
289
142
346
291
246
313
309
363
363
305
241
198
361
336
434
359
385
330
389
315
393
347
472
333
374
338
572
373
355
290
348
266
244
231
406
361
726
316
361
333
380
358
290
349
312
349
330
333
382
346
388
346
386
235
336
346
366
291
338
323
246
229
376
251
226
192
652
349
302
309
308
331
370
331
384
273
328
333
403
360
674
348
388
345
308
338
220
331
183
176
326
252
447
345
294
353
314
309
251
358
403
295
373
365
340
371
406
346
321
371
629
333
356
353
341
348
404
336
371
308
361
346
356
199
386
264
373
346
381
346
347
326
258
191
366
334
411
360
399
376
340
189
289
353
381
358
314
285
190
138
313
346
423
361
319
212
443
371
458
192
323
294
522
376
368
334
219
200
359
246
406
198
251
366
324
197
411
346
253
363
408
358
359
356
411
183
387
308
222
150
388
363
289
241
371
361
408
346
367
277
314
149
439
348
349
358
414
373
401
288
404
346
365
333
431
313
496
308
441
348
446
242
326
361
341
346
348
248
358
276
383
358
335
347
335
356
428
358
354
334
341
346
264
333
378
346
468
289
662
288
206
190
329
313
290
381
381
357
258
346
331
366
351
328
363
240
506
348
340
371
381
288
498
346
436
361
369
387
388
346
467
360
406
361
385
266
463
406
388
361
411
321
429
345
393
350
361
346
441
349
339
331
392
349
416
346
344
333
297
333
364
348
361
356
274
333
223
358
446
248
332
334
342
241
436
262
421
293
421
359
354
334
371
288
259
281
247
331
296
358
376
345
411
361
280
321
328
349
374
331
375
346
404
358
175
314
258
318
421
364
401
231
306
358
354
333
315
288
433
363
386
346
378
391
414
346
348
343
253
333
380
346
378
333
404
311
391
222
348
346
379
290
281
238
464
243
288
213
406
334
381
345
310
148
366
281
401
351
308
213
373
371
351
346
441
343
243
333
218
333
351
333
563
172
449
358
259
281
393
231
486
386
276
339
393
357
471
346
239
204
219
345
396
253
318
348
401
167
444
287
414
241
441
363
361
301
277
199
396
333
240
336
369
331
569
361
215
358
398
291
351
346
278
326
393
313
356
306
328
350
491
358
231
346
389
237
371
346
559
346
416
361
308
386
326
344
200
190
361
348
396
301
398
338
429
333
219
359
323
346
426
346
203
140
436
239
479
231
416
346
371
291
359
353
251
199
387
349
436
371
327
361
286
343
253
331
376
361
415
222
355
374
441
220
366
225
381
345
329
349
361
359
259
355
369
316
391
323
259
204
569
333
424
358
437
125
360
311
439
342
389
293
406
361
434
353
361
241
532
353
253
188
451
345
459
359
291
195
405
345
351
345
344
285
321
348
335
348
428
363
371
346
323
308
205
146
283
348
487
356
391
316
396
349
441
368
376
296
403
242
291
370
244
219
287
356
423
205
383
346
391
186
409
349
411
359
398
201
356
336
403
208
358
358
284
361
364
363
298
366
524
346
318
356
415
331
376
185
379
349
426
321
336
331
217
353
333
330
339
338
221
351
284
353
363
346
289
388
284
313
405
371
383
346
388
371
343
310
334
283
439
284
499
346
431
301
192
348
367
361
408
356
373
358
395
348
326
196
376
337
376
155
463
253
269
215
323
333
308
215
385
182
435
169
254
165
253
184
255
184
