414
348
261
346
396
370
285
358
401
336
411
265
375
293
351
333
258
361
307
267
256
346
393
313
429
368
300
333
265
268
240
199
239
142
364
348
381
212
406
351
299
346
348
313
406
379
263
346
277
345
338
349
214
150
391
355
227
161
361
191
318
336
336
249
345
333
343
346
444
354
371
239
348
270
193
167
307
253
356
341
371
323
374
345
387
223
381
364
390
359
328
336
341
261
210
175
215
144
130
150
247
181
720
309
424
351
228
371
398
361
311
365
371
349
364
257
231
192
380
348
295
264
394
346
358
373
315
364
388
231
261
193
310
351
289
241
216
285
389
264
324
336
349
323
220
184
338
155
326
331
406
361
326
262
266
187
386
373
401
306
423
364
277
165
186
132
376
132
586
331
391
346
378
198
401
359
312
277
341
331
374
191
293
378
408
345
263
333
385
351
359
326
319
261
306
198
349
231
426
347
268
195
387
348
421
346
376
328
349
216
356
253
315
253
418
326
218
182
366
348
357
252
454
361
271
265
270
197
337
223
219
156
421
346
262
225
211
128
614
187
206
167
434
356
359
253
295
366
359
346
354
334
383
205
391
348
313
242
378
341
296
154
341
333
357
341
363
326
441
347
383
361
370
358
346
289
361
361
774
346
408
241
280
303
235
361
304
264
314
331
388
376
411
358
406
316
398
177
383
333
403
358
383
361
513
333
454
350
338
351
301
359
345
346
475
365
489
363
388
333
381
363
569
361
339
345
406
323
371
351
361
319
419
221
421
368
301
345
433
346
384
345
326
358
400
333
378
308
250
347
364
341
398
252
388
356
434
341
366
331
328
373
415
273
456
347
241
197
368
366
393
331
364
315
278
346
384
306
406
348
420
233
299
288
320
365
341
333
413
260
249
358
248
139
290
242
319
293
379
399
411
361
230
150
414
364
506
348
436
348
468
356
401
346
401
276
216
192
299
273
406
348
281
246
366
145
399
371
309
334
317
331
386
360
251
351
268
345
401
346
454
293
266
356
229
331
404
353
421
358
323
333
176
349
428
348
337
348
388
361
181
363
242
336
350
275
486
249
349
356
384
207
295
200
374
346
426
176
408
139
302
349
275
361
401
380
401
345
386
356
343
335
414
346
423
311
294
333
338
141
373
333
360
204
267
336
293
331
366
304
284
346
364
346
284
271
443
348
349
353
444
354
351
348
297
345
444
386
398
361
346
349
308
240
381
376
411
346
381
368
408
241
295
236
290
351
303
338
267
358
326
336
369
281
327
343
246
346
434
376
168
364
374
381
390
328
229
361
367
353
393
348
598
189
268
146
128
176
429
346
331
343
429
196
330
349
419
391
347
338
262
346
468
366
421
291
341
333
428
346
306
210
426
231
398
358
399
323
359
353
409
346
454
345
371
299
257
187
394
339
368
334
275
338
398
361
374
331
227
198
431
361
354
304
420
346
404
346
403
361
418
356
260
383
401
293
263
194
348
334
243
346
384
204
265
366
391
346
395
363
394
342
398
359
407
361
304
293
323
325
315
336
394
346
350
284
371
346
265
369
431
346
411
373
381
330
408
303
424
358
364
346
321
336
381
306
398
356
418
358
351
363
327
230
333
333
366
349
396
345
458
236
372
149
353
292
401
349
418
361
325
248
398
357
381
359
360
343
430
294
477
155
381
346
413
348
377
367
396
346
411
353
414
232
456
325
503
361
421
351
306
230
413
273
353
364
401
371
396
346
284
373
403
358
293
260
356
346
285
279
321
333
381
348
341
346
371
361
368
348
380
313
331
364
644
333
323
381
353
359
370
345
428
361
250
365
343
273
296
261
388
359
311
196
288
346
356
348
396
336
276
212
445
328
356
212
394
348
413
334
433
361
388
369
371
359
397
345
339
281
344
349
289
363
396
281
436
358
324
282
276
341
380
383
551
346
375
263
315
343
366
339
248
220
385
293
319
291
239
346
188
333
395
353
498
331
326
163
296
201
351
353
283
234
308
221
321
331
406
321
204
197
439
345
378
363
223
346
203
138
366
356
406
355
311
331
398
369
260
323
272
334
401
345
366
331
439
231
296
321
279
239
251
333
196
306
401
231
243
211
389
345
274
228
451
361
406
333
323
239
381
346
424
346
252
361
203
164
329
343
383
346
548
333
335
291
258
371
409
365
296
356
443
198
558
343
363
208
351
333
289
351
393
172
396
346
273
345
424
330
386
376
398
310
244
241
384
377
220
294
331
334
557
363
196
328
213
270
355
348
441
366
266
201
386
358
270
174
272
334
373
361
545
311
365
346
359
330
313
348
288
266
359
345
358
336
196
252
413
277
387
348
184
333
282
338
319
361
385
361
241
199
396
267
403
348
371
349
295
348
380
310
423
345
368
358
385
358
336
226
454
355
383
359
386
360
396
346
351
351
354
356
370
361
423
341
286
256
361
333
333
333
413
323
356
333
356
343
321
366
308
345
388
265
388
348
418
348
374
333
376
348
421
346
351
348
369
346
281
222
320
330
408
176
366
346
378
343
223
349
386
278
385
334
368
345
336
206
262
251
421
354
321
311
223
146
371
309
316
361
352
346
371
331
316
314
336
307
383
374
337
346
297
259
466
328
378
348
381
361
391
371
386
303
411
273
336
333
299
386
333
374
299
348
348
234
404
200
232
175
359
279
386
197
338
253
381
376
311
236
391
198
336
346
429
347
311
361
222
325
411
260
441
331
356
202
390
346
314
336
401
323
378
331
265
331
395
361
373
349
373
358
239
328
265
316
729
358
345
333
461
361
449
345
308
308
314
361
426
266
604
264
411
346
479
349
368
347
356
345
238
346
364
393
654
331
294
348
451
349
381
346
224
345
336
321
499
345
396
361
471
346
296
346
388
331
245
281
388
346
467
302
348
346
287
302
426
348
381
353
431
265
684
361
393
346
418
205
240
169
371
345
354
358
287
304
311
346
340
349
376
326
391
376
398
399
303
346
321
369
426
239
366
333
363
368
358
358
301
361
312
230
413
253
403
363
368
335
369
354
441
271
297
345
346
341
411
224
373
283
290
373
474
364
406
348
361
346
399
366
201
333
270
361
306
361
361
311
439
348
309
247
403
368
347
345
389
349
421
180
413
346
401
340
350
291
486
359
254
212
331
363
378
368
391
349
411
356
294
193
396
331
416
286
361
361
325
304
353
321
334
353
356
333
388
348
388
358
283
335
325
196
391
346
363
348
340
349
406
386
361
333
369
359
227
360
373
291
416
364
356
319
434
358
385
330
321
333
398
348
347
349
376
363
449
265
371
353
348
346
398
346
341
361
371
359
371
268
421
347
406
198
336
204
332
349
242
366
393
206
389
361
321
353
371
361
411
360
378
263
433
216
371
293
677
348
313
349
358
358
567
323
406
343
348
331
211
162
185
358
240
351
219
188
218
316
283
334
429
306
493
229
419
380
403
348
305
346
366
335
353
257
383
292
267
394
451
233
374
331
378
374
333
358
377
361
366
349
240
146
426
346
378
281
292
346
268
343
388
359
616
361
355
231
403
346
358
323
257
271
610
355
287
348
381
361
408
349
320
240
368
331
345
333
523
247
318
291
466
345
369
155
395
381
587
346
421
219
379
348
388
361
373
346
468
358
217
318
177
235
275
346
183
376
436
346
280
369
312
346
481
346
438
338
421
343
413
293
204
146
165
216
435
348
317
296
427
280
370
335
371
348
399
261
325
240
331
331
391
336
394
345
634
346
294
349
276
348
301
225
519
301
393
343
308
261
389
351
396
378
384
363
292
363
332
301
332
346
315
349
401
248
396
363
431
361
330
198
211
199
328
276
326
345
247
301
388
364
309
364
247
346
394
341
353
304
243
338
401
361
373
301
421
366
386
346
424
213
340
287
358
336
353
346
396
351
359
217
389
354
376
252
303
360
166
346
431
299
373
374
245
341
393
181
413
359
207
145
325
230
309
349
341
366
385
331
235
330
333
301
401
313
370
153
391
361
301
213
348
353
249
334
338
369
469
192
386
273
389
369
368
305
511
357
369
347
409
385
363
355
423
253
355
349
240
361
356
130
393
346
419
346
254
199
451
304
459
345
229
343
212
331
376
304
403
373
321
240
521
289
396
374
468
346
319
348
333
190
299
345
381
346
393
361
374
359
271
291
421
351
431
163
383
368
275
197
379
358
561
313
298
276
379
348
368
346
404
376
353
337
356
265
449
345
252
227
315
346
333
324
388
349
356
366
391
346
196
325
281
351
406
257
295
331
359
198
301
361
441
358
427
361
440
361
313
334
389
346
439
314
404
361
238
223
353
281
227
346
369
224
356
301
272
358
376
346
436
321
202
341
309
361
364
190
371
368
373
373
237
335
496
361
206
156
256
333
398
345
381
292
343
343
367
285
292
232
396
361
353
374
335
291
276
364
319
262
384
348
406
361
240
345
395
333
291
283
330
333
373
334
216
196
371
321
195
183
328
350
356
334
384
318
361
349
293
253
441
361
386
311
474
255
421
281
231
223
418
270
433
348
275
238
383
351
401
361
311
349
391
363
324
365
386
361
353
349
411
321
448
310
364
340
388
46239
282
319
300
265
375
348
380
306
322
374
287
344
458
330
373
359
365
346
504
358
235
186
252
359
341
343
376
359
495
198
331
279
327
346
270
333
394
383
345
224
237
139
391
252
267
211
294
187
250
156
248
188
298
231
383
359
334
348
328
234
459
331
418
348
368
331
502
363
331
217
445
381
436
280
333
346
278
373
415
345
376
267
334
336
241
358
436
251
568
359
198
346
314
361
358
361
441
288
381
366
386
346
401
343
396
275
443
177
306
296
313
334
384
288
358
360
426
358
378
361
302
277
425
349
411
349
398
336
406
162
415
348
327
349
369
272
459
325
290
238
366
348
353
361
198
351
295
351
348
347
472
348
585
347
343
331
340
290
346
358
198
353
351
361
383
374
404
346
374
291
381
313
411
287
388
331
393
343
673
230
361
326
646
346
329
333
401
349
288
338
245
151
328
346
371
367
265
199
423
346
369
333
367
356
283
331
423
339
253
358
351
306
302
286
511
348
366
333
343
341
373
348
358
349
396
331
268
283
386
349
204
348
369
333
200
153
388
333
441
360
325
267
363
361
179
180
261
346
386
333
413
348
393
351
318
356
407
345
394
349
379
349
356
215
297
293
194
356
337
283
302
257
319
331
208
330
353
346
314
242
433
346
441
358
416
346
351
349
336
345
384
358
399
348
283
281
320
369
489
346
381
373
627
355
209
156
298
361
286
256
384
359
456
345
343
333
333
351
320
250
406
353
373
345
310
279
384
261
399
376
353
254
380
346
336
333
237
208
414
155
341
334
348
331
402
356
369
349
417
356
454
365
311
299
375
345
441
358
283
266
431
182
424
345
409
331
374
376
323
311
399
361
416
298
356
336
403
309
351
341
423
354
222
361
654
192
401
348
404
348
245
343
311
364
378
353
381
363
431
351
341
242
293
346
263
333
272
347
306
193
387
233
406
346
451
346
368
153
416
291
379
197
297
346
111
212
310
361
409
369
295
334
376
345
368
378
390
360
399
346
561
311
368
346
424
351
321
289
357
324
396
186
312
348
313
305
258
333
411
358
216
141
411
204
291
349
349
251
364
358
376
348
391
361
424
325
326
355
587
345
310
338
428
345
416
358
424
218
401
351
409
363
320
334
306
346
378
346
343
204
371
346
304
198
364
345
403
338
319
347
328
345
403
346
370
318
272
254
492
277
404
253
260
333
338
281
386
343
293
291
319
316
284
346
328
335
363
313
336
333
383
346
294
346
299
196
365
336
246
333
394
346
376
345
418
368
383
348
348
357
518
343
356
334
546
359
396
349
681
370
248
170
279
349
437
316
373
246
427
391
394
346
411
361
235
343
424
346
424
361
348
312
428
366
391
355
406
265
373
349
386
363
191
161
406
142
308
408
391
369
395
343
317
288
419
358
394
371
413
381
421
358
361
345
361
182
403
361
407
206
437
347
394
323
269
366
376
361
348
208
379
348
418
349
381
198
413
328
409
215
431
132
796
281
690
349
421
361
225
140
264
346
381
359
436
358
294
293
284
346
335
328
414
319
622
391
319
346
413
348
428
353
352
152
396
346
325
241
406
361
410
348
486
333
358
281
391
345
375
333
316
338
381
315
176
334
401
322
393
346
403
348
456
348
404
313
275
349
576
331
181
144
391
351
324
249
366
186
353
293
284
338
394
150
381
314
330
343
179
373
226
139
423
341
376
319
248
206
367
361
320
272
270
214
345
347
260
361
343
355
371
363
350
308
413
356
284
252
258
336
431
349
358
181
408
281
336
346
329
326
405
304
416
346
365
353
246
373
188
131
386
346
341
334
406
346
276
185
394
343
343
334
267
182
411
345
275
346
411
359
368
361
326
336
381
320
411
346
368
346
368
349
408
345
414
361
403
358
410
289
328
333
275
358
421
361
365
364
388
371
415
346
237
333
426
346
419
358
413
346
388
336
369
331
268
210
409
346
394
333
363
348
331
331
369
374
336
302
433
353
401
360
405
346
361
346
368
358
294
346
454
351
561
346
320
358
260
368
346
141
411
349
374
358
336
270
351
331
368
345
381
369
306
346
383
290
323
316
499
371
416
202
376
333
390
366
206
345
346
369
189
146
396
369
232
244
650
289
408
361
341
325
384
349
328
197
376
358
373
364
403
271
687
346
250
364
449
345
489
333
404
265
288
361
329
281
378
264
242
348
446
363
330
361
363
333
451
297
371
330
305
333
201
140
406
341
403
361
361
293
423
361
360
334
289
331
391
348
391
346
378
354
421
364
308
333
429
353
297
222
270
336
352
199
348
333
341
346
411
348
333
273
345
265
375
358
252
203
236
346
282
361
423
348
353
186
374
346
384
347
248
201
381
315
351
303
312
383
249
361
380
361
309
303
343
331
416
376
351
333
270
199
495
364
359
349
270
350
318
291
429
270
454
351
358
222
267
250
421
238
356
331
378
360
729
275
428
341
431
308
318
336
363
345
374
333
183
113
370
346
437
368
403
231
361
295
415
356
694
355
341
267
189
346
304
309
301
331
327
369
492
304
336
333
261
361
368
281
371
334
312
345
531
294
323
361
361
318
454
360
444
323
335
328
295
154
367
293
184
368
437
149
436
366
373
341
329
348
448
356
353
361
398
178
304
264
448
142
639
328
421
373
419
353
401
325
350
353
461
334
426
363
448
361
378
269
346
145
344
346
468
346
393
348
339
346
394
375
395
354
379
144
401
358
283
290
253
143
285
358
341
334
439
348
192
132
340
345
350
348
448
249
456
346
411
320
299
253
297
359
325
358
372
267
260
236
393
333
358
358
358
346
249
361
281
235
288
348
389
374
261
200
202
154
424
371
444
357
316
333
458
346
372
283
501
386
332
351
343
334
391
346
416
378
244
237
193
371
379
361
305
225
376
277
300
289
411
353
233
361
334
331
459
361
428
371
421
305
378
291
271
295
383
340
381
346
306
353
353
346
370
363
406
313
371
346
291
233
351
349
409
333
401
283
373
241
351
236
428
359
311
334
431
281
389
348
296
254
334
346
284
359
376
374
384
296
273
253
360
333
431
346
359
318
295
150
471
354
343
346
246
333
359
161
401
186
242
346
218
182
406
361
297
364
343
331
366
357
359
361
378
256
296
207
295
348
406
360
386
215
246
338
335
340
357
291
391
333
295
291
341
341
269
368
368
331
297
199
341
215
246
331
220
330
175
359
363
331
234
300
440
156
373
361
343
349
425
306
232
187
376
361
318
346
317
204
223
190
324
204
321
153
255
341
341
207
451
345
426
360
309
346
403
349
239
337
381
360
396
349
401
360
401
338
403
348
260
333
359
346
347
349
330
276
441
355
373
343
421
361
374
311
275
343
426
321
286
323
378
349
416
329
351
361
297
171
427
356
205
351
439
368
376
326
363
333
444
331
418
348
441
330
356
358
333
333
413
187
218
336
579
356
340
331
401
281
350
345
417
267
414
368
396
363
292
346
329
288
371
333
276
208
387
293
733
346
363
358
441
363
230
338
335
371
312
271
321
335
419
348
606
345
391
358
366
330
356
333
392
302
295
346
317
345
252
334
393
361
253
208
256
301
206
176
421
162
355
289
373
346
304
336
331
333
266
346
286
361
388
286
351
270
533
346
382
207
387
364
379
371
349
345
463
369
389
361
281
346
403
349
419
361
211
363
543
361
315
348
396
351
473
234
374
284
391
346
386
371
346
331
424
358
391
369
401
348
375
348
311
276
303
284
419
345
396
345
599
291
266
361
401
345
366
288
356
295
353
351
401
331
603
264
385
335
280
346
342
337
426
347
389
346
421
345
248
94
335
346
275
226
426
361
389
366
269
375
398
364
348
346
278
351
319
346
351
176
250
331
411
345
580
249
457
152
291
341
403
346
421
351
401
326
439
349
313
292
309
369
301
361
437
394
371
315
389
353
419
345
371
356
427
359
487
346
367
301
343
336
401
250
313
253
368
269
265
190
351
343
344
371
308
348
388
177
325
369
271
311
343
333
346
298
373
218
418
346
339
333
314
334
737
319
445
358
456
346
374
346
371
361
396
343
449
215
403
346
383
314
374
361
240
212
365
373
351
206
389
291
371
323
393
239
380
347
361
366
406
361
297
213
406
214
348
333
233
214
441
345
414
289
327
373
423
358
330
190
419
348
282
346
235
283
214
163
359
333
436
303
408
321
356
346
329
355
270
293
295
363
266
242
343
338
460
359
358
357
411
353
258
346
204
346
363
346
357
300
388
348
421
356
364
345
561
304
319
272
415
346
401
349
363
261
301
333
404
358
438
346
626
346
328
348
391
334
260
198
374
330
376
333
233
240
443
358
245
324
411
361
257
361
374
167
403
188
336
294
453
346
295
266
323
331
451
209
469
291
244
349
376
318
277
261
401
339
423
361
427
278
473
281
414
336
403
346
256
237
261
207
324
333
381
341
238
143
238
199
257
351
341
330
352
333
403
163
384
346
216
368
403
345
217
366
676
346
355
196
288
179
331
178
232
168
363
151
449
179
