363
361
386
330
388
334
276
351
284
361
439
348
281
293
382
287
251
223
293
240
332
333
351
333
250
346
251
204
406
374
252
336
453
186
232
225
607
345
406
356
346
321
245
348
313
249
421
239
394
346
436
361
216
176
323
334
431
371
216
349
280
371
393
361
446
366
397
361
294
334
399
303
619
366
223
173
284
345
352
361
306
348
419
360
348
320
291
243
381
348
265
231
221
364
213
154
197
154
171
132
246
198
406
371
368
290
415
190
368
361
384
336
272
336
341
250
416
231
237
344
223
147
358
341
269
174
381
347
247
213
405
262
374
252
415
363
334
361
543
381
394
333
238
328
340
147
199
155
323
281
388
281
394
312
216
218
381
326
387
343
418
212
231
195
253
170
391
268
411
356
332
345
356
345
396
366
375
215
449
348
411
346
334
276
411
346
489
357
315
254
292
265
343
333
366
319
327
345
346
361
369
320
393
345
408
361
391
334
423
239
363
258
389
344
298
348
292
190
404
334
493
351
360
358
356
371
395
300
216
359
414
361
413
299
409
346
190
249
292
333
204
180
433
346
419
291
328
331
370
326
403
359
349
358
704
346
379
232
359
346
418
164
381
358
343
333
361
331
408
374
406
247
381
345
326
291
366
346
366
346
263
219
401
366
338
333
386
346
383
371
371
323
403
252
391
340
377
145
363
338
253
333
368
366
376
293
401
358
373
336
429
346
356
265
244
346
339
335
423
361
217
253
326
335
214
109
371
284
361
334
488
348
336
304
386
361
373
358
411
361
351
371
292
194
376
358
636
361
512
211
333
336
368
331
195
333
443
300
366
348
398
345
358
346
374
226
246
348
486
346
439
302
358
333
351
346
489
219
414
346
416
345
308
366
326
306
439
252
346
333
186
132
333
365
434
241
391
279
375
348
421
305
369
246
334
266
383
307
306
285
419
333
418
331
247
361
224
361
239
208
377
259
380
241
406
333
375
354
428
376
255
346
358
261
201
150
406
214
408
358
368
345
387
361
373
358
383
358
290
268
448
345
197
139
366
302
399
290
419
232
423
152
281
360
361
345
345
333
403
344
252
191
369
188
399
348
428
358
168
331
306
128
258
356
257
333
386
343
371
333
341
333
414
327
396
346
383
295
238
356
349
330
285
346
409
361
354
212
321
333
401
297
401
366
239
215
284
251
310
333
408
339
275
220
397
333
311
221
296
283
449
359
296
259
343
268
332
347
328
333
386
240
614
346
383
363
376
356
204
212
423
326
369
355
283
291
365
348
371
363
180
359
626
348
430
222
365
326
348
361
250
345
418
348
413
349
229
186
368
353
567
291
302
328
365
371
307
255
302
251
225
166
389
334
416
354
233
339
310
346
228
361
311
346
371
346
479
348
358
311
324
366
351
331
374
331
249
214
386
346
436
329
296
363
441
346
286
211
371
348
408
358
379
222
248
361
401
349
354
348
348
333
383
334
311
330
421
354
381
361
342
347
259
189
356
337
406
361
348
175
441
351
341
361
302
346
354
347
336
361
366
348
318
333
457
349
359
363
350
333
376
328
426
346
383
358
399
369
377
363
381
356
340
341
413
358
351
338
363
346
616
361
296
334
341
348
391
346
383
277
413
371
409
131
381
361
408
346
360
232
336
330
550
233
369
356
359
261
406
338
351
333
384
355
447
348
344
333
312
347
376
334
372
363
457
281
275
346
346
333
334
333
358
355
358
343
316
361
376
330
336
334
347
361
394
358
302
374
403
361
333
346
274
346
385
328
396
359
384
376
411
356
353
335
366
346
247
199
341
353
443
319
388
346
244
330
319
244
477
358
526
188
315
198
323
279
336
357
326
316
251
212
431
328
305
222
582
194
411
361
378
346
398
177
258
231
385
333
260
346
524
349
384
194
504
346
266
346
383
346
373
353
408
345
366
261
335
348
434
361
246
346
391
346
354
330
381
346
439
156
371
331
411
361
388
361
213
198
321
143
401
348
265
171
197
334
365
216
361
346
399
363
394
291
286
244
391
137
175
145
396
274
403
361
416
264
366
331
221
348
509
361
369
331
395
230
386
230
199
299
272
212
365
334
398
361
281
346
299
204
326
280
291
231
403
328
248
358
349
348
346
335
381
363
390
331
206
170
275
262
330
371
366
348
273
223
224
333
356
346
336
306
761
156
356
318
275
264
411
375
244
185
236
161
357
344
386
333
411
321
383
356
343
251
399
239
340
296
324
240
327
346
393
356
395
170
284
141
289
253
401
348
435
381
279
343
419
366
443
318
394
348
448
286
231
348
369
368
389
311
274
334
346
346
421
346
357
159
322
270
371
359
353
341
393
348
230
331
429
356
421
213
287
368
326
341
428
345
364
359
343
330
376
253
381
361
439
349
558
333
418
360
356
339
378
376
381
345
456
345
293
339
344
351
339
338
589
361
367
346
583
348
321
318
468
371
301
244
411
368
370
274
221
254
488
381
379
361
396
205
393
364
363
239
275
252
219
345
416
361
441
374
373
349
409
332
436
340
409
350
344
256
310
366
281
360
359
331
171
283
391
348
414
345
294
140
307
267
413
346
388
325
549
287
399
349
386
301
365
345
328
348
381
245
435
344
301
265
294
330
181
246
371
336
395
358
368
333
405
296
295
249
353
334
271
279
398
284
236
177
383
346
348
333
383
363
388
311
305
265
254
361
321
302
383
348
387
348
395
291
279
219
311
275
313
253
370
346
296
233
393
386
348
327
398
324
325
361
421
358
294
262
391
333
386
311
401
366
347
378
361
349
416
346
378
273
434
349
376
361
371
263
409
313
337
260
438
369
264
183
366
333
374
342
351
349
453
351
294
345
356
266
429
348
376
313
396
346
387
262
381
333
409
338
292
328
386
356
378
346
386
366
315
334
356
289
363
192
472
360
418
383
373
348
356
269
384
361
361
348
390
361
456
361
371
349
349
345
315
280
296
207
406
299
429
201
383
361
413
345
351
313
451
361
399
327
426
273
401
271
378
240
393
177
411
355
350
346
354
334
439
193
292
361
414
349
411
359
391
346
373
349
258
215
365
361
359
361
347
348
244
358
461
358
363
340
386
221
386
368
366
347
416
350
338
279
304
336
375
356
327
349
356
366
433
378
439
353
411
346
348
336
421
340
476
373
418
302
439
201
426
215
401
345
333
265
334
344
293
366
257
336
391
361
179
141
398
348
363
333
396
361
345
218
405
348
371
361
398
232
388
285
323
287
321
356
344
305
369
359
252
230
260
218
401
345
423
346
348
348
367
291
272
371
298
299
413
361
285
212
220
197
386
363
327
229
433
345
379
292
225
173
389
271
429
358
379
355
336
343
283
251
411
346
383
361
242
210
414
348
310
348
416
363
369
333
299
348
569
373
373
292
331
198
383
206
215
170
295
394
196
361
281
184
286
268
303
361
388
267
388
333
418
361
346
343
252
167
381
364
265
333
287
239
301
287
378
346
418
359
381
347
368
358
355
195
279
381
291
331
323
238
401
346
403
361
448
346
396
346
405
361
377
350
406
338
280
334
356
334
303
346
391
349
369
339
515
348
283
333
366
346
281
331
328
297
336
343
403
358
231
368
294
205
238
331
258
210
341
195
318
253
193
205
416
386
652
358
424
201
419
361
175
333
366
361
307
241
371
310
565
204
182
155
389
336
304
227
401
358
358
346
262
333
191
141
272
227
434
346
499
361
290
243
254
361
401
364
367
323
280
242
414
366
409
293
294
333
371
333
356
336
441
222
351
148
336
188
398
345
373
358
253
333
379
199
386
394
378
373
365
310
398
306
326
333
294
364
323
190
223
346
388
236
358
335
305
343
370
359
272
293
423
384
378
235
404
213
336
346
331
331
347
299
172
333
447
198
263
222
361
324
293
318
353
314
261
346
269
343
259
214
391
217
244
210
320
270
280
346
373
360
384
341
276
345
546
331
270
258
343
243
424
309
405
368
417
346
343
333
371
361
398
348
358
330
299
192
421
388
359
346
279
257
343
250
391
291
251
330
404
304
258
331
351
329
416
346
391
304
405
304
401
361
381
361
225
170
294
268
353
348
401
336
429
346
203
154
187
149
355
331
288
307
491
306
214
346
332
287
387
306
323
348
273
348
594
316
272
331
366
321
396
346
366
346
329
292
354
354
191
152
441
350
174
142
355
314
409
328
325
319
257
176
378
361
368
358
338
361
389
346
396
349
348
345
154
334
401
334
396
177
278
348
215
341
270
330
330
305
281
386
335
231
419
388
247
216
396
277
381
348
344
220
441
346
346
334
298
334
345
359
246
345
317
316
436
185
419
178
365
345
451
353
388
345
399
346
441
371
381
223
316
313
313
226
209
330
348
314
339
257
381
271
440
145
366
261
381
206
386
16092
327
276
246
212
371
338
314
345
378
358
371
351
574
221
358
321
539
274
381
233
416
345
360
321
366
347
348
361
392
346
295
346
240
166
309
351
447
331
401
330
351
338
385
333
293
346
383
345
436
265
434
361
256
222
368
358
287
184
321
272
294
201
443
361
376
366
359
348
395
346
418
368
381
371
408
346
393
346
424
363
472
231
492
351
320
361
344
358
386
316
407
311
273
287
396
222
414
339
395
213
259
249
221
127
200
155
369
345
428
225
350
333
319
291
356
340
350
349
416
346
291
162
216
141
378
311
262
193
235
334
329
323
245
177
434
321
451
346
433
353
377
267
265
244
356
334
323
371
411
333
367
348
423
346
341
335
363
291
403
346
416
350
374
333
328
311
403
369
366
349
421
301
353
359
340
242
386
323
299
360
348
346
376
364
366
368
416
351
282
241
321
278
317
306
394
291
321
347
368
335
356
284
336
302
404
343
338
231
381
347
13790
193
234
323
323
346
336
361
338
206
275
166
273
318
374
220
439
376
409
320
242
190
293
278
350
291
351
283
484
354
414
330
383
351
398
275
324
346
345
300
295
265
364
345
491
376
358
343
365
277
388
373
424
326
397
348
206
356
348
158
378
361
371
174
320
279
407
234
419
360
331
333
365
316
348
346
388
349
498
359
379
297
353
244
401
189
343
346
419
363
254
371
411
346
379
361
385
349
404
394
619
346
594
349
371
358
508
144
424
358
399
361
389
361
717
330
293
193
488
321
396
339
365
291
428
361
373
351
333
358
439
355
351
333
383
311
405
266
384
333
426
346
388
364
353
331
393
373
309
369
396
348
398
358
184
345
389
373
358
212
373
341
391
355
200
346
359
289
396
361
436
341
410
306
369
333
393
361
346
336
368
361
379
313
436
360
398
363
406
191
397
359
373
371
317
301
381
335
291
203
315
328
301
363
438
278
373
361
353
346
299
153
329
345
368
325
359
178
360
279
413
345
305
190
384
361
341
351
368
349
414
361
548
182
412
271
401
304
381
346
357
271
346
266
408
246
237
333
281
265
359
189
203
249
371
160
414
195
224
348
401
348
260
383
403
361
180
333
393
346
360
253
419
349
391
356
169
214
346
310
388
273
291
230
398
244
373
361
446
309
358
366
242
188
232
131
216
345
388
376
333
319
409
348
404
216
498
346
231
130
443
359
315
266
379
361
355
334
281
303
376
369
368
319
399
334
389
361
427
361
383
353
397
345
525
333
323
350
406
293
182
345
408
238
423
346
416
242
398
346
413
348
381
350
316
359
385
330
413
346
184
351
406
351
230
356
314
358
403
232
228
344
355
192
394
349
391
346
318
262
398
341
306
334
488
364
241
353
311
356
293
279
398
358
576
213
179
243
242
222
393
304
396
199
339
281
337
270
359
333
421
353
528
237
361
176
396
336
368
192
260
198
361
222
384
373
424
346
393
346
364
176
306
358
386
347
493
276
338
333
341
268
356
143
431
346
544
334
195
284
429
303
291
256
254
346
343
142
381
292
268
376
433
328
471
370
219
316
252
197
361
351
383
345
401
142
385
156
386
254
453
361
306
346
434
361
396
198
383
254
431
358
439
338
428
347
310
354
449
361
313
328
384
346
406
361
333
289
396
351
401
376
312
197
406
353
363
341
376
349
408
345
404
154
359
346
381
348
354
346
394
284
411
348
396
351
329
336
413
360
377
376
431
338
418
331
280
208
356
323
376
173
408
346
323
311
381
323
358
334
746
358
312
369
311
333
398
192
341
359
394
365
319
361
427
355
429
353
381
361
389
348
399
306
362
346
235
199
368
303
351
267
401
361
351
241
379
323
408
370
281
198
524
230
369
361
506
356
273
225
377
345
252
365
331
313
331
189
348
339
378
346
401
346
411
214
649
341
276
199
403
358
354
207
177
142
404
391
406
345
674
346
303
361
232
351
365
331
198
152
241
138
398
359
386
163
360
151
398
346
177
144
367
346
390
358
434
346
404
359
346
345
401
346
416
338
507
303
233
337
409
345
288
293
391
354
441
346
376
319
331
269
383
361
331
355
416
346
444
347
361
333
381
361
399
334
449
346
413
338
198
343
401
363
411
334
370
348
323
334
333
361
446
340
230
331
398
200
217
339
385
348
449
378
421
340
329
359
401
359
421
349
363
366
369
348
316
346
479
346
391
361
398
291
353
160
391
333
341
338
396
345
271
230
385
346
393
343
411
361
456
366
259
345
404
277
388
360
421
206
313
348
368
348
349
231
380
361
236
164
545
333
376
348
301
334
200
136
228
361
331
273
374
336
413
376
537
186
314
292
377
232
375
338
381
283
267
363
311
355
464
346
193
343
271
358
479
358
381
374
303
192
419
346
370
361
353
331
355
335
384
338
376
361
411
346
413
268
413
345
383
346
351
328
364
258
345
348
461
346
401
346
335
341
411
346
341
276
345
348
268
334
320
338
322
361
353
265
310
328
239
346
337
287
406
406
371
346
899
291
348
347
348
334
425
368
336
345
660
363
447
265
198
335
434
184
367
291
264
323
357
272
441
359
419
239
388
231
333
316
278
346
388
349
451
236
574
339
448
368
411
333
461
358
373
361
278
309
433
253
290
326
371
251
406
346
381
318
282
205
527
349
454
354
408
239
341
334
436
158
356
333
262
341
401
366
193
353
396
303
291
324
393
346
356
326
378
340
411
363
381
331
409
301
499
364
659
353
373
354
441
321
369
333
431
345
329
376
441
349
431
346
267
264
299
353
542
333
239
210
399
334
418
346
317
239
225
225
175
334
297
336
254
219
300
358
436
361
217
172
368
346
284
235
273
185
418
349
367
314
477
346
393
374
359
361
424
346
378
143
405
361
388
279
394
356
441
345
419
346
463
207
429
146
351
378
399
333
388
358
331
345
368
361
443
348
376
348
391
340
381
356
324
221
574
346
356
278
431
152
447
346
420
302
519
373
315
359
345
252
351
279
431
328
386
193
358
331
381
345
431
296
423
375
190
121
374
360
390
266
378
360
375
288
229
284
421
347
239
188
367
333
231
346
386
333
401
253
433
194
411
358
391
355
363
333
326
300
525
351
356
323
350
349
404
374
391
265
395
346
284
359
391
345
367
348
363
231
193
349
246
191
443
361
375
359
679
261
185
154
389
348
406
370
398
336
218
333
321
336
358
306
351
191
451
373
654
357
350
325
266
156
351
345
421
346
378
333
403
327
446
348
624
373
426
376
247
186
343
236
416
370
426
234
424
345
403
361
388
301
210
274
313
348
316
333
345
333
325
348
365
363
350
363
340
348
366
303
368
386
554
374
367
254
346
346
356
333
305
336
349
343
388
348
396
251
365
333
220
361
416
353
334
359
311
341
388
345
393
346
362
371
266
242
388
346
363
196
345
348
330
181
228
346
297
246
289
347
414
353
384
361
376
346
451
348
386
180
326
263
368
350
377
305
423
340
401
177
420
275
436
353
265
346
306
331
351
333
359
333
438
358
493
346
291
348
301
351
358
341
409
345
403
351
406
246
356
223
556
345
486
343
301
331
398
361
338
336
391
345
324
376
279
363
448
361
441
374
349
341
424
351
368
283
361
294
300
330
273
174
481
348
394
351
249
346
436
346
364
333
184
303
381
374
373
345
373
346
378
277
401
361
411
346
325
348
439
266
419
228
391
354
361
346
592
256
398
355
201
283
408
346
383
338
244
190
394
359
469
348
374
328
274
361
353
340
369
358
361
331
672
216
353
356
421
348
298
346
276
232
348
346
363
364
272
348
365
334
325
348
358
261
403
205
401
383
302
143
328
267
246
220
334
361
342
333
380
361
330
333
268
324
381
361
259
329
438
346
209
311
282
169
409
341
318
346
268
351
353
334
370
328
182
358
341
333
359
232
464
258
331
222
219
211
366
266
401
346
399
358
353
371
343
311
228
336
356
345
386
378
351
345
438
241
391
359
378
346
308
348
396
363
378
361
254
343
197
348
326
333
454
366
411
263
390
341
376
361
328
361
363
361
414
177
366
353
356
187
387
349
361
348
424
346
394
346
345
224
367
314
306
326
411
361
376
350
291
346
385
343
361
257
410
356
424
214
381
349
214
355
309
253
431
378
336
348
371
349
290
358
372
153
433
356
381
361
395
270
408
345
278
333
393
328
335
349
415
239
255
320
381
363
306
319
391
339
404
299
293
283
326
331
388
343
318
333
358
333
364
327
429
298
398
361
406
373
312
346
300
360
210
334
346
349
361
349
445
215
337
281
388
361
284
348
219
358
526
360
361
348
366
199
399
371
406
363
251
345
294
256
386
288
384
169
346
345
416
272
416
292
265
276
197
346
324
219
191
334
384
270
627
346
320
306
252
247
417
275
389
356
419
330
419
356
305
358
279
346
368
326
446
205
375
161
373
348
373
229
435
275
323
341
323
374
258
331
396
311
406
330
391
243
426
175
210
361
329
346
321
346
354
224
448
276
250
345
364
348
398
261
399
406
372
341
329
334
383
373
313
346
279
399
401
351
287
179
285
291
361
273
421
366
413
226
401
254
283
296
369
348
363
346
398
153
403
160
303
333
387
346
313
346
341
331
381
359
400
256
314
373
361
331
343
361
368
346
401
346
479
351
425
375
361
361
245
141
409
300
199
359
304
189
316
196
391
360
341
188
277
242
305
129
247
152
188
165
227
206
