381
363
189
150
371
341
687
380
215
159
395
274
413
349
356
346
341
356
244
179
383
360
326
245
628
346
312
347
373
361
350
336
259
210
381
358
406
345
274
348
351
333
373
361
389
376
348
314
331
373
415
282
234
162
369
333
566
336
393
304
356
193
403
343
434
361
284
208
323
243
469
363
299
349
236
178
295
229
645
282
531
348
333
331
401
219
251
346
419
374
644
358
379
255
238
132
213
142
203
136
253
198
262
180
378
240
318
341
369
348
413
302
366
336
427
368
393
348
285
363
541
358
259
259
393
198
416
359
588
161
354
330
383
206
584
328
426
226
240
205
287
329
244
327
340
158
182
128
258
202
326
358
242
349
287
184
409
371
393
293
377
213
193
333
177
152
389
310
354
346
474
202
428
349
393
345
345
222
239
361
186
206
438
358
346
353
376
388
353
385
315
363
426
348
339
345
396
341
424
368
338
358
448
371
419
291
241
200
368
328
286
180
346
333
413
361
245
168
363
370
461
346
403
356
361
361
413
177
298
200
369
333
363
346
397
243
307
257
294
267
221
176
404
353
561
224
331
333
284
248
348
152
358
291
396
346
403
308
298
345
230
385
404
349
375
346
413
196
334
218
423
325
355
224
289
345
371
343
379
262
394
261
284
345
316
361
374
348
418
361
202
187
499
361
348
349
338
333
464
347
396
361
421
348
386
277
433
370
339
345
312
346
410
338
367
340
393
361
395
346
418
361
416
349
210
349
328
355
403
346
411
368
373
345
358
346
421
272
369
346
360
358
398
347
399
346
421
270
394
294
346
348
317
262
335
351
366
350
567
359
196
347
291
167
463
235
408
347
262
345
288
328
330
343
381
230
406
361
354
303
364
159
351
200
257
341
262
346
376
346
421
304
396
361
438
241
246
201
525
343
393
256
383
351
505
353
368
361
376
345
373
346
376
170
282
333
384
369
403
277
371
273
326
366
322
252
423
326
439
346
242
373
399
356
407
346
323
341
389
326
612
346
378
308
361
326
421
381
368
349
356
333
439
263
284
230
195
358
411
296
406
298
511
343
299
232
311
354
385
386
395
146
251
345
424
355
351
264
408
162
364
348
543
190
537
341
270
328
436
373
266
239
434
358
435
364
401
177
306
289
231
330
331
341
359
361
474
361
312
238
341
334
431
346
353
157
294
361
407
351
398
343
401
351
280
198
508
230
437
355
276
339
384
361
411
346
396
277
333
331
401
346
394
251
368
346
401
373
414
348
315
364
319
324
377
207
340
306
239
201
338
346
373
333
438
346
383
349
401
361
273
197
256
341
451
346
220
186
358
356
182
139
359
300
361
336
378
334
376
358
446
194
386
345
533
302
170
216
306
273
384
334
208
340
515
361
408
348
383
361
391
241
463
365
268
339
207
175
253
346
421
331
413
286
587
334
229
335
225
348
263
349
441
358
444
207
318
360
356
336
416
243
378
348
223
358
303
366
363
343
378
317
393
361
312
236
286
343
259
356
366
361
366
333
253
231
386
291
367
358
302
333
394
306
302
333
384
338
363
373
403
364
379
230
319
346
265
348
395
359
421
368
384
350
384
358
223
334
396
368
385
346
381
323
274
346
317
217
351
361
387
346
356
153
469
306
411
347
275
348
407
192
371
353
482
356
391
358
416
363
181
336
291
265
391
369
288
331
406
358
295
381
414
361
193
361
331
348
423
351
355
369
408
241
351
343
316
346
439
353
401
381
400
345
317
266
431
371
391
354
383
333
393
361
351
274
431
346
391
333
398
356
375
346
363
349
419
348
323
291
376
361
426
348
368
311
231
220
363
356
526
346
291
304
333
251
486
373
378
252
383
293
418
346
291
355
281
236
257
241
338
334
283
350
368
349
386
346
299
364
358
253
383
368
404
267
250
345
228
366
285
221
413
346
354
346
377
251
284
263
381
348
272
349
312
355
371
342
283
343
424
368
408
338
369
346
242
171
458
329
380
267
285
285
466
156
335
348
449
348
240
231
332
263
223
119
385
380
253
318
491
361
239
294
438
354
328
302
413
356
607
363
411
292
378
346
426
291
387
360
384
230
429
333
400
338
371
353
487
242
295
264
276
232
406
287
424
361
357
226
414
346
399
346
434
185
232
184
330
345
354
341
306
331
252
206
336
333
388
331
361
331
347
343
337
349
426
336
356
235
222
194
331
285
275
336
401
252
356
351
353
346
262
346
393
348
527
263
306
291
336
358
363
232
415
345
389
371
296
270
361
348
279
348
437
333
345
249
336
239
406
361
421
388
393
358
429
331
266
336
227
181
304
238
358
339
401
379
222
366
365
353
483
346
371
317
371
231
371
346
348
256
324
346
387
345
391
361
351
345
556
339
371
348
335
301
341
333
401
333
414
346
353
349
464
348
361
348
338
336
321
336
378
361
386
266
369
346
366
358
323
347
373
351
425
363
352
339
377
349
309
136
391
371
403
349
413
348
389
277
326
346
398
361
396
364
341
311
386
326
396
348
343
348
428
366
464
348
436
346
367
263
386
333
272
264
391
192
298
257
457
364
362
333
258
145
340
277
431
346
438
346
351
251
317
351
505
343
338
336
368
333
409
358
360
333
386
345
326
343
415
344
426
361
293
265
386
318
456
345
317
267
443
345
408
165
393
320
421
351
408
368
381
277
329
348
386
253
407
348
346
334
369
348
403
371
404
346
421
348
454
348
278
348
411
358
326
325
411
222
371
283
349
333
383
273
399
361
434
229
379
349
408
343
401
346
453
346
334
230
353
331
391
345
207
364
319
360
381
334
324
284
358
311
305
333
380
348
451
346
388
361
409
271
346
353
424
368
356
234
335
290
351
326
381
334
368
371
456
346
601
333
404
361
576
331
205
331
564
348
365
373
350
364
404
359
383
179
443
211
491
348
447
346
386
334
397
346
275
320
405
368
363
348
313
281
368
343
418
378
413
349
338
215
263
348
276
366
384
271
386
250
302
263
305
348
385
358
384
346
416
334
388
346
371
349
394
358
446
290
365
339
338
361
371
335
386
354
429
347
314
376
413
355
304
361
270
292
383
366
392
375
361
346
406
206
518
237
182
160
248
354
576
338
447
355
435
218
390
308
403
346
241
219
272
346
431
346
383
368
369
349
451
316
378
325
286
333
371
259
331
355
391
313
383
346
530
215
371
346
258
291
398
346
420
358
449
349
248
207
486
348
379
351
409
356
290
328
329
263
391
358
393
358
337
361
391
361
411
356
403
373
356
346
491
345
347
376
300
193
453
361
282
273
366
349
403
338
341
205
238
373
409
369
462
358
387
187
310
315
426
333
411
355
306
252
294
346
428
391
405
359
358
343
398
346
409
349
336
354
351
346
356
361
406
230
421
378
398
375
408
361
383
384
408
336
236
189
327
321
406
314
316
182
366
380
389
346
351
348
396
349
408
348
341
325
376
361
369
363
363
226
232
228
378
345
219
345
356
348
366
220
378
263
376
229
354
333
290
380
331
334
403
348
226
200
403
230
407
345
401
343
363
333
355
237
329
361
331
279
336
344
350
253
348
347
448
291
356
346
354
373
384
331
443
358
354
346
373
333
411
351
368
317
247
333
378
346
441
221
281
346
337
366
363
361
311
346
617
349
423
378
395
348
419
262
312
314
395
346
369
318
311
142
418
308
364
363
366
335
382
334
254
368
331
276
322
271
308
348
211
161
373
280
367
348
270
232
274
201
148
333
271
358
342
346
356
185
305
361
339
314
436
346
366
318
443
285
383
348
385
361
299
231
403
291
361
383
294
252
381
275
366
331
299
336
391
361
401
345
337
348
288
331
378
351
346
232
368
361
351
364
332
369
394
338
331
348
393
329
343
267
360
279
243
333
301
274
409
330
381
368
376
341
461
376
364
288
409
361
343
301
346
310
302
348
359
348
368
288
338
329
356
337
329
269
406
346
288
356
376
391
404
363
363
346
278
358
383
360
642
308
386
368
406
346
399
171
331
239
381
373
376
301
368
346
188
225
282
338
282
343
351
333
280
263
298
388
356
334
355
229
382
209
361
209
373
194
411
351
358
346
406
194
366
348
202
349
176
144
423
279
308
345
388
348
358
341
321
162
280
343
393
348
336
323
403
339
359
319
288
378
338
334
379
366
401
368
364
336
381
331
333
333
398
363
401
299
245
358
321
353
353
361
238
354
373
314
363
336
408
294
257
345
328
305
291
319
407
346
449
363
415
333
198
361
309
331
298
338
346
361
321
346
381
361
446
340
411
301
260
346
301
326
333
349
312
261
393
364
221
349
654
215
403
359
423
360
346
187
428
321
255
230
386
326
386
356
401
251
424
363
449
346
401
343
401
185
433
312
338
303
393
349
426
343
634
252
351
198
277
270
357
304
262
346
361
262
341
333
316
348
644
336
455
292
373
200
384
252
344
298
390
348
411
346
363
360
401
384
416
346
419
348
216
168
270
198
403
353
361
325
374
264
367
321
336
333
451
346
252
331
383
339
269
202
359
344
242
291
353
333
303
331
404
261
424
361
378
333
384
323
306
23208
196
180
401
340
268
308
387
373
308
262
346
272
319
349
353
348
331
333
280
334
343
359
351
333
389
361
300
223
426
366
309
279
178
368
279
361
353
190
378
370
408
356
391
291
316
371
290
363
204
184
317
231
419
345
294
216
390
373
252
183
177
157
281
361
376
260
337
272
306
378
368
260
376
263
323
361
411
353
383
356
399
348
434
264
325
207
383
358
358
358
381
369
277
369
298
359
322
361
326
343
307
345
379
348
300
338
383
346
418
331
290
368
249
361
328
353
458
361
391
279
378
334
331
333
361
368
588
307
299
348
338
268
329
348
390
302
414
224
406
346
389
175
391
311
383
255
188
342
184
224
436
284
418
338
351
266
512
377
233
346
516
208
231
333
370
366
312
269
448
219
191
147
309
363
296
314
247
376
391
346
376
243
319
349
368
297
169
140
331
218
413
333
376
348
451
348
319
325
389
350
391
201
395
361
374
361
381
330
420
348
373
336
248
280
307
373
421
361
424
291
384
346
287
198
296
356
337
308
356
334
443
361
368
264
319
359
301
349
328
331
404
358
234
333
391
348
441
358
330
331
379
361
543
325
339
331
354
345
314
345
394
181
357
311
383
361
401
361
428
361
397
361
334
345
381
361
386
358
593
235
411
361
393
346
325
350
309
199
441
399
416
348
393
358
431
360
398
363
298
301
409
348
408
358
593
354
413
361
373
361
404
348
251
208
348
293
433
363
336
346
381
346
364
366
367
361
239
205
338
344
302
338
482
346
239
333
391
245
382
361
311
292
381
376
404
346
408
350
323
356
416
363
411
360
443
346
401
317
383
310
419
291
391
279
383
348
499
330
416
348
371
384
421
346
419
238
458
351
376
325
326
356
381
286
418
345
310
224
366
222
373
359
677
267
421
267
404
346
371
358
200
351
291
346
379
121
312
333
346
244
416
346
218
346
338
265
374
349
435
336
368
349
368
358
233
330
366
318
386
346
428
386
297
335
346
361
358
333
383
358
383
334
362
333
401
283
386
331
348
346
363
349
383
361
184
346
411
197
302
346
316
346
324
348
456
339
339
259
263
345
388
263
240
202
370
252
353
363
290
358
399
351
363
323
421
366
265
346
343
338
348
336
364
214
336
331
239
259
436
349
409
369
327
361
329
333
313
348
441
348
401
123
283
227
353
331
298
222
427
348
199
346
322
240
363
358
384
333
381
349
398
251
294
206
406
346
207
341
504
349
269
346
355
348
283
269
351
323
298
349
421
351
239
316
267
288
225
361
275
192
391
351
337
216
264
316
391
356
398
288
378
357
421
345
433
348
385
416
414
289
216
209
285
281
351
349
269
251
340
345
355
346
433
355
352
283
341
348
398
198
265
340
403
348
357
358
448
338
378
345
443
356
357
140
429
358
373
291
381
361
431
346
377
349
379
360
296
240
277
348
328
361
361
331
401
186
433
326
241
361
408
369
424
345
406
333
335
227
270
349
381
231
358
341
438
196
378
349
380
365
380
148
246
325
277
282
400
334
319
346
406
346
363
361
243
363
367
359
363
356
354
247
346
361
257
206
320
331
416
310
371
346
419
353
351
333
514
351
339
333
415
333
376
284
378
333
348
334
350
270
395
225
318
333
347
361
413
343
501
353
396
303
380
353
415
383
381
166
232
195
230
146
386
299
376
253
416
376
333
376
443
346
317
378
358
355
468
347
343
334
230
145
260
345
278
303
398
363
379
346
414
360
521
276
286
247
257
374
383
346
348
329
354
358
398
331
274
361
390
206
360
338
378
346
313
350
285
331
350
361
408
348
170
254
433
361
431
202
419
153
249
223
449
265
323
346
549
360
219
380
404
360
258
370
361
361
349
328
396
162
368
274
323
331
344
252
674
374
406
346
388
354
571
353
374
345
386
373
394
356
405
361
428
139
408
346
381
347
401
348
340
336
411
389
359
346
494
346
409
346
342
368
411
361
339
348
441
349
321
331
423
358
349
338
347
364
421
361
371
361
441
360
401
349
315
351
506
361
288
191
313
356
368
348
346
346
255
291
401
345
687
349
371
335
384
213
261
346
391
321
652
231
454
366
398
265
313
361
506
361
303
187
232
329
694
356
448
361
390
358
289
349
203
361
391
295
336
199
333
345
400
308
339
363
343
346
383
358
491
361
344
336
378
346
376
363
235
304
291
278
199
279
391
273
491
348
265
361
383
361
318
331
260
368
368
334
398
315
413
345
303
361
404
346
201
157
429
346
398
359
399
316
170
326
427
310
411
309
424
318
398
359
424
358
439
361
401
279
374
325
448
358
409
333
335
222
331
206
355
148
272
295
349
366
405
361
225
196
345
344
378
348
323
193
302
361
335
336
393
346
413
361
375
192
411
358
363
316
345
334
393
364
364
253
254
344
378
361
401
349
511
299
385
346
367
188
335
331
441
323
342
361
386
351
351
358
398
262
395
318
378
330
373
356
384
336
339
346
414
311
441
345
283
353
323
330
411
343
476
292
373
351
417
291
406
141
254
160
401
361
389
348
354
381
413
280
381
345
401
353
345
314
418
346
418
358
397
368
393
345
218
281
433
326
360
333
487
356
421
333
245
364
306
348
343
147
243
230
323
214
316
330
259
203
448
341
388
347
332
350
321
349
384
393
307
336
212
128
629
361
283
361
473
354
339
348
398
301
383
313
401
351
389
334
404
333
359
336
464
346
315
282
354
333
334
283
385
346
310
348
391
148
218
333
267
254
240
361
351
336
634
358
388
363
260
361
278
331
576
368
388
231
453
284
341
360
427
281
241
366
275
258
383
345
414
346
394
343
473
345
309
280
373
192
391
348
287
361
509
348
367
333
190
140
344
311
348
351
411
152
381
348
294
358
376
339
463
361
365
374
383
157
357
275
285
345
261
331
348
348
642
217
390
223
400
200
386
333
293
334
326
266
334
333
399
361
448
360
389
348
294
197
341
307
391
349
340
368
334
353
410
337
427
348
394
359
236
157
288
214
251
334
386
221
182
157
290
346
426
346
364
348
248
172
381
371
346
318
248
195
224
146
315
333
334
313
265
299
408
348
363
365
466
346
434
265
441
264
400
133
220
207
251
279
397
260
315
280
426
366
360
311
287
205
416
361
391
276
356
346
399
175
371
348
397
348
431
242
375
383
381
358
391
358
554
361
352
363
333
346
352
359
479
237
416
295
337
188
384
289
349
223
341
348
310
345
253
215
238
331
292
345
366
349
282
207
289
215
411
361
245
207
361
346
384
348
413
244
341
348
370
214
411
361
406
346
268
378
375
348
378
326
425
349
363
320
399
288
310
328
383
348
387
237
431
254
329
373
431
348
401
346
366
360
476
301
341
333
363
368
345
287
351
349
391
319
355
345
355
262
354
285
367
351
451
348
198
180
195
323
416
276
355
346
386
346
312
232
383
358
431
199
376
351
421
359
315
281
423
368
270
242
413
331
401
351
383
345
291
361
425
359
331
281
388
358
300
265
406
361
273
259
317
279
362
350
299
346
283
208
243
316
381
363
439
231
371
369
351
371
436
369
368
331
421
271
416
348
408
253
331
341
389
258
228
206
367
333
314
326
357
358
438
161
381
308
406
323
329
252
370
346
369
345
501
301
315
253
263
201
191
336
283
311
423
146
341
267
391
290
368
361
478
354
395
363
364
198
338
353
343
348
319
197
434
155
359
361
401
379
398
353
349
346
423
368
385
361
351
333
248
173
318
371
374
257
358
346
421
348
371
199
314
289
348
357
378
331
364
386
312
348
303
193
395
200
439
259
351
361
629
346
399
346
316
311
353
280
371
231
377
333
396
366
361
334
421
311
441
361
333
279
258
345
334
348
290
347
389
281
199
127
709
361
192
178
245
331
401
361
346
289
436
206
243
220
355
240
370
316
342
333
404
276
424
296
414
343
374
345
312
186
506
283
391
356
319
353
245
348
397
360
349
346
408
301
387
346
265
230
270
192
369
280
323
333
431
358
339
346
317
202
254
346
353
309
272
232
420
348
337
275
312
348
515
330
244
201
496
364
378
199
243
346
298
250
287
356
284
333
307
221
292
361
418
360
211
217
319
346
361
302
305
356
348
348
386
399
393
348
319
268
336
333
378
365
535
232
220
160
429
324
582
319
401
200
391
345
381
369
393
358
426
217
336
346
334
198
405
265
421
150
183
363
398
351
403
346
563
364
421
231
363
222
416
302
386
257
414
399
353
329
408
260
378
343
364
305
365
358
383
345
717
348
388
349
265
334
363
313
254
331
427
363
398
172
395
346
360
346
396
333
324
160
444
345
313
326
395
351
345
281
302
202
428
348
245
346
341
333
350
252
303
285
641
316
335
291
424
361
379
184
403
347
379
376
430
363
399
279
436
361
355
345
411
361
316
346
411
369
356
248
315
328
396
253
317
241
287
193
331
333
291
345
331
361
416
361
401
328
287
345
213
189
253
200
294
333
356
361
360
186
441
338
315
202
359
131
291
348
385
236
634
290
292
243
582
295
232
141
185
170
198
157
241
180
