421
346
342
165
304
346
429
349
421
346
396
320
341
334
341
201
369
354
484
158
380
358
308
291
309
331
242
331
473
358
321
336
239
336
341
276
331
358
419
279
266
240
364
331
484
346
413
345
318
358
291
331
230
173
234
330
249
213
401
343
396
189
426
275
376
359
258
223
383
358
296
232
248
207
271
190
271
291
291
361
369
346
421
346
334
331
464
363
376
371
315
317
206
253
207
125
245
141
201
163
243
214
230
185
431
360
278
346
351
223
414
237
411
357
404
344
198
330
267
274
391
291
433
346
364
203
381
336
441
359
213
364
404
331
461
349
408
331
411
336
255
349
362
291
421
356
199
151
377
350
424
353
206
149
288
210
379
351
359
292
183
361
396
361
314
373
330
221
408
245
398
328
366
264
416
360
265
241
321
256
373
336
381
172
327
265
363
252
394
328
378
351
268
348
288
356
388
346
287
217
669
277
328
346
508
334
355
299
381
336
369
346
189
348
416
333
297
222
375
318
295
266
371
371
386
321
199
193
279
376
311
349
416
356
414
359
367
252
394
127
216
169
246
275
371
336
438
386
366
292
572
328
346
346
413
358
383
346
245
305
347
333
354
349
414
262
439
358
224
246
355
296
377
235
303
238
361
358
396
351
275
346
369
346
376
365
398
346
426
300
383
241
423
292
419
346
291
240
405
348
398
348
436
346
321
336
391
381
396
348
428
335
393
353
704
360
328
306
401
348
353
325
374
373
361
358
409
345
391
361
331
333
476
363
253
346
504
345
318
341
321
347
326
321
268
333
284
201
271
324
368
335
376
345
386
356
399
346
346
346
229
335
386
182
392
348
259
263
371
335
279
288
384
389
376
360
284
349
419
336
270
152
359
333
426
346
386
361
205
348
286
188
388
345
240
361
429
360
431
267
227
197
416
364
413
245
323
333
383
346
266
334
398
374
334
331
403
200
403
347
389
346
383
359
548
222
351
206
391
356
393
359
515
354
433
232
328
347
366
294
410
378
384
293
222
190
383
361
369
309
268
263
373
266
359
293
426
219
403
345
419
383
332
344
375
311
404
363
393
291
279
356
394
341
607
358
434
239
149
348
361
333
167
207
313
281
380
361
254
223
388
280
393
349
638
148
353
336
358
346
509
208
394
349
244
326
262
360
355
371
353
348
356
321
341
279
381
331
404
255
325
359
455
358
411
381
261
361
401
306
381
346
315
276
413
291
408
349
394
360
431
346
519
341
386
377
436
333
456
318
418
361
373
304
303
334
389
354
537
345
293
331
391
361
506
328
406
353
381
376
273
351
367
333
434
348
245
219
399
346
239
145
336
323
291
348
345
319
361
313
345
251
368
333
400
348
387
346
414
306
252
329
388
365
383
358
421
301
389
331
207
148
471
335
361
222
293
196
365
331
419
301
338
348
189
348
317
194
376
393
411
348
356
349
424
339
253
220
401
349
318
161
366
359
379
336
357
176
439
194
410
227
393
318
428
346
460
355
379
351
412
299
398
277
371
230
546
325
406
239
396
346
241
152
390
356
386
355
449
359
391
388
316
361
224
141
331
336
281
266
333
301
444
361
382
378
421
348
394
345
410
171
361
361
326
334
378
293
336
285
346
333
439
361
286
240
236
347
265
250
327
349
384
359
390
294
332
293
431
346
396
346
239
356
525
276
353
223
319
264
267
344
381
242
232
293
433
346
323
291
391
369
426
360
425
221
291
297
387
278
379
368
391
351
313
353
298
361
381
351
346
361
268
310
336
333
386
213
306
338
431
348
315
320
257
279
184
158
349
339
423
231
179
260
337
304
371
353
363
348
235
345
361
356
255
363
313
223
449
361
360
342
476
346
383
346
390
263
324
373
401
354
405
361
399
363
383
363
369
331
401
393
416
277
396
350
406
235
364
360
341
253
321
271
413
349
388
366
318
363
300
244
255
222
339
461
403
361
340
208
416
364
431
346
378
361
216
197
321
244
212
373
296
185
321
230
401
285
383
336
401
341
357
306
248
333
371
334
195
361
390
348
187
346
342
232
347
328
596
361
353
338
351
350
193
331
277
353
357
251
379
276
415
318
628
335
293
356
340
189
344
346
297
261
353
311
337
361
446
361
403
346
235
376
406
348
216
175
374
345
428
346
361
341
354
333
400
325
388
239
380
297
413
112
246
280
317
310
240
189
208
148
239
125
308
361
341
271
369
356
436
349
527
363
340
253
181
132
497
345
379
275
318
339
644
230
441
211
424
336
362
349
441
238
301
333
417
336
302
333
283
346
284
308
368
268
374
333
325
360
398
351
335
334
183
331
343
311
251
210
561
361
411
363
403
347
383
351
411
249
421
303
419
345
194
275
383
184
412
226
447
341
351
364
370
275
202
358
376
351
314
346
403
348
397
273
301
346
361
353
383
365
393
279
406
346
398
334
449
358
423
369
377
385
368
326
409
348
573
333
393
296
361
343
411
346
325
330
390
335
376
333
366
266
375
348
356
236
229
325
409
361
359
346
255
187
345
205
363
155
370
304
361
324
283
192
371
334
257
325
469
346
391
255
255
204
237
321
401
229
467
351
359
346
399
360
363
323
451
345
398
256
471
358
341
247
278
336
348
281
406
398
348
340
289
349
319
346
285
338
386
361
421
358
299
346
528
346
406
208
398
348
399
193
427
348
436
359
405
346
294
348
419
334
426
357
423
336
376
359
419
363
414
333
388
361
240
202
413
369
436
351
349
348
326
368
289
348
358
404
361
246
453
358
378
376
473
368
355
361
360
333
241
348
208
351
401
371
373
264
343
262
442
395
247
346
441
346
317
278
406
361
371
346
330
356
379
348
343
230
376
358
401
358
327
231
379
349
374
351
393
361
230
359
453
361
381
334
272
231
227
348
359
348
411
346
222
206
351
363
256
368
338
200
280
238
348
331
464
363
251
192
466
346
401
358
406
347
373
216
344
343
413
338
366
364
416
346
411
349
416
369
418
387
301
333
358
232
376
358
282
273
327
336
380
333
431
335
366
374
368
300
349
315
398
346
393
287
411
373
299
348
391
373
425
381
331
197
489
227
394
333
376
206
352
291
363
346
416
219
388
368
423
336
342
330
348
374
393
326
371
345
737
360
226
180
427
265
422
288
421
246
384
360
278
346
391
353
393
370
355
353
401
358
383
345
456
351
252
361
177
140
383
358
278
331
288
361
354
311
433
358
384
355
388
345
233
331
491
363
466
364
374
308
391
361
385
276
377
351
305
349
365
215
411
366
396
348
380
361
422
346
399
349
379
348
375
225
385
348
376
373
404
366
241
363
418
179
383
345
373
371
484
346
391
373
249
349
361
321
387
288
381
307
330
292
373
207
236
348
463
346
399
347
366
333
294
243
257
203
353
331
406
346
423
280
211
167
289
346
320
289
227
215
368
346
333
371
343
301
391
345
391
348
421
346
409
346
431
275
456
234
421
351
393
373
254
361
328
345
334
292
298
375
319
277
272
304
309
333
240
349
313
360
129
337
346
183
264
209
290
361
456
333
368
333
201
333
368
381
257
213
339
346
381
346
318
361
305
333
305
233
282
364
217
198
398
348
217
333
280
338
396
363
281
253
331
281
269
190
281
349
249
358
383
310
237
176
406
205
311
391
377
356
276
331
366
349
321
348
182
206
332
164
363
333
338
358
325
336
334
293
416
155
363
333
128
359
269
351
297
346
277
318
404
333
341
361
162
244
333
378
332
243
391
361
389
192
411
214
356
194
228
241
266
371
321
265
370
346
396
358
374
239
418
361
404
297
389
348
380
353
256
349
141
144
327
314
297
361
294
333
342
360
602
323
215
135
371
433
375
240
284
194
611
346
251
347
351
349
267
358
592
345
181
147
315
353
409
263
353
345
403
346
361
192
373
348
253
390
341
334
391
340
326
222
246
379
314
361
414
358
399
346
285
365
371
360
375
284
386
250
413
225
194
361
356
349
444
240
401
359
344
276
267
345
353
334
216
197
359
366
413
333
198
348
399
346
238
359
398
231
278
205
329
222
408
254
351
345
394
351
385
359
463
374
369
293
275
346
408
232
458
346
341
284
256
195
379
235
312
346
444
346
365
361
422
346
370
359
378
348
386
358
300
264
231
212
361
361
381
333
353
345
386
378
328
356
419
384
353
187
237
361
379
361
434
339
340
346
381
349
374
268
403
300
266
334
353
356
396
361
348
381
353
345
336
349
249
199
484
374
289
378
321
364
398
346
290
333
316
199
330
346
293
351
359
298
454
192
355
333
331
311
404
222
416
381
235
165
193
346
255
336
416
240
371
281
358
356
326
351
350
240
668
314
272
336
343
310
312
314
489
251
336
304
461
361
347
236
391
345
194
346
320
142
470
346
404
276
253
348
218
206
356
341
389
361
423
348
329
264
411
272
300
361
264
230
361
354
331
335
389
293
404
359
263
345
401
348
388
345
372
349
253
192
295
162
378
361
631
235
320
333
211
184
399
333
406
172
356
215
391
346
260
348
389
316
306
364
411
356
382
290
229
346
391
348
355
211
271
346
373
346
255
344
378
337
393
361
383
346
319
346
385
319
373
346
436
231
403
380
277
345
315
323
284
333
366
299
368
346
423
269
401
348
406
344
325
346
291
333
436
344
244
232
353
331
326
255
476
346
195
176
226
153
279
166
238
160
383
361
224
191
201
148
391
368
299
335
346
266
364
333
428
283
353
326
397
287
411
349
486
353
383
361
381
310
293
338
364
198
404
316
351
371
405
350
373
333
389
325
449
266
336
343
411
328
302
324
656
312
241
346
466
194
240
190
654
331
303
235
394
264
394
265
399
221
188
336
393
306
384
373
737
346
322
345
361
360
297
269
403
198
374
349
343
263
247
346
419
366
456
350
287
286
293
361
186
134
186
349
389
361
173
333
284
198
304
291
246
361
314
333
208
361
301
137
353
302
384
345
286
361
324
338
543
383
391
277
195
261
321
361
188
349
498
330
346
186
391
346
316
363
242
188
358
336
389
389
403
366
403
348
294
258
390
339
334
295
348
307
759
288
416
369
192
355
421
348
378
291
341
361
343
290
319
314
254
348
251
333
471
348
359
291
354
232
300
348
346
349
371
361
406
358
399
346
404
348
338
325
370
359
346
301
377
381
335
356
574
348
318
373
569
363
351
334
386
319
340
308
273
199
453
356
396
366
398
343
437
361
288
203
331
346
358
331
356
348
330
341
507
346
339
198
424
347
346
291
408
358
361
348
429
346
438
353
419
251
399
348
261
346
255
346
380
223
371
360
358
344
404
336
380
361
421
264
443
336
436
369
264
345
396
321
192
348
306
234
311
232
344
348
391
217
417
345
405
348
406
231
143
331
326
339
411
358
436
346
429
355
396
368
438
232
391
293
338
349
377
357
394
347
330
343
319
349
427
240
411
346
255
188
301
359
256
346
384
346
404
358
353
348
300
262
234
336
371
313
464
376
351
285
404
290
370
257
301
363
272
328
366
345
384
231
290
255
348
323
347
326
346
334
356
351
273
348
385
354
478
339
257
347
389
311
232
154
368
240
381
346
334
279
271
363
383
364
361
333
300
265
441
369
371
358
371
346
327
330
406
276
363
353
233
151
398
355
373
291
297
363
214
325
290
361
293
331
496
345
305
363
268
359
421
310
197
335
383
346
354
304
266
187
324
328
361
333
370
346
373
348
406
334
575
231
441
303
557
361
343
275
339
283
378
360
256
333
269
346
401
349
359
363
419
331
428
359
409
361
294
249
325
353
194
359
380
331
419
271
341
304
401
345
421
346
386
348
270
356
664
276
223
340
371
351
408
192
379
292
311
262
448
359
244
363
396
359
317
330
386
361
363
334
220
203
345
379
436
338
748
240
387
293
396
271
409
349
359
331
505
201
241
351
350
355
336
349
456
346
364
265
270
247
401
366
366
314
241
192
532
335
385
361
280
347
297
282
306
263
369
195
384
311
332
346
404
364
384
346
334
334
198
346
404
338
398
346
411
361
378
233
387
394
384
346
443
290
363
379
255
313
409
210
318
286
291
346
242
359
508
266
386
361
391
373
575
321
284
353
370
314
364
291
344
305
395
361
408
373
308
232
408
317
278
277
352
353
421
364
441
346
384
348
325
356
415
292
268
361
458
361
394
302
382
339
388
346
438
349
345
334
543
343
294
232
356
336
243
363
303
369
380
340
403
148
379
291
353
264
219
237
414
348
349
182
357
354
774
346
292
363
423
346
356
281
310
201
313
358
391
333
318
357
288
260
306
261
335
319
381
144
468
361
331
213
238
368
288
338
257
333
334
281
253
346
308
346
381
358
423
367
361
341
369
212
191
334
270
199
366
265
354
348
396
266
411
261
411
341
241
348
232
213
724
325
321
348
411
349
360
334
361
334
386
346
361
353
319
373
436
361
401
361
260
376
345
345
431
360
265
364
331
333
325
285
401
349
213
376
406
361
463
351
411
351
233
198
244
346
363
345
386
345
334
179
374
336
373
371
354
349
348
336
326
353
335
346
416
339
448
361
388
353
436
347
409
374
237
346
341
341
229
241
391
338
404
305
370
346
343
222
353
339
399
376
381
357
514
340
338
265
409
346
381
368
449
361
398
383
426
359
398
358
223
356
376
361
406
361
372
361
411
346
386
346
363
313
269
349
373
182
389
231
386
349
325
361
439
348
379
336
401
226
363
331
353
279
381
368
348
293
278
179
302
349
341
295
371
333
327
356
356
358
421
351
322
348
356
333
423
276
367
348
544
358
441
231
292
145
392
354
444
353
354
222
431
346
512
349
371
327
400
359
328
321
379
348
409
353
319
319
386
357
381
277
240
293
373
358
381
363
337
281
273
371
245
331
398
237
473
188
388
360
278
223
281
360
381
348
367
301
361
301
262
346
243
179
379
356
398
349
381
346
338
351
365
301
288
218
459
175
406
232
374
345
394
355
301
177
302
338
621
355
266
336
426
348
376
365
386
333
381
356
391
349
275
354
608
305
384
181
405
356
333
321
389
346
236
200
386
366
216
361
274
333
366
331
318
334
413
378
388
359
441
345
398
346
387
304
312
331
321
383
393
358
414
198
289
225
397
200
302
345
306
333
569
350
329
284
433
188
333
333
446
196
304
333
414
205
431
365
264
324
365
265
439
349
388
327
359
361
424
361
404
346
421
330
285
359
361
346
259
148
399
346
354
282
457
355
373
346
398
328
351
333
433
283
441
334
389
346
182
331
358
361
379
333
447
335
389
348
367
272
401
358
361
318
249
220
414
295
322
346
383
333
448
216
273
199
311
287
824
361
343
290
359
335
403
369
242
182
373
348
341
334
396
358
312
345
428
305
299
353
399
349
579
351
300
360
294
380
186
268
383
346
194
326
361
253
310
333
371
375
355
330
301
260
344
331
616
364
433
359
414
361
378
311
339
356
396
277
241
216
324
281
335
347
421
349
364
358
275
349
265
333
411
361
386
216
415
361
405
371
316
353
278
348
231
361
358
318
341
331
381
293
363
333
317
346
302
311
267
241
304
358
307
343
378
358
393
363
302
161
375
361
423
155
479
249
358
333
251
203
285
346
266
321
223
195
436
348
291
206
311
226
404
348
316
346
373
361
404
323
260
350
335
355
378
334
249
346
626
207
469
361
475
262
383
288
246
346
411
318
368
333
443
323
411
320
303
368
413
361
329
302
396
349
239
178
262
361
291
349
379
368
380
333
341
349
398
159
367
361
345
215
359
346
404
356
334
142
376
276
375
353
561
193
455
300
361
212
389
330
233
348
320
355
411
348
464
318
417
346
388
309
419
345
361
348
349
333
324
336
266
368
319
371
323
235
387
361
444
257
478
345
421
253
371
283
333
341
278
349
346
339
353
311
373
249
365
328
368
264
352
361
329
276
299
210
423
366
431
360
404
346
383
263
377
346
446
311
434
364
278
277
463
260
409
366
423
325
356
333
404
199
386
348
356
373
264
269
383
361
384
242
411
348
377
371
378
369
282
348
310
312
225
363
403
346
413
349
411
346
396
366
364
346
418
314
398
338
253
348
204
178
358
353
413
361
431
348
408
361
408
361
464
349
393
358
336
331
341
333
439
284
321
356
233
349
426
361
614
345
339
360
352
277
375
346
300
369
521
333
363
346
296
368
334
334
331
331
401
293
373
150
369
349
377
346
388
333
421
348
318
330
499
232
446
360
429
349
318
275
388
348
244
356
238
203
414
346
378
364
399
361
396
313
471
374
231
261
343
348
265
150
404
331
271
340
268
180
383
351
418
376
273
351
444
346
328
333
413
305
365
306
193
149
222
341
404
346
383
330
399
212
458
351
416
328
226
164
431
305
383
350
446
333
386
241
312
349
381
336
216
320
393
371
310
349
348
356
421
279
206
360
338
353
396
359
359
212
421
184
390
313
431
346
319
283
286
354
227
198
315
333
284
236
232
336
406
197
350
348
348
305
395
311
445
361
239
363
258
185
396
348
365
333
439
348
433
361
331
338
381
383
426
304
381
337
312
233
351
347
359
235
365
331
376
345
381
361
354
333
378
361
414
346
294
188
396
293
419
345
340
323
488
353
327
283
373
345
371
331
431
341
379
341
347
334
394
374
336
292
361
371
211
318
353
345
315
291
288
364
393
346
335
360
423
348
346
308
327
231
309
345
381
348
393
376
411
354
343
348
413
341
381
358
385
380
329
348
368
361
488
358
366
311
384
333
363
349
361
366
421
356
449
363
441
291
419
291
368
373
393
361
407
358
456
356
331
341
329
345
282
363
270
333
361
356
250
346
389
288
264
346
358
333
466
314
278
316
282
358
262
346
391
340
474
293
404
298
275
348
384
240
387
280
315
368
423
348
649
326
332
340
434
374
374
268
361
192
388
360
401
358
323
333
388
376
351
348
363
358
449
326
355
336
256
347
403
320
421
360
275
348
408
341
338
315
364
289
315
334
348
346
341
246
403
303
363
313
227
190
378
305
383
346
344
333
452
340
282
345
203
331
394
336
299
358
188
139
331
348
392
338
404
345
398
198
364
320
251
158
277
168
276
175
236
174
