428
358
266
163
446
348
212
334
672
273
296
291
651
241
381
269
403
233
440
151
291
228
411
361
391
356
411
361
359
345
380
368
453
323
344
343
305
211
282
336
421
226
199
141
207
366
386
328
386
257
271
357
258
181
408
345
376
345
320
235
368
344
396
359
398
251
237
225
381
371
408
346
374
228
241
189
436
345
348
333
365
333
303
361
391
346
283
346
144
258
393
373
386
261
320
225
236
158
222
158
254
214
190
140
401
366
359
336
285
333
426
361
266
222
373
305
430
353
371
221
403
338
373
375
382
346
364
371
393
346
304
331
408
205
369
333
273
346
341
331
399
361
321
252
318
291
212
135
363
349
247
348
361
264
242
171
275
348
361
333
389
315
199
180
216
130
293
264
383
353
366
335
379
325
278
348
269
388
285
262
385
356
257
291
339
346
367
333
275
348
337
368
372
348
346
391
429
385
223
361
401
286
379
383
255
231
249
361
333
350
398
257
339
368
381
364
239
205
395
346
578
346
365
333
366
336
356
370
396
354
287
331
320
278
309
216
224
157
200
129
289
191
379
264
371
333
371
349
346
354
368
346
438
368
380
364
384
361
331
201
348
333
400
267
323
346
202
292
503
371
383
371
265
237
486
331
463
346
423
336
400
346
411
233
376
200
384
368
328
333
328
330
270
364
331
335
281
356
366
331
270
227
388
349
235
368
418
346
348
333
448
345
429
345
373
274
387
211
334
359
395
309
316
336
411
265
393
356
427
259
366
246
371
144
364
346
443
360
234
361
431
364
398
361
399
346
401
205
423
345
303
333
604
346
375
361
361
333
406
361
379
361
323
349
373
312
398
348
386
348
401
361
256
333
331
331
289
262
381
348
446
267
411
312
319
346
379
359
348
154
379
241
398
311
413
348
209
158
384
348
405
325
423
348
383
363
225
178
371
326
378
355
361
288
424
345
323
363
387
363
341
333
381
250
356
333
339
276
301
261
459
366
276
200
337
346
386
348
303
204
421
351
363
346
211
314
399
380
339
338
303
358
411
376
384
289
370
356
363
331
424
346
401
284
398
349
293
224
301
361
627
212
396
361
394
361
359
229
343
347
316
191
404
145
323
207
260
346
312
179
243
346
373
344
401
343
365
340
371
346
343
185
368
346
461
359
361
346
303
313
421
384
264
361
284
230
394
339
346
349
290
237
251
346
403
356
401
346
408
348
401
366
343
345
279
363
307
265
423
389
358
308
281
333
323
313
369
356
371
346
356
281
355
262
431
230
381
328
263
266
367
346
366
364
413
391
351
325
271
264
317
359
454
366
495
346
281
221
376
345
368
378
282
346
333
356
329
220
330
346
371
338
356
333
356
349
429
349
374
331
252
333
418
301
541
345
353
267
441
360
367
343
401
348
336
335
272
233
311
375
371
292
456
349
441
346
406
323
401
350
272
341
378
346
335
331
399
361
425
361
446
345
404
356
398
346
361
346
416
376
365
243
371
333
406
366
355
215
383
334
346
361
378
230
434
313
391
360
303
326
404
369
226
341
401
348
383
363
344
333
427
346
416
358
446
157
473
156
345
272
405
344
426
273
371
230
341
237
355
343
342
331
351
291
894
281
391
346
405
373
401
235
433
293
336
369
285
363
264
346
631
353
403
346
288
366
318
361
380
358
324
331
401
346
368
330
363
283
373
275
406
215
383
361
245
172
469
351
355
343
451
371
373
331
336
297
298
205
291
290
386
363
305
361
188
156
192
356
376
351
223
348
404
383
239
291
297
325
319
252
401
348
409
354
373
191
434
331
366
325
401
334
406
358
354
351
418
359
280
132
378
336
245
186
302
345
446
349
423
371
388
346
383
288
285
228
381
360
399
324
383
346
258
231
230
122
304
349
333
326
326
253
350
265
253
287
374
345
381
363
414
207
414
346
406
358
401
298
654
368
276
361
313
381
271
269
279
198
375
346
326
383
306
358
389
360
253
192
373
311
570
339
245
218
396
242
256
330
300
361
208
348
341
346
409
366
333
361
339
331
362
361
224
345
287
347
441
349
394
376
494
361
379
230
423
346
361
349
349
271
383
378
381
346
316
346
319
257
414
193
315
241
369
293
576
363
431
359
376
346
411
349
393
345
388
335
223
176
310
364
398
343
393
341
403
361
436
331
274
348
376
346
439
304
391
318
370
361
276
142
167
170
204
157
378
376
340
361
406
359
312
349
438
363
316
351
207
178
380
273
259
262
341
334
444
321
369
326
219
184
361
333
310
264
233
188
281
304
433
251
323
346
350
351
376
348
391
289
409
223
380
333
283
261
401
346
401
231
391
186
279
346
409
351
280
253
401
348
295
358
318
361
348
346
611
348
418
358
396
359
378
345
399
231
355
331
366
152
331
368
423
358
350
334
341
346
396
374
448
358
267
361
292
240
299
373
394
349
417
360
361
333
403
224
423
373
396
350
329
306
303
333
308
331
375
360
366
333
381
351
353
349
367
292
277
251
403
349
228
162
383
334
448
310
411
346
385
335
421
153
416
308
413
361
720
361
354
335
311
278
376
318
306
366
206
184
282
361
287
345
314
370
463
346
401
345
379
358
373
190
414
308
343
346
428
268
341
336
354
296
365
226
401
361
349
303
358
361
419
361
366
311
335
361
365
351
371
348
347
341
361
354
258
345
401
333
391
331
273
179
249
222
208
181
278
249
418
346
396
348
399
373
414
358
398
351
234
285
318
286
411
302
397
345
381
346
409
346
389
338
358
280
353
333
360
336
457
346
436
348
381
356
414
200
368
309
324
331
369
346
421
313
471
364
373
358
429
212
393
349
306
206
411
353
358
346
363
327
438
240
416
386
577
271
388
348
394
359
391
376
371
148
212
152
385
312
358
363
411
353
293
235
416
276
359
333
384
371
451
311
178
200
376
345
439
358
415
351
368
365
386
201
373
360
278
231
509
353
340
303
594
222
630
369
416
346
408
290
324
368
282
241
439
373
353
215
381
376
564
359
476
361
272
361
421
206
388
308
290
346
324
253
369
345
366
358
381
349
383
364
274
333
378
348
391
205
408
346
345
336
669
345
382
345
224
345
316
275
371
336
526
364
409
276
358
341
386
350
361
348
381
371
654
286
296
331
406
354
381
360
309
349
352
340
247
356
386
346
451
260
373
333
367
207
310
349
373
293
271
346
357
336
353
330
304
359
585
363
313
346
393
384
336
341
346
207
303
349
449
356
427
266
704
359
381
295
351
333
368
346
238
351
359
355
338
333
707
369
243
308
391
351
446
291
345
316
359
356
441
247
268
345
273
289
394
333
411
356
363
227
406
265
245
348
366
348
416
356
443
346
378
374
405
291
359
230
365
348
348
333
355
363
263
346
333
323
403
363
401
360
396
365
395
343
353
346
230
151
390
229
270
235
224
185
323
323
411
351
360
252
296
223
404
329
386
343
347
348
345
346
326
231
276
348
350
348
389
354
370
361
400
348
406
327
363
315
301
350
426
356
391
348
373
355
333
318
411
355
245
292
234
216
337
349
391
223
346
361
568
241
389
222
418
386
356
299
358
244
318
175
316
275
205
329
391
368
346
223
469
223
254
220
396
330
411
349
281
375
347
356
351
333
211
214
306
330
184
336
251
351
399
361
419
345
299
361
325
323
356
303
386
331
443
193
444
331
439
187
381
263
386
368
373
346
201
349
312
319
386
356
318
353
323
333
349
215
336
210
297
344
393
348
307
265
266
345
340
337
391
360
375
349
318
354
304
190
364
358
375
349
426
351
233
346
379
242
353
275
367
333
348
313
366
348
235
146
291
351
390
356
307
349
378
354
400
345
338
215
563
363
473
348
394
289
415
356
391
361
388
303
376
361
181
346
292
149
186
162
386
331
239
306
358
358
391
371
391
359
164
326
346
193
365
305
275
331
408
318
349
331
367
348
327
376
339
291
348
334
401
371
257
361
406
358
406
346
361
369
288
356
425
201
320
311
356
346
268
354
341
302
473
345
368
183
476
366
341
346
257
349
402
345
221
164
196
356
433
361
371
346
379
365
344
358
339
346
401
346
211
361
381
363
413
359
296
345
243
346
369
311
235
156
386
348
368
346
356
359
328
360
427
269
249
361
375
333
277
206
297
265
381
333
368
360
359
346
322
374
378
346
351
371
341
334
388
361
333
348
310
199
335
333
339
358
276
358
403
349
383
360
378
337
411
349
373
376
409
304
244
213
235
345
403
356
242
361
259
236
401
359
245
252
346
315
354
345
316
303
254
200
414
366
340
197
408
291
332
270
330
333
136
160
401
357
423
282
378
351
320
333
345
356
376
336
341
346
217
364
377
239
376
346
293
264
454
360
416
346
391
348
308
336
409
374
401
330
406
137
277
373
174
139
356
199
331
231
361
203
381
334
384
313
248
214
378
343
333
299
391
358
218
348
356
334
391
368
381
167
341
299
242
343
344
313
203
197
238
202
428
374
302
279
398
297
232
141
439
253
416
190
391
338
376
271
368
349
374
359
335
330
375
253
346
334
346
333
348
333
240
358
331
346
350
354
373
253
406
253
508
331
401
345
359
270
348
191
307
287
307
282
461
356
451
254
370
376
320
346
396
242
364
333
334
264
446
359
387
364
261
224
223
346
642
349
381
314
591
262
258
204
341
333
204
158
200
163
401
177
414
341
364
463
192
181
342
165
257
187
399
210
345
287
313
336
407
259
376
287
329
289
381
351
261
242
263
196
431
346
489
291
247
179
330
346
314
274
415
361
220
222
350
348
340
333
254
363
363
336
194
325
729
346
474
345
381
231
386
272
341
279
197
330
426
267
389
333
387
363
365
345
343
336
479
346
401
338
326
326
389
273
364
334
338
198
393
323
431
348
342
340
274
373
363
334
164
138
333
334
379
360
338
201
358
199
405
336
441
257
336
347
283
273
431
349
403
349
197
361
285
361
208
351
298
346
361
280
375
348
363
373
370
346
302
337
118
154
396
374
254
333
366
371
349
300
346
348
391
263
261
333
422
255
254
361
385
302
437
334
368
301
366
275
389
358
426
356
439
361
409
336
375
345
388
345
239
369
416
345
375
348
413
265
369
346
314
247
421
343
411
255
310
279
337
349
330
225
399
333
303
217
246
361
444
346
457
351
363
336
395
345
413
368
403
346
416
336
239
201
349
338
344
345
404
358
418
361
431
348
374
359
366
345
395
239
363
345
368
331
277
348
347
281
384
348
421
346
374
222
403
366
363
349
411
375
441
371
437
361
376
351
354
358
406
361
336
353
340
346
398
349
336
331
411
361
346
341
411
348
618
359
409
318
339
326
308
347
169
345
306
385
256
391
427
346
338
314
348
265
401
346
292
323
366
338
229
359
413
356
368
364
424
378
441
348
264
323
401
276
222
359
325
369
286
313
419
361
389
336
241
368
202
346
370
307
425
348
242
176
369
361
335
338
418
376
416
291
268
277
385
208
395
353
344
353
279
228
320
316
431
360
343
346
564
346
406
345
478
268
391
365
210
325
328
333
336
338
344
391
369
338
241
197
396
196
395
346
237
346
411
373
316
333
244
336
301
333
342
351
484
291
353
262
376
360
449
232
400
364
369
291
408
281
305
266
296
360
574
366
448
359
394
381
525
359
384
346
376
159
325
195
307
347
352
339
321
232
227
191
315
349
328
346
213
331
393
358
476
373
369
285
379
306
377
356
388
212
366
346
411
346
391
348
446
278
242
345
316
298
456
348
396
348
404
317
383
341
431
331
376
346
384
357
319
364
391
345
370
366
411
361
426
345
379
368
355
346
295
348
344
334
416
348
411
381
265
331
268
361
409
358
319
358
356
226
350
298
441
346
250
198
436
361
234
328
256
218
261
334
343
207
373
275
559
358
407
193
433
232
354
346
252
198
561
360
268
194
323
361
358
276
361
291
384
349
396
349
378
220
239
200
279
243
336
360
253
230
331
285
389
258
443
346
229
348
443
361
384
326
234
358
297
153
466
373
353
331
441
358
374
333
541
349
379
208
376
363
228
210
361
333
436
383
443
346
265
242
235
190
279
207
388
321
331
333
361
348
380
345
561
348
302
359
446
383
394
323
363
140
233
196
383
345
464
241
207
338
411
361
439
360
325
295
361
153
431
348
386
345
365
364
385
341
240
200
411
346
224
358
429
359
439
287
302
212
279
333
361
264
225
361
313
224
249
199
355
323
321
258
409
346
414
368
264
358
330
346
319
239
308
331
292
359
453
296
383
326
441
258
258
208
371
303
389
358
401
274
449
351
354
334
348
348
394
345
376
376
194
156
396
346
391
369
296
287
370
363
616
310
343
356
231
343
341
345
219
165
439
202
393
361
415
303
431
358
442
299
416
371
421
210
413
383
386
361
309
218
325
331
391
354
339
361
411
349
369
348
396
347
381
361
381
361
403
346
404
347
394
361
301
235
375
373
419
361
426
361
423
358
451
318
421
349
356
359
323
346
433
348
257
346
368
356
386
348
365
295
429
345
421
360
436
388
353
334
353
351
322
349
349
361
345
346
376
333
388
285
313
330
461
345
401
358
301
227
271
205
300
267
349
331
388
298
416
348
376
307
398
354
195
207
373
333
306
333
394
273
322
291
317
331
398
355
295
226
276
358
336
351
331
264
355
348
396
345
314
369
393
243
214
291
379
386
399
348
598
267
415
232
386
293
368
346
412
360
375
321
237
165
187
333
287
346
256
201
364
331
543
265
336
230
248
161
318
166
484
361
232
346
324
345
385
346
337
333
332
247
365
346
235
366
313
346
248
359
396
333
373
358
393
365
399
356
404
238
379
286
348
348
344
358
393
333
272
267
220
149
331
253
399
346
361
345
318
333
256
227
269
232
382
346
175
349
386
338
390
363
414
345
461
370
348
356
329
361
346
296
330
354
414
348
331
313
309
326
434
361
277
361
416
348
648
361
286
351
403
346
366
253
329
335
341
254
279
341
305
346
356
331
392
271
391
204
378
333
240
361
393
346
421
346
466
188
368
346
444
384
333
343
233
323
409
348
378
346
378
361
333
249
413
318
491
290
267
190
397
348
386
356
297
346
155
348
409
346
259
334
406
200
361
361
436
361
404
357
436
366
273
333
291
355
207
185
251
192
399
361
388
328
431
358
451
361
330
334
341
360
294
349
304
310
216
346
272
333
394
353
346
225
423
214
410
241
387
151
191
138
371
329
294
348
310
361
325
235
381
323
281
277
329
334
498
343
319
369
468
343
397
351
386
373
284
239
378
363
273
194
390
299
438
214
298
361
409
346
429
351
411
347
339
283
386
293
366
356
393
331
381
346
368
314
317
280
433
289
384
323
363
349
331
333
519
231
431
331
594
331
384
353
247
192
226
363
563
331
436
260
336
331
421
345
325
336
324
359
414
348
418
361
383
236
371
323
338
210
223
346
391
346
513
371
433
358
365
359
388
306
344
359
427
353
317
345
366
349
337
234
404
341
267
223
369
210
320
280
233
223
365
345
227
334
340
212
416
345
324
286
368
348
366
333
346
333
236
213
266
196
368
253
438
316
391
350
200
150
418
368
436
345
431
299
378
310
353
346
166
186
244
333
561
364
261
351
197
351
230
348
368
182
369
232
388
270
411
321
410
342
246
163
418
286
396
355
253
361
471
294
325
292
398
152
416
318
411
361
274
361
421
187
668
223
348
331
307
349
401
348
411
361
241
348
239
190
371
348
371
346
274
203
251
343
335
365
355
187
313
348
488
368
436
360
346
305
328
331
428
359
443
333
373
351
279
200
426
348
292
364
364
273
418
358
269
345
541
326
320
271
393
367
306
303
306
396
216
334
338
338
213
351
629
253
373
345
353
311
284
356
621
346
225
346
293
361
329
234
441
358
268
240
421
348
416
368
270
345
387
378
255
346
441
349
366
346
381
346
376
361
408
346
370
333
391
363
344
340
283
371
292
356
404
348
379
336
259
212
290
156
302
333
244
242
265
330
464
346
307
361
369
348
324
224
446
348
238
199
266
346
434
349
381
337
361
333
465
336
396
333
280
333
368
261
398
235
426
187
272
349
371
308
329
356
234
333
381
346
202
333
350
280
195
349
339
201
411
348
248
361
382
351
426
360
386
346
388
346
245
374
593
358
274
368
386
368
291
358
376
389
378
355
376
358
441
311
448
264
167
146
404
360
316
351
381
303
381
294
287
230
246
371
265
199
351
346
338
348
244
331
381
300
413
198
333
353
566
371
599
181
373
268
433
331
258
229
317
346
308
358
449
308
404
333
207
373
368
351
533
353
275
188
443
346
381
346
422
349
293
361
381
349
356
147
330
303
428
361
373
254
400
346
420
351
391
330
346
291
413
232
414
324
204
348
371
348
317
359
302
345
469
351
269
360
488
354
411
346
389
261
383
358
393
349
424
215
419
303
426
213
368
359
418
360
209
184
351
363
346
331
413
364
350
358
338
264
273
240
391
333
371
346
463
345
424
361
181
152
394
344
341
354
421
361
383
370
365
360
319
333
436
356
371
371
356
220
377
361
404
245
246
361
336
330
457
371
368
270
315
331
383
351
361
328
499
293
368
247
299
192
376
369
376
346
403
358
361
311
336
346
303
348
346
346
355
201
471
291
611
267
436
200
356
361
237
278
199
333
441
180
350
358
393
318
429
300
401
278
384
333
406
345
291
144
361
240
248
334
343
315
368
311
339
333
498
348
411
298
343
359
378
384
441
193
356
378
373
358
368
212
437
207
287
280
387
345
383
249
336
344
267
213
454
361
391
334
417
320
286
366
318
205
346
145
249
348
391
296
390
346
534
343
239
361
285
291
346
346
249
199
284
253
280
259
381
361
479
346
378
333
338
333
454
346
359
325
291
220
386
360
694
334
358
358
281
345
305
186
391
353
355
222
318
281
351
333
381
361
507
291
391
241
361
355
396
233
433
207
371
301
476
331
227
154
353
346
501
206
354
235
270
353
416
253
397
291
370
361
398
361
383
259
373
378
310
349
230
356
259
310
236
323
329
366
238
353
338
331
411
323
393
353
239
356
391
345
233
158
250
153
213
155
234
176
