378
346
375
376
227
353
348
301
293
277
378
201
341
353
364
364
254
212
183
152
206
353
401
353
458
257
275
366
391
361
431
341
438
353
206
291
303
341
336
216
411
353
347
294
447
381
379
306
286
216
418
368
216
180
325
338
661
351
371
353
285
353
396
368
378
371
288
229
406
354
270
339
401
340
243
152
353
369
383
256
288
160
237
266
393
351
315
363
314
364
411
353
374
274
361
277
183
138
199
144
268
174
390
146
326
354
408
338
421
281
421
201
273
341
389
353
682
345
385
366
353
356
338
353
316
344
403
366
263
368
409
369
306
343
426
282
292
361
637
366
448
324
434
313
581
346
212
143
278
233
410
200
551
161
383
242
288
374
381
295
409
373
241
159
346
149
463
276
603
244
247
219
384
299
431
354
261
179
571
157
306
226
487
193
280
358
421
353
353
328
236
365
326
270
467
340
268
257
257
373
366
363
408
257
652
351
330
131
356
349
260
365
423
369
328
353
331
214
408
259
316
383
406
280
334
269
556
353
365
356
431
353
393
230
346
339
263
336
252
323
211
190
604
361
333
268
396
351
333
298
385
287
384
353
313
316
205
338
318
353
341
341
335
341
285
216
408
149
384
368
439
293
443
354
291
365
431
361
239
368
263
226
354
369
393
363
260
338
265
228
342
351
604
366
626
351
336
343
401
369
391
366
273
353
423
201
328
341
302
346
331
370
279
355
361
363
428
193
438
243
404
353
358
338
401
338
404
357
346
366
391
354
354
366
406
370
403
353
371
374
353
353
342
363
371
354
376
350
373
316
220
384
348
338
415
351
315
388
346
351
459
270
404
376
230
193
320
270
391
373
484
225
258
255
353
341
317
292
368
283
439
153
295
259
394
338
306
351
307
351
325
340
401
351
394
367
361
361
206
121
353
339
314
246
388
333
384
367
404
350
221
170
216
341
314
336
373
361
371
351
579
367
504
393
346
353
381
381
259
149
300
368
403
201
365
355
292
271
421
316
416
335
376
365
436
366
346
341
429
361
374
368
359
297
461
239
347
282
240
373
379
294
444
338
356
353
325
235
324
351
387
245
408
377
385
266
389
354
347
194
383
366
345
351
281
344
379
137
421
177
327
373
396
369
366
346
333
339
356
341
427
367
366
354
371
256
401
351
403
302
311
294
370
351
385
351
436
361
353
361
346
358
286
167
451
361
344
328
326
343
416
361
185
256
255
245
259
244
423
361
401
383
289
238
309
351
303
295
369
363
366
283
255
225
423
366
365
330
349
348
454
380
313
353
408
355
324
366
406
361
262
195
333
366
336
337
256
230
259
351
308
237
431
354
241
161
252
363
326
256
529
366
332
285
319
384
431
338
509
341
394
366
359
338
363
334
453
338
378
371
291
179
338
328
383
323
255
236
376
370
336
296
351
354
341
338
365
385
338
340
366
313
423
353
226
158
288
260
454
351
381
285
330
314
250
338
236
338
441
200
385
278
418
343
386
368
186
371
388
333
250
371
283
353
416
305
363
339
270
193
569
273
441
368
391
341
329
354
354
351
368
365
418
233
361
297
411
150
350
328
253
195
383
366
423
376
381
306
407
313
340
343
331
257
363
242
340
351
361
331
395
363
302
353
619
354
546
212
421
361
391
257
371
313
405
353
286
373
474
246
297
271
368
191
381
366
391
368
396
354
389
223
296
235
262
338
403
361
283
210
427
367
358
315
359
153
291
202
377
369
349
356
384
353
199
354
198
161
398
350
449
351
290
141
344
188
335
354
249
351
386
378
340
316
411
398
381
358
418
345
343
257
436
236
315
376
261
354
366
351
284
350
364
368
389
366
287
231
383
354
311
318
323
355
371
367
393
353
398
353
446
354
528
209
204
343
400
351
371
351
408
255
368
341
471
320
242
341
404
374
416
209
263
272
373
350
322
282
265
359
331
202
333
351
383
356
466
353
396
361
389
335
300
351
401
359
243
183
275
393
372
354
510
185
319
244
467
351
411
349
451
158
373
313
414
367
404
262
389
333
408
354
483
292
249
251
385
351
268
237
383
354
246
226
366
354
383
361
423
333
366
279
306
351
407
331
297
353
319
353
292
338
331
354
379
350
431
284
380
351
301
202
572
353
374
359
218
172
424
353
568
226
413
257
370
233
355
211
324
368
316
356
370
353
235
341
391
339
179
157
202
156
189
152
391
350
314
348
277
297
414
366
352
353
458
313
278
248
431
361
427
281
291
244
418
358
418
227
239
176
378
338
275
340
363
341
387
171
277
371
376
366
395
358
369
199
343
345
350
365
419
354
214
256
379
381
388
255
381
183
406
351
411
315
412
329
330
338
403
356
220
338
388
364
396
383
384
353
321
276
384
351
401
338
327
317
368
351
408
368
602
331
265
338
376
351
501
351
408
354
393
361
386
353
353
235
446
293
316
363
350
268
419
360
388
353
301
363
425
381
406
369
325
359
438
365
411
351
351
341
393
306
426
373
331
338
385
393
253
170
302
366
436
336
331
399
381
343
348
155
316
350
371
247
333
311
265
353
350
367
431
250
345
253
301
190
322
341
467
361
330
331
366
281
579
316
386
328
303
331
396
353
451
356
384
363
415
270
272
180
408
236
338
209
391
311
398
368
361
353
404
283
388
360
262
245
313
300
324
224
461
276
539
369
272
247
363
361
416
353
441
246
385
353
366
338
401
236
376
366
298
353
561
343
391
307
361
346
333
319
385
397
388
391
361
353
529
368
378
338
263
225
393
353
424
368
401
270
474
371
376
366
343
353
281
202
316
246
248
351
449
276
388
295
379
236
371
341
341
316
396
298
403
293
398
364
279
361
318
338
401
363
649
351
307
327
391
280
401
375
351
353
423
162
598
353
562
353
664
358
293
259
466
350
356
285
376
369
366
341
348
198
231
186
374
384
431
414
254
350
366
366
411
292
333
338
448
365
403
235
429
244
386
345
348
353
351
260
441
370
377
263
339
297
413
244
547
351
398
356
328
350
376
353
310
279
267
366
233
353
386
354
336
151
279
353
333
353
406
243
411
281
456
367
361
201
375
361
391
259
349
315
265
341
237
379
441
353
406
266
318
351
401
286
311
338
431
353
383
365
401
211
411
366
189
351
439
226
458
351
360
348
358
340
193
147
523
285
388
356
340
199
378
195
313
360
375
341
322
353
589
349
409
351
455
358
428
369
394
354
401
199
369
335
370
356
374
297
344
341
454
366
434
381
431
363
354
310
423
354
461
353
336
363
338
360
438
367
403
202
417
351
426
375
391
229
411
361
413
219
336
351
453
383
417
366
469
378
329
338
324
281
413
354
371
256
346
295
418
292
424
277
294
214
517
226
421
391
403
351
385
366
357
365
382
271
232
341
256
339
309
353
245
366
353
307
259
190
313
197
461
209
285
222
396
338
400
199
348
338
388
381
373
232
321
366
383
366
408
308
388
381
384
365
648
356
411
401
441
282
377
339
313
343
270
339
346
366
323
331
369
366
335
366
406
299
471
369
321
202
369
348
487
310
340
353
280
360
363
296
354
350
418
378
576
353
486
303
224
351
421
374
396
326
398
209
391
353
331
246
378
351
301
341
399
369
378
353
354
206
423
354
361
353
357
366
182
351
421
217
411
195
381
288
312
411
249
354
317
290
361
301
406
204
338
307
306
358
354
196
321
351
351
338
287
344
632
339
353
363
313
351
388
369
253
350
323
331
393
366
443
376
403
340
351
378
221
359
286
224
202
163
411
353
196
173
454
212
474
353
389
338
237
266
346
211
381
373
501
207
554
341
309
371
146
146
267
187
450
259
359
268
323
313
359
339
518
217
308
273
363
344
368
364
424
353
277
275
366
354
429
313
416
257
338
373
413
337
345
354
357
351
426
283
360
338
341
338
221
335
340
333
205
364
356
158
369
342
399
355
311
356
459
351
180
204
296
353
294
279
464
359
298
250
297
354
429
353
302
351
244
242
350
354
379
368
284
373
368
368
365
351
212
375
374
347
401
351
255
199
196
319
290
288
197
368
361
381
321
368
215
336
416
351
218
339
303
292
287
224
206
354
348
341
264
361
382
138
316
346
334
277
358
366
308
353
347
338
341
302
265
244
398
298
532
339
140
180
349
368
351
343
506
159
370
346
386
353
388
411
343
339
227
361
417
351
378
368
454
376
355
350
384
366
431
321
388
353
330
294
354
341
232
376
285
353
366
308
333
208
398
341
341
361
384
363
357
297
383
366
315
341
320
334
249
255
399
365
441
355
391
353
376
278
441
356
391
218
202
133
418
269
679
368
304
368
335
373
290
201
358
351
337
296
363
316
581
341
251
207
403
354
375
353
347
297
323
341
406
357
273
240
279
338
226
354
386
222
371
146
282
341
217
354
405
354
384
366
401
356
536
282
414
366
324
244
580
233
321
369
363
388
302
281
263
234
199
154
372
366
408
361
383
270
217
188
323
291
340
350
409
332
320
366
391
351
381
233
355
366
424
379
366
366
361
316
360
351
248
163
471
356
290
275
424
255
429
236
373
202
290
276
268
209
403
354
571
341
276
339
261
341
436
282
263
338
399
351
363
298
421
353
434
343
227
344
391
259
319
366
621
313
323
321
260
269
401
381
342
253
295
351
396
193
391
378
277
354
335
353
357
336
222
158
314
156
435
351
358
351
306
331
256
177
250
108
430
228
586
194
401
337
263
234
421
369
461
235
317
310
468
373
401
293
589
318
352
266
363
301
401
351
443
333
236
366
641
388
358
343
349
262
426
379
291
329
533
289
313
341
447
144
383
344
351
175
374
357
406
338
231
163
366
356
393
256
404
236
629
365
339
348
328
284
238
196
397
293
556
341
233
338
318
356
373
338
400
374
263
371
414
353
393
371
395
366
314
346
340
288
258
151
214
153
171
338
351
361
475
225
408
369
408
330
401
181
426
282
217
178
458
368
354
363
411
235
353
387
408
366
336
338
396
353
208
371
386
369
456
365
431
315
416
353
309
365
374
348
368
366
197
364
427
348
511
354
204
353
340
338
294
272
396
331
439
371
296
394
278
338
341
338
351
348
398
360
406
353
204
191
384
357
389
233
391
361
343
341
659
264
356
365
396
351
279
246
416
358
318
235
326
298
461
366
449
366
446
331
433
355
359
354
368
285
415
353
373
191
349
353
396
354
383
231
393
194
381
218
381
175
279
353
378
236
444
366
372
351
378
369
378
353
413
356
416
366
368
353
464
234
361
341
426
351
404
347
359
351
363
341
381
354
371
195
331
308
381
356
393
209
387
321
369
296
398
371
378
354
315
338
406
397
434
383
354
361
378
356
342
331
248
182
360
350
371
341
454
353
408
304
325
368
391
356
315
349
572
227
379
269
425
371
388
251
376
361
431
349
336
353
433
363
366
262
511
356
405
244
278
216
344
336
275
177
224
304
230
341
270
357
288
379
377
366
189
339
258
178
394
365
363
366
451
329
323
353
381
310
383
366
413
364
279
366
292
279
343
349
363
288
259
210
404
297
366
356
327
287
312
339
374
316
338
353
444
369
398
354
431
190
396
366
264
193
567
353
363
338
278
354
657
340
647
363
257
341
341
235
426
323
367
346
537
346
348
348
388
307
313
245
331
341
354
338
520
148
358
350
217
339
389
350
173
364
238
296
364
197
376
354
399
266
247
353
389
353
391
351
456
354
411
369
364
381
428
338
433
295
384
356
379
358
409
351
264
203
391
365
330
353
384
361
416
353
383
358
363
356
366
338
419
356
258
179
338
311
536
355
545
239
338
338
441
202
461
359
421
381
318
330
386
338
315
298
379
354
352
307
384
364
361
354
350
270
383
353
388
307
269
334
328
320
356
196
358
203
401
201
371
340
531
353
303
341
213
187
396
279
389
363
221
157
268
384
375
266
365
396
401
366
388
353
332
354
361
366
411
370
374
351
350
351
365
313
356
142
299
304
383
328
433
298
359
356
411
361
383
356
436
383
456
198
329
384
469
212
418
379
463
338
372
323
396
366
336
353
424
368
287
246
431
353
291
356
336
297
582
323
247
353
421
376
328
341
419
280
364
353
223
296
386
381
401
353
393
368
356
353
338
284
461
353
300
321
314
365
345
353
363
319
332
369
357
376
386
320
352
303
411
351
383
353
391
363
398
351
175
139
581
293
464
363
381
367
258
351
411
356
411
364
451
341
236
296
355
281
207
340
305
366
381
366
395
353
411
343
341
277
428
356
290
354
439
386
408
319
249
366
334
338
336
341
303
369
403
363
341
365
431
338
561
265
404
367
391
354
366
346
319
236
246
162
263
193
351
341
347
354
414
284
326
337
223
350
191
365
245
259
315
310
351
351
429
196
373
343
546
224
446
251
248
338
323
341
340
286
369
373
347
356
411
361
354
285
421
353
441
369
319
376
427
308
396
353
431
354
378
351
414
365
381
339
273
235
336
353
439
356
401
344
338
359
421
354
425
367
317
351
363
356
293
353
350
354
212
131
403
349
517
321
406
165
436
373
283
351
313
256
407
366
348
338
411
357
396
381
364
343
353
354
343
338
353
368
383
365
364
257
394
350
305
353
369
351
371
351
398
350
181
339
414
313
343
339
310
337
277
354
248
363
336
338
385
368
401
353
441
379
378
340
348
339
361
323
406
368
378
236
343
162
443
356
398
241
418
339
363
356
355
311
441
363
384
338
396
351
262
188
361
159
439
350
409
366
366
213
341
258
329
340
338
283
313
363
377
351
197
386
354
319
338
343
428
366
461
353
273
353
353
366
399
363
336
320
369
353
421
353
371
341
321
244
330
235
453
333
398
368
399
341
317
366
489
359
304
162
464
201
383
266
434
340
329
366
334
344
441
235
464
325
258
345
345
364
279
341
406
354
341
341
684
365
364
351
366
353
260
188
368
358
375
321
389
351
192
190
236
151
345
300
413
351
247
217
400
353
391
308
348
297
401
323
433
366
431
244
308
338
433
244
304
202
324
353
223
313
431
354
373
338
363
193
386
338
390
356
519
353
357
317
436
393
411
351
438
369
323
351
345
182
441
353
419
368
418
339
419
354
363
338
250
265
411
270
406
353
456
357
359
282
375
238
331
338
368
291
384
351
280
209
478
351
468
353
371
368
404
337
396
361
295
240
369
346
665
184
438
353
411
376
394
353
363
151
414
241
284
193
463
353
328
341
338
339
206
114
369
353
453
361
476
283
426
268
364
356
386
366
383
339
451
356
381
363
447
321
348
363
353
338
426
375
388
354
428
339
413
291
401
353
388
366
434
255
364
330
433
361
298
351
409
353
597
320
433
363
371
365
386
351
318
286
401
356
404
355
385
386
331
317
261
351
632
307
323
355
374
366
307
365
371
297
526
335
419
354
349
328
365
298
342
354
346
339
324
356
379
353
404
360
574
370
438
196
307
337
264
366
403
266
380
324
193
341
366
354
369
336
401
353
402
287
361
231
274
256
441
359
290
359
426
366
326
338
223
274
280
353
247
368
231
174
367
318
348
338
376
305
342
351
381
366
346
234
222
341
195
150
411
378
381
388
242
338
393
313
417
351
348
351
359
354
366
344
344
379
244
203
379
345
377
366
395
353
361
353
438
341
341
339
310
353
380
281
383
353
254
338
348
356
413
353
405
282
333
312
397
298
215
338
384
351
325
350
389
371
333
353
336
180
397
300
300
275
289
341
401
351
409
355
479
368
270
369
408
391
399
354
423
210
401
285
293
217
354
324
388
353
451
366
283
203
224
338
383
323
329
324
398
353
345
333
341
287
293
351
344
219
348
353
381
353
348
353
533
344
409
366
399
301
376
368
346
369
305
381
307
348
326
368
366
351
395
266
528
368
245
321
183
353
306
353
352
333
385
353
511
361
437
366
322
366
307
234
369
346
293
343
397
366
358
228
284
345
346
366
399
401
444
357
294
370
348
351
195
346
388
366
420
353
429
338
308
349
411
189
327
284
271
341
336
281
326
354
371
366
388
213
414
338
253
356
333
208
297
341
355
380
531
353
391
350
371
249
396
373
417
394
372
353
303
341
374
346
281
387
268
378
425
353
399
381
338
363
276
354
399
356
349
351
464
360
423
368
269
291
326
351
444
351
521
371
341
344
481
363
461
367
414
351
365
368
365
354
374
353
396
338
403
293
353
346
298
294
269
196
386
306
424
235
386
354
229
354
328
318
421
353
374
185
326
366
280
200
376
355
391
365
169
255
418
354
385
298
428
368
447
366
217
316
314
230
239
359
272
353
380
233
375
353
171
353
305
369
419
315
218
353
344
326
401
355
429
351
252
230
386
366
386
366
454
356
404
373
396
353
267
211
251
363
327
351
365
282
401
363
351
298
238
353
453
354
227
149
204
257
386
379
295
288
255
224
348
225
481
354
370
288
411
393
341
267
478
279
399
365
391
293
283
366
435
358
436
370
378
351
403
248
415
259
251
273
411
365
381
341
268
361
409
366
239
379
358
351
328
367
441
353
419
366
411
341
346
353
403
286
433
356
306
341
257
179
361
357
332
252
333
351
354
345
401
369
291
314
295
331
379
367
488
356
371
371
454
353
219
340
211
407
448
351
594
354
373
366
598
295
431
293
272
368
292
270
395
354
351
359
310
366
285
340
386
338
408
380
418
364
401
364
329
354
383
310
398
306
391
364
409
316
215
163
321
366
398
147
366
353
260
369
391
356
308
343
393
274
389
351
331
151
220
338
245
195
266
338
315
172
201
351
386
386
349
356
411
356
274
331
441
355
262
265
331
356
350
353
290
339
214
321
318
142
330
345
404
384
285
371
329
310
268
316
381
366
395
361
342
339
449
368
361
354
383
338
401
234
388
338
411
351
302
364
681
378
348
381
272
354
281
224
378
340
239
368
379
351
389
354
369
338
444
293
386
385
285
228
373
305
380
353
421
369
333
271
399
366
426
219
419
354
208
160
405
289
280
200
343
380
352
354
300
359
375
344
371
344
373
323
441
298
349
368
306
365
403
265
202
338
375
350
328
341
235
222
223
333
367
353
312
363
237
168
398
368
456
172
229
175
441
172
197
178
