243
350
353
379
408
218
184
142
373
186
381
341
295
337
421
353
359
348
320
183
423
180
381
287
244
200
373
389
414
353
269
353
413
365
397
338
376
353
211
341
596
311
434
350
403
218
378
203
321
259
361
368
238
188
396
354
343
344
396
338
376
227
396
361
396
310
298
353
443
281
356
356
391
236
217
166
395
323
411
365
267
351
361
149
378
361
326
251
407
343
341
365
619
359
243
187
379
245
204
136
227
165
180
157
218
398
384
341
265
256
346
236
361
366
438
149
543
368
431
361
446
365
352
361
381
351
381
364
224
227
421
356
317
333
242
353
396
353
714
381
403
336
281
367
291
225
301
151
268
235
240
351
255
343
399
351
411
363
426
384
342
365
215
350
225
211
238
386
293
338
419
366
305
338
358
380
271
366
383
361
198
250
338
338
415
368
389
369
363
287
262
166
268
337
398
218
403
209
403
350
437
343
421
384
313
262
603
364
373
384
332
307
391
351
421
244
223
202
677
341
525
354
350
340
282
235
298
237
351
359
363
269
449
374
641
266
368
292
333
228
259
204
419
206
413
353
553
351
381
361
351
364
438
353
368
266
391
364
323
341
401
353
401
198
286
339
239
158
391
356
325
273
424
258
349
343
449
351
433
353
329
339
243
133
386
378
368
340
340
341
456
346
388
353
378
341
340
360
409
373
414
363
426
374
398
353
396
369
245
242
670
376
267
216
526
353
393
378
421
381
516
351
399
346
483
236
358
354
403
368
381
343
407
297
423
364
346
353
416
391
364
354
379
280
444
351
332
355
414
367
457
365
320
343
414
353
397
351
306
353
367
344
240
326
501
202
219
338
262
353
579
377
415
197
619
351
280
260
254
227
401
368
366
270
393
373
350
234
498
341
221
379
439
361
409
353
388
351
391
319
388
318
318
329
361
353
411
348
313
343
394
366
365
339
374
365
349
218
283
393
343
225
331
351
644
341
289
370
361
351
431
381
361
338
311
353
250
210
325
350
265
180
333
214
275
256
283
381
401
292
329
363
227
203
246
373
396
344
428
366
413
243
281
196
364
308
290
231
312
256
243
344
426
376
278
361
336
361
629
366
389
366
441
274
424
184
361
343
240
258
377
363
338
338
245
340
251
351
369
226
341
353
273
194
271
353
464
381
441
351
388
353
326
145
421
336
479
361
369
202
441
185
361
344
424
353
257
351
570
356
359
296
481
288
421
354
311
351
340
366
341
386
346
238
376
224
403
325
371
222
384
354
272
356
321
260
344
326
391
294
351
366
404
361
358
295
381
338
441
366
382
186
453
351
287
339
266
214
389
210
193
218
347
360
388
351
438
369
313
257
408
344
289
249
216
182
338
264
317
356
377
333
435
336
428
351
268
247
324
338
285
366
471
351
295
301
403
253
366
226
406
330
396
363
383
377
416
308
443
354
361
368
416
365
415
352
421
369
329
353
196
228
198
143
419
354
387
351
356
377
363
353
317
378
205
147
343
303
383
309
376
346
413
371
303
357
366
363
219
356
308
354
351
353
322
353
374
150
242
279
322
351
379
235
200
146
361
326
366
285
364
366
291
343
418
339
215
353
336
285
386
366
398
353
363
221
404
353
451
351
406
354
466
350
233
339
373
351
383
360
603
270
355
338
387
351
199
363
404
370
612
311
353
353
331
354
295
366
375
338
356
353
287
353
381
366
378
341
434
366
391
389
303
268
385
338
396
356
374
228
311
343
323
313
268
226
204
209
498
350
399
363
244
168
463
356
330
301
354
361
391
375
226
356
293
184
351
353
339
338
291
353
375
368
393
353
408
365
383
383
358
368
360
317
323
341
486
353
317
386
421
326
368
358
401
265
433
356
379
366
269
212
377
353
379
354
393
340
317
326
371
232
271
340
378
366
474
353
446
366
346
350
414
354
346
338
319
363
441
257
428
291
185
343
255
363
444
353
330
371
419
350
421
368
396
351
322
191
220
341
350
259
203
150
226
332
333
271
477
324
307
354
329
311
376
334
371
357
391
300
266
185
418
273
316
361
209
353
395
308
426
366
290
197
319
318
421
321
321
351
382
376
406
272
418
383
209
321
371
272
408
333
371
353
321
386
357
339
356
365
344
368
556
361
669
394
251
163
359
378
383
356
361
353
388
233
284
338
352
369
287
348
386
353
413
219
261
330
209
147
180
146
161
170
464
297
354
353
224
219
401
341
323
353
189
141
301
206
366
340
419
354
428
350
462
209
381
231
241
169
283
330
342
276
215
356
369
355
376
293
456
196
300
366
386
366
289
257
206
144
386
356
419
346
339
270
339
339
294
202
411
365
339
338
244
340
213
339
329
341
359
202
289
339
376
245
363
356
319
326
381
366
268
353
359
270
393
366
361
339
399
353
376
339
394
353
337
353
446
368
423
353
376
298
291
367
338
336
477
353
341
318
373
354
391
364
389
368
297
253
366
290
409
330
393
371
356
341
525
353
393
332
358
361
391
273
408
361
260
184
268
256
291
202
374
381
371
339
436
343
257
151
411
391
627
368
376
254
372
278
386
321
343
333
275
206
321
281
302
210
359
244
395
354
384
323
429
309
415
381
438
338
333
354
418
356
428
333
421
346
416
376
590
187
414
356
401
376
428
353
312
239
489
148
281
356
334
343
292
293
369
328
371
354
361
299
371
294
337
353
363
360
378
341
323
193
293
356
403
306
338
301
341
357
383
351
493
366
358
330
335
353
343
353
394
354
604
323
361
339
388
366
620
351
401
353
429
238
466
350
409
365
358
361
317
363
428
351
627
355
394
353
398
225
378
280
411
354
441
313
436
356
279
266
331
319
361
361
403
326
313
280
396
291
368
394
408
264
407
361
391
365
436
350
311
257
388
356
389
351
307
358
413
371
336
344
386
375
379
245
202
146
411
196
397
366
421
366
386
365
551
341
589
353
403
354
319
354
344
242
376
306
411
368
355
379
347
353
367
354
371
267
321
276
391
367
403
365
418
354
349
338
363
353
401
319
334
338
280
343
350
330
592
193
270
248
419
266
403
353
414
353
356
319
384
353
358
359
339
248
299
351
311
361
191
151
357
275
401
343
366
284
371
361
283
285
489
366
361
311
326
205
244
338
297
191
399
323
411
393
376
341
366
191
471
303
252
229
354
348
411
376
361
334
319
158
302
366
484
384
186
159
376
338
357
228
196
366
395
367
238
356
333
365
361
199
421
353
349
366
421
360
338
279
408
367
421
350
366
360
314
183
395
394
389
341
454
295
394
218
428
159
414
365
386
353
333
272
368
351
336
338
318
350
368
348
391
348
380
353
413
353
450
361
301
353
414
351
447
224
396
353
293
295
431
284
431
366
283
299
360
353
387
368
351
349
391
384
604
338
365
244
381
358
418
326
274
195
396
279
411
366
247
197
349
368
359
323
366
365
386
202
319
366
384
356
187
311
356
245
381
366
381
314
461
361
383
176
396
195
451
269
399
353
411
350
601
334
286
308
398
368
381
353
255
243
201
391
216
339
358
246
341
201
365
368
371
356
203
365
384
356
251
270
409
365
346
301
308
248
315
297
321
354
356
338
271
273
366
346
409
315
416
371
486
351
318
363
384
368
408
353
259
356
335
366
193
354
493
354
351
353
356
374
398
233
335
406
286
279
383
354
365
300
404
353
438
351
691
210
421
317
158
181
361
273
344
381
436
383
388
354
331
235
366
353
371
376
205
337
354
261
335
314
289
246
387
338
446
186
360
338
210
214
245
338
343
156
260
368
316
341
400
353
345
201
230
369
566
259
332
338
348
365
391
354
396
363
388
353
268
243
319
368
323
336
273
351
333
287
376
356
373
356
441
353
388
318
464
354
460
346
379
351
383
202
231
361
386
341
196
281
217
350
376
236
350
294
357
189
403
284
329
344
465
299
411
308
439
351
308
378
363
334
260
368
575
303
351
263
286
213
353
338
463
367
456
371
366
345
393
345
256
202
204
341
379
294
386
367
391
365
386
334
287
369
419
363
250
368
285
155
238
338
275
353
202
279
394
354
243
361
361
338
262
318
379
364
296
339
343
231
233
371
300
361
436
339
406
311
246
366
386
285
399
341
399
375
316
341
327
306
499
366
340
341
277
344
363
351
413
350
333
188
455
353
366
353
629
349
380
366
367
350
220
194
384
220
461
353
248
202
222
150
394
178
389
361
621
346
296
368
381
353
340
339
421
354
401
311
374
268
206
255
359
354
472
338
559
351
333
209
290
354
414
256
348
365
489
364
194
366
187
277
409
369
331
304
356
364
371
343
306
266
323
184
190
356
138
166
222
363
359
351
456
237
399
353
401
295
395
356
320
341
282
270
566
229
391
292
271
386
345
175
369
166
373
371
252
217
346
236
403
351
389
350
411
363
297
366
244
361
323
281
329
353
201
165
413
355
251
383
338
299
237
193
398
292
398
345
227
347
429
351
474
209
361
351
311
354
414
351
414
210
409
351
379
333
201
348
269
235
368
330
329
350
364
277
346
260
324
243
404
366
401
351
433
258
313
201
414
340
327
209
459
358
353
335
441
376
319
306
348
356
373
329
236
351
225
191
416
259
380
353
406
217
328
338
385
266
363
338
263
318
409
338
382
338
350
180
307
351
361
326
373
187
319
338
354
316
246
212
189
142
299
280
244
201
295
282
343
356
222
193
195
178
357
363
353
341
226
371
396
353
311
270
419
386
339
277
454
361
352
266
376
334
269
236
351
364
449
366
293
324
235
356
404
353
114
272
265
353
359
308
381
376
389
265
392
381
401
374
403
366
348
177
553
340
277
209
416
158
396
354
466
374
365
317
280
164
303
369
401
343
191
145
369
245
348
338
259
226
439
361
306
338
355
351
284
353
279
354
439
310
602
295
366
354
316
366
414
196
329
154
240
366
341
355
348
354
290
358
569
351
383
366
328
270
234
353
383
353
336
363
396
363
337
326
281
351
408
288
350
295
371
341
368
353
398
380
396
333
434
355
341
338
363
288
409
369
187
384
361
339
305
254
396
350
356
321
337
353
557
339
257
353
386
199
390
341
413
353
411
381
243
353
667
354
426
308
353
353
361
353
376
381
421
353
459
361
412
353
486
209
237
384
433
391
395
248
419
366
419
391
259
338
196
381
293
341
275
209
393
368
404
358
419
357
242
414
391
271
427
361
294
289
393
381
345
337
421
348
386
232
408
338
333
338
198
351
471
368
416
351
406
366
428
351
404
354
428
351
313
325
429
351
448
365
277
318
281
235
346
353
419
353
386
374
305
321
327
229
438
376
259
363
311
359
346
366
421
328
291
334
406
335
389
261
241
158
391
333
413
371
391
353
676
326
303
312
308
316
464
353
406
378
351
356
366
227
368
279
307
276
687
348
371
218
298
338
426
366
356
338
376
343
388
350
381
384
196
166
349
351
378
134
276
205
276
353
361
351
350
353
374
148
303
301
383
365
376
356
441
353
433
293
375
272
363
353
406
353
391
356
239
366
186
341
337
366
399
353
398
356
408
368
363
313
323
379
361
293
191
197
348
298
466
346
268
175
408
303
425
353
315
368
323
271
373
338
396
353
401
360
333
353
197
139
366
224
376
358
326
338
565
348
869
366
336
370
411
369
336
202
422
338
338
341
414
360
377
281
276
338
388
354
318
366
306
350
384
370
110
348
397
309
426
381
175
350
398
358
371
369
348
358
373
316
368
353
416
354
321
341
398
311
436
366
295
365
333
315
278
344
419
369
341
346
318
286
297
309
246
184
354
235
401
240
389
303
294
202
346
190
356
343
349
319
319
338
389
151
660
353
428
353
375
369
458
353
299
209
391
354
365
353
234
159
246
180
474
346
378
369
248
202
406
356
363
148
323
188
285
339
256
235
609
351
340
341
251
171
281
223
542
218
302
294
398
358
438
354
431
315
373
323
386
300
302
344
343
341
436
365
373
334
501
361
388
341
328
318
379
347
395
368
406
351
393
353
341
339
358
338
438
354
371
378
249
380
419
363
301
353
408
300
426
351
386
290
241
164
408
381
301
256
408
369
342
354
316
355
254
331
363
257
368
338
347
341
436
363
333
338
183
353
441
168
288
386
391
257
461
371
433
375
389
173
371
336
311
292
381
338
361
376
483
340
349
331
418
338
389
142
389
394
334
364
386
353
258
190
406
351
589
353
433
371
396
367
361
356
634
386
226
191
192
377
443
366
271
220
679
201
407
403
271
295
386
369
218
371
449
376
181
151
357
203
396
356
450
340
459
341
393
353
403
343
364
361
240
370
319
281
341
274
376
373
365
308
364
339
358
355
379
361
461
383
398
366
376
358
418
246
394
316
231
341
279
290
413
355
226
338
346
231
283
341
252
351
404
343
468
376
315
209
413
353
430
280
334
340
406
384
541
365
401
355
368
369
443
355
368
353
373
388
441
351
351
338
393
354
406
365
413
366
404
333
323
307
401
368
391
366
280
365
433
353
284
285
481
355
373
369
544
328
265
208
414
360
408
369
195
153
315
341
409
326
619
379
308
263
302
354
378
366
404
366
384
308
429
365
354
383
388
328
461
236
295
369
626
315
284
365
451
356
384
381
185
338
365
279
302
289
396
346
341
339
373
180
407
338
373
270
381
294
401
338
408
287
384
353
556
363
369
301
338
353
349
292
409
358
403
224
411
354
361
341
262
340
338
338
389
351
394
353
295
264
329
338
401
384
386
351
410
351
423
284
217
356
406
353
331
338
467
369
258
354
381
341
421
354
302
366
396
194
385
363
370
340
429
236
416
353
440
354
399
366
393
351
286
377
196
158
200
140
414
353
306
338
285
333
414
353
421
353
491
368
388
353
391
358
335
287
375
353
426
366
384
353
424
277
421
351
358
288
338
353
360
210
433
368
298
203
361
345
416
353
410
344
334
376
208
164
199
150
386
142
322
273
333
295
351
164
434
239
356
310
411
353
365
339
461
347
339
297
244
341
326
339
381
366
286
351
431
351
348
338
348
251
311
253
341
350
454
354
241
202
422
358
345
368
443
364
398
245
245
194
428
396
416
368
1070
331
274
351
343
339
242
361
276
180
357
351
356
340
259
371
180
123
331
349
371
270
404
285
401
338
353
348
324
366
386
363
528
361
406
351
333
323
286
273
331
351
192
356
346
353
338
339
128
283
351
351
406
289
451
298
447
373
416
371
247
351
375
255
491
257
398
266
401
281
363
353
376
348
486
209
405
270
391
374
455
335
218
301
308
355
391
365
314
338
431
355
415
351
314
339
396
353
388
365
371
353
471
314
300
311
312
351
379
353
225
177
449
354
434
152
295
350
247
308
316
365
421
354
378
348
411
366
269
227
355
258
409
336
335
268
425
361
178
343
389
341
374
367
224
380
348
333
378
361
378
308
301
339
279
338
386
368
341
351
397
361
393
353
431
351
343
285
386
224
359
353
389
349
366
255
288
366
305
396
363
356
244
188
388
271
381
355
240
353
463
341
377
341
300
351
325
363
187
351
331
338
436
351
353
354
366
341
381
351
599
363
286
346
396
379
315
354
409
369
378
235
353
353
489
255
292
202
227
245
351
224
376
367
384
351
389
254
438
366
353
346
533
366
361
257
333
276
281
233
378
333
391
351
406
355
388
207
439
353
419
311
232
318
197
369
402
353
353
368
319
380
466
351
388
330
264
366
401
330
363
351
366
353
366
366
329
381
277
369
396
350
310
338
451
353
423
238
358
356
342
365
394
354
420
257
387
338
360
353
375
353
211
338
339
354
365
368
366
371
347
368
251
337
381
353
378
230
368
353
348
368
350
345
369
341
406
311
359
347
406
348
394
329
228
289
313
307
444
353
361
265
290
246
443
307
381
353
291
206
358
333
289
351
361
338
407
338
444
388
185
371
418
359
371
331
246
201
415
361
210
353
308
353
399
367
574
351
425
366
359
189
386
339
349
311
331
354
353
270
380
349
323
246
361
341
363
333
398
340
431
368
364
356
376
228
345
302
252
366
341
361
409
310
386
360
316
181
684
341
284
369
421
262
396
333
326
338
411
354
361
275
359
354
419
361
366
338
429
333
261
368
260
353
302
351
391
278
407
351
377
371
401
366
366
351
332
351
415
368
378
281
429
356
441
353
423
353
664
296
253
338
256
219
339
337
423
351
393
365
336
345
240
338
282
368
423
230
381
351
329
343
229
207
398
391
279
353
213
356
339
371
198
170
343
275
368
346
434
211
447
367
376
196
343
339
396
346
415
351
301
206
405
363
418
340
283
361
376
255
416
334
256
351
284
366
255
301
311
341
362
350
356
365
270
351
364
341
396
353
361
194
193
341
214
341
364
337
329
298
411
351
399
309
225
353
368
160
431
249
409
191
383
353
736
381
428
354
303
353
249
346
251
147
398
375
269
235
339
351
378
368
271
338
453
270
256
288
385
355
393
259
388
340
366
287
425
338
344
341
385
358
371
376
251
353
386
365
384
350
381
293
255
242
339
228
389
366
308
262
283
226
361
278
377
361
265
184
310
269
220
124
339
246
335
349
388
263
307
356
343
321
346
368
418
356
306
353
315
350
327
298
424
360
246
307
384
344
311
226
312
364
494
366
380
351
408
210
356
314
371
358
535
284
215
179
275
249
322
371
211
193
436
341
379
353
171
245
439
255
292
353
693
381
433
369
604
292
196
142
321
341
411
336
352
148
441
361
266
194
166
344
383
353
326
351
431
328
380
354
421
361
597
297
352
351
259
184
396
350
245
209
275
208
387
202
361
338
659
280
317
345
285
339
309
353
295
343
363
379
363
353
351
273
345
215
333
389
354
371
289
318
561
368
249
310
356
311
388
381
421
339
281
203
286
364
404
353
482
154
376
353
439
354
319
356
281
202
404
351
390
339
361
353
451
354
399
253
313
345
228
226
346
340
408
306
365
356
408
351
386
351
363
354
282
208
325
217
313
371
416
355
418
354
267
353
318
344
371
211
394
341
490
341
379
353
295
233
351
323
418
370
418
364
297
225
346
338
312
338
403
316
541
326
349
354
250
176
418
365
332
174
214
171
190
168
223
176
