2768
376
2724
204
3030
406
1281
166
2832
306
2172
411
2756
385
2800
394
2687
389
2659
380
1347
354
2722
358
1669
254
1916
255
2688
284
2894
314
2832
211
2769
358
2644
242
2395
319
2728
274
2997
451
2729
219
2712
371
1969
247
1814
231
1334
226
1720
363
2606
396
2957
405
2764
356
2075
359
2929
349
2743
389
2935
374
2734
444
2896
374
1467
227
2550
366
1739
220
2797
408
1766
283
1834
391
2747
380
2937
394
1336
383
2683
381
1783
242
2128
303
1235
154
2296
292
1677
233
2696
366
2899
376
2761
350
1839
254
2644
375
2739
348
1998
418
2952
384
2972
201
3017
383
2747
378
2411
396
2849
457
2679
379
2704
393
2652
409
2272
339
2909
414
1921
366
2972
373
2103
179
1522
210
1736
396
1710
222
2767
371
2613
381
2852
261
2744
371
2954
174
1634
181
1536
338
1864
221
2788
359
2634
396
2777
385
2844
401
2699
371
1358
193
2703
153
2373
303
2679
261
2349
308
2666
386
2206
259
2653
388
2804
391
1544
208
2887
371
2378
374
2883
310
1569
371
2839
393
1966
377
2856
343
2171
349
2959
197
2659
423
2704
391
2069
303
1943
378
2593
376
1911
388
1546
375
2673
355
2503
310
2401
308
2021
315
2139
238
1665
224
1790
219
2847
401
2681
401
2243
284
2684
395
2757
370
2781
373
2576
224
2092
394
2399
375
2716
353
1325
381
1599
315
2671
411
2726
341
2791
391
1987
367
2704
388
2330
389
2771
360
2613
374
1607
202
1584
164
2619
376
2140
391
1801
239
2717
371
2739
376
1828
252
2291
296
2030
368
2779
363
1856
371
2085
394
2621
378
2747
374
2764
393
2729
279
2243
369
2538
329
2927
391
2285
396
2704
244
2714
398
2659
243
2967
330
2794
366
2711
335
2308
366
2824
398
2721
391
2648
356
1665
366
1523
355
2944
370
2127
385
2696
360
2708
375
1633
381
2198
391
1995
383
2055
199
1224
164
2616
242
1885
241
1605
204
2616
242
1234
154
2774
386
2733
361
2741
345
1800
277
2751
376
3035
284
2799
163
2754
378
2553
393
2759
398
3030
379
2751
350
2734
401
2251
370
1933
248
2716
331
2039
314
2764
358
2790
387
2651
317
2739
304
2819
361
2847
376
1842
381
2583
314
1463
162
3087
401
2771
355
2797
377
2658
449
2764
401
1711
389
2512
336
2679
351
2846
373
2664
390
2723
369
2761
218
2833
366
2498
369
2767
374
2701
361
1864
231
2832
373
1247
396
3069
401
1571
194
2890
373
1927
245
2014
233
2746
321
2814
383
2821
455
2711
394
2668
376
2814
395
2134
278
1882
235
2839
368
2739
388
1883
249
1838
242
2596
401
2374
350
2845
369
1530
381
2112
389
1296
393
2041
361
2739
386
2007
263
2692
388
2734
368
2291
335
1775
441
2138
254
2189
371
2786
345
1503
356
2697
282
1678
361
2729
381
2767
259
2771
378
2951
394
2718
270
2681
416
2752
357
1863
240
2737
376
2882
386
2604
419
2598
366
2649
374
2761
421
2854
358
2365
355
1637
396
2696
366
2260
251
1233
204
2385
232
2656
398
1816
262
2972
371
1855
268
1754
257
2298
388
2282
361
2811
406
2891
380
2746
267
2608
373
2676
389
3085
471
2626
354
2814
363
2691
354
2746
356
2669
291
2721
433
2707
376
2638
319
2633
406
2846
293
2694
194
2724
401
2798
360
2157
366
2889
250
2104
377
2902
213
2826
435
2711
371
2583
368
1943
368
2177
350
2323
371
2699
357
2824
240
2776
190
2866
393
2789
386
2661
366
2451
277
2050
218
1695
371
2621
272
2326
391
2754
148
1676
289
1912
353
3005
361
2741
174
2719
386
2861
298
2880
383
2879
350
2776
235
2744
358
2872
386
2890
368
2797
263
2796
394
1631
367
2232
325
2723
379
2796
127
1523
232
2744
301
2736
364
2753
376
2794
311
2634
295
1338
393
2797
351
2766
378
2696
383
2967
376
2729
373
2989
388
2932
444
1543
393
2769
393
2743
281
2430
388
2757
324
1825
226
2824
369
1997
287
1609
368
2531
366
1659
300
2085
374
1250
421
1793
386
2784
371
2666
355
2731
351
2766
177
2801
261
2824
719
2764
381
2812
368
2920
356
2794
346
2939
190
2829
363
3017
384
2703
379
2793
284
2669
315
2174
261
1873
368
2656
356
1945
344
2799
309
2508
364
2704
388
2849
363
2703
381
2779
366
2461
353
2847
393
2172
356
2799
351
2247
391
2673
368
1940
244
2676
399
2633
369
1850
239
2812
354
2865
369
2603
374
2852
396
2899
403
2684
374
2302
391
2359
378
2303
303
2834
383
2724
360
2641
376
1727
182
2734
366
2649
380
1286
209
1724
329
2506
370
2786
388
2744
399
2501
374
2566
373
1523
376
2671
340
2277
379
2789
376
2781
373
3002
173
2238
290
2809
359
3014
411
2838
356
2387
327
2909
313
1296
349
2234
368
2551
381
2332
386
2892
333
2851
225
1888
367
2843
459
2247
378
2666
376
1390
370
3156
406
2157
391
1724
184
2769
389
2219
394
1878
376
2827
378
1842
250
2846
371
2924
381
2681
401
2731
374
2743
286
1448
161
1323
162
1309
175
2759
335
2642
346
1923
386
2779
361
2401
335
1326
176
1741
205
2992
406
1607
217
2301
381
1830
196
2736
376
1419
183
2764
391
1300
323
2733
275
2706
407
2477
381
2721
204
3062
381
2711
281
2550
378
1316
376
2639
312
1486
375
2003
336
2501
388
1176
160
2873
389
2568
202
1945
373
2746
348
2586
374
1818
386
2637
314
2618
379
2766
341
2167
346
2960
376
2790
371
2817
378
2180
357
2922
353
2774
393
2649
255
3097
401
2777
396
2877
365
2000
241
2654
321
2840
368
2899
311
2769
333
2810
381
2736
371
2821
381
2051
371
2984
395
2769
225
2753
374
2736
361
2642
383
2784
376
2961
323
2860
386
2825
312
2853
371
1460
201
2732
381
2826
366
2774
353
2917
376
2506
266
2939
381
2783
390
3139
368
2764
254
2013
320
2849
419
2724
366
1725
220
2561
399
2488
234
2716
373
2944
384
3192
239
2811
313
2592
269
2729
404
2864
376
2972
319
2797
353
2752
190
1764
259
2652
373
2121
364
2223
257
2724
376
2807
401
2774
163
1881
358
2701
249
1615
225
2211
358
2703
361
2799
391
2881
251
2744
394
1238
378
2864
428
2767
356
2333
307
2746
371
2241
396
2646
388
2922
364
1988
248
2729
351
2907
376
2711
378
2474
198
2824
369
2728
378
2132
426
1911
363
1665
202
2702
388
2523
371
2854
368
2744
436
2874
252
2690
361
2658
346
2257
297
2683
201
1883
381
2811
291
2802
217
2578
371
2884
323
2676
276
2901
354
2814
250
2799
250
2767
317
2819
381
2656
356
2902
384
1900
373
2922
370
2816
371
1769
271
2333
378
2689
386
2183
325
2779
384
2709
373
2872
531
2696
379
2843
393
2917
399
2854
388
2856
328
2351
383
2781
378
2874
287
2109
393
1858
361
2799
351
2142
376
2676
396
2658
349
2767
389
2862
379
2896
366
2987
368
2837
455
2661
299
2606
358
2907
213
2820
371
2618
386
1529
385
2869
373
2742
193
2836
364
2654
376
3022
393
2778
329
2209
424
2857
213
2831
416
2971
381
2967
356
2676
373
1407
354
2731
380
2952
407
34282
393
2098
373
2894
391
2719
371
2819
379
2876
388
2709
378
2752
354
2906
453
2256
309
2704
369
1964
365
2820
361
1813
389
2732
376
3109
371
2618
286
2955
503
3105
277
2586
403
1925
167
2802
379
2704
396
2766
379
2831
351
2801
374
2714
318
2779
370
2947
376
2741
300
1642
381
2667
310
1801
365
2754
373
2273
294
1525
408
2611
373
2967
381
2733
388
2754
391
2899
174
2889
361
2731
387
1348
395
1642
309
2822
398
2716
356
2781
306
2726
279
2238
297
2204
333
2482
381
2691
375
2333
262
2644
371
1309
175
1778
356
2817
389
2924
326
2784
375
2794
369
2819
394
2734
315
3030
398
1402
151
2538
247
2114
388
1883
370
1741
225
2744
254
2752
371
2809
381
3134
401
2568
329
2816
353
1937
214
2654
225
2576
416
1499
158
2849
250
3318
401
2555
378
1865
361
2728
365
3032
411
2806
287
2724
378
2889
287
3082
349
2229
252
2732
378
1796
364
15370
355
1500
361
2574
393
2872
379
2937
391
3090
373
3303
376
1314
204
2746
358
3107
376
2750
334
2786
434
2992
368
3265
363
2671
374
2243
373
3202
219
2656
210
3183
375
2979
153
2864
423
2840
300
2694
287
3017
285
2897
350
2624
373
2979
381
3111
269
1819
222
2780
369
1933
364
3182
389
1325
171
2876
369
2684
411
2741
386
2608
371
2961
279
3445
373
2354
323
2552
394
2541
396
2571
374
3061
385
2797
250
2583
271
2486
299
2618
163
2864
235
2371
247
2741
385
3015
281
2625
183
2957
313
2537
414
2714
220
1666
363
3155
365
2432
297
3087
380
2551
389
3471
351
3208
343
2140
300
1834
378
2766
388
2117
389
3131
199
2227
378
3177
389
3012
226
2303
381
2751
404
2917
354
2774
371
2476
361
2660
383
2371
284
2837
398
1384
376
2774
237
2901
389
2792
389
1397
169
2006
376
2756
368
2980
383
2861
245
3376
209
2709
354
2564
404
2600
350
2611
373
2709
391
3000
365
2583
298
1708
386
1813
222
2892
215
2249
286
2461
332
3112
373
3014
370
2631
403
2842
375
1425
356
2927
378
2483
303
3072
373
2950
373
1594
267
2701
386
2734
371
1504
388
1321
158
2806
394
2344
307
2759
386
2646
349
1982
354
2744
373
2924
282
3283
388
3007
386
3258
194
2751
261
2148
401
1857
418
1439
185
2672
371
2743
333
2666
314
2720
411
2342
366
2321
300
2327
310
2480
379
3231
389
2714
393
3140
386
2791
396
3175
388
3057
313
2022
353
2999
379
2242
374
2429
379
2501
356
3133
399
2636
373
1158
354
2247
275
1871
376
2921
386
2263
295
2756
384
3004
376
1814
398
2991
373
2945
401
2964
371
2819
374
3130
349
3149
381
3288
242
2758
276
2789
359
2506
391
2734
370
2934
391
2402
394
1372
378
1717
397
3192
368
2967
199
3163
383
3165
241
2929
409
2817
396
2690
396
3105
358
2711
272
2854
371
2999
376
2651
356
3160
252
2729
394
2706
349
1349
156
3007
381
2749
453
2929
321
1366
174
2764
399
2835
333
2567
385
1757
390
2456
381
2864
353
2511
403
2365
297
2343
159
3285
386
2489
389
1901
205
2850
359
1303
388
2831
366
2628
373
2146
309
1725
215
2862
222
2485
249
2821
401
2197
367
2769
353
2851
391
2720
371
2623
389
2712
365
2919
328
2609
369
2182
375
2168
266
3027
373
2629
204
2651
407
1310
401
2761
381
2099
395
2348
333
2957
388
2621
360
2693
366
2758
373
2594
393
1284
381
1746
381
2788
351
2367
453
2766
376
3237
314
2041
363
2624
371
2706
226
2831
388
2423
361
2796
340
2462
325
2158
371
2681
428
2799
389
1546
160
1819
209
1286
151
2865
299
2696
284
2618
165
2580
390
1673
236
1626
223
2926
396
2172
361
2643
361
1465
153
2796
358
1981
394
2821
411
2863
356
2592
319
2746
351
2038
366
2546
387
2739
296
2967
353
2281
378
2784
371
1274
355
2026
383
2386
399
2343
378
2777
379
1868
386
1588
195
2268
248
2652
377
1705
371
2872
419
1326
191
2083
388
2664
284
2802
363
2271
294
2597
282
2708
368
1319
393
2839
369
2781
471
1330
153
2684
411
2669
358
2812
351
3062
373
2829
388
1780
386
2706
386
2623
394
1160
393
2991
353
2957
334
1978
216
2132
441
3039
307
2874
298
2489
291
2879
364
2759
359
2714
318
2773
338
3250
369
1326
376
1564
350
1580
193
2613
358
2357
306
2681
381
2042
376
2801
399
2709
353
2786
374
2806
213
2691
384
2738
300
2519
293
2777
200
2786
381
2519
293
2771
398
2384
329
2666
211
2717
388
2369
309
2129
305
2741
378
2759
399
22533
375
2905
340
2600
368
2772
388
3203
356
2751
366
2416
369
2344
398
2661
393
1816
226
2842
368
2693
363
2769
391
2622
393
2694
346
1930
256
2733
373
2744
376
2734
378
2907
445
2664
408
2676
354
2623
361
2704
381
2174
277
2783
262
1630
351
2776
325
2831
386
2719
359
3055
378
3034
351
13767
376
2736
371
2834
375
2565
390
2696
384
2774
358
1988
363
2182
379
2706
321
2806
381
2788
394
2738
219
2711
383
2802
356
2774
366
1645
368
2180
287
2739
381
2579
299
1731
388
2787
336
2696
388
2731
381
2112
301
1705
209
2295
377
2726
381
2971
298
2696
381
2673
391
1954
385
2588
381
2890
266
2737
371
1878
247
3174
374
2431
300
2684
388
2704
388
2899
391
2688
363
1949
381
1832
368
2153
353
2885
376
2970
300
1436
160
2877
404
1260
386
1651
226
2704
387
2281
386
2633
389
2215
151
3320
260
3044
366
2166
386
2495
360
2669
373
2667
389
1570
355
2774
396
2784
368
2811
361
1492
173
1708
387
2657
311
2704
214
2534
289
2875
376
2646
240
2944
365
2985
323
1516
187
2661
391
2865
220
1933
245
3125
384
1447
373
3012
373
3089
316
3540
390
3138
386
3365
353
1643
358
1203
163
1494
371
2586
202
2477
233
2739
386
3139
369
3142
260
1794
351
2086
359
2624
381
2807
384
2479
368
2634
352
2579
356
2493
388
2291
278
2669
303
1421
168
2345
383
2942
351
2662
378
2937
388
2736
204
3015
365
2096
157
1230
174
2280
254
2926
409
3628
391
2302
373
2619
369
2403
388
1449
373
2962
393
1646
302
1944
373
2774
250
2792
369
1594
232
1589
368
2719
351
1544
365
2659
385
3022
353
2927
364
2807
394
1313
394
1384
351
2722
389
1670
358
2839
351
2626
381
2962
391
1317
376
2666
221
2769
391
2734
371
2586
368
2643
360
2982
346
3092
164
2689
365
2737
369
2656
391
2734
394
2653
384
2265
249
1720
361
2325
297
2201
371
2799
380
2794
395
2300
308
2653
356
3142
391
2799
411
2837
439
2771
300
1347
403
2702
378
2604
277
2776
354
2767
378
2821
408
2310
373
1840
235
2744
364
2841
389
2578
350
2396
351
1553
225
2317
379
2757
396
1239
373
2827
380
2716
416
2148
148
2113
391
2789
369
1863
212
2735
347
1255
388
2919
399
3155
330
2796
338
2771
355
1552
383
2854
401
1243
401
1711
138
2738
393
2751
246
2714
373
2300
249
2781
371
2849
388
2756
383
2804
406
2359
356
2714
274
2709
351
2724
341
1558
366
1980
348
2376
351
1775
214
2799
373
1751
207
2825
354
2879
393
2834
379
3177
323
2796
394
2302
364
1218
376
1387
355
1348
165
1696
377
2539
464
2060
366
2757
401
2817
160
2608
407
2837
120
1232
401
2325
355
2809
396
2839
341
2387
453
2711
359
2776
393
1486
428
3396
421
2746
405
2924
421
2912
364
1619
388
2999
364
2736
338
2710
381
1286
272
2704
331
1672
209
2909
358
1658
373
2993
373
2720
381
3232
254
2817
381
2231
381
2272
385
2831
371
2727
401
2776
371
2854
408
2336
281
2772
357
2771
355
3078
387
1577
198
2824
376
1451
168
2776
386
3020
359
2869
466
2771
368
2629
393
2066
366
2821
368
2676
391
2806
378
2656
355
2606
356
2804
391
2644
371
2722
359
2832
361
2744
335
2766
283
2777
383
2704
529
2747
345
2731
401
2736
411
2803
376
2701
381
1257
358
3019
359
2792
377
2614
391
2632
225
1960
309
2954
380
1826
388
2374
378
2362
371
1804
252
2285
381
2630
310
2739
251
2584
299
2911
351
2869
381
2696
369
2215
391
2591
379
2252
299
2618
368
2619
398
1965
365
2837
363
1377
146
2709
376
2694
363
2706
374
1991
369
2714
379
2710
452
1615
240
2782
196
2841
355
2784
357
2822
150
2681
370
2777
388
1996
358
2937
371
2650
329
2947
329
2714
379
1798
160
2142
375
2762
373
2886
393
2686
391
2822
401
2254
363
2211
363
2686
456
2666
371
1636
363
2861
398
2031
350
1947
221
2693
409
2754
202
2176
375
2944
348
2287
409
1869
454
2750
369
2751
371
2604
383
2882
391
2769
371
2776
374
2892
361
2639
360
2505
339
2152
393
2219
300
2302
391
2761
165
3167
363
2907
401
2854
418
2856
376
1874
337
2899
376
2319
325
2375
376
2273
282
1660
371
1388
166
2816
368
2939
406
3135
384
2087
209
1282
160
2468
383
2663
399
2689
232
2914
369
2854
298
2277
371
2822
394
2733
366
2285
276
2196
285
2737
391
2744
391
2252
351
1476
378
2771
391
1229
389
2240
288
2163
329
2121
368
2826
217
2289
205
2914
376
2253
324
2132
381
2709
389
2784
388
2653
394
2454
381
2812
353
2744
476
1614
373
2857
179
1630
199
2405
378
2399
259
2404
391
1854
380
2817
356
2363
358
2252
378
2696
293
2939
459
2772
396
2636
376
1503
160
2614
363
1585
371
1734
370
2674
215
2769
391
2731
373
2596
374
3087
396
2566
390
1462
381
2152
279
2739
373
2939
366
2167
334
2691
338
2673
198
2734
373
2929
388
3075
381
1958
221
1275
401
2204
299
2766
354
2308
409
2849
371
2143
393
1901
429
2746
353
2660
356
2649
317
2777
371
2379
396
2213
331
2123
287
2023
589
1755
370
1668
376
2724
317
1903
397
2915
236
2784
388
2668
376
3000
224
2766
375
2777
368
2712
393
1738
386
2836
448
1624
476
2774
318
2707
348
2063
373
2837
217
2703
316
2899
375
3022
378
2679
359
1914
391
2634
336
2166
366
2653
353
2293
389
2143
264
2658
231
2791
203
2758
363
2844
393
2699
299
2984
240
2622
299
2754
366
2221
359
2365
259
2671
236
2739
355
1694
376
1636
213
1535
376
1912
383
2764
358
2716
383
2997
391
1609
361
2284
406
2746
378
1222
183
2698
424
2764
404
2962
354
2382
371
2422
261
2989
371
1877
318
2794
376
2657
393
2664
369
2839
388
2241
394
2764
371
1679
364
1302
374
1560
393
3080
388
3009
365
2689
371
2716
358
1733
363
2182
297
2964
331
2656
373
1306
181
2869
391
2343
395
2742
331
2781
371
2716
363
2387
408
2822
388
2752
388
2809
368
2367
323
2836
367
2846
366
2210
269
2659
371
2300
374
2006
401
2748
444
2272
333
2095
394
2736
386
3117
375
2744
386
3225
397
1609
206
2696
389
2974
361
2844
377
2747
371
1642
195
1638
383
2213
283
2079
359
2727
356
3144
260
2764
361
1619
217
2736
386
2851
368
2910
341
1684
358
2671
449
2475
303
1588
214
2566
376
2824
364
2693
391
2729
212
2799
413
2624
369
2734
378
2849
391
2721
399
1957
254
2991
459
2734
360
1513
399
2711
426
1608
378
1948
373
2393
287
2271
393
2674
376
2478
206
2682
358
2363
220
2638
351
1592
408
2601
356
1330
356
2854
451
2731
404
1945
388
2301
471
2651
365
2800
358
2961
384
2576
207
2814
363
2914
419
3198
431
1576
341
2215
376
2957
376
2814
348
2817
381
2925
373
2726
394
2764
361
2626
419
1957
421
2937
378
2639
399
2650
361
1974
261
2591
393
2841
323
2834
394
1688
381
1696
222
2705
391
2232
353
2761
320
2904
363
2330
293
2643
373
2407
385
3142
404
2639
393
1248
373
1837
386
2078
441
2817
361
1281
376
2829
381
2884
381
2743
397
2716
374
1922
368
2774
360
2730
376
2651
385
2752
219
2257
294
1497
370
2764
358
2578
340
2897
207
2924
386
2792
222
2779
349
2966
396
2794
346
1224
164
2941
351
2819
378
2849
406
2717
259
2861
368
3017
393
2270
356
2595
368
1258
155
2646
365
2708
373
2897
270
2767
375
2335
361
2120
316
2257
414
2671
223
3027
367
2934
401
2623
298
2395
349
1642
358
2984
394
2172
272
2111
376
1280
224
2531
391
2831
358
2158
233
1284
398
2633
376
2689
341
2598
439
2639
391
2310
373
2152
356
2169
317
2769
391
2341
351
3073
393
2788
386
2732
393
2779
279
2754
375
2556
332
2194
365
2739
376
2909
396
2109
391
2881
386
2824
386
2751
406
2563
403
1695
225
2833
381
2151
388
2475
350
2712
459
2382
366
2062
363
2266
316
2889
286
2313
416
2726
358
2686
383
2583
413
2709
353
2979
378
2182
406
2651
381
1910
396
2771
378
2056
207
2764
369
2849
396
3002
378
2824
276
2706
300
2801
206
2604
290
2011
261
1998
393
1636
398
2771
393
2336
378
2045
358
2678
180
2234
391
2779
368
2884
333
1253
358
2975
366
2782
408
1356
368
2977
371
2892
361
2719
376
2782
257
2297
386
2351
177
2633
375
2811
376
2842
401
3117
291
2830
391
2656
433
2761
380
2330
330
1999
374
1526
346
1605
234
2679
209
2197
301
2335
363
1573
149
2171
316
2443
408
2628
366
2746
305
3250
371
2280
289
2335
355
2778
353
2708
378
2648
321
2909
381
1544
368
1377
168
2034
376
3005
364
1872
418
2904
378
2774
399
2309
323
2683
368
2781
391
2754
378
1595
190
3055
381
1790
326
2270
315
2622
264
1659
411
2822
391
2020
378
2784
399
3031
371
2751
364
2182
406
2814
354
2924
353
2641
375
2818
404
2282
433
2644
368
1796
373
1567
218
2266
360
2819
368
2987
394
2325
356
2819
416
2750
358
2877
356
3072
436
3037
454
2658
365
2679
359
2846
366
3027
376
2249
345
1578
213
1697
233
2972
364
1358
186
1413
203
1449
268
1580
182
