371
279
321
326
259
295
197
187
341
310
351
341
258
298
358
339
311
311
281
299
331
296
316
321
306
174
325
300
326
320
262
209
406
299
310
339
203
325
299
308
272
238
345
298
194
333
330
310
399
311
296
187
389
316
210
144
330
144
466
311
343
313
300
329
337
238
351
311
205
188
244
165
206
168
351
192
220
153
442
251
349
218
324
313
326
301
310
295
344
311
272
310
274
310
264
287
281
255
239
313
114
158
181
138
279
249
389
313
343
291
304
303
369
304
230
326
281
326
398
237
370
178
293
301
302
212
426
325
469
264
308
321
200
142
240
200
315
325
272
275
257
256
351
313
341
310
194
114
188
118
346
313
269
226
157
166
252
310
275
311
232
304
333
207
213
169
326
174
283
275
496
286
269
224
492
276
351
281
326
311
331
263
676
171
212
144
378
313
353
323
235
209
325
328
257
318
430
311
368
275
175
125
313
319
217
328
303
298
299
337
480
190
315
296
323
216
233
176
291
259
255
313
323
160
313
310
536
238
284
206
394
333
401
311
265
311
313
331
328
310
278
338
286
182
316
328
288
298
353
171
328
323
315
333
371
324
282
262
273
311
350
313
308
310
323
252
542
255
313
314
366
311
684
311
285
258
323
298
361
324
272
323
311
323
187
258
335
349
356
337
239
298
318
149
321
239
353
351
333
286
323
228
288
201
319
326
281
313
371
285
272
275
368
301
345
237
601
324
253
300
314
325
313
288
405
285
200
311
345
171
363
311
360
348
313
311
326
321
349
296
302
191
188
313
356
313
328
325
320
313
320
202
391
314
266
218
300
328
321
325
331
294
226
320
310
298
326
326
333
206
328
310
399
311
325
276
351
310
234
298
341
311
338
310
333
311
333
341
231
351
353
233
291
200
328
325
349
285
303
226
363
263
258
326
324
300
294
258
358
311
689
313
633
181
517
339
309
249
310
281
292
306
261
329
300
284
476
310
353
178
343
306
368
326
292
237
335
323
318
138
349
306
336
217
226
171
244
325
293
274
277
327
213
193
316
311
220
313
309
283
263
225
343
324
269
228
205
129
173
134
405
313
300
311
326
336
249
325
202
298
301
311
248
334
260
217
394
320
220
207
351
251
373
328
242
155
282
209
311
281
235
296
321
178
324
325
373
246
401
310
242
206
458
313
321
339
358
293
222
308
287
283
288
326
341
326
237
324
234
296
268
293
547
311
306
336
360
226
308
346
255
324
371
308
335
311
326
326
259
323
321
311
344
311
313
325
315
326
328
313
298
326
232
253
228
261
266
140
319
300
313
314
314
251
168
298
356
304
316
301
288
310
337
209
316
326
222
323
221
326
346
338
344
222
300
299
303
321
303
196
306
311
323
311
334
310
179
326
309
300
266
201
305
298
342
313
269
300
250
167
424
297
303
209
296
310
343
261
343
314
391
313
290
198
349
330
314
326
244
311
369
326
303
296
512
301
364
169
561
313
280
311
376
175
303
325
214
308
457
298
288
339
315
310
222
170
306
299
232
313
251
217
351
326
341
298
263
239
255
329
226
314
353
161
334
249
333
209
373
313
197
324
261
257
303
334
326
233
286
338
296
299
245
313
231
308
244
272
339
245
401
311
378
313
282
290
180
154
292
237
346
328
345
310
262
259
490
249
300
298
306
293
519
249
356
262
365
311
383
311
251
314
383
313
306
326
307
302
286
311
213
299
370
313
317
169
327
298
209
296
309
311
180
296
328
145
209
311
371
296
308
301
333
192
328
328
316
351
253
326
416
279
315
311
356
323
225
195
323
311
291
313
381
313
298
225
301
316
333
326
341
299
351
169
303
311
351
295
351
331
312
310
316
250
504
324
318
277
287
318
340
311
264
311
329
311
341
293
281
266
299
313
281
261
346
166
383
315
286
296
354
301
328
296
300
267
374
311
271
311
251
264
350
177
306
310
226
211
387
311
249
200
253
298
328
314
346
194
328
253
295
328
341
310
312
243
376
251
290
311
344
313
181
316
524
343
353
318
374
330
273
284
183
311
237
314
321
323
265
201
293
241
373
310
293
311
228
193
366
311
188
170
353
291
326
325
314
311
322
255
318
311
246
296
326
333
283
288
336
240
321
249
200
323
338
326
311
285
191
176
338
293
436
298
315
313
278
299
346
163
256
336
200
305
185
165
366
311
354
333
184
169
165
143
180
141
444
309
289
321
324
330
330
310
313
326
170
119
263
259
388
311
286
285
333
303
272
311
220
197
200
129
227
139
370
314
339
311
316
279
366
145
324
323
256
333
293
298
348
310
277
341
339
246
426
310
274
192
336
313
290
303
354
308
289
313
323
333
166
148
240
199
336
313
344
321
361
266
388
311
238
222
409
356
328
191
613
326
205
177
336
300
183
135
388
321
323
329
311
313
313
339
320
326
202
192
360
311
224
257
356
271
365
311
323
311
332
258
237
326
316
303
336
238
249
306
389
252
262
326
299
310
378
311
366
313
245
324
375
313
207
173
356
311
371
311
219
213
383
208
373
311
338
321
272
311
419
338
336
258
320
264
413
164
335
295
192
175
198
300
358
311
310
156
333
171
301
209
328
323
364
310
313
321
351
314
281
235
368
178
311
128
355
298
298
183
358
313
290
314
308
271
181
299
306
311
315
138
340
223
348
313
338
217
308
326
354
313
333
226
363
311
293
199
438
311
332
273
349
336
320
299
338
331
379
225
311
311
307
183
343
242
313
323
351
311
358
310
212
311
350
276
331
297
308
246
316
299
293
303
359
323
369
276
344
326
291
295
192
300
290
218
163
147
279
265
331
207
283
265
313
209
311
314
343
206
340
329
283
310
611
311
319
327
348
311
299
303
354
231
320
333
326
310
333
208
238
207
323
216
346
326
313
295
296
274
353
336
315
292
349
326
272
313
383
310
164
323
328
311
293
323
313
318
167
311
359
311
331
226
331
294
406
323
394
324
167
132
320
309
359
314
367
237
314
207
391
276
221
323
341
137
329
311
351
300
303
227
300
311
300
300
293
299
371
311
234
326
401
326
358
254
333
310
366
253
341
308
368
323
361
313
239
218
316
302
311
361
277
287
285
251
313
218
326
318
338
321
338
313
177
298
293
326
242
329
200
336
336
168
284
310
221
187
309
187
341
341
313
296
341
263
197
298
251
225
301
323
323
160
404
325
323
224
316
301
375
145
211
261
356
331
403
310
351
261
303
169
314
178
214
170
328
185
306
334
180
299
305
321
351
299
180
321
383
318
240
201
348
326
414
323
398
335
263
363
441
306
371
217
296
296
366
311
313
275
219
314
258
326
247
298
316
341
351
313
210
130
363
313
504
297
307
292
404
313
266
334
311
331
163
216
213
326
326
221
398
250
301
297
373
310
309
204
506
238
304
263
206
187
294
296
344
144
378
259
373
281
288
316
253
226
311
356
205
326
326
314
326
250
258
148
313
313
333
276
327
328
313
321
323
333
306
324
267
249
248
313
274
298
592
325
223
245
271
313
288
296
396
333
194
175
335
246
340
311
295
309
326
198
366
295
298
136
323
253
326
296
201
261
303
252
268
207
182
127
335
205
338
313
291
310
328
136
489
244
340
301
375
306
353
311
321
314
278
283
328
323
291
281
328
262
172
324
554
340
316
248
126
238
202
326
303
200
188
107
232
183
311
323
222
311
332
268
215
313
321
326
408
318
308
315
349
323
304
311
338
178
323
293
157
201
350
132
267
326
341
346
338
298
245
224
237
321
191
311
298
136
356
298
311
174
297
323
270
242
175
273
304
298
364
184
331
262
209
301
279
311
662
296
337
311
306
331
391
271
302
319
272
299
308
298
229
291
271
228
237
178
354
186
323
328
333
326
227
330
293
329
240
303
313
296
270
308
303
308
320
303
244
301
171
356
341
324
106
138
243
313
167
253
343
136
258
227
266
225
376
278
331
288
338
268
580
313
331
313
243
313
345
321
145
209
326
320
246
313
308
311
356
313
374
281
187
154
252
325
351
325
342
334
308
299
355
331
179
140
327
316
384
326
296
295
311
291
336
339
313
314
326
326
346
224
331
326
319
316
343
213
328
326
376
310
311
153
366
325
269
315
323
267
314
313
316
334
343
325
239
287
341
313
262
310
181
197
303
326
326
318
315
281
335
308
244
279
331
240
228
298
398
295
301
310
316
240
334
268
361
239
371
277
298
328
320
305
200
311
339
317
335
321
281
287
309
280
453
178
189
167
394
313
316
295
325
323
315
263
310
296
564
318
326
326
245
235
296
304
378
328
323
325
371
329
193
310
201
186
385
314
311
326
160
275
351
318
318
264
373
313
346
310
201
293
371
310
314
178
276
323
274
296
351
294
291
273
177
137
383
196
182
323
357
336
423
318
251
213
239
290
294
207
308
327
311
333
300
296
335
308
179
177
323
261
301
311
343
237
348
301
343
298
346
324
349
313
320
313
326
336
351
336
187
134
259
295
426
206
333
263
356
313
289
261
376
295
301
334
335
285
331
259
227
170
326
310
351
328
292
314
301
326
273
294
282
325
243
311
338
296
339
311
373
321
361
218
331
298
350
313
311
259
416
311
368
311
347
326
205
296
335
263
242
338
307
326
290
299
269
210
310
313
357
313
357
229
341
251
313
246
358
288
338
137
153
123
255
234
243
326
235
222
265
217
271
320
358
300
235
186
366
324
231
298
589
159
346
192
315
279
348
283
328
326
279
313
325
326
359
293
324
238
348
311
353
313
279
144
361
319
333
311
193
326
373
246
311
301
358
258
351
313
313
323
243
328
405
296
169
301
383
319
293
296
363
226
278
314
293
308
331
311
321
336
315
298
297
273
248
326
356
346
183
94
323
251
177
96
305
185
336
331
218
308
288
298
308
181
289
313
370
313
421
260
253
301
331
335
329
196
293
192
191
320
336
310
299
325
341
338
242
300
260
246
313
184
293
326
238
217
321
310
307
299
333
328
336
199
335
311
232
311
313
206
454
263
313
246
311
325
496
303
316
174
314
316
282
233
353
276
511
311
208
224
305
326
346
326
188
157
336
310
369
323
341
311
336
301
336
311
314
310
304
215
364
321
376
301
287
328
318
313
328
314
343
314
386
344
326
313
279
298
371
233
276
163
365
326
551
326
262
311
321
325
339
313
321
326
268
272
346
321
406
311
409
323
233
311
259
328
157
334
329
295
538
288
325
326
335
328
201
326
318
313
310
318
313
262
346
315
331
326
202
338
318
262
343
325
301
229
338
299
321
299
361
306
326
321
355
323
303
323
328
223
398
134
315
323
356
329
331
327
286
300
328
326
329
298
211
311
221
323
327
313
317
326
385
272
358
311
200
313
321
252
347
226
340
313
274
295
294
250
333
311
269
148
333
326
331
252
315
311
318
228
353
318
323
326
264
250
340
348
314
216
369
311
378
298
321
337
329
311
331
269
364
258
287
165
275
239
301
318
201
311
294
251
377
311
352
326
293
340
326
274
361
301
370
299
328
298
318
262
279
311
335
297
359
348
237
233
245
311
258
313
280
199
212
313
247
298
271
311
366
246
306
257
164
293
341
295
336
308
214
170
269
323
267
316
308
323
339
206
326
328
258
306
327
318
344
298
251
269
333
298
361
311
327
201
348
157
324
334
296
134
335
316
325
335
330
311
306
323
323
314
109
147
270
378
133
329
200
326
304
262
338
311
283
301
320
299
321
298
317
323
331
310
317
248
316
326
306
326
361
311
329
318
326
216
269
239
373
318
346
167
253
315
325
336
227
326
371
311
164
238
338
334
328
324
196
151
269
321
343
313
386
311
223
311
381
313
311
299
255
248
212
304
191
145
285
271
323
315
279
160
313
336
323
298
267
249
281
158
383
226
311
295
353
276
304
142
215
144
291
311
206
175
318
257
222
171
214
166
321
323
182
325
336
225
193
326
272
310
263
230
297
268
379
311
245
187
215
166
299
285
373
132
389
311
315
296
277
259
326
318
264
279
223
320
281
313
321
311
213
295
298
310
260
328
321
323
181
192
291
186
320
311
297
298
267
311
351
311
338
310
325
268
685
296
345
323
382
160
286
311
397
313
331
293
351
200
273
311
320
326
307
325
315
327
313
245
341
134
267
314
264
328
363
79
240
313
323
319
331
300
291
174
324
334
534
136
330
313
301
129
547
276
188
192
346
311
500
311
263
241
319
328
336
187
448
326
344
226
356
177
349
270
341
310
368
319
271
227
356
321
333
318
271
249
333
305
349
298
344
210
336
329
222
313
348
267
366
340
333
326
340
323
449
318
361
313
285
108
366
321
321
298
262
296
341
213
216
235
199
343
360
323
361
326
366
321
328
262
161
295
288
260
175
162
295
298
331
333
260
315
336
328
323
263
221
225
421
275
348
336
341
311
321
263
346
330
335
294
331
311
301
323
353
324
349
314
277
215
276
326
238
334
373
311
333
301
335
313
310
301
353
313
326
310
222
311
413
315
320
311
195
296
291
323
333
251
363
319
341
311
203
298
303
179
220
325
376
311
373
280
394
311
323
329
293
278
335
311
316
336
344
311
227
326
373
301
259
276
231
326
319
227
321
249
431
263
241
295
333
326
318
313
311
313
264
253
325
253
270
264
326
319
291
310
363
298
326
126
250
179
293
295
404
326
315
186
303
339
345
326
255
209
236
328
210
323
225
223
331
113
348
311
254
313
144
137
384
199
345
268
313
311
338
325
308
298
328
299
395
313
351
329
246
142
313
290
321
313
423
333
353
226
386
323
381
298
399
296
271
313
278
222
381
310
349
298
313
298
364
311
346
311
254
262
291
199
294
310
311
325
274
307
351
311
280
326
210
293
215
295
278
336
207
138
309
337
323
291
294
301
343
311
333
298
298
194
336
310
361
298
293
220
378
311
526
175
321
311
351
311
234
311
213
164
283
313
285
298
268
244
333
260
206
172
466
138
234
306
326
326
619
311
314
195
361
296
289
193
517
311
378
311
366
323
310
262
336
313
260
316
305
296
361
323
354
310
328
298
348
263
619
313
232
291
351
236
316
260
254
299
344
310
353
326
356
310
302
311
331
231
323
315
391
311
321
240
259
311
324
296
333
313
338
305
282
159
306
131
183
285
416
358
326
318
268
248
315
311
337
369
305
198
201
326
344
313
361
170
330
331
306
298
319
313
355
186
296
198
234
323
320
313
488
296
326
279
359
311
302
311
359
311
323
240
434
326
334
339
314
311
314
296
300
313
338
326
350
183
348
311
369
321
376
176
381
323
299
205
309
339
461
314
317
241
235
291
353
371
331
268
310
326
330
323
361
310
309
309
353
301
346
298
325
326
299
308
326
333
388
163
361
326
281
298
263
212
315
241
314
321
394
264
207
134
204
305
386
296
313
217
335
209
172
310
267
299
308
308
228
183
218
179
211
165
349
311
326
310
333
274
355
314
331
286
311
243
185
300
329
337
320
236
316
311
401
310
629
171
354
269
394
311
321
308
270
300
421
341
331
256
273
273
373
343
416
303
418
326
341
296
206
301
345
298
328
331
325
299
268
210
345
330
346
326
313
301
338
311
182
326
355
298
308
311
539
313
295
296
295
303
405
311
185
326
308
311
346
344
237
310
343
239
272
227
360
336
221
181
348
320
331
194
336
246
369
313
369
319
338
277
553
182
266
313
301
311
351
199
250
313
333
326
298
165
283
298
335
297
246
314
351
310
364
150
287
178
291
298
325
273
270
326
270
313
354
209
351
299
278
325
379
159
344
310
250
323
423
324
358
301
346
150
276
318
263
311
316
162
309
250
268
235
373
230
418
311
306
325
325
298
329
329
248
336
385
313
359
311
268
314
320
296
250
208
323
348
318
279
202
190
328
313
221
197
307
306
338
311
350
278
275
300
378
226
309
333
379
338
268
327
219
297
293
226
297
310
353
313
289
183
269
318
296
311
336
311
341
225
306
329
361
319
279
238
343
350
268
311
236
298
343
298
389
310
359
276
321
251
328
331
368
246
366
311
266
158
351
310
326
231
286
210
348
278
287
306
342
313
373
329
336
313
230
259
273
326
283
328
343
328
356
285
254
235
326
323
343
311
268
295
308
237
306
323
375
249
299
320
161
135
235
313
355
311
301
298
229
299
401
293
323
262
334
275
328
311
321
313
306
311
381
209
315
261
329
319
350
326
334
290
333
358
309
323
343
314
348
323
257
311
817
313
329
274
250
326
631
308
185
131
283
303
300
313
281
311
295
306
255
298
346
298
366
200
365
274
398
261
441
313
348
244
345
192
291
339
175
127
338
296
338
321
263
306
306
311
331
311
155
298
416
155
245
303
318
313
371
275
330
329
335
320
338
186
259
210
281
323
299
318
230
180
478
329
326
248
310
310
567
331
395
293
285
129
333
276
270
325
202
184
281
316
289
310
219
311
319
297
331
314
364
323
224
313
336
246
308
272
301
333
411
351
263
323
311
227
319
232
348
298
331
320
324
238
268
327
313
300
378
328
341
178
308
300
343
321
333
310
320
310
279
326
365
318
326
298
329
108
281
311
308
311
219
267
391
311
232
291
316
298
310
202
277
198
289
341
349
318
334
211
359
316
174
228
341
310
272
222
348
283
361
311
212
277
336
236
378
311
164
298
310
179
321
329
319
318
309
271
326
311
385
313
313
325
311
311
361
311
303
262
353
278
319
325
331
177
266
179
227
192
331
319
294
313
357
310
375
311
540
217
197
309
215
170
231
296
323
289
319
333
333
311
290
323
346
311
358
309
187
329
326
296
338
328
302
262
353
298
337
189
275
313
295
311
350
319
329
351
333
316
355
162
334
147
268
128
331
326
331
327
278
226
575
335
336
261
254
323
208
185
328
274
323
228
285
329
272
262
344
319
343
235
288
229
343
320
212
323
215
311
357
311
331
303
306
334
180
326
313
325
331
335
296
333
434
195
167
343
239
328
296
336
288
326
323
311
237
304
342
320
324
326
333
323
318
311
270
327
311
328
296
313
318
201
297
177
300
329
301
274
313
311
313
298
267
227
386
336
261
197
353
311
217
154
208
158
376
158
