323
323
361
275
350
298
361
336
228
311
269
160
307
311
306
247
241
316
328
204
383
191
256
242
339
184
556
160
175
297
185
311
353
298
326
306
338
310
246
298
274
295
254
298
343
341
359
275
328
299
246
336
314
313
255
166
354
183
309
330
306
296
315
311
306
276
300
314
358
328
333
311
321
323
275
324
247
160
173
194
368
162
242
326
309
341
323
311
333
170
274
315
320
168
338
326
245
311
358
276
192
143
178
120
434
237
330
326
456
283
363
295
283
323
336
314
363
266
225
278
333
323
311
336
353
248
298
323
344
310
264
297
346
296
331
296
358
313
378
230
351
321
368
311
242
185
248
165
346
150
321
290
265
298
326
130
283
326
270
311
370
317
318
295
315
159
331
167
201
197
321
311
221
201
302
326
261
326
376
338
205
303
350
323
329
195
234
204
323
321
328
170
386
331
326
225
351
324
358
311
244
174
348
299
292
287
266
298
448
321
328
313
327
228
316
311
331
288
149
311
318
320
378
310
436
311
293
313
216
311
350
293
371
325
295
328
330
311
314
298
183
142
227
172
408
281
358
328
212
311
355
313
419
133
304
316
482
170
314
306
304
310
280
313
328
295
436
314
323
298
379
309
354
310
203
325
264
313
275
334
309
331
311
326
351
348
358
311
233
301
251
298
314
172
313
341
261
268
252
304
309
229
209
232
436
339
316
341
371
183
280
262
345
310
223
176
356
333
379
311
333
301
324
305
363
310
369
311
194
251
331
310
417
331
225
193
240
232
350
325
305
311
212
316
330
310
358
323
334
313
226
318
239
248
353
321
285
180
333
311
373
314
295
323
290
328
542
325
336
314
217
331
388
310
316
301
596
333
232
183
291
306
279
222
311
298
244
126
306
321
290
300
321
311
306
251
388
313
344
208
341
226
224
326
358
301
325
303
243
197
338
311
415
323
504
336
306
336
298
298
348
305
348
313
295
274
340
296
319
314
344
311
313
319
369
326
180
338
254
313
313
324
306
338
237
311
269
333
336
333
222
323
179
192
273
339
338
311
344
313
253
310
325
329
323
298
336
328
296
253
601
313
303
298
328
313
336
296
329
310
313
325
336
353
237
341
249
326
258
311
181
323
391
311
365
321
229
313
326
296
204
156
340
328
346
313
270
294
293
257
213
321
216
227
334
301
386
323
258
326
328
239
261
311
218
311
218
320
299
326
181
323
321
326
343
262
351
216
253
321
353
310
356
313
240
205
333
319
354
298
265
311
346
301
373
213
335
213
301
297
349
311
353
237
167
311
208
171
256
326
268
328
247
326
336
311
178
311
385
321
321
321
358
269
207
336
353
298
234
237
346
313
319
336
257
313
331
326
326
303
255
315
341
296
344
298
328
313
297
311
296
182
196
311
274
326
331
328
363
153
344
333
262
235
323
311
344
323
262
296
296
298
344
313
368
341
326
311
381
366
351
314
365
329
332
311
494
339
296
326
242
311
234
128
242
314
331
326
279
262
262
226
398
325
358
296
290
226
217
169
349
313
360
313
323
311
257
228
264
237
250
296
356
325
306
336
351
211
328
329
184
311
351
311
251
225
346
313
272
339
341
310
368
255
325
298
296
340
376
250
371
306
293
305
367
298
164
301
303
237
340
295
390
174
282
215
359
263
247
326
353
280
239
310
257
311
198
298
313
326
208
208
411
298
305
301
346
336
318
310
279
329
278
294
299
179
319
243
301
343
338
311
205
167
355
167
196
323
336
316
300
237
314
326
331
311
306
288
380
351
373
303
277
310
321
311
299
301
373
311
373
313
344
318
318
235
306
311
268
318
321
325
496
311
285
343
373
232
268
298
318
339
287
274
350
303
323
313
375
310
301
313
280
230
361
209
344
263
350
260
166
248
328
196
316
153
176
120
336
323
321
309
293
250
313
262
371
288
315
348
457
325
366
326
311
301
318
306
229
197
301
298
388
311
336
310
354
220
323
226
313
296
303
306
363
340
321
250
286
237
686
314
355
266
481
313
239
189
345
178
308
305
358
311
371
209
341
191
303
303
172
142
375
273
154
107
272
311
303
344
413
285
353
298
626
341
308
318
341
335
259
313
238
295
454
268
509
262
205
311
241
324
313
311
216
210
216
346
200
176
348
299
359
331
238
264
310
313
293
295
328
323
341
125
286
170
246
151
291
298
127
174
182
138
159
98
331
326
318
240
273
366
334
326
214
326
170
176
329
249
346
326
339
214
386
253
398
313
194
149
183
165
174
149
396
298
307
313
371
229
336
326
311
274
348
310
196
299
336
256
386
318
394
266
329
315
378
216
418
311
291
288
309
300
341
325
265
239
351
348
333
323
336
308
399
313
278
311
304
326
346
207
343
316
331
314
356
326
285
274
271
311
391
313
328
348
231
323
569
298
323
310
331
230
374
194
225
161
326
311
404
334
252
326
304
208
299
295
325
224
326
291
246
246
434
325
348
301
348
291
344
262
348
353
234
262
406
321
333
328
173
168
326
311
334
311
257
237
315
313
454
311
384
243
316
313
266
265
305
298
368
293
276
249
373
331
208
187
305
311
351
321
316
311
356
320
261
225
356
341
310
301
346
325
257
198
346
215
306
271
346
275
234
326
316
296
397
298
323
325
331
339
321
239
259
171
436
126
216
326
353
318
303
228
406
313
201
313
323
314
335
281
306
299
297
333
255
303
374
323
351
276
296
311
366
199
351
321
182
313
254
313
309
338
353
318
305
187
328
288
359
334
328
311
236
237
293
299
291
154
387
339
298
206
368
323
305
308
339
169
336
308
162
326
301
249
285
300
265
310
315
281
226
311
313
286
374
280
461
237
418
264
426
311
311
244
393
310
363
336
241
264
300
326
365
316
316
258
323
271
313
323
149
296
261
311
288
226
385
323
338
323
329
324
352
244
335
336
328
326
406
311
303
24095
329
318
305
311
328
298
183
343
315
209
348
249
256
249
324
226
326
325
306
238
458
326
306
241
321
331
313
339
376
215
262
326
445
311
394
191
386
249
321
330
271
313
331
311
346
263
311
313
378
207
266
341
318
354
346
339
296
260
355
356
273
311
376
244
363
311
289
258
313
300
414
298
333
321
433
271
296
296
356
309
291
250
306
311
321
177
263
313
228
321
263
210
344
310
301
311
338
214
296
311
361
188
303
326
343
298
378
314
295
315
409
339
363
321
351
296
375
326
351
230
343
264
388
314
356
308
347
314
407
298
212
298
195
308
349
179
375
311
319
339
318
328
363
313
162
336
378
324
260
303
300
298
286
298
175
133
313
299
233
265
339
314
379
300
439
318
336
313
210
295
326
326
235
292
235
234
177
200
311
235
219
298
344
311
286
220
317
217
323
311
264
239
413
298
356
298
333
316
427
206
341
326
351
311
233
202
343
329
224
160
376
215
255
223
354
313
343
192
319
318
324
323
316
311
230
190
286
298
338
313
366
163
252
311
230
248
358
318
326
340
313
301
306
306
265
250
349
325
240
326
167
311
551
325
349
301
266
242
375
226
269
325
214
310
351
311
401
156
386
323
293
298
275
170
330
313
291
175
237
184
220
323
253
256
256
311
193
311
308
296
305
298
269
292
348
250
309
280
313
326
370
285
300
321
256
210
335
313
434
311
340
320
346
242
346
308
291
193
326
296
361
301
333
311
393
310
200
167
494
330
330
293
298
295
273
94
356
233
301
321
319
335
345
334
351
311
303
181
247
143
594
318
195
159
320
336
338
246
196
157
196
128
287
328
306
326
245
311
261
289
251
311
206
157
339
313
349
311
368
265
341
218
317
249
313
295
346
313
611
326
315
310
249
226
295
308
326
300
365
310
279
329
323
325
391
283
281
221
326
311
210
170
263
228
356
130
297
207
319
336
276
283
263
232
304
231
501
310
338
209
340
137
311
336
353
276
330
278
231
311
241
298
232
153
323
199
279
311
346
310
306
300
371
313
298
228
173
318
288
235
230
250
271
298
158
314
240
301
341
311
356
311
325
311
295
271
351
331
301
171
349
313
301
326
300
288
339
260
394
326
338
250
191
177
366
239
339
329
300
209
354
257
305
208
328
310
379
413
494
324
235
248
339
311
254
311
204
326
338
262
254
226
257
313
243
311
147
323
283
283
214
199
266
325
258
251
265
326
311
311
351
338
183
125
256
311
345
226
445
296
314
205
343
283
229
264
255
311
328
333
329
184
259
293
366
313
339
311
219
249
319
314
416
325
250
233
300
316
308
326
307
298
334
336
215
323
323
341
243
225
321
336
200
316
318
311
321
230
239
248
303
318
314
321
269
237
325
296
330
243
383
210
338
310
257
209
174
172
304
328
282
225
282
269
221
245
419
264
328
354
306
320
301
315
306
326
338
185
315
209
391
325
338
324
195
165
515
231
245
218
321
298
301
209
288
313
300
253
296
341
303
231
291
310
313
296
274
262
366
216
282
298
301
303
222
222
386
299
369
291
365
304
351
298
366
326
344
311
347
341
237
278
371
296
333
215
320
155
318
356
281
328
242
197
312
325
339
313
329
316
366
334
334
326
358
329
351
296
355
321
386
338
282
318
202
234
308
310
244
230
341
326
381
311
293
333
196
112
280
327
682
313
357
248
330
185
151
293
369
311
317
326
393
161
336
301
389
311
191
88
317
138
293
226
313
268
363
234
252
319
334
306
243
185
351
281
333
212
326
311
217
196
242
311
303
199
358
326
344
323
253
313
334
263
354
310
241
314
263
270
306
325
385
323
226
226
240
323
330
314
295
269
313
311
364
197
373
225
226
325
343
326
231
316
382
226
333
236
306
303
303
291
195
125
246
237
253
272
329
249
356
311
308
249
270
307
374
313
273
150
353
142
270
325
313
298
377
292
290
298
340
310
327
303
297
251
303
261
336
311
296
229
229
149
267
320
348
136
246
178
271
239
281
260
303
301
343
243
257
324
344
291
346
208
341
313
424
324
361
200
333
339
342
308
307
263
343
321
333
302
276
271
328
313
331
325
267
324
344
323
253
153
214
295
291
263
346
311
363
233
369
303
177
326
275
310
275
313
416
346
630
326
318
273
366
298
341
311
176
310
333
288
336
298
348
326
308
320
241
311
234
315
379
311
388
294
298
273
308
311
359
324
291
305
318
284
348
252
326
258
318
178
385
323
253
295
307
311
316
326
426
298
217
284
339
326
233
298
317
264
324
316
316
208
326
357
325
304
348
266
274
316
228
329
348
303
323
318
271
324
316
316
336
286
300
324
368
300
333
339
324
324
368
316
216
326
293
298
331
251
333
296
250
245
233
328
323
334
323
306
330
313
384
217
249
343
349
295
364
311
336
216
360
333
345
318
308
330
291
361
401
301
215
189
363
311
292
248
343
205
318
323
348
296
521
309
319
183
345
310
350
297
303
261
273
325
201
135
348
321
286
328
358
324
360
313
358
313
327
325
250
192
189
295
264
181
521
325
316
326
176
108
348
194
281
313
388
301
301
244
368
311
251
324
319
339
401
236
326
326
336
323
388
241
340
328
346
320
353
311
198
188
651
326
366
327
371
220
288
240
353
311
256
321
293
311
292
179
265
225
245
273
333
311
305
311
198
310
293
326
358
280
292
321
408
240
316
230
222
311
221
298
290
125
280
301
356
299
231
173
226
185
344
268
306
237
265
237
288
326
228
311
255
338
371
325
306
197
308
298
293
340
330
306
341
254
336
298
298
330
211
295
208
149
316
251
266
243
373
283
298
310
289
298
351
310
263
313
205
299
311
305
274
301
331
298
159
325
339
291
262
323
333
310
310
176
307
198
299
276
186
325
363
301
321
237
308
311
330
244
293
226
289
311
366
298
223
146
311
321
386
316
264
315
185
152
331
325
325
260
269
272
324
183
239
228
403
325
302
179
351
321
296
246
293
298
358
315
331
116
330
259
287
305
338
313
476
323
241
235
368
310
212
313
331
313
404
311
212
176
272
311
378
321
356
338
217
311
347
318
330
294
379
276
323
326
334
311
276
251
306
318
293
203
195
135
313
326
255
310
395
323
267
326
397
339
353
240
325
286
303
306
334
289
340
293
300
170
346
316
311
306
229
111
306
326
368
338
200
331
202
338
389
310
220
171
255
226
247
143
349
311
358
323
336
298
583
310
404
310
343
311
327
124
245
310
349
178
302
270
303
146
198
148
247
256
227
232
481
246
338
311
308
339
403
217
348
187
165
298
326
206
343
334
264
311
371
311
260
333
308
291
336
331
281
314
274
197
370
228
202
192
363
318
248
328
329
311
366
315
269
202
330
309
321
313
329
314
249
361
310
248
291
298
187
313
316
141
311
326
349
226
314
289
364
298
371
226
366
237
199
316
336
314
224
311
199
321
375
314
356
326
315
283
281
325
328
247
356
311
248
252
316
288
321
333
308
311
306
298
457
323
316
325
328
219
336
314
406
334
301
221
396
226
378
351
353
326
366
233
193
310
380
314
359
313
303
314
206
316
293
231
306
271
313
329
298
295
376
311
331
309
316
328
438
325
411
303
346
298
333
303
330
310
303
310
288
301
349
326
323
153
314
326
323
218
333
310
637
324
290
298
308
310
255
298
246
278
354
311
216
157
331
288
353
132
338
274
351
160
241
336
161
311
343
331
258
226
266
285
280
201
379
299
236
189
269
313
329
281
346
311
306
299
310
320
195
162
267
306
291
311
303
311
426
247
233
279
171
132
271
262
363
296
303
256
311
298
383
250
313
299
224
318
290
341
334
323
388
313
343
328
310
293
334
301
341
335
160
114
306
310
346
311
346
321
336
330
269
170
352
326
311
311
379
310
262
311
401
209
247
313
341
151
299
186
286
316
262
166
338
346
233
231
333
196
321
331
351
296
257
298
331
191
274
171
396
311
331
311
250
263
401
208
288
264
305
323
299
138
353
310
213
258
333
216
252
154
303
272
245
197
212
165
351
326
318
313
190
323
296
321
363
313
336
311
313
323
343
309
427
141
353
306
344
328
353
313
306
261
433
321
406
250
284
306
361
316
385
311
282
249
239
311
356
190
371
313
371
333
277
299
328
333
346
311
371
293
210
170
301
299
331
401
193
217
172
296
503
297
358
231
266
174
441
298
459
160
280
244
343
140
383
313
356
288
298
313
232
170
262
310
390
313
323
246
294
251
350
310
262
313
200
148
291
215
266
298
373
310
323
276
374
323
339
310
191
313
374
213
383
311
192
196
316
264
393
288
381
313
311
243
310
326
203
321
338
327
351
199
386
301
328
230
534
335
296
319
319
311
338
313
459
325
331
310
329
306
297
276
246
293
361
311
214
220
300
183
401
311
325
310
374
314
368
241
356
296
323
202
466
298
393
323
325
326
287
239
306
278
343
262
232
326
365
313
277
203
175
295
244
137
265
183
336
262
338
197
608
297
319
305
328
318
277
262
300
251
313
249
223
311
359
329
295
172
388
328
356
308
338
249
308
333
274
199
327
328
351
272
223
311
285
239
280
311
255
260
338
178
359
305
356
323
288
328
345
328
354
298
170
140
206
334
283
285
418
311
298
326
267
197
338
283
266
271
289
311
308
315
298
313
299
279
316
270
334
124
361
268
329
310
321
311
356
325
551
276
389
315
428
326
334
324
303
313
311
240
340
313
316
298
273
336
346
272
308
140
254
143
220
325
286
251
300
274
381
209
314
160
311
138
347
311
209
311
318
328
331
247
232
246
341
310
385
231
369
310
375
308
356
348
233
176
243
336
348
261
323
328
361
331
334
338
363
199
356
314
334
243
371
313
277
313
325
319
366
323
346
170
331
325
243
273
272
301
361
157
306
311
339
326
284
310
287
313
321
328
341
313
331
264
570
229
264
226
214
313
310
298
203
157
599
311
338
313
360
326
346
331
320
331
328
323
617
299
331
279
732
311
313
311
459
323
278
290
356
313
369
331
180
316
304
310
359
230
328
262
331
326
249
308
273
299
230
313
309
326
311
313
184
318
234
212
246
313
401
183
360
248
321
311
186
310
356
132
152
131
279
338
293
261
318
278
283
261
358
310
308
311
218
295
481
177
331
299
391
315
354
237
314
298
300
251
323
325
233
240
222
217
286
298
374
298
338
323
164
210
351
326
237
313
383
303
355
318
399
340
310
311
270
296
353
323
325
311
373
324
353
321
336
324
259
311
333
304
301
326
326
310
592
278
311
298
310
245
373
317
383
314
300
300
311
288
335
229
331
338
371
253
226
176
331
313
373
323
363
308
376
325
328
243
331
241
334
270
293
274
188
326
301
298
374
262
364
310
328
338
358
324
345
313
355
138
338
310
244
224
289
311
317
324
256
185
367
228
341
325
150
258
326
318
293
296
295
297
325
296
327
338
252
250
306
251
363
285
240
168
666
247
316
132
426
336
376
326
206
265
293
326
331
316
406
311
321
314
381
298
374
310
223
159
289
133
293
326
248
280
224
306
354
175
325
325
532
311
313
325
373
339
334
319
158
127
299
306
343
323
371
325
231
311
379
276
234
179
272
323
359
366
267
261
333
300
194
298
196
321
300
271
220
249
328
311
322
308
320
313
200
105
205
226
237
311
311
298
346
303
180
326
157
113
343
298
209
326
305
328
285
311
309
333
312
314
329
208
338
133
429
218
309
323
196
310
371
311
361
323
376
314
395
198
376
356
339
311
343
311
283
311
336
199
179
144
219
185
264
338
466
314
239
313
391
311
351
326
300
313
200
186
164
170
217
243
308
296
323
270
216
313
313
326
343
171
348
353
316
324
366
310
209
291
208
310
257
323
439
311
303
273
371
311
386
176
361
311
644
256
343
247
308
190
277
313
516
288
402
126
371
129
346
261
338
323
374
311
205
256
316
310
276
306
267
290
411
299
331
313
301
310
290
313
279
328
444
298
336
351
274
178
224
316
316
260
292
269
393
313
321
311
311
249
314
295
176
314
348
213
214
266
373
320
556
313
360
212
310
326
369
341
373
313
298
279
395
319
308
286
401
276
358
310
356
333
328
311
247
245
304
334
289
309
355
311
389
318
279
120
295
236
164
152
207
165
209
151
