366
306
506
310
318
233
318
295
237
208
266
215
358
258
264
136
331
200
305
339
361
323
281
214
321
243
196
183
381
311
353
158
212
298
208
311
298
314
208
323
255
217
383
297
330
298
365
276
240
236
316
311
336
308
251
167
162
301
278
299
333
321
343
317
212
172
298
300
353
179
303
198
229
239
288
311
230
192
221
142
300
298
379
311
326
270
343
236
318
207
350
311
244
315
333
288
192
296
179
126
198
146
351
262
247
229
358
311
331
288
323
325
301
314
318
305
265
258
283
241
313
323
285
276
316
183
331
224
361
315
268
336
394
135
288
325
263
311
326
318
318
323
358
206
227
326
162
114
374
251
545
296
254
299
196
154
365
310
351
325
226
271
339
190
288
124
339
206
319
311
356
311
255
288
272
296
318
348
333
311
264
327
341
311
328
169
344
328
266
326
403
171
329
338
289
18882
329
311
349
261
203
141
393
313
331
258
458
313
291
298
331
311
319
177
358
338
346
308
318
173
361
313
326
311
348
228
298
268
169
191
389
310
313
323
285
261
319
217
355
329
225
161
295
313
326
204
315
338
355
207
318
299
330
326
323
313
215
246
316
159
351
326
371
329
349
313
243
179
489
308
272
310
345
268
479
323
366
313
257
323
326
226
222
310
357
310
307
338
318
328
326
314
234
166
353
298
366
311
351
324
381
311
336
293
326
311
229
323
283
311
316
201
341
313
318
311
391
309
363
318
310
265
338
315
341
311
330
314
205
158
331
323
326
226
208
125
406
311
284
249
557
321
328
300
226
219
356
314
358
325
335
313
239
283
523
325
391
171
396
310
293
298
211
310
326
311
386
311
363
338
326
299
379
310
320
329
321
311
257
248
316
325
339
313
708
324
449
311
298
339
351
303
336
251
258
323
328
310
333
303
421
313
232
224
318
272
570
309
589
324
315
217
323
311
344
326
384
296
518
314
160
133
290
310
323
298
344
311
368
296
345
311
321
302
331
326
303
261
341
321
258
271
296
339
314
311
274
298
385
277
153
208
323
146
390
134
278
328
273
321
571
262
338
340
353
301
224
323
240
124
353
340
311
327
346
326
339
323
295
298
371
296
189
297
339
314
221
301
161
125
363
288
407
311
579
331
408
339
385
324
318
178
340
318
343
126
259
303
304
266
244
183
358
308
316
323
217
320
167
150
317
318
296
200
283
258
207
331
326
201
383
296
223
318
304
328
350
321
298
301
300
248
264
231
272
325
408
321
338
179
328
295
279
207
310
206
326
225
321
298
310
314
298
303
336
327
298
323
353
310
190
298
306
263
204
313
331
314
365
318
333
326
361
310
378
313
366
253
397
298
336
311
311
270
356
285
335
277
305
275
275
308
270
336
235
298
254
212
257
298
301
328
182
187
337
315
376
275
358
311
369
306
272
328
286
303
360
313
235
328
349
323
313
331
331
300
313
301
326
335
323
313
330
328
346
300
368
163
338
249
323
326
210
273
283
326
336
260
216
264
381
137
371
311
284
315
262
311
215
248
320
226
321
310
330
301
306
326
214
311
331
306
316
328
315
297
316
323
309
326
172
135
313
323
353
313
353
314
321
323
271
333
318
323
239
316
310
298
353
275
391
329
204
327
341
217
344
239
316
313
286
298
299
299
299
328
363
276
290
310
335
313
326
333
193
296
358
178
333
348
291
310
371
311
406
323
301
324
331
326
339
328
321
323
403
303
331
293
186
299
363
311
223
311
417
289
353
313
359
201
351
311
314
326
366
325
348
311
316
270
353
208
347
313
323
329
371
326
348
321
237
308
381
301
399
262
329
237
325
313
348
233
338
218
315
262
168
226
341
321
373
310
326
323
340
301
311
331
316
296
302
264
269
323
266
316
388
317
351
311
187
115
235
325
211
323
441
341
287
292
315
310
323
239
301
303
265
243
160
298
315
321
316
308
335
323
336
176
262
323
516
313
453
328
346
227
185
160
296
311
306
326
272
296
194
273
328
311
274
261
381
228
335
179
346
318
324
321
221
301
309
210
260
303
351
260
235
326
359
326
409
270
315
255
177
333
379
310
209
313
298
329
268
299
303
209
334
281
301
326
345
293
313
237
321
341
253
301
341
311
313
323
253
299
161
104
249
311
260
161
324
237
348
260
301
297
469
333
300
310
300
323
327
140
424
304
348
321
426
208
188
144
289
213
194
112
341
234
364
251
331
313
351
314
363
323
145
143
406
313
249
308
224
296
311
313
346
300
338
308
230
164
171
139
341
258
376
340
499
338
222
176
366
311
190
313
462
168
196
296
242
323
331
323
336
289
287
326
333
299
303
256
334
325
303
274
323
311
318
323
165
314
361
311
328
298
243
311
339
274
331
231
387
326
251
308
229
326
286
237
608
351
326
338
388
298
228
299
290
326
316
269
300
323
343
321
326
310
370
295
323
311
349
292
321
324
313
318
359
313
294
296
265
298
363
298
334
199
331
311
353
206
251
178
338
218
438
204
654
298
195
135
326
283
345
215
303
311
224
169
328
315
381
331
328
341
295
261
356
248
296
318
361
313
491
333
384
298
301
249
240
313
328
328
310
336
413
323
353
319
341
313
359
313
251
331
338
311
331
278
514
244
346
311
280
326
239
308
344
320
305
301
296
268
351
311
308
310
378
314
334
313
356
323
301
295
347
329
336
150
331
296
371
311
335
239
264
325
298
290
314
336
341
272
293
334
361
299
196
313
356
226
321
288
255
321
320
273
403
275
345
313
318
237
269
251
343
313
401
192
340
313
313
327
368
177
242
298
341
326
336
311
333
326
358
196
325
313
311
239
360
343
356
311
335
299
201
295
366
311
266
229
286
252
341
325
273
301
309
311
214
313
331
310
316
348
163
127
359
310
351
262
160
141
284
313
334
311
346
316
366
310
323
296
330
313
301
330
295
300
546
229
343
313
306
296
378
321
358
305
120
131
472
218
303
323
539
311
258
311
298
351
306
313
273
310
384
311
351
296
330
278
303
326
264
297
326
318
288
323
328
293
318
166
200
324
292
303
306
163
378
295
344
176
320
313
471
328
351
311
572
266
296
226
202
248
369
311
346
320
239
313
301
318
454
165
343
343
306
296
288
247
254
326
421
248
270
192
341
299
189
141
308
326
343
304
336
283
281
219
316
323
303
157
279
333
300
313
309
207
309
258
339
184
343
313
314
323
323
321
375
192
216
296
309
311
349
295
298
343
629
227
381
207
532
291
316
311
350
270
315
299
368
311
368
313
315
303
303
280
298
326
396
301
433
325
244
267
349
336
333
310
326
280
323
310
225
329
260
245
336
326
373
292
381
313
217
326
346
326
180
313
197
325
357
264
326
263
321
301
211
267
323
326
279
333
333
239
293
204
280
311
233
313
326
169
288
349
231
192
221
321
179
133
269
270
359
182
298
323
324
338
295
323
218
296
309
328
351
268
293
314
326
305
355
205
330
209
405
313
336
207
319
306
298
253
264
336
308
308
311
239
291
321
170
147
343
279
279
311
210
321
336
310
266
238
313
311
206
313
306
311
179
313
586
310
331
328
275
298
331
341
353
264
164
140
276
313
368
311
374
183
369
313
350
314
251
341
243
325
248
311
267
175
303
313
328
299
271
205
428
266
312
221
326
321
350
336
331
313
271
261
327
311
323
313
346
300
350
228
316
311
306
311
283
311
314
310
491
308
283
303
333
277
358
325
283
298
138
283
309
323
306
298
298
171
328
313
386
310
361
305
175
296
271
313
203
133
269
316
233
124
319
255
298
299
262
220
286
283
473
261
358
341
314
298
358
341
281
191
361
326
285
178
221
208
257
313
341
251
348
326
225
233
311
304
353
188
361
326
338
264
341
313
361
225
250
209
202
311
326
313
308
324
321
310
191
187
258
216
205
311
233
193
268
311
359
333
151
160
373
326
333
299
371
310
348
310
313
323
249
298
326
313
251
298
333
253
343
295
338
134
325
320
279
261
335
323
281
323
354
313
330
338
364
313
335
310
446
320
194
156
361
310
310
299
278
158
312
237
354
209
300
230
348
311
318
298
358
312
328
311
391
321
363
311
464
313
323
323
321
310
334
220
264
326
381
125
351
276
343
307
224
326
265
311
326
292
326
209
268
237
170
131
301
209
290
305
166
128
305
313
271
186
326
313
199
276
406
164
321
263
443
313
245
343
306
239
281
310
315
323
264
178
303
226
331
313
271
292
291
306
260
187
197
278
612
333
343
326
289
261
316
251
261
228
276
311
341
310
294
237
351
276
348
326
278
206
362
207
306
260
382
210
192
324
294
323
365
291
415
146
150
139
253
167
409
225
174
298
171
140
254
324
225
311
299
296
354
243
344
276
468
311
325
321
328
275
273
326
323
336
321
314
328
323
281
267
313
219
290
272
298
333
379
331
289
323
344
343
218
145
323
313
263
313
284
226
319
310
289
264
341
318
251
241
288
299
371
199
426
314
306
391
361
328
374
341
363
323
237
238
306
311
209
114
344
311
292
209
328
311
308
326
246
208
309
202
321
311
355
311
353
313
351
293
233
326
328
323
351
249
257
175
359
328
266
296
349
309
301
298
231
174
353
261
210
199
246
287
265
286
368
250
338
277
202
169
336
311
376
310
331
255
338
310
293
311
270
313
237
333
189
126
190
136
346
237
327
237
306
299
365
124
323
326
220
142
323
245
401
298
399
314
291
262
331
298
359
236
202
268
345
311
341
276
366
309
364
311
303
298
228
311
328
324
326
311
179
318
351
207
318
323
375
299
303
275
373
298
333
311
345
185
316
307
346
326
308
217
253
298
270
310
315
299
240
351
351
326
341
310
269
310
271
311
518
311
300
245
257
314
358
135
195
127
311
298
311
311
323
170
303
313
361
324
306
304
341
263
359
182
254
323
293
212
341
323
329
313
329
321
215
193
376
199
353
250
346
311
222
212
280
165
377
193
341
313
342
257
256
305
308
326
174
108
321
298
323
310
310
313
315
311
391
311
341
257
260
316
339
318
333
199
216
156
333
266
366
311
351
313
252
341
331
299
396
320
318
324
313
206
326
277
370
311
334
308
340
325
224
311
348
313
368
313
323
311
353
311
280
301
328
286
371
323
363
314
346
311
294
305
267
178
320
218
166
295
308
216
349
311
285
327
335
300
281
303
376
313
295
301
212
293
358
246
211
198
210
329
242
238
313
294
329
278
336
323
278
310
303
311
335
311
361
323
290
196
366
311
288
295
196
329
311
311
231
311
326
341
343
286
351
311
311
326
197
315
315
321
356
311
353
291
323
328
313
296
209
321
278
233
295
314
315
310
280
315
266
316
328
209
295
326
355
296
208
283
341
299
333
164
361
326
271
318
240
276
318
309
331
274
356
326
276
261
353
311
316
313
299
295
458
129
284
310
301
215
316
226
326
323
341
341
361
314
247
295
364
264
304
257
344
257
219
193
281
300
223
162
333
275
299
333
252
303
349
242
257
311
388
298
571
183
369
311
323
323
316
303
296
298
323
298
258
257
242
244
221
179
319
264
335
311
399
314
386
326
355
336
325
323
386
368
348
193
314
310
401
354
320
130
196
215
289
262
374
326
424
207
306
313
572
298
303
248
309
311
326
298
339
273
301
326
315
199
96
124
286
245
251
221
351
336
287
267
309
311
331
316
326
313
105
313
316
199
195
326
366
318
339
326
396
311
348
296
229
311
452
326
306
225
378
207
326
152
268
296
336
326
154
130
310
324
316
303
326
313
338
313
393
190
300
326
266
301
336
326
304
310
220
99
343
361
331
276
313
313
206
311
325
271
393
313
300
244
338
323
293
276
180
311
235
266
285
244
381
323
333
310
190
179
336
311
376
186
335
215
341
173
272
326
316
223
341
237
333
311
307
140
341
225
285
168
331
202
313
351
329
223
323
306
359
309
305
299
182
299
284
225
200
325
361
311
316
292
269
269
619
313
410
261
237
179
259
152
255
183
421
325
371
164
423
261
219
249
222
311
431
311
254
248
257
336
296
261
278
251
358
129
296
295
316
274
269
326
345
237
351
295
353
324
369
341
348
326
356
310
242
188
321
251
330
266
311
323
286
297
358
319
490
323
331
248
194
323
338
310
206
134
335
264
217
313
236
313
331
233
466
304
361
264
413
248
321
132
293
328
165
313
453
283
283
224
203
314
176
136
241
310
197
311
384
233
346
310
331
310
344
289
320
325
301
268
236
313
341
311
306
328
361
321
289
328
233
308
270
311
411
313
242
198
371
298
209
296
269
222
351
319
176
134
205
278
391
326
253
242
214
152
240
303
330
295
281
237
356
298
333
311
211
323
321
356
364
220
336
311
311
298
273
111
353
321
329
306
584
298
163
251
209
137
310
334
311
313
396
337
399
316
263
311
349
311
233
296
266
299
320
176
331
331
311
313
361
311
310
326
280
323
301
299
346
328
331
299
316
314
403
340
351
260
384
324
340
331
344
176
176
145
320
313
378
301
343
296
366
183
371
338
468
258
323
323
339
299
345
298
354
325
383
300
371
320
331
307
267
333
534
311
348
310
326
326
353
328
336
310
256
260
395
311
331
329
311
279
300
323
260
199
309
313
321
215
358
301
304
311
210
317
316
323
236
313
371
166
213
311
192
313
225
311
219
256
373
223
338
348
311
311
286
336
315
262
294
297
369
323
338
323
336
138
272
298
327
257
331
295
346
253
354
256
285
310
303
311
209
333
289
199
353
311
299
326
212
119
346
295
200
326
366
311
219
226
327
187
366
263
361
248
373
145
371
323
361
326
354
239
429
215
291
215
311
276
377
320
276
321
305
301
285
199
328
232
348
311
209
321
406
311
288
311
363
261
313
298
346
295
361
199
316
195
309
303
333
311
240
313
244
223
221
301
331
325
310
273
313
301
439
264
324
328
363
311
353
316
316
286
323
326
363
313
270
325
225
276
261
191
294
313
331
194
197
255
215
157
331
286
250
314
321
275
228
313
311
323
373
311
361
306
232
258
351
311
209
134
315
286
355
311
340
253
328
266
318
311
328
305
316
324
230
326
219
207
308
280
278
248
404
315
296
338
316
311
281
259
354
321
173
336
323
129
260
249
409
192
272
298
281
284
209
129
237
313
284
310
270
309
304
306
343
319
358
278
339
284
298
311
215
328
308
299
257
314
331
311
311
281
398
296
349
323
344
311
213
321
314
311
234
310
381
313
368
183
311
326
225
223
350
197
371
328
343
251
293
285
345
283
276
323
313
318
323
328
314
323
298
218
308
303
171
310
351
326
281
272
376
206
321
251
353
235
379
291
336
298
327
276
242
313
373
320
268
329
307
262
324
293
308
299
194
314
242
218
351
269
313
326
316
211
309
302
286
246
355
288
193
167
298
324
293
311
180
138
193
293
325
229
368
326
315
256
398
194
320
313
240
346
339
257
223
323
318
313
333
258
299
298
211
226
326
331
313
296
365
311
259
244
316
239
209
165
279
328
336
194
290
250
393
310
272
324
331
144
343
331
516
204
356
255
164
125
206
132
177
127
341
325
287
295
324
89
294
187
340
200
353
222
319
263
325
233
216
296
270
266
286
299
361
351
308
311
305
313
277
451
331
300
261
251
321
333
222
237
255
238
303
324
358
314
313
325
326
298
243
207
197
177
205
336
328
184
483
139
325
331
235
311
331
278
328
313
305
316
255
323
348
288
296
203
255
338
371
98
335
309
331
296
359
195
287
318
346
313
376
321
321
186
408
325
424
314
199
298
232
311
333
326
280
304
333
326
316
300
335
268
231
180
470
313
318
326
264
162
258
305
265
311
321
262
329
251
311
319
331
326
346
252
373
313
328
321
363
325
483
300
227
218
303
296
323
296
351
311
215
336
341
323
336
323
310
339
291
296
356
323
383
236
421
301
390
320
323
304
298
311
308
291
308
301
386
281
479
244
289
261
348
306
346
311
709
311
289
318
308
325
399
259
365
310
376
311
296
253
373
311
347
278
311
281
343
194
351
310
321
311
226
321
367
218
368
200
309
325
185
314
333
227
351
249
343
311
247
331
477
170
348
186
446
311
434
301
179
299
341
273
341
296
381
313
242
259
309
298
386
299
318
326
331
311
311
308
303
311
303
338
328
323
264
246
308
298
376
310
166
149
323
11586
343
313
206
323
346
335
248
293
444
321
363
318
309
308
366
296
313
226
341
274
375
316
353
286
245
219
323
281
304
226
334
308
276
273
323
273
298
160
227
336
321
298
225
296
262
298
344
204
346
311
411
321
290
239
275
301
321
323
311
286
163
323
299
211
287
256
344
209
288
125
378
326
255
311
260
306
253
334
305
326
310
338
339
199
303
130
316
353
369
245
351
310
349
323
181
326
307
311
411
291
313
199
271
311
338
326
298
313
358
261
187
143
394
308
272
262
342
297
401
310
287
190
237
285
242
311
232
147
385
133
262
272
331
326
300
323
377
203
421
313
255
232
341
236
207
251
346
343
167
297
331
336
323
283
304
310
319
310
341
321
333
193
211
311
336
291
327
251
178
341
218
311
290
331
252
266
197
233
325
310
705
262
317
245
280
280
283
234
332
292
316
293
381
321
348
321
354
303
351
310
333
295
341
296
341
298
292
261
289
195
361
275
329
311
319
311
338
318
328
323
406
350
298
328
234
154
365
321
363
313
293
251
363
262
333
326
355
319
348
326
256
179
311
296
356
310
216
299
329
272
415
236
338
310
354
299
282
323
336
283
295
329
338
289
303
316
252
298
313
177
340
126
323
310
368
192
265
185
368
178
337
171
305
288
474
314
469
316
204
248
376
313
371
310
330
251
290
256
306
295
331
320
234
130
161
310
319
326
259
209
414
318
338
299
299
311
344
199
321
310
303
258
341
335
354
301
219
166
356
311
366
299
194
178
346
225
349
313
329
250
173
318
351
325
293
258
326
281
396
318
289
311
323
326
222
171
316
283
358
313
262
313
289
311
381
311
316
286
519
320
267
280
376
336
309
310
306
216
370
310
371
314
401
229
299
299
330
323
338
310
245
295
293
323
363
298
235
138
463
178
161
135
