391
311
218
326
363
313
226
186
374
287
287
237
298
308
304
262
209
196
246
194
242
177
321
337
344
291
359
291
393
336
366
326
486
177
282
326
252
263
264
177
401
237
511
338
233
178
259
326
416
339
381
329
366
326
247
183
355
241
361
310
263
256
190
311
323
323
380
338
228
193
273
219
383
293
269
204
216
207
375
186
236
204
253
314
232
315
339
323
318
311
373
338
252
177
296
311
256
333
216
269
463
154
194
228
237
272
318
324
370
283
672
325
314
227
344
351
185
298
333
311
340
314
333
336
353
326
222
144
356
353
336
316
374
311
368
339
471
328
361
329
359
291
292
304
331
313
357
131
238
334
331
326
235
306
198
167
541
279
236
221
301
321
325
172
283
185
285
292
296
207
357
303
246
325
346
356
336
313
331
311
376
337
326
326
335
180
366
212
271
338
343
341
604
317
428
225
264
304
442
175
409
184
381
318
327
330
344
213
328
323
383
210
354
366
413
329
376
326
535
246
354
262
333
325
257
316
326
326
378
341
398
314
344
351
326
336
316
328
358
237
191
174
395
331
339
313
356
327
344
328
333
326
380
255
293
201
454
343
386
353
338
274
325
326
359
323
257
324
343
323
339
245
358
235
342
247
346
263
356
326
316
323
311
130
253
325
306
237
356
346
194
311
385
348
341
326
373
339
378
325
368
311
271
246
361
324
359
341
641
285
189
341
366
329
224
324
314
145
334
318
353
353
300
326
406
316
344
343
222
291
377
326
371
199
348
326
479
296
371
328
266
326
594
326
311
321
222
295
240
217
347
313
355
304
426
323
344
170
303
319
291
310
214
178
344
319
393
141
355
334
333
349
328
311
253
336
254
217
381
355
356
326
259
276
318
248
253
339
246
343
344
318
303
283
399
236
309
274
354
325
320
338
366
272
249
325
288
339
386
340
359
237
387
200
339
309
298
310
358
258
343
326
316
326
338
338
363
231
238
324
264
309
439
206
273
329
363
283
384
324
243
308
391
325
238
331
323
326
399
346
546
338
383
261
323
275
333
323
371
313
327
326
242
246
268
241
421
339
376
235
371
325
414
328
361
329
258
335
350
341
396
338
354
338
264
131
318
214
316
311
188
189
234
146
356
338
365
333
345
323
394
328
637
308
339
133
388
354
373
275
379
236
340
325
258
321
282
201
389
338
393
266
293
259
330
346
341
315
328
228
339
174
360
222
293
318
323
319
406
339
404
346
271
217
247
311
328
311
294
218
363
285
328
313
368
341
353
329
406
331
358
355
315
319
266
328
355
340
356
325
331
346
226
341
471
134
397
358
321
357
226
148
381
321
336
356
299
278
491
324
255
273
336
268
255
248
242
348
258
286
258
188
303
333
339
217
246
274
318
219
348
338
320
194
304
273
187
324
312
356
330
300
225
182
378
338
306
155
410
354
216
343
418
326
229
313
351
314
360
328
225
193
401
331
240
343
388
310
314
324
315
329
371
328
371
326
648
333
374
323
486
348
391
341
435
341
289
216
302
298
371
326
351
326
315
247
226
216
311
188
305
259
272
326
336
331
331
311
247
262
319
353
366
369
419
336
376
347
409
331
318
326
240
318
396
313
251
288
576
328
330
325
355
326
369
325
274
259
349
354
326
271
251
190
471
269
339
237
436
310
293
328
229
326
200
192
378
300
351
310
217
338
371
326
303
341
354
324
375
348
311
338
386
273
361
323
353
326
323
310
355
238
375
264
358
341
326
249
223
338
373
216
224
338
321
327
551
326
278
271
297
306
203
239
365
289
316
345
299
351
302
325
286
328
356
323
335
311
336
338
277
338
292
220
279
323
304
326
371
338
270
326
311
258
353
326
343
341
351
313
349
328
413
324
310
314
248
351
354
330
348
132
226
137
348
331
331
132
343
304
246
259
250
341
413
340
459
326
336
142
343
237
513
301
347
326
319
313
225
338
378
330
328
209
519
217
264
154
347
338
380
331
373
350
346
300
364
311
248
200
331
291
244
323
381
356
315
329
353
327
404
340
289
339
353
343
341
293
229
244
383
308
266
323
471
335
501
340
374
326
326
208
381
310
328
341
346
205
343
328
306
296
386
349
366
313
316
265
357
341
356
289
393
248
193
286
448
341
334
139
354
341
222
311
635
323
343
313
299
326
348
331
366
323
360
326
366
323
333
325
270
143
190
137
232
161
313
303
338
323
266
326
295
328
363
305
278
175
406
313
394
331
243
326
401
252
350
281
349
353
266
171
354
165
285
221
340
338
376
325
348
306
258
338
363
142
310
269
300
296
292
261
368
308
311
343
197
126
331
187
306
303
328
338
329
366
387
328
582
326
237
255
379
323
351
311
296
316
161
271
310
328
283
343
368
339
253
225
333
285
356
333
348
341
348
323
384
326
501
326
559
290
346
311
401
326
456
313
333
309
316
313
406
328
387
319
348
311
408
238
328
216
301
250
413
299
321
256
367
275
371
217
313
178
379
323
343
333
368
184
219
203
423
219
336
256
329
249
359
306
294
218
336
237
337
206
383
266
406
344
308
324
345
291
300
311
235
141
308
241
358
200
331
348
357
351
378
237
245
212
363
330
369
336
368
323
239
183
381
338
261
323
371
276
356
326
328
291
271
233
360
326
238
204
248
354
351
326
353
336
416
326
341
226
328
338
411
346
346
326
368
298
339
183
354
324
320
278
326
340
277
326
326
289
304
341
315
224
172
143
344
236
251
232
316
311
257
308
329
300
369
283
368
324
384
310
279
290
288
336
339
311
318
225
346
323
381
237
326
324
354
339
373
311
378
330
237
313
246
164
279
323
323
138
300
285
373
338
378
311
335
359
443
258
385
339
331
331
343
326
221
326
338
323
624
325
376
208
333
271
193
328
313
338
318
328
272
321
313
335
348
326
343
338
388
351
368
146
433
333
371
323
349
328
411
331
330
323
328
309
313
311
381
226
291
263
413
324
341
339
265
323
357
208
352
297
338
338
395
326
319
339
287
353
425
327
318
333
405
307
376
339
343
326
333
323
338
313
361
327
381
303
351
295
332
311
270
314
283
335
366
313
274
336
340
344
394
270
376
315
352
193
319
325
333
323
343
283
186
137
300
316
336
257
326
353
361
242
391
326
180
326
358
290
284
311
304
284
355
288
379
323
403
341
289
358
363
349
176
138
319
311
520
218
407
147
239
219
295
348
264
311
224
316
380
326
268
284
333
311
167
339
348
311
318
301
503
314
381
323
341
326
235
333
281
311
362
162
195
378
363
286
381
311
295
237
317
326
174
326
341
167
285
261
218
221
236
338
581
268
236
313
285
323
378
323
299
296
310
235
391
326
244
188
367
341
331
341
328
311
203
242
341
320
381
326
328
356
217
130
285
262
423
246
494
328
496
206
353
357
400
318
211
96
214
174
271
144
398
323
355
324
253
313
398
336
393
311
430
330
349
339
361
346
360
303
353
341
341
328
344
328
413
171
408
237
238
341
279
249
301
311
361
348
378
339
331
329
295
163
210
341
176
311
174
339
194
336
357
217
311
353
281
152
336
326
577
323
343
273
245
311
326
262
393
116
357
341
314
325
118
311
296
343
365
249
284
204
358
325
583
297
431
326
252
218
221
308
200
338
211
311
331
300
329
323
364
224
339
326
338
287
288
246
288
235
359
204
338
213
217
199
298
326
391
283
271
328
344
228
326
354
424
338
295
229
331
191
384
339
366
191
368
273
197
311
283
245
293
226
223
341
181
109
366
326
351
139
251
282
183
103
160
186
340
326
383
276
293
328
351
338
386
306
336
326
314
284
158
311
331
341
135
285
340
132
249
218
271
326
383
323
295
294
293
313
219
296
328
323
252
334
191
182
220
182
361
276
369
326
389
180
262
324
351
346
201
301
228
339
364
341
323
326
341
338
357
328
341
309
339
326
323
306
333
340
361
339
367
288
287
324
331
356
236
211
378
326
164
337
338
326
333
326
313
351
353
313
451
311
335
328
292
214
194
323
344
338
243
353
316
286
389
196
327
339
229
200
365
275
589
310
373
338
293
321
341
326
353
274
324
197
361
325
356
288
312
170
441
326
311
282
338
243
311
353
335
335
396
206
367
274
729
343
363
341
321
311
257
326
378
152
383
296
319
299
370
309
378
357
234
326
313
353
271
349
363
311
346
314
299
323
340
341
265
263
343
339
386
327
336
311
366
344
383
198
333
217
311
338
286
293
233
325
329
178
235
220
209
323
319
336
374
338
375
311
309
338
231
320
341
328
280
338
318
327
171
290
311
297
338
339
261
326
307
310
365
326
366
323
349
339
244
328
353
325
513
326
159
353
297
323
327
329
329
247
356
336
386
295
398
323
261
271
573
313
264
293
272
244
348
323
344
339
371
325
344
248
363
311
346
326
609
294
326
341
369
337
300
274
278
287
256
351
353
326
324
228
244
316
363
282
323
311
219
171
318
334
389
303
335
326
339
323
637
239
301
320
373
366
329
202
270
238
321
166
381
341
359
346
215
316
323
338
384
259
277
252
351
314
361
290
353
338
316
266
338
333
219
323
225
346
194
184
313
338
353
339
313
326
368
338
325
327
316
311
318
248
353
312
289
172
478
333
396
305
378
328
389
324
378
341
368
391
325
344
151
148
294
338
213
146
335
149
235
151
187
137
343
328
374
321
288
237
307
260
278
200
461
323
245
326
301
239
411
343
346
351
426
203
335
291
398
323
331
224
396
135
329
304
341
311
341
331
333
338
220
193
164
311
275
297
423
233
318
236
371
338
355
221
589
328
356
340
406
325
326
326
348
237
338
259
330
334
301
325
326
294
262
192
454
341
320
276
257
246
403
326
173
311
319
277
383
139
376
248
268
333
262
251
211
180
193
239
338
353
284
344
331
288
403
326
284
323
305
296
346
326
356
272
259
319
319
339
321
266
302
270
371
251
376
298
326
326
307
180
356
346
576
351
326
325
314
311
376
325
331
287
317
341
368
176
366
279
321
310
363
275
360
338
288
328
311
311
390
144
344
311
369
333
366
326
393
159
356
343
203
338
358
338
379
351
346
311
235
326
308
346
252
338
323
329
359
311
377
326
363
304
271
187
262
323
356
327
373
325
458
147
358
333
346
324
341
333
421
323
335
324
328
287
335
323
350
311
274
318
244
291
323
328
335
325
255
339
269
338
295
340
454
291
381
234
249
191
297
219
353
351
340
329
366
310
403
338
333
341
380
326
309
314
348
353
350
310
369
326
328
326
325
346
363
331
356
340
353
325
400
306
349
326
279
254
266
181
343
314
373
274
371
326
361
313
380
338
391
338
212
323
190
328
306
208
348
327
366
262
351
341
268
258
373
215
346
338
338
326
371
200
351
324
338
326
387
254
314
292
366
184
233
311
305
321
218
130
316
293
366
339
311
326
177
121
371
333
361
316
389
326
373
364
333
338
334
326
293
313
280
270
348
329
333
326
323
296
339
216
296
339
223
320
348
326
315
333
381
318
368
325
356
326
421
263
242
207
332
359
339
286
370
292
372
336
302
257
289
353
373
338
465
313
397
123
160
143
213
338
348
256
358
321
276
186
338
338
366
316
346
345
391
230
388
316
338
348
353
315
200
311
258
278
235
311
368
310
266
314
321
289
361
304
302
274
253
341
375
279
338
260
391
326
361
338
616
310
389
335
315
339
414
326
293
328
315
351
263
288
346
326
226
316
337
255
341
311
341
218
221
323
366
329
408
326
325
326
311
207
378
331
209
318
376
310
264
291
310
366
297
323
539
324
192
298
348
207
319
326
323
313
264
184
281
310
381
328
233
326
349
336
359
323
577
338
348
313
204
187
262
313
296
318
201
313
396
273
373
200
381
341
354
338
236
223
374
326
278
326
374
268
190
154
272
252
211
201
341
326
358
281
359
351
326
306
268
339
468
323
370
296
302
215
344
371
312
343
251
311
293
311
275
331
313
260
508
309
338
338
335
161
384
274
388
338
436
325
754
187
351
321
777
328
366
334
431
348
612
316
346
326
333
311
306
291
328
354
361
326
306
313
271
323
386
298
243
247
308
306
356
338
318
311
403
339
378
323
264
339
254
200
246
247
477
341
331
346
462
323
363
152
248
329
254
318
386
192
305
226
198
328
230
339
336
271
347
336
356
201
366
310
329
306
361
313
289
285
329
189
252
158
214
194
256
157
348
338
363
309
309
326
336
218
361
336
361
341
253
223
416
351
331
311
361
311
337
313
371
338
381
323
316
199
640
338
239
311
215
175
308
313
202
311
346
326
606
135
244
246
285
349
230
136
401
356
275
334
349
311
364
379
452
174
225
308
235
225
394
327
266
310
389
338
391
326
257
326
169
338
371
348
229
323
255
329
316
310
359
366
236
316
361
300
399
323
399
316
349
323
394
321
371
324
346
326
328
338
242
236
355
311
363
325
279
301
474
338
200
279
249
237
359
326
321
344
333
330
401
329
303
338
353
326
341
341
411
313
306
310
508
329
203
338
388
326
326
325
323
338
401
336
396
338
315
313
360
313
396
207
361
252
546
175
326
331
325
328
353
165
233
313
384
326
366
221
353
350
418
226
232
167
270
293
341
333
479
325
363
290
292
262
333
329
354
329
458
339
232
339
338
328
549
323
270
336
446
311
363
207
371
338
275
320
229
224
289
273
307
200
386
336
374
340
361
283
309
341
396
326
344
298
800
237
321
356
219
328
328
335
319
297
371
272
491
323
361
217
363
328
380
341
219
326
411
326
263
336
235
298
388
226
225
237
353
325
268
243
436
175
381
289
334
284
361
225
563
253
289
307
349
208
323
217
321
295
277
251
411
185
361
334
381
326
361
326
330
261
282
326
301
351
203
219
334
326
261
311
319
208
355
323
386
326
348
182
341
313
321
339
293
326
293
325
317
288
209
165
376
325
371
338
349
319
394
326
246
305
317
341
274
313
293
326
338
337
429
328
254
341
351
341
346
338
317
316
346
323
331
323
280
311
483
343
399
351
365
341
211
137
313
318
269
178
341
219
340
323
344
340
361
326
289
165
294
306
359
239
262
291
326
249
230
311
285
341
202
311
192
283
388
328
285
337
356
341
219
335
316
303
240
248
228
326
317
323
363
326
209
270
306
326
351
321
341
321
371
331
351
308
364
326
356
177
331
324
325
295
366
330
282
228
326
338
637
336
320
323
348
148
346
325
286
166
364
355
398
318
383
326
200
149
209
155
351
328
345
338
388
260
356
323
377
311
315
329
316
327
231
326
270
325
336
338
341
129
266
326
345
341
345
303
291
235
363
317
273
183
346
188
343
338
368
291
232
326
298
326
374
338
325
323
376
313
324
325
367
326
320
338
406
326
384
304
354
301
369
340
256
325
375
346
371
278
242
335
294
338
345
174
241
304
365
325
285
199
389
333
381
323
376
226
349
323
239
313
318
329
333
311
318
308
413
298
495
325
320
303
320
348
153
310
354
325
222
188
336
324
343
351
209
196
268
326
361
339
371
324
317
220
326
311
380
338
339
326
310
147
205
338
368
296
358
326
185
134
279
323
239
184
396
334
242
366
229
337
289
193
335
280
358
348
340
335
358
338
299
341
333
321
376
183
456
326
384
333
413
323
381
200
343
366
235
325
418
333
317
194
359
263
197
338
371
311
363
208
242
202
207
268
256
310
271
273
219
262
285
281
347
326
329
311
343
338
300
333
206
153
253
330
321
326
359
326
255
338
398
336
356
325
361
306
323
339
391
278
188
316
358
338
357
208
284
249
358
330
267
326
366
318
251
325
396
208
437
236
224
338
323
326
260
186
296
225
267
182
405
326
366
323
376
251
252
338
316
137
257
182
191
311
374
323
323
338
292
195
215
323
210
328
291
228
240
326
346
321
351
321
346
182
366
323
351
313
332
331
354
330
297
325
358
331
268
253
383
310
246
336
177
310
366
311
292
315
355
325
244
258
356
294
191
155
338
329
373
261
245
323
404
336
314
335
315
316
272
138
252
339
353
341
202
296
259
244
325
351
355
311
176
137
338
333
401
339
441
209
368
366
270
250
391
339
374
236
354
326
400
324
387
340
255
314
391
323
224
326
384
339
308
266
236
326
401
291
333
336
300
311
262
326
295
237
366
328
292
133
341
339
222
235
394
326
369
153
234
178
305
310
391
306
252
266
345
327
235
311
343
333
190
294
431
311
303
260
295
338
395
215
281
353
321
301
358
268
321
326
449
326
386
270
288
198
366
330
369
309
349
326
323
339
360
298
348
338
299
323
371
331
204
171
369
237
426
326
341
325
346
326
341
326
247
313
293
326
351
326
236
162
268
325
274
256
393
313
335
256
214
318
456
326
348
321
328
344
351
247
347
339
356
324
331
311
306
341
301
328
303
323
234
323
371
354
305
304
381
313
335
324
333
335
395
354
323
228
325
184
246
331
297
341
384
130
428
371
381
359
263
338
250
310
299
253
268
274
249
310
323
313
346
207
212
155
281
271
276
319
301
261
338
340
313
326
461
338
391
258
181
327
275
338
297
336
374
321
380
351
356
258
303
227
371
313
204
183
302
308
239
238
225
351
395
235
248
203
268
338
206
356
371
263
293
318
389
336
336
311
270
325
323
323
298
261
324
324
352
206
315
187
295
262
359
326
343
271
411
283
323
326
268
319
341
308
381
349
386
341
334
333
315
326
356
268
322
189
333
339
378
323
369
311
224
313
366
251
356
280
329
341
191
321
249
188
234
311
424
318
398
323
311
311
303
338
331
326
351
338
270
214
315
338
285
230
325
293
219
155
401
340
380
323
12696
130
396
338
357
295
339
265
331
207
351
337
376
334
176
337
318
338
367
293
369
287
346
237
331
272
328
326
266
313
327
321
398
323
323
291
282
289
343
338
373
333
421
258
202
131
354
311
311
366
338
311
224
113
270
343
341
247
334
253
345
306
366
256
265
311
280
163
318
343
249
323
351
306
297
314
342
239
364
237
408
263
300
263
353
325
309
338
388
361
348
326
341
283
313
326
363
313
391
206
341
336
341
338
291
325
326
294
219
182
208
144
220
158
