356
328
361
329
307
330
368
338
285
358
250
241
370
326
258
216
266
197
349
298
511
244
284
336
275
273
219
276
323
306
366
328
343
326
404
336
366
346
340
326
444
325
268
180
264
340
173
228
661
333
345
345
363
338
236
178
561
285
266
311
346
326
314
248
337
332
368
326
314
196
391
338
244
311
243
221
228
198
338
176
319
318
354
343
243
207
341
323
350
348
350
333
356
164
316
329
306
311
158
129
202
155
255
328
255
177
293
251
355
286
363
291
226
237
344
326
343
325
202
331
343
361
397
348
344
311
348
321
293
328
346
324
373
329
330
328
338
338
220
179
351
343
315
244
196
178
206
159
317
200
338
345
381
325
249
174
374
321
403
255
411
310
289
311
291
285
212
138
316
225
355
326
260
237
343
338
258
340
254
241
394
333
235
326
253
171
348
358
186
325
341
323
368
341
379
338
351
275
279
213
223
177
309
337
289
321
338
246
203
341
343
248
256
311
460
310
335
246
336
311
361
326
338
323
270
323
381
308
344
148
341
346
599
327
339
343
318
341
315
338
187
155
354
323
401
331
231
338
251
321
338
329
336
314
279
328
348
311
351
333
486
338
301
251
389
344
319
193
195
326
328
326
359
311
313
249
328
280
304
247
353
273
343
135
255
354
341
326
227
339
232
217
314
326
331
341
318
152
274
341
323
277
183
247
268
328
316
346
378
326
371
129
334
301
358
194
393
324
343
257
258
296
373
326
383
217
351
313
331
341
200
153
256
338
233
155
250
323
348
338
386
344
373
331
364
325
306
311
336
219
227
217
401
334
232
329
385
325
265
313
345
326
319
339
392
311
343
137
336
186
601
306
351
326
290
261
241
311
228
338
358
326
363
274
378
250
328
328
314
338
373
328
304
313
296
219
430
326
246
311
343
349
358
275
333
338
314
233
526
187
321
326
331
326
350
334
277
314
258
341
373
338
379
237
341
311
378
264
211
177
297
316
368
334
381
343
335
306
481
326
333
273
323
283
333
171
345
331
391
326
642
318
379
333
333
239
356
324
335
326
192
340
328
340
245
193
341
363
339
326
371
346
355
262
366
324
350
216
285
267
311
273
371
341
325
311
353
341
330
336
376
326
174
339
316
338
171
124
318
226
282
348
389
338
383
138
391
326
388
310
368
319
311
193
195
178
199
132
466
323
353
326
208
338
586
338
373
311
356
326
386
345
259
188
405
303
338
303
605
238
331
328
380
346
209
326
354
283
426
333
295
248
333
313
300
326
340
319
351
263
349
333
428
313
365
311
356
338
366
311
388
324
391
319
308
324
261
338
358
326
184
334
336
311
244
194
413
257
369
310
371
326
365
331
398
326
348
338
348
263
341
310
361
356
222
208
484
328
334
211
363
341
343
178
386
143
223
159
371
366
366
339
347
311
304
313
338
237
330
326
199
156
301
255
329
333
358
350
217
237
333
328
571
351
349
185
252
353
271
264
202
176
343
325
306
313
343
249
211
311
690
239
353
253
265
287
346
338
358
321
321
256
341
235
299
284
376
323
353
314
319
353
376
339
386
326
346
326
348
297
238
323
273
202
358
338
321
323
374
260
356
318
369
325
391
336
292
316
363
308
323
341
326
311
281
336
388
323
318
277
341
326
274
202
311
316
356
336
306
199
351
338
423
326
327
281
368
339
361
325
356
323
321
339
471
341
289
351
530
216
316
227
265
325
400
326
291
326
349
338
454
320
388
323
239
326
361
336
248
232
204
339
245
206
328
244
331
247
335
353
274
326
321
323
290
323
428
310
456
319
304
301
511
205
291
311
542
234
329
261
228
168
327
326
292
328
375
313
305
237
368
326
232
190
353
281
406
341
371
338
334
328
363
283
333
274
396
240
316
323
318
316
328
315
323
304
371
171
217
186
249
313
306
264
358
336
351
324
242
325
346
208
361
304
324
274
238
215
348
187
311
311
336
336
247
215
260
244
406
226
333
264
226
286
447
303
348
318
315
310
340
346
331
246
451
338
383
202
376
325
373
328
244
326
271
285
379
326
548
183
311
326
328
274
373
297
276
341
391
341
366
338
284
311
305
323
321
333
273
326
259
301
325
218
310
317
255
328
363
341
368
331
393
341
410
311
373
326
220
211
331
351
345
313
303
321
702
329
376
364
321
226
381
138
353
323
335
326
441
184
197
179
157
148
255
200
434
225
363
313
338
293
381
339
377
323
198
175
331
341
368
348
415
326
226
295
343
324
289
331
220
175
411
156
333
310
365
313
290
343
316
255
249
204
320
313
336
335
214
138
282
270
428
355
624
304
379
315
315
334
361
311
366
250
316
326
295
331
385
328
261
316
232
226
319
313
182
315
368
304
355
323
378
325
324
321
641
338
339
326
337
225
343
298
239
328
283
339
356
326
233
331
339
353
369
187
359
359
292
325
346
351
316
315
302
338
329
225
233
209
408
326
343
271
309
311
306
326
348
262
421
323
349
208
299
204
366
263
211
324
352
179
282
255
245
185
368
338
348
253
306
325
381
323
408
326
333
324
266
209
396
326
267
328
313
313
323
261
233
151
356
179
409
341
328
314
361
291
341
303
171
209
328
324
328
340
338
214
348
344
244
215
369
354
253
311
361
338
363
357
350
326
366
152
350
313
506
326
338
341
306
311
163
149
358
208
398
328
354
291
426
341
443
261
354
341
269
218
323
313
390
326
336
340
305
326
376
288
191
374
338
293
308
248
285
326
352
171
395
335
269
341
336
313
340
313
346
323
621
326
278
340
379
338
338
323
278
341
266
242
363
324
336
310
393
326
346
339
378
323
320
321
407
326
230
313
318
326
229
339
314
207
343
349
361
313
340
326
398
338
408
339
439
311
368
283
461
338
308
275
333
255
345
328
336
311
393
338
353
323
293
234
227
356
326
261
333
129
401
326
366
346
416
373
368
338
368
326
275
303
216
196
351
333
361
338
289
228
601
311
343
339
479
339
323
351
353
353
356
328
291
186
316
282
345
326
333
246
356
310
316
326
396
326
396
239
349
236
389
234
373
336
304
222
194
153
333
326
257
338
323
338
349
261
232
238
209
314
399
310
337
313
325
274
448
341
331
225
331
326
216
208
268
308
356
346
254
323
439
259
579
326
351
340
341
323
161
138
348
291
359
326
399
326
254
340
349
326
423
173
433
323
366
218
333
328
325
325
270
337
401
326
331
310
386
313
323
170
391
334
381
298
301
308
218
300
295
326
336
339
317
283
369
346
379
341
391
363
366
311
329
323
358
338
373
356
218
191
293
313
326
159
353
356
348
289
394
346
591
326
321
320
268
310
348
326
342
326
318
307
378
331
215
326
563
341
331
337
333
303
253
311
184
338
321
275
343
309
348
363
396
139
361
338
303
373
333
338
341
273
275
294
160
141
416
328
201
299
341
299
366
326
371
343
311
324
336
333
297
338
289
325
232
216
373
326
385
336
312
326
444
180
256
353
691
298
321
333
371
283
317
313
341
288
373
181
264
325
334
235
325
221
414
363
241
153
543
242
310
270
297
326
388
263
367
326
356
326
181
323
275
202
331
207
366
326
323
250
823
295
373
313
394
240
361
323
230
332
356
312
549
323
200
338
315
313
266
344
376
323
303
346
271
264
416
311
316
316
263
326
282
313
349
224
326
338
351
253
331
243
303
353
331
335
343
343
339
311
346
268
333
421
247
318
228
325
333
326
732
249
408
326
360
311
294
300
391
335
264
308
348
280
158
187
208
237
368
298
291
198
399
212
252
183
340
338
355
283
336
205
346
248
369
328
268
310
264
328
324
303
146
295
385
263
404
324
283
323
286
256
231
338
179
215
329
292
323
339
241
313
313
270
251
177
328
353
199
356
239
243
364
326
313
325
381
223
317
260
275
183
352
188
316
199
346
326
230
363
428
164
391
319
348
177
300
248
366
280
279
183
364
275
343
353
313
311
341
341
345
311
267
182
258
211
323
318
341
326
378
212
349
326
356
311
286
326
308
311
290
239
291
261
364
321
322
230
224
334
337
307
376
338
328
314
341
323
336
311
335
323
240
304
323
336
415
334
396
331
396
296
352
311
390
204
326
306
351
315
353
323
392
340
386
238
261
353
283
338
184
323
177
338
381
277
246
183
312
217
318
323
306
358
528
336
169
303
183
306
260
291
222
199
234
323
336
311
333
308
328
310
261
206
338
349
338
279
559
328
336
314
329
297
363
311
240
184
215
193
303
270
325
274
348
258
256
338
320
263
232
305
416
318
301
328
364
346
208
176
359
282
253
331
542
226
224
343
363
285
381
298
330
350
269
311
331
278
293
259
311
363
343
134
503
175
228
176
272
311
381
336
359
325
596
334
351
225
319
326
334
311
264
326
371
313
309
326
341
337
323
326
494
284
339
326
255
326
233
184
323
285
154
341
369
271
261
237
366
335
265
341
363
346
348
323
288
242
324
303
303
316
474
326
446
338
386
325
317
155
282
236
303
289
253
323
211
163
419
341
216
311
343
341
264
340
346
326
356
325
363
325
331
311
353
341
383
321
344
324
316
331
326
311
327
241
381
326
338
336
383
267
366
341
188
328
454
186
391
253
272
237
220
231
331
296
339
325
351
226
388
190
343
326
321
343
386
257
205
151
355
185
216
217
376
211
164
141
431
353
349
325
359
318
361
341
268
325
346
278
210
303
272
325
184
315
364
310
378
326
334
244
374
314
356
311
334
181
373
328
365
198
232
351
403
258
270
338
222
313
373
311
391
338
326
356
257
201
361
193
343
314
379
346
349
326
354
198
256
325
348
326
289
246
353
176
293
318
354
333
381
193
308
339
378
287
335
311
399
326
227
338
338
341
401
348
335
193
343
341
368
343
380
325
614
338
341
311
381
307
315
304
278
248
205
261
319
326
354
346
383
326
431
344
193
318
283
281
359
267
177
122
361
326
381
341
341
283
743
262
285
245
343
338
410
323
256
142
366
326
451
326
255
338
401
325
310
259
356
326
346
346
316
175
343
326
355
318
344
341
341
217
353
324
593
237
368
327
333
341
331
278
381
324
241
340
349
157
308
304
406
323
323
338
363
333
347
274
429
323
366
326
321
338
365
326
328
325
353
345
321
293
379
319
338
311
391
373
331
313
308
276
179
328
508
313
368
338
359
334
319
311
348
346
293
328
368
328
309
328
294
188
250
226
330
326
376
323
301
315
309
311
367
283
616
326
241
341
408
356
346
290
366
341
363
314
330
338
346
326
343
271
319
340
349
338
416
327
338
326
253
326
298
301
398
339
336
339
366
323
253
283
366
340
341
333
353
328
338
311
381
333
290
338
308
304
428
285
353
324
247
273
611
323
480
348
334
333
381
338
381
345
470
282
284
253
524
299
336
219
414
338
583
336
355
326
369
333
351
323
384
341
313
326
326
310
263
247
353
323
304
329
408
268
354
331
276
313
452
331
198
309
341
326
411
198
239
326
323
310
341
338
298
313
313
303
341
351
461
356
389
326
304
324
337
328
304
338
339
225
295
211
220
185
461
329
300
337
394
324
341
296
363
326
254
138
149
324
300
295
368
333
286
130
232
323
294
326
381
326
328
192
343
259
269
325
341
326
217
326
343
355
346
336
305
337
345
326
219
261
175
335
351
326
310
329
161
198
148
242
274
311
281
320
232
326
326
341
355
323
268
247
321
326
270
196
287
328
281
220
389
295
277
311
228
326
335
311
363
309
335
174
389
140
253
316
249
219
368
325
293
299
329
339
341
179
269
234
433
326
296
239
341
316
250
135
384
326
376
200
441
184
381
273
333
350
167
203
270
358
241
326
336
328
291
329
243
293
351
351
351
310
328
326
296
251
374
308
308
277
359
238
176
142
365
136
328
339
279
196
339
326
351
338
292
172
318
169
376
326
329
348
393
185
206
326
351
281
269
311
190
283
318
274
351
346
346
351
289
311
385
351
311
310
347
243
255
199
323
173
373
309
309
323
333
339
541
326
328
182
398
326
399
291
424
318
330
339
335
311
608
158
278
313
381
346
316
326
398
257
297
218
343
341
226
313
280
311
368
325
351
278
430
242
359
320
295
262
351
338
330
336
215
346
266
248
228
310
249
250
346
300
255
339
335
348
279
308
246
218
369
345
441
325
370
285
356
310
265
341
389
316
374
23787
207
177
421
328
167
264
368
339
328
283
323
326
253
323
314
319
359
216
336
313
227
326
201
310
399
344
448
292
318
326
423
338
316
326
377
329
315
175
401
326
360
337
291
170
416
343
249
328
358
326
206
336
417
338
478
296
343
349
300
291
297
251
318
313
371
288
245
347
333
325
281
341
366
348
264
310
371
323
198
146
566
305
289
152
269
341
358
324
265
326
351
326
341
326
235
181
381
294
539
341
256
306
323
339
344
236
330
341
343
338
356
338
321
338
386
324
353
326
371
329
336
341
323
239
351
338
329
324
371
303
219
338
353
338
348
326
181
153
297
323
343
326
343
317
319
338
348
334
587
325
315
340
341
356
330
324
355
328
423
326
378
326
349
286
404
341
310
314
335
323
318
340
333
327
232
193
388
328
246
227
312
255
298
311
294
329
306
327
292
329
322
298
395
207
292
338
290
313
363
310
376
349
335
285
366
326
214
333
366
326
461
316
344
334
309
257
376
340
213
192
345
285
365
166
346
293
299
331
421
314
316
343
535
306
378
343
228
238
343
252
180
185
340
353
321
341
376
303
719
248
313
326
285
331
366
303
388
331
338
295
351
351
279
325
517
351
374
247
164
337
313
321
276
270
418
353
351
275
415
298
303
320
371
338
396
325
268
316
536
326
358
338
429
325
227
311
373
323
293
326
316
351
294
232
371
323
177
258
291
293
298
338
374
338
340
194
346
271
333
341
388
328
308
313
314
318
231
326
318
256
311
177
378
311
265
151
350
194
298
311
367
338
391
325
299
313
228
152
406
356
215
258
473
295
396
369
356
328
301
310
409
326
681
291
260
276
403
343
336
288
353
258
321
341
331
326
356
313
326
330
361
326
321
224
300
338
339
323
258
256
368
340
353
311
323
338
375
310
403
258
171
339
343
329
368
288
302
336
281
212
381
325
308
326
444
334
339
326
369
323
378
323
359
353
374
319
338
219
378
326
179
314
511
310
351
285
359
326
399
368
309
309
396
330
303
328
381
341
275
336
215
359
349
333
378
212
366
308
354
328
376
346
572
207
324
310
416
188
396
293
294
326
256
326
232
326
241
311
247
219
348
341
263
199
315
326
338
366
189
147
341
323
383
311
279
254
311
263
278
208
336
328
420
356
351
198
356
283
270
252
338
353
370
248
409
367
364
218
308
338
254
326
461
338
313
223
376
323
346
306
397
260
202
326
264
338
391
245
489
299
294
265
311
324
268
224
356
343
358
323
366
333
300
323
343
260
313
321
177
311
316
190
340
265
396
326
363
314
358
286
336
270
389
336
413
324
262
313
287
323
546
326
517
278
329
199
260
338
343
319
341
144
475
325
351
325
356
343
393
142
345
177
617
338
401
323
441
304
187
132
284
328
351
310
218
296
426
323
269
338
312
308
287
323
356
238
409
326
363
236
315
311
573
290
176
311
294
310
343
326
224
325
330
251
381
190
336
226
297
340
354
314
308
219
239
310
373
327
338
272
378
303
356
326
248
326
374
326
349
328
446
281
296
217
359
329
339
335
277
205
354
210
384
250
387
323
268
142
343
358
381
323
376
313
315
313
351
209
371
187
172
343
178
316
353
308
316
284
241
212
266
208
349
323
277
369
352
341
478
311
324
338
351
333
224
201
361
338
212
351
370
326
421
185
346
324
381
316
374
148
315
341
337
264
357
338
278
338
316
328
446
319
632
210
342
313
353
339
238
311
416
311
336
237
365
175
370
341
281
323
259
217
403
338
316
310
289
270
343
323
302
311
331
325
319
335
237
311
368
179
326
338
375
338
371
324
377
326
325
326
308
286
249
326
347
323
281
311
350
326
333
326
531
341
276
228
236
313
393
311
340
250
211
209
212
253
280
278
354
310
516
326
439
273
304
311
361
338
368
336
371
329
383
326
366
198
336
343
207
340
273
328
286
224
313
311
353
311
303
285
293
187
229
326
209
326
371
323
324
323
443
326
343
134
351
313
188
326
212
328
344
326
366
326
348
277
375
338
381
280
345
338
384
199
394
325
211
305
306
269
401
226
387
326
267
346
343
239
327
326
348
326
319
241
191
336
481
346
326
301
321
348
172
222
619
213
364
324
365
337
323
336
300
323
356
313
373
328
380
341
391
343
330
316
234
323
371
323
364
353
199
341
363
335
391
331
219
237
373
266
371
113
349
343
336
341
321
199
346
326
303
326
393
326
267
255
318
294
318
318
313
337
335
336
480
310
659
288
276
335
353
323
366
328
333
326
242
290
411
333
298
303
190
188
358
138
390
318
396
351
346
302
348
296
338
336
269
297
413
313
336
219
355
288
366
316
384
331
399
293
416
308
336
326
381
328
343
326
466
338
355
314
358
311
391
353
199
349
334
309
386
323
464
341
404
341
364
310
193
254
348
250
348
353
180
296
426
359
324
228
188
136
221
361
342
145
309
313
479
326
321
338
384
326
350
323
394
260
404
311
398
305
346
349
348
237
338
351
321
267
259
326
411
286
368
338
359
333
322
353
451
326
349
310
321
259
284
224
419
303
338
323
379
324
388
359
193
326
306
325
309
331
287
340
325
211
393
324
325
326
338
339
378
323
250
243
359
381
313
311
315
326
356
218
346
311
356
341
333
338
368
303
358
331
261
311
339
208
351
237
404
363
364
210
303
313
341
338
209
339
319
323
359
341
338
343
353
316
349
261
343
314
360
219
326
203
296
339
481
326
361
311
280
248
391
242
346
216
232
326
257
174
242
211
175
313
333
316
415
340
386
321
311
338
351
338
199
303
331
333
349
182
299
339
248
338
358
326
358
338
331
324
269
339
348
323
340
345
353
325
356
209
285
196
330
245
351
323
424
278
381
339
371
286
239
226
489
343
388
163
263
175
271
168
214
180
175
160
