2009
644
1919
677
1275
575
1902
642
1891
645
1980
582
1972
652
1603
659
1541
637
1374
503
1869
664
2020
667
1857
549
2024
642
1520
504
1902
664
1478
661
1904
441
1897
672
2009
672
2057
689
1867
664
1959
648
1859
669
1912
554
1227
662
1894
667
1932
662
1999
442
1860
659
1874
666
1885
655
1884
664
1919
662
1867
663
1980
536
1604
457
1885
666
1092
358
1864
667
1990
679
2030
655
1925
677
1892
651
1959
659
1867
662
1931
639
2007
674
1904
669
1970
429
1982
649
1900
659
1906
653
1970
356
1937
667
2037
476
1854
666
1924
684
2059
651
1914
616
1977
477
2052
664
1902
498
1905
383
1964
644
1967
647
2000
654
2060
659
1899
491
1972
642
1849
656
1312
448
1917
694
1973
641
1905
631
1884
613
2030
659
1949
371
1940
659
1947
674
1621
647
2095
601
1622
447
2032
654
1950
702
1977
657
2043
516
2027
677
1834
664
1962
653
2022
666
2005
642
1880
546
1955
680
1950
587
1962
561
2005
652
2024
636
1870
669
1939
667
1874
475
1979
652
2020
659
2067
371
1884
632
1623
524
2175
666
1874
656
1163
425
1919
656
1905
671
2050
691
1917
701
2013
490
1211
370
1821
656
2035
659
1663
563
1879
666
1977
656
1902
674
1906
644
1479
438
1995
681
2027
428
1223
384
2025
657
2060
659
1999
677
1948
653
2043
661
1625
696
2060
656
1892
565
1182
368
2009
566
1992
655
1984
659
1458
489
1820
516
1990
654
2034
671
1793
557
2003
661
1990
706
2047
665
1521
497
1869
658
1922
659
1599
513
1987
567
1929
446
2065
669
2038
641
1965
671
2010
676
1960
687
2040
657
1944
651
1990
666
1596
553
1893
618
1369
668
2012
654
1897
646
1970
613
2003
651
1837
649
1975
556
1701
379
1965
657
2097
629
1994
652
1994
669
1789
543
2218
652
2011
656
1944
659
2050
581
2282
656
2002
656
1962
681
1977
490
2043
672
2113
641
1944
667
2017
639
1930
577
1879
479
1947
643
1935
571
2081
639
1894
589
1955
684
2010
656
2013
665
2043
649
1110
399
2062
542
2110
659
2021
372
1828
650
1935
672
1598
678
1917
584
1987
652
1937
568
2057
667
1023
283
2042
443
2092
654
1910
594
2035
644
1912
606
2255
649
2094
672
2022
649
1697
669
1885
634
1994
650
2017
642
1970
553
1874
651
2092
375
1952
584
1500
446
1975
657
2007
634
1639
675
2027
662
2032
535
1743
634
2343
601
1730
564
1965
672
1977
567
1997
659
1997
661
1997
657
1987
655
1196
368
1966
656
1514
492
1970
657
2010
671
1771
599
1080
380
1941
564
2044
644
2027
569
2048
669
2081
684
1904
662
1953
654
2022
677
1916
651
2005
633
1118
654
1997
702
1969
643
1886
634
1683
470
2147
631
1962
468
2331
712
2018
651
2025
555
1911
564
2025
644
2022
607
2037
580
1997
671
2025
639
1792
664
1842
662
1907
677
2125
431
2110
656
1357
417
1917
657
2044
652
1981
401
2155
664
2058
659
2055
639
1884
662
2053
689
1960
672
1445
479
1939
692
1902
674
2025
350
1977
641
2013
683
1920
671
1967
582
1969
777
1593
506
2153
543
1970
573
1994
651
1909
602
1866
643
1944
664
2055
659
1794
555
2118
689
2030
649
2118
557
1953
659
2120
654
2153
657
2093
448
2003
664
1916
654
2075
664
2067
663
1977
675
1974
657
1871
674
1889
579
2110
586
1972
551
1874
659
1892
659
1184
503
2037
659
2132
725
2155
360
2032
651
2040
669
2037
652
1960
664
2100
654
1110
9457
2085
641
1598
503
2039
659
2107
529
2039
654
2007
682
1624
644
2010
687
1992
674
1930
9618
1993
666
2075
642
1950
8452
1872
672
2002
656
1665
481
1055
330
1279
380
1890
642
2102
649
1912
664
2065
646
1920
666
2063
391
1938
578
1964
660
2057
684
2029
551
2163
641
2052
648
1955
667
1916
657
2067
573
1855
654
2037
669
1246
342
1627
537
1676
568
1904
652
1872
557
1909
641
1982
657
2084
672
2006
646
1903
634
2032
657
2055
702
1190
574
2132
679
1982
618
1874
689
1937
679
1967
678
2486
654
1904
652
2005
677
1562
667
2042
644
1897
561
1869
540
2002
536
1985
652
1940
682
1879
598
2192
656
2175
635
1929
669
1975
604
1698
537
1979
382
1977
651
1984
674
2073
669
2115
656
2120
670
1936
664
1623
452
2047
657
2255
651
2075
664
2205
663
2247
662
2160
659
1995
629
2032
499
2092
666
1949
379
2079
565
2125
695
2322
658
2048
666
2102
646
2152
644
1979
552
2170
659
1115
375
2080
555
1865
563
1433
477
1962
666
1972
617
2077
609
2005
511
2014
646
1605
518
2095
391
2004
660
2080
657
1972
668
2050
674
1792
672
2175
659
2040
656
2077
507
2095
669
1979
645
2092
616
2019
646
2095
649
1920
594
1552
505
2103
651
2013
582
1995
689
2035
586
1842
566
1827
426
1979
553
2110
674
2200
666
2110
648
1967
641
2092
649
1741
533
2082
681
1235
374
2044
663
1984
661
2114
654
2227
671
2082
661
2102
646
2197
599
2100
653
2203
644
2283
656
1183
377
2115
649
1670
601
2010
644
1659
579
1787
649
1912
664
2112
664
2087
671
2122
674
1921
647
2039
661
2028
610
2122
647
2135
651
2202
525
1896
540
2195
546
2000
674
2042
656
2012
627
2154
689
1217
533
1952
652
1892
571
2115
659
1977
664
2110
620
2123
669
1780
526
2007
679
2147
676
1957
653
1646
682
2131
386
2080
659
2119
672
1820
699
1954
654
2062
657
1984
644
2032
672
2225
679
2193
664
2199
654
1907
657
1992
664
1967
654
2168
681
2088
479
2047
689
2215
657
2160
666
1886
659
2004
9141
2132
691
2115
664
1858
621
1975
669
1990
642
2087
647
2065
659
2040
661
2338
674
2235
654
2024
654
2007
366
1954
663
1964
664
1948
662
1945
644
2232
647
1814
540
1982
475
2168
657
2198
677
2152
642
2190
639
2428
606
2130
647
2100
667
2153
707
1364
671
2112
646
1954
654
2108
677
2082
659
1987
668
1997
647
2158
657
1945
584
2100
654
2082
671
2023
647
2303
377
1999
589
2180
692
1949
423
1689
488
1772
666
1993
635
2148
599
2138
696
2148
669
2035
480
2703
649
2230
659
2057
668
1964
555
2067
629
1951
577
2171
649
1773
657
2070
674
2308
658
2235
689
1095
375
1261
443
1967
644
2008
583
1902
553
1940
519
2080
420
2110
672
1859
644
1845
594
2050
415
1954
686
2044
662
1942
574
1947
654
2155
679
1992
620
1892
613
1887
646
2034
656
1952
669
2130
659
1155
389
1907
672
1849
667
1957
579
1879
579
1935
654
1955
538
1901
674
1897
661
2027
553
1989
672
2100
641
1860
654
1744
553
2108
649
1907
654
2317
667
1321
354
2147
672
1962
652
1696
547
2077
682
25686
327
1379
480
1907
566
2040
654
1975
620
1959
376
1894
525
1519
565
1902
544
1707
555
1867
697
2085
674
1902
722
1964
565
1985
543
2056
667
1592
692
2095
609
1999
642
1944
643
2080
662
1985
9612
1877
669
1530
677
1947
616
1887
649
1941
672
1867
445
1702
706
2085
644
1223
365
1964
662
1882
664
1538
545
1884
9701
1977
674
2067
552
1991
670
2175
652
1952
692
1912
644
2089
677
1728
697
1889
687
2005
559
2073
647
1894
659
1810
636
1363
444
1887
561
2012
684
1882
568
1963
622
1983
543
2005
654
2050
659
1911
589
2128
654
2543
659
1955
659
2000
644
2050
587
1937
652
2002
572
2045
649
1992
666
2075
668
2018
659
1884
649
1889
664
1947
435
1689
556
1942
631
1646
596
1749
652
2067
533
2080
651
1895
435
1975
679
1945
647
1115
374
1939
444
1904
539
1910
569
1872
657
1864
647
2009
671
1889
656
1997
646
1854
664
1934
614
1954
344
1959
662
2248
634
2052
657
1974
647
1847
644
1867
670
1995
669
2025
648
1992
665
1975
637
1713
634
1911
662
1905
592
2074
671
2014
649
1889
643
2088
661
1128
368
1859
647
1806
524
1857
656
1892
659
2023
537
1679
549
2004
676
1656
692
1914
656
2044
677
1944
678
1897
576
1790
604
1944
657
1739
566
1892
667
1947
690
1947
669
2054
659
1897
649
2070
656
1865
542
1207
686
1989
666
1942
654
1256
629
2040
657
1957
664
1945
671
2167
661
2072
443
2019
634
1907
644
2042
644
1965
586
2372
680
1890
625
1665
449
2050
383
1701
664
1980
674
2010
657
2097
423
1969
643
1935
662
1690
569
1974
364
2015
526
2125
627
1962
642
2125
511
2135
566
2120
672
2155
680
2025
554
2058
439
1504
649
1804
568
1999
661
2067
674
1686
515
1726
653
2015
642
2205
674
2015
656
2222
674
1894
615
2001
555
2065
571
2007
542
1842
656
2190
662
1899
652
1982
629
1685
571
2059
654
2215
699
1724
644
1871
654
2105
682
2103
631
1899
636
1661
674
2007
631
2031
644
2112
374
2045
9670
1955
644
1967
617
1591
664
1877
554
2175
669
2105
585
2014
668
1989
667
2195
311
1949
645
1962
674
1942
679
1987
644
1340
696
1364
375
2017
553
1970
667
2037
534
1585
494
2060
674
1909
634
2067
327
1962
654
1967
659
1974
647
2027
586
2045
629
2077
647
2075
654
1997
611
2032
669
2062
644
2030
664
2000
656
2197
644
2042
549
1568
464
2203
664
1929
644
1992
666
2010
661
2233
659
1990
615
1907
659
2094
656
2223
568
2117
664
1739
652
2017
9028
1929
677
2159
594
2172
516
2052
657
2060
656
2157
659
1987
536
2143
671
1970
654
2215
378
2127
672
2129
503
2050
665
1995
649
2097
641
1974
666
2087
649
2128
551
2125
674
1282
391
1858
654
1702
560
2140
619
2070
654
2080
659
2399
672
1980
657
2283
655
2039
669
2410
656
2185
374
2160
650
2388
696
2115
696
2062
647
1927
540
2152
658
2001
644
1909
654
1975
659
2115
644
2094
657
2127
662
1964
667
2160
666
2139
616
2040
675
2147
662
1782
551
2051
649
2326
671
2039
644
2032
661
2010
672
1958
669
1412
444
1724
648
1997
568
2032
657
1980
629
2034
674
2055
672
1928
644
1695
564
2098
652
2035
643
2052
462
2117
654
1897
568
2000
719
2100
660
2025
456
2042
662
2092
656
2024
599
2109
666
1882
657
1970
653
1820
481
2167
642
2099
618
2017
540
1946
630
2062
554
2175
681
2168
554
2340
554
2179
657
2027
647
2153
664
2190
666
2173
674
2213
700
2007
672
2122
654
1758
564
2142
662
2095
671
1716
692
2170
661
1912
649
2070
624
2034
665
2172
524
2130
646
2110
510
2280
570
2032
647
2160
662
2168
662
2062
536
1791
656
1982
673
1967
385
2068
664
2245
689
2090
730
2138
531
2115
657
2138
654
2168
546
2027
647
2118
653
2047
663
1795
616
2205
674
1730
457
2115
657
2139
661
2022
572
2160
669
1888
664
2249
659
2082
672
1182
390
1970
672
1987
563
1976
606
2115
492
2161
672
2015
656
1760
687
1634
561
2047
555
2127
536
2113
645
1192
366
2253
659
2012
8976
2107
499
2112
554
1836
656
2090
666
1957
671
1952
649
2054
677
2102
641
2075
646
1165
364
2012
518
1917
397
2002
728
1399
649
1947
669
2098
654
1910
681
2007
657
2022
652
2080
651
2057
651
1967
659
1997
656
2112
540
2135
432
2064
669
2027
657
1213
662
2135
635
2083
686
2025
642
2120
549
2045
502
2273
657
1919
555
2057
657
1973
675
1954
519
1965
671
1915
340
1747
657
2139
656
2068
664
1772
558
1970
669
2097
659
1630
441
1969
359
2095
622
1254
379
1877
505
2155
661
2143
656
2095
671
1895
666
2027
651
1937
644
2027
659
2158
674
1989
9148
2012
654
2230
695
2085
536
1308
379
1647
524
2039
651
2072
616
2067
381
2044
677
2127
569
1955
659
1974
671
2190
661
2025
653
2085
659
1952
558
2087
666
1949
667
1972
609
2211
657
2165
662
1890
637
1848
672
2020
485
2098
319
2092
659
1964
656
1806
563
2085
664
2366
671
2034
646
2042
604
2027
678
1310
381
2025
682
2010
647
1972
659
2112
659
1957
539
2029
634
2108
659
2117
677
1952
544
2067
644
2065
666
2002
656
1910
659
2108
659
2147
662
2074
679
1951
676
2059
557
2310
657
2235
422
2114
614
1937
486
2182
548
2012
666
2225
405
1959
649
2007
644
2015
641
2007
659
2315
654
2135
657
2077
654
2012
667
2183
622
2088
674
2122
669
2100
654
2095
672
2201
659
2101
375
2037
644
2060
694
2077
521
2072
642
2133
671
2273
658
2114
645
2102
657
1907
674
2020
9733
1780
541
2252
661
2077
669
2152
518
1818
676
1701
567
1992
557
2223
650
1997
666
2262
644
2071
657
2108
641
2165
665
1444
671
2060
497
2230
543
2055
572
2015
380
1694
404
1887
667
2079
634
1957
569
1912
8650
1947
487
2155
669
2147
531
2014
656
1606
669
1967
654
2054
589
2187
616
1245
692
2020
646
1949
672
1221
374
2150
651
2236
667
1600
581
2037
707
1254
651
2049
641
1922
658
2283
672
2072
661
2003
669
1924
669
2052
644
2085
654
1293
689
2107
542
2052
552
2010
660
2109
697
1299
432
2053
699
2195
666
2103
672
1990
682
1937
660
1959
646
2168
646
2200
672
1977
493
2085
666
2029
559
1661
657
1879
684
2142
644
1972
657
2100
687
2105
699
1914
665
1426
444
2158
654
1880
532
2013
635
1925
616
2054
416
2326
669
2050
462
2148
662
2142
689
2087
674
2080
666
2240
656
2135
664
2190
651
1805
654
2025
521
2112
546
2165
609
2165
671
2177
644
2034
395
2195
530
2137
347
2255
654
2050
664
1598
415
1423
434
2265
644
2042
664
2060
654
2171
654
2165
667
1904
657
1824
559
2109
561
2065
656
2168
431
2182
654
1798
674
2169
654
2022
649
2150
495
2064
671
1979
674
2115
689
2130
661
1669
443
2074
642
2032
671
1288
348
2027
674
2052
644
2175
642
1203
383
2140
574
2087
694
1286
438
2185
603
2169
553
2005
667
2036
667
2357
654
2055
656
2250
652
1718
586
1492
676
2150
661
1969
477
2305
669
2040
647
2042
677
1906
564
2218
664
2175
521
2105
640
1682
657
2160
686
2180
672
2125
612
2020
584
2138
661
1915
644
2067
513
2017
647
2225
632
1802
674
2208
661
2149
662
2062
539
1464
421
2118
432
2130
634
2090
662
1622
567
2165
646
2155
519
1936
625
2069
667
1953
549
2150
654
2195
672
1598
536
2177
576
1999
651
2098
649
2149
629
2027
697
2455
669
2158
509
1724
658
2097
579
2200
636
2273
624
2229
645
1959
670
2180
630
2210
659
1914
669
2017
667
2080
656
2368
634
2155
639
2185
455
2215
377
2002
649
2043
662
2107
785
1985
478
1293
375
2095
392
2192
669
2290
580
2007
9522
1927
666
2102
555
2115
569
1800
666
2205
664
1910
681
2138
492
1396
460
2079
660
1992
659
1518
664
2087
658
2084
572
2032
661
1509
438
2062
666
2100
571
2165
627
2062
659
1713
547
2115
513
1844
606
2055
605
2198
659
2065
656
2031
373
2276
656
1997
9145
1251
348
2267
672
2153
602
1586
625
2087
659
2132
652
1980
701
2135
667
2070
588
2160
707
2030
659
2017
662
2090
652
1826
490
1560
461
2118
584
2017
661
1987
690
1963
669
2084
551
2125
649
1952
641
1990
630
1207
392
2017
9544
2077
450
1992
678
2195
379
1925
641
1879
329
2110
551
2083
659
2070
651
2022
643
1949
504
2012
643
2072
642
2198
664
2007
684
2059
649
2020
576
1970
684
2345
661
1937
654
2266
665
1995
649
2127
649
2287
523
2460
681
2061
648
1924
648
2137
652
1732
667
2092
657
2140
639
2127
9269
1896
568
1414
423
2137
643
2087
566
2052
664
2049
699
2145
658
2030
644
1947
656
2040
641
1936
538
1969
529
1942
441
2070
681
2005
671
2022
669
1518
438
2017
549
1998
649
2187
656
2032
611
2298
649
2147
667
2170
8785
1869
659
1939
463
2055
567
1781
674
1739
699
2158
664
2103
618
2092
666
2090
651
1854
682
1248
604
1881
652
2015
626
2074
644
2140
654
2020
682
1865
669
2122
623
2115
704
1250
381
2135
581
2017
672
2118
659
1989
604
2082
381
2078
661
2037
668
2011
656
2165
651
1999
689
1950
504
1952
667
2102
637
2113
646
1760
553
1511
435
2148
641
1940
667
1849
585
2149
646
2123
652
2012
655
1889
657
2120
387
2261
664
2060
661
1771
682
2075
441
1977
589
1947
667
2168
654
1915
656
1864
639
1922
669
1719
654
2052
659
1894
687
2177
667
1219
418
2019
609
2120
615
2127
669
2015
664
1992
449
2054
672
1877
548
1874
644
1941
643
1634
546
1123
381
1942
644
2293
431
2138
654
1390
422
2064
656
2196
666
2122
647
2082
553
1756
657
2238
616
2215
684
2238
574
2233
376
2275
662
2266
627
2135
666
2316
664
1398
377
2128
657
2135
584
2152
649
2032
649
1885
472
2120
646
1797
599
2091
686
2014
647
1857
499
2039
659
2195
662
2120
466
2368
665
2059
644
2290
671
2245
654
2122
659
1944
669
2079
635
2474
642
2072
390
2173
676
1645
682
2112
662
2105
669
1932
654
2155
567
2178
654
2327
660
2158
676
2065
8840
2162
689
2211
696
2299
604
2142
652
1944
606
2055
644
2178
664
2275
662
1883
699
2233
645
2383
665
2118
657
2265
669
2190
632
1702
654
2090
372
1832
646
2095
481
2117
692
1977
634
2273
689
2283
642
2097
657
2090
643
2073
651
2193
621
2052
567
1867
603
2130
9470
2050
642
1170
514
2192
656
2016
672
2082
676
2050
555
1922
644
2054
646
2188
676
2231
654
1946
428
2030
674
1350
513
2097
549
2044
676
2210
666
2066
667
1999
657
2024
674
1985
667
2092
676
1412
487
2100
664
2162
321
2097
524
2185
9559
2170
667
1897
656
2388
621
2055
634
2160
664
2123
623
2175
629
2143
649
2157
652
1315
649
2152
659
2029
659
2589
677
2029
568
2185
647
2220
503
2101
659
2069
354
2134
661
2223
669
2015
662
1962
665
2150
654
2010
649
2107
545
2090
637
2185
664
2297
562
2365
591
1739
521
2039
689
2270
666
2225
654
2275
689
2155
553
2019
652
2241
641
2022
564
1945
9380
2135
676
2400
647
2047
664
2130
555
2118
691
2169
649
2045
395
2035
781
1973
667
1253
362
1747
561
2185
644
1912
647
2029
436
2045
677
2270
691
2188
669
2138
613
2140
669
2050
689
1988
558
1964
559
2182
662
2065
657
1965
747
2233
719
2022
657
2167
662
1957
658
2149
639
2355
664
2047
391
2100
659
2478
671
2220
654
2135
654
1614
620
1967
666
2171
681
2124
615
2101
656
1992
659
2160
9056
1962
641
1937
667
2054
654
1315
378
2110
665
2215
569
2225
661
2055
654
2180
671
2137
662
2285
625
2125
644
2012
664
2400
639
2070
653
2142
677
1289
387
2315
647
2185
546
2329
682
2175
679
2250
669
2391
661
2488
682
2175
662
1698
559
1977
667
2158
652
1995
642
2221
659
2245
637
2040
647
1899
389
2165
651
2181
413
1956
421
2014
634
2222
656
1947
657
1998
488
2373
673
2124
664
2062
558
2183
372
2165
651
2261
651
2084
657
2193
657
2398
651
2291
657
2223
621
1905
646
2283
629
2142
677
2178
671
2265
643
2265
615
1794
669
2193
663
2302
636
2122
271
2375
669
1662
378
2143
659
2002
636
2065
554
2171
662
2285
648
2212
591
2225
664
2157
637
2305
646
2188
664
2328
655
1671
371
1882
486
2155
646
1986
720
2303
367
2282
666
2358
679
2261
654
1772
666
2288
689
2271
540
2215
656
2498
561
2358
533
1896
377
1748
651
2518
316
2348
667
2165
557
2415
656
2267
543
2210
671
2481
657
2343
669
2186
651
2160
667
2195
662
2263
647
2326
483
2252
563
2478
644
2100
486
2225
667
2207
644
2260
655
2178
669
2273
682
2128
644
2520
656
2295
626
1844
664
2270
667
2230
653
1340
399
2355
496
2310
659
2149
531
2390
646
2262
501
2242
659
2315
629
2250
659
1920
545
2395
684
2298
539
2342
654
1622
498
2348
596
2172
644
2202
674
2283
639
2251
613
2488
667
2263
672
2289
664
2328
650
2228
287
2295
503
2365
664
2268
664
1957
656
2554
664
2343
433
2453
641
2062
641
2080
538
1139
360
1805
596
1975
677
1857
661
2135
666
2265
669
2152
543
2065
661
2112
610
2084
667
2105
667
2104
674
1887
670
1965
651
2090
641
2088
447
2097
523
2118
487
1947
9181
2366
664
2097
642
2072
644
2037
524
1962
657
1972
638
2030
671
1977
656
1995
612
2287
684
2039
664
1905
647
2083
652
2150
602
2155
672
2180
649
2032
622
1976
654
1942
628
2057
664
2163
669
1864
541
2115
656
2085
631
1834
669
2072
672
2099
676
2321
689
2082
672
2205
652
2032
510
1964
599
1721
664
2097
555
1980
681
1974
439
2102
643
2063
370
2173
665
2083
529
2151
649
1619
467
1975
664
2117
589
2167
664
2065
656
2526
649
2032
661
2230
662
2165
664
2298
701
2038
495
2045
670
2047
648
2198
657
2045
639
2172
654
2005
642
2007
540
2105
608
2061
676
2125
649
2167
586
1961
656
2009
684
1929
676
2022
646
2105
667
2127
662
2012
569
1993
652
2305
586
2020
678
2153
656
2049
641
2190
654
2192
694
2020
657
2060
476
2069
631
