1260
440
1970
649
2017
641
1854
546
1915
657
1890
664
1902
649
1952
445
2042
676
1942
657
1898
654
1909
671
1273
420
1466
655
1674
544
1864
643
1947
664
1516
653
1854
586
1025
358
1862
757
1907
627
1854
664
1882
557
1887
654
1504
657
1879
506
1871
642
1907
567
2065
661
2009
666
1262
360
1977
656
1972
655
2017
674
2017
321
2020
367
1867
599
1987
659
1882
491
1508
464
1841
666
1932
657
2025
669
1423
625
1952
502
1972
712
1887
669
1878
521
2030
666
1574
619
1987
672
2049
658
1998
669
1945
358
1975
681
1939
485
1949
437
1952
642
2085
492
1909
699
2110
677
2190
679
2064
654
2003
659
2005
652
1949
656
2052
657
1859
372
1975
684
1864
661
1917
667
2017
547
1862
516
1930
657
1962
569
2015
647
1909
496
1995
669
2265
649
1965
543
1416
479
1895
509
1296
441
1872
552
1960
661
2010
672
1286
370
1895
656
2047
649
2015
677
1886
628
1696
657
2082
662
1335
9423
1975
679
1944
655
1692
666
1937
657
2188
535
2034
657
1905
642
2123
669
1862
674
2278
662
1989
661
2044
659
2020
652
1960
652
1878
631
1912
606
2102
671
2014
433
1885
474
1944
667
1918
549
2060
627
1975
631
1938
668
2097
642
1917
652
1394
484
1640
486
2085
671
1025
343
1682
477
1977
453
1907
649
1849
659
2067
694
1499
488
2052
384
1911
694
2050
646
1892
618
2064
649
1962
660
1882
689
1896
549
1982
676
1972
664
1939
654
1088
365
2105
667
1336
439
1871
666
1746
453
1934
651
2027
566
2027
657
2117
707
1926
470
1980
556
1983
649
2019
650
2099
654
2049
656
1999
632
2062
654
1103
351
1989
403
1960
659
1996
675
1960
612
1964
552
1975
669
1989
661
2024
502
1934
563
1695
501
1998
674
1877
669
2067
654
2002
669
1966
684
1682
649
1954
596
1940
644
2124
551
1962
654
2027
682
2027
642
2035
524
1967
402
1995
667
2012
654
1889
656
1965
636
2035
669
1862
656
2045
686
1960
669
2145
662
2022
374
1880
662
2137
667
1937
563
2223
664
1916
649
2012
671
2027
651
1970
679
2095
653
1922
652
1955
657
1861
614
1902
664
2007
656
2135
561
2125
414
2107
667
1627
531
2147
654
1945
546
2099
694
1944
674
2152
652
1877
646
1874
571
2024
660
1975
564
2233
486
2017
666
2082
664
1110
618
2050
659
1889
659
1992
649
2009
663
1950
637
2080
576
1957
664
2077
672
2050
669
2017
611
2022
656
1849
657
1962
654
1895
569
1909
659
1962
669
2038
314
1849
646
2140
649
1939
719
1890
644
1879
669
1894
672
23357
641
920
559
1762
567
1448
479
1584
659
1899
642
2095
662
1862
657
1554
387
1985
657
1887
646
1936
707
1944
584
1899
566
1887
517
1944
659
2140
676
1577
555
1899
669
1952
654
2119
372
2137
656
1954
664
2055
667
2038
657
1906
667
1466
681
1939
674
2038
656
2067
628
2015
642
1889
551
1949
648
1930
664
2112
496
2209
674
2290
642
1992
383
1961
669
1907
675
2058
564
2004
599
1956
669
1904
463
1867
657
1950
664
2017
643
1947
649
1914
668
2287
654
2030
626
1795
546
1988
654
1146
367
2069
364
2042
579
1732
669
2115
659
2092
647
2021
620
2002
644
1869
589
1932
671
1204
373
2072
410
1660
642
2130
692
2034
561
1961
622
1293
371
1628
657
1967
602
1972
642
1920
656
1967
651
1945
659
1949
661
1877
555
1971
519
2123
629
2090
659
2030
667
2283
408
1636
576
2135
659
1914
649
1875
656
2040
659
2013
429
2045
457
2030
657
1934
654
2075
656
2102
651
2059
674
1985
630
2137
553
2007
671
2063
639
2157
682
2137
662
2022
686
1860
540
1950
662
1842
688
1930
664
1972
664
1977
667
2073
697
1761
557
1963
656
1997
676
2065
367
1987
657
2062
644
2087
641
1957
561
2093
453
1897
644
2160
665
1861
644
2125
574
2077
682
1967
684
2090
674
1922
670
2018
579
1952
9920
1816
606
2064
508
1205
384
1585
666
1643
654
1614
662
2057
686
1920
527
1907
433
1851
486
1969
659
2068
613
2115
594
2185
666
1844
657
1952
644
2075
681
1856
666
1984
687
1952
686
2105
657
2002
372
2218
667
2050
672
2165
659
1736
540
1895
511
2045
454
2038
622
1950
587
1647
558
1705
709
1777
8356
2148
669
2069
656
1957
686
2042
647
2167
666
2193
654
2040
666
1742
421
1613
642
1977
563
1915
632
2032
668
2052
671
1810
654
1895
658
2180
679
1976
654
2121
697
2058
11734
1924
674
1669
9161
1977
644
2087
521
2088
694
1989
664
1847
669
2093
632
1771
516
1693
548
2065
660
2080
656
2107
554
2195
672
2037
473
2212
664
2120
613
2123
371
1336
669
2052
701
2140
433
2040
654
1887
543
2117
677
1127
551
1942
654
1962
651
2029
529
1922
553
1997
659
2130
576
2057
653
2165
579
2025
661
1773
511
2153
662
2039
687
1213
397
1909
658
2092
642
1992
653
1927
652
1800
564
2067
662
1942
641
2183
656
2032
664
2140
657
2252
669
2240
646
2223
666
2268
662
2188
692
2072
657
2259
674
1980
547
2092
649
1962
488
2117
657
2005
666
2004
589
2118
690
2022
656
1915
546
1994
334
2017
667
2112
649
2157
672
2163
581
2205
677
2060
669
2082
650
2055
549
2042
672
2045
641
2127
650
2055
689
2207
646
1715
563
1871
654
2100
672
2173
567
2010
521
1685
500
2071
579
2017
9174
1934
671
1629
485
2062
682
2170
657
2024
642
2090
669
1937
671
1907
618
2213
645
2243
689
2127
654
1804
555
1995
663
1929
659
1980
659
2152
657
2478
659
1217
372
2145
690
2171
553
1778
452
1869
657
2037
654
2005
669
2135
599
2139
656
1314
384
2122
9231
1960
675
2095
644
2024
647
2091
646
2002
632
1974
672
2097
511
2040
657
2063
669
1872
649
2193
656
2198
667
2045
649
2205
684
2192
562
2138
646
1930
669
2243
666
2057
566
2200
599
2285
565
1826
640
2160
686
2250
654
2162
555
2290
649
1967
656
2158
563
2130
677
1724
548
2034
338
1476
415
2083
426
2110
375
1895
649
1277
376
2053
664
2128
657
1784
669
2140
679
2104
649
2077
547
1851
644
2061
649
2055
647
1250
371
1982
656
2215
677
2100
707
2203
677
2258
671
2082
696
2095
642
2130
654
2028
644
1655
551
1885
654
1851
380
1944
617
1663
649
1972
595
1927
659
1987
524
1960
644
2012
652
1870
657
1890
644
1680
365
1347
413
1954
641
2010
511
1186
356
1967
694
1834
667
1950
657
1121
362
1939
656
1987
631
2002
654
1977
664
1491
672
2072
659
2122
697
1018
335
2027
632
2024
569
1927
705
1954
644
1962
674
2127
659
1920
634
2070
660
2117
644
1859
669
2044
664
2113
649
1912
529
2027
626
2029
656
1862
672
1471
661
2029
662
2012
642
1953
614
1943
646
1675
677
1965
606
2000
651
1914
490
2072
692
2085
653
2035
661
1688
650
2029
505
1960
637
1974
669
2007
692
2101
666
2129
654
1920
654
1864
657
1978
667
1136
384
1792
644
1927
589
1704
579
1642
564
2070
659
2135
648
1590
516
1947
647
2025
642
2032
679
1952
670
1969
553
1867
674
1859
672
1831
540
1871
664
2005
527
1852
656
1218
368
1616
447
2083
656
2097
642
1882
601
2097
664
1970
644
1975
652
1970
649
2072
626
1676
596
1985
672
1985
654
2029
666
1961
612
1901
644
2097
655
2007
661
2044
669
2045
490
1166
374
1974
662
2353
652
2131
471
1919
664
2017
654
1945
686
1568
559
1916
690
1619
551
1906
661
2017
669
2033
611
1954
593
2014
9051
2034
659
1677
647
1887
390
1942
641
2015
664
2035
674
1962
669
1946
577
1916
659
1790
655
2108
649
1858
655
1965
656
1989
664
1897
656
1526
539
2093
664
1994
653
1899
511
1956
686
1910
551
2024
669
2017
631
2078
651
2065
642
2067
656
1949
677
2022
649
2082
676
1994
647
1984
659
2239
671
2137
672
1962
646
1869
671
1997
654
1987
671
1970
491
2062
663
2024
672
2100
659
1909
654
1917
689
2027
672
2300
654
1975
659
1728
572
1869
549
2012
637
2048
646
1944
661
1935
620
2183
674
2042
691
1844
659
1937
551
2048
656
1993
675
1990
571
2181
651
1902
664
1166
371
2210
679
1964
674
1859
669
1957
652
2052
621
1877
642
2030
504
2032
659
1287
704
2037
671
1957
675
2037
660
1945
378
2396
656
2215
659
2523
644
1884
677
1956
428
2153
549
1889
737
2035
552
1675
696
1987
641
1715
664
1289
456
1935
651
2035
516
2074
676
2102
667
2027
508
1958
646
2117
657
1992
385
2029
661
1990
515
1957
639
1905
675
1480
667
1870
644
2094
661
1957
662
2105
657
2067
646
1902
659
1922
644
1975
535
2162
589
2030
666
2065
505
1880
659
2060
646
2010
647
2010
20169
1760
689
2004
642
1942
649
2020
672
2064
653
2165
641
2053
644
1944
654
2067
668
1900
712
2110
561
2123
654
2133
647
1574
571
1974
657
2111
667
2055
654
1781
561
2150
664
2190
649
2135
659
2138
606
1926
639
1670
666
2020
647
1886
649
1233
395
1974
314
1965
689
2085
641
1922
647
2049
554
2285
644
2070
647
1985
476
1498
517
1995
657
1741
664
2021
662
2195
656
1278
302
2007
549
1993
672
2025
349
1952
651
1949
652
1967
652
1944
642
2150
645
2072
654
2088
641
2137
660
2140
567
2047
663
2107
669
1882
659
2142
671
2055
699
2167
642
2060
695
1982
652
2103
646
1363
557
2030
649
2218
666
2167
670
1848
667
1909
529
2017
660
2079
649
1896
648
1716
445
1982
682
1959
660
2149
597
2012
702
2005
661
1187
368
2160
661
2002
557
2112
533
2143
649
2035
657
2192
663
2105
681
2205
666
2200
666
2022
657
2002
659
2168
675
2152
666
2029
680
2100
684
2087
651
1991
552
2115
638
1215
383
1908
514
2057
547
2098
691
2155
662
2067
646
2175
475
1613
489
2038
643
2348
643
1986
672
2007
589
2125
666
2020
659
1668
608
2173
654
1972
568
2055
448
2000
659
2118
634
1969
669
2070
644
1993
642
1954
675
1970
664
2192
642
1970
656
2089
646
1989
624
1160
374
1925
664
2080
563
2007
626
1933
663
2117
662
2135
661
2053
657
2115
656
2007
657
2173
549
2167
538
2015
668
2068
686
1831
563
2172
674
2030
667
2025
651
2080
646
2413
542
2033
644
2158
540
2195
639
2353
646
1949
687
2129
649
1950
634
2258
669
1969
469
1935
654
2175
674
2154
669
2185
657
1981
669
1990
656
2017
699
2182
661
2262
659
2152
657
1888
652
2027
537
1955
666
2085
651
2288
549
2089
653
2100
664
2035
679
2142
667
2098
646
1948
556
1962
614
2165
644
2075
584
2104
657
2185
659
1975
674
2078
641
1935
656
1906
642
2142
654
2063
519
2326
686
2149
657
2118
659
1924
641
2017
661
2010
638
2022
672
2238
670
2022
667
2070
558
2035
656
2002
535
2140
646
2015
656
2180
666
2137
489
2223
517
2042
669
2167
600
1595
499
2100
671
2133
669
2079
687
2131
662
2157
664
2090
648
1990
667
1964
479
2027
539
1949
644
1974
641
1995
659
2113
666
2030
619
1710
551
1599
553
1959
677
1964
629
1842
548
1985
672
2070
613
1904
621
2007
548
1904
656
1954
657
2089
571
2039
674
1666
671
1688
563
2158
553
1944
553
1932
376
1948
669
2062
618
2127
516
1932
656
1887
641
1982
652
2082
684
2019
383
1979
652
2102
657
2027
662
2018
627
2125
566
2009
620
1967
642
1861
553
2255
647
2069
505
1954
669
2024
649
2193
642
2005
669
2025
647
2253
617
2193
661
2298
644
2095
654
2064
684
2102
373
2005
565
2140
639
2170
656
2140
511
1782
486
2019
652
2077
653
2160
576
2024
654
2258
609
2057
657
2012
657
2037
656
2175
706
2207
636
1211
697
1922
699
1892
651
2045
660
2125
692
1990
659
1855
471
2162
684
1955
644
2029
661
2038
24256
2088
654
2077
574
1997
962
2147
431
2155
656
2077
647
1736
521
2092
631
1965
509
1316
438
1952
674
2629
659
1940
557
1896
576
2007
653
1934
644
2185
656
2205
587
1980
676
1823
541
2047
675
2178
691
1887
517
1982
679
1975
654
2133
657
2128
648
2273
514
1980
641
2057
649
2606
551
1984
617
2020
644
1859
659
2105
647
2310
578
2198
672
1824
502
2065
684
1990
654
2085
664
2117
657
1956
659
1556
505
2155
646
2395
570
2155
681
2235
562
2110
567
1163
390
2137
661
2168
589
2103
639
2278
651
2125
667
2095
664
2130
646
1957
548
2080
637
2063
673
2140
646
2125
644
2022
644
1981
649
2287
651
1970
671
2095
657
1603
654
2087
644
2207
677
2022
631
2097
565
2069
646
2142
672
1924
399
2187
674
2180
641
1862
664
2034
654
2045
671
1778
648
2061
674
2002
684
1931
644
1906
656
2062
663
2271
669
2200
565
2048
503
1676
667
1764
641
2047
362
1957
660
2149
677
2087
664
2055
647
1636
667
2100
629
2050
658
2048
699
2120
654
2012
681
2175
438
2127
646
1093
380
2095
667
2045
676
1608
557
2037
644
2089
669
1950
667
2048
644
2075
644
2065
664
1790
555
2248
657
2090
609
1979
536
2155
661
2109
622
2142
523
1960
664
1869
649
2175
652
1636
520
2355
632
2038
689
2192
649
2062
644
2130
656
1383
414
2297
672
2240
667
1909
467
1954
624
1735
396
2095
689
2000
652
1911
629
1972
657
2070
644
1981
662
2072
667
2037
340
2177
616
1877
583
2078
579
2020
561
1792
629
1417
441
1201
381
2040
657
2084
477
2045
674
2205
618
2070
632
2007
646
2133
659
2062
682
2147
658
1995
608
2228
553
1411
380
2090
509
2020
642
2223
644
2082
641
2172
696
2211
580
2138
684
2053
659
1917
654
2107
656
2253
515
2283
657
2109
656
2200
646
2147
639
2115
644
2130
667
1533
435
2097
564
2057
656
2177
671
2128
683
1977
542
2032
659
2025
651
2221
674
2092
656
1716
669
2092
672
2148
365
1843
657
1959
551
2075
674
1814
641
2055
657
2178
438
1984
651
2092
613
2155
662
2463
665
2461
669
2125
528
2215
656
2125
478
2133
657
2228
667
1056
6334
2190
677
2070
659
2061
656
2210
642
2230
593
2110
617
1336
408
2220
684
2030
500
1905
656
2152
582
1612
527
1696
642
2105
481
2030
657
2052
644
2028
669
2315
646
1944
681
2220
652
1654
470
2138
646
2120
551
2207
420
2075
669
1249
671
2200
670
2138
658
1723
441
2033
645
2087
654
1994
674
2353
651
2010
685
1697
574
2034
669
1627
649
1439
401
1971
671
1207
400
2037
680
2155
667
2047
572
1910
678
2082
651
2205
644
2112
659
974
651
2100
682
2012
546
2062
684
2070
644
1969
656
1929
654
1463
474
2092
652
1798
487
1947
553
2215
405
1940
666
1731
557
2017
553
2043
642
2050
654
2024
646
2106
671
2115
663
1931
641
2002
627
2115
657
1558
371
1705
565
1299
378
1227
342
2027
644
2027
612
2028
667
1995
669
2070
661
2050
653
2200
667
1949
341
2133
651
1378
468
1749
666
1957
669
2171
661
2012
554
2009
565
1940
656
2065
553
2095
483
1967
659
1213
346
2002
555
2075
644
1952
642
2040
663
1990
659
1934
654
2179
608
1977
672
2141
706
1979
669
1842
691
1083
376
2051
664
1952
683
1907
654
1981
641
2090
665
1864
612
2095
661
2017
674
2511
646
2180
669
1977
484
2163
664
2003
467
1311
372
1950
646
2125
692
1984
579
2100
642
2197
672
1208
289
2230
669
2167
451
2129
639
2113
571
2212
659
1942
644
2198
551
1423
415
2067
556
2017
667
2072
672
1950
654
1100
367
1212
351
2087
687
2075
643
2233
656
2023
657
2133
660
1942
507
1895
571
2103
667
2100
609
2070
677
2002
653
2042
669
2044
645
2213
657
2039
647
1579
481
2032
669
1972
656
2095
657
1997
647
2050
664
2095
9682
2004
347
1965
654
2187
612
2082
664
2150
566
1977
704
2147
664
1912
653
2057
657
1925
654
2012
654
2017
650
2130
649
1900
618
2157
662
2047
609
2128
681
2012
664
2182
689
2027
8971
2032
671
2019
606
2195
659
1945
622
2045
656
1977
531
2172
506
1945
646
1963
652
2065
641
1633
564
2080
652
2043
639
2027
639
1948
666
1984
555
2147
647
2005
664
2191
651
2206
658
2169
662
2112
664
2140
664
1922
589
2192
663
2032
625
2037
604
1932
669
2070
588
2044
701
2167
669
2017
545
1982
392
2037
651
2027
669
2052
672
2125
541
1724
491
2208
662
2028
551
2060
632
2178
371
2103
613
1940
649
2158
672
1969
688
1829
662
1565
471
2205
654
2087
667
2168
671
2193
651
2262
664
2052
553
2258
664
2123
657
2007
553
2048
475
1627
9214
2368
650
2088
592
2007
438
2197
652
2370
559
2112
648
2202
664
2062
282
1909
669
2167
641
2042
649
2077
9379
2060
677
2135
659
2238
659
1787
639
2222
549
2080
568
2221
658
945
555
2368
642
2037
691
1954
669
2065
653
2177
646
2205
548
2092
677
2072
642
2280
421
2105
433
1997
647
2035
644
2105
645
2050
659
2308
514
2087
684
2109
644
2265
662
2117
730
2137
397
2082
654
1974
664
2167
737
1953
649
2162
653
2097
559
1568
661
1999
662
1804
525
2298
674
2235
670
2185
657
1873
694
2105
666
2022
325
2052
657
2122
687
2092
646
2177
669
2030
564
2167
674
2257
671
2110
374
2140
647
2110
694
2182
664
2050
664
2149
649
2150
677
2212
614
2072
674
2049
352
2130
777
2137
646
2183
654
1617
557
2080
654
2040
654
1984
679
2333
659
1970
651
1980
546
2007
656
2142
657
1952
677
2153
644
2173
694
2217
667
1974
669
2110
656
2047
657
2145
574
1984
654
1684
666
2007
687
1950
649
2047
669
2125
659
2435
578
2097
611
2063
8023
2034
661
1661
490
1267
652
1850
662
2187
654
2268
671
2220
676
2240
670
1964
646
2078
659
2223
657
2099
634
2033
659
2047
670
2293
666
2182
649
2155
652
2109
652
2127
652
2150
644
2185
671
1990
714
2073
672
2083
699
2182
647
2305
672
2065
634
2343
662
1802
466
2038
642
2007
659
2213
587
2029
651
2012
682
2270
662
2290
677
1992
9566
1999
616
1713
479
2345
675
1684
671
1962
432
2287
656
2155
539
953
663
2135
414
1924
507
2179
594
2203
629
1879
656
2180
644
2083
666
1965
385
2170
675
2107
649
2175
662
1972
668
2127
415
2082
674
1269
378
1841
576
2190
674
2232
644
2104
642
2087
457
1974
644
2021
595
2093
557
2120
679
2072
655
2110
681
2085
566
2035
662
2250
664
2060
644
1318
399
2185
670
2235
657
1913
647
2135
663
2235
671
2183
662
2122
650
2064
664
2177
653
1605
488
1812
546
2013
661
2089
404
2265
651
2553
614
1942
646
2251
351
2020
621
2268
551
2135
533
1990
671
2020
687
2052
642
1999
686
2190
615
2143
643
2053
664
1899
637
2130
671
1972
651
2415
689
2256
669
2102
651
2067
656
2227
644
2398
644
1049
662
2418
667
2093
657
2115
646
2191
680
1790
697
2370
654
2122
583
2223
649
1267
442
2032
517
2201
669
1563
434
2308
613
1576
644
2310
697
2288
672
2288
654
2343
649
2213
659
1355
584
2303
662
2155
646
2576
656
2198
571
2065
461
2140
623
2325
694
2566
669
2047
641
2238
669
2225
382
2119
670
1339
378
1422
649
2223
636
2239
653
2230
676
2438
666
2250
594
2028
700
2353
662
2281
670
2403
10650
2335
521
2137
521
2275
659
2328
675
2322
647
2061
664
1899
463
2260
648
2220
679
2158
682
2363
684
2125
708
2338
661
2268
654
2258
669
2190
659
1533
384
1729
472
1754
423
2328
696
2407
644
2207
649
2267
664
2245
669
2190
553
2418
554
2228
669
2449
654
2118
647
2232
642
2037
559
2493
664
2218
654
2246
647
2160
641
2193
659
2275
670
2277
641
2298
666
2316
652
2036
566
2378
471
2511
664
2275
667
2418
661
2197
664
2353
671
2226
547
2263
703
2200
654
2362
662
2230
666
2493
676
2315
491
2271
443
1363
371
2188
536
2418
659
2263
657
1936
667
2300
669
2142
659
2313
664
1822
644
2215
656
2135
649
2057
374
1925
566
2102
677
2125
657
1975
649
2152
9053
2303
702
2000
421
2215
641
1992
706
2180
659
2025
677
1942
642
1884
659
2030
669
2243
712
2097
677
2065
659
2010
657
1990
677
2308
669
2148
664
1852
536
1889
509
2015
637
2088
654
1917
639
2027
694
2122
716
1935
661
2228
649
2045
621
2045
624
2261
654
2127
656
1974
656
2178
669
2087
679
1884
662
1979
669
1962
653
2089
654
1859
672
2079
525
2015
662
2335
674
2208
626
2210
651
2158
659
2277
689
1902
659
2138
669
1945
667
2160
648
2273
666
2245
569
2075
641
2059
671
1932
647
2007
593
1993
662
1906
654
2110
632
2090
641
2059
665
2172
667
1846
655
2021
672
2152
667
2162
676
2102
606
2088
674
2007
585
2069
732
2065
644
2105
566
1926
506
2188
669
2178
654
2163
649
1959
468
1935
579
1262
381
2140
652
2173
659
1761
679
1425
361
2087
662
2114
649
2019
659
1881
659
2077
371
1945
659
1929
664
2022
674
1445
386
2007
659
1979
661
2077
681
2172
666
