1947
666
1982
658
2067
674
2042
659
1877
629
1598
633
1691
664
1930
653
1927
585
1043
362
1942
654
1895
651
2030
627
1145
471
1954
664
1924
646
1543
405
1859
654
1877
664
1940
611
1954
673
1937
551
1864
476
1867
542
1921
584
1894
642
1567
561
1932
648
1951
460
1862
525
1732
475
1892
667
1935
659
1869
483
1910
694
1600
549
1613
557
1942
9194
1879
592
1785
572
2213
644
1962
555
1811
694
1925
496
2047
660
1914
672
1870
670
2025
662
1862
385
1876
679
1902
642
1958
687
1994
629
1859
687
1915
656
1987
522
1892
667
1989
675
1899
657
1930
666
1979
669
1846
639
1599
549
1982
498
1952
654
1614
652
1876
664
1882
657
1930
672
1847
671
1917
654
1989
656
1877
535
1959
641
1866
616
1979
649
1909
586
1967
657
1916
654
1718
543
1962
555
2112
622
1974
654
1988
651
1568
467
1947
651
1302
435
1876
376
1997
642
1956
654
1902
662
2015
633
1387
368
1963
667
2078
667
1925
661
1887
674
1946
589
1888
553
1932
486
1574
546
2047
674
1589
553
1963
651
1558
657
1907
659
1823
422
1952
664
2018
561
1902
704
2029
674
1412
356
1972
656
1568
492
1995
649
2050
684
2070
656
1600
555
1947
707
1942
668
2113
662
2013
550
2108
641
1914
672
1882
672
1983
664
1920
651
1905
664
2107
662
2142
644
2037
635
2012
492
1581
509
1987
665
1942
567
2431
653
2020
576
1970
647
1980
557
1564
451
1944
649
1886
654
1500
657
2048
560
1922
609
2009
659
2015
742
1970
651
2118
613
1884
663
2090
615
1995
632
2019
656
1209
382
1940
659
1837
561
1982
659
2002
488
2002
479
1989
669
2004
677
1904
594
1954
656
1912
634
2000
674
1861
671
1990
677
1959
531
2035
666
1655
644
2030
631
2105
650
2025
551
2122
581
1917
528
2104
664
2080
299
1464
649
2052
652
1961
647
2022
689
2024
665
1930
672
2047
689
2059
664
1969
664
2062
611
1869
480
2082
654
2025
667
2000
672
1958
674
1940
682
1374
373
2045
591
1947
652
1824
569
1965
391
1977
446
1750
629
1980
664
2170
643
2083
611
1994
662
2177
646
1947
618
1864
381
2112
682
1973
669
1946
727
1654
704
1122
569
1985
684
1924
659
1962
664
2058
652
1874
666
1999
656
1969
681
2020
633
1593
662
1989
684
2004
636
1955
657
1099
336
2030
671
1994
659
2009
377
1992
509
2032
674
1925
618
1891
657
1870
579
2070
459
1854
509
1904
375
1889
457
1964
641
1952
679
1870
525
2045
565
1937
673
1982
672
1927
661
2058
658
1914
643
1969
663
2002
474
1932
669
1997
616
2061
647
1964
434
1962
654
2093
666
1915
649
2050
656
1899
369
1950
661
1396
449
1854
492
1905
551
1902
8504
2145
671
2175
644
2085
643
1054
671
1880
653
1889
700
2110
653
2117
689
2002
657
2237
513
1997
656
1894
514
1912
657
2039
659
2073
644
1957
644
1997
653
1755
672
1656
456
2048
621
2098
644
1520
411
1999
535
1900
562
1859
505
2002
664
1917
684
1985
651
1992
669
1788
654
1957
663
2017
661
1895
632
1889
529
2068
650
2050
656
2122
656
2035
659
1981
530
2170
649
1935
546
1414
441
2029
646
1754
652
2100
561
2182
653
1591
545
1874
541
1859
497
1892
374
2098
656
2072
604
1636
542
1904
669
1990
555
1914
651
1972
601
1962
662
2112
682
1977
671
2023
594
1874
436
2243
656
2055
343
2067
624
2227
657
2128
9038
2027
551
2435
669
2067
677
2095
661
2207
561
1084
639
1969
655
1941
438
2175
642
2063
513
2203
662
2083
681
2047
668
2090
429
2057
576
2011
659
1977
664
1740
672
2050
665
1944
627
1970
573
1881
663
1917
652
1977
651
1952
664
1971
475
2110
644
2082
393
2057
609
1782
667
2165
657
2122
661
1934
669
2111
656
2037
659
1982
654
2074
659
1877
642
1955
649
2077
644
1979
540
1980
694
2032
647
2002
502
1638
453
23865
642
2012
664
1695
656
1121
369
1962
528
2077
481
1901
641
2003
649
2040
492
2037
662
2015
659
1854
649
1835
611
1877
648
2150
676
1970
659
2275
702
1962
581
1942
466
1241
414
1887
657
1952
469
1797
696
2143
10594
1562
530
2262
677
1976
660
1616
641
1970
557
1554
522
1987
634
2112
650
1960
694
1930
642
2310
683
1922
674
2022
648
1980
569
1967
630
2032
644
1632
526
2065
659
2145
656
2207
643
1589
426
1985
644
2062
576
2410
672
2227
9018
1927
572
1407
447
1741
499
1828
558
1972
643
2030
672
2000
636
1965
677
2155
553
2002
669
1904
644
2057
642
2007
664
1927
374
1929
612
2057
675
1273
647
2007
654
2035
445
2067
431
1882
667
1955
643
2263
618
2408
641
2052
671
2130
629
2002
558
1962
563
1972
527
2363
614
2012
658
1962
556
2042
571
2034
666
1932
591
2025
664
2110
642
2057
657
2218
694
2130
599
2145
645
2063
657
2109
664
2321
695
2353
661
1999
663
2398
654
2055
610
1927
676
2037
644
2147
642
2150
331
2177
654
2275
685
2114
650
2205
652
2070
487
2568
662
2169
675
2160
576
1989
487
1985
509
2045
669
2163
9326
2087
676
1982
380
1978
554
1530
448
2063
657
1513
452
2125
649
2118
669
1244
347
2047
646
2067
615
1708
565
2476
672
2163
676
1929
654
2089
664
1872
654
1965
662
2235
644
2110
664
2032
644
2114
662
2081
672
1987
672
2145
579
2175
556
2017
654
1939
549
2033
606
1917
656
2135
656
2208
669
1940
661
2055
676
2042
660
1665
468
2215
614
2092
323
1975
667
1954
666
2065
679
2107
667
2210
462
2030
679
1924
373
2052
632
2293
661
2052
651
2138
629
1747
497
2062
526
1985
656
1987
632
1274
657
2252
639
2074
657
2183
656
1896
651
2143
647
1990
657
2080
689
2118
662
1849
669
1837
672
2022
705
1563
471
2115
674
2398
694
2138
657
2045
672
1924
438
2123
619
2235
579
2078
651
1690
523
2092
519
2137
677
2215
661
2149
544
2336
656
2220
366
2050
603
2135
651
2055
669
2238
667
2195
642
1985
657
2100
681
1984
657
2060
657
2155
652
2094
660
2088
672
2022
9257
2161
576
1499
671
2235
649
2180
646
2025
646
2035
12782
1987
641
1989
644
2133
572
2042
553
2168
671
2103
609
2055
720
2120
667
1951
660
2047
647
2077
672
2015
672
1862
557
2057
657
2109
644
2055
674
2085
646
1932
661
2042
10426
2029
673
2080
655
2040
654
1974
646
1902
671
1840
657
1950
489
2398
692
2183
651
1965
494
1844
596
1887
659
1943
674
2113
672
2000
669
1835
516
1846
352
1979
650
1288
6725
1096
340
1937
606
1960
661
1882
666
1942
669
1869
645
1985
659
1926
659
1990
677
1859
664
1875
679
1960
661
1869
672
2102
652
1196
374
1945
571
1885
657
1887
591
1982
639
1301
439
1980
646
1429
480
1915
671
2075
549
1922
647
1927
599
2097
656
1909
649
1982
686
1836
668
1229
616
2019
652
1874
654
1894
677
1668
471
1983
656
1892
679
2205
651
1982
649
2221
529
1897
674
2130
649
1073
376
2052
592
1292
641
2151
553
1984
376
2060
684
1909
674
2125
598
2213
676
1887
597
2000
669
2090
596
2330
660
2095
656
2039
649
2278
656
1949
659
1867
661
2067
651
1912
345
1882
659
2114
656
1909
679
2087
632
2002
653
2278
671
1917
661
2131
649
1960
594
1852
632
1939
548
1954
652
1955
644
2075
530
1864
671
1987
8507
1947
649
1925
657
1932
652
1892
474
1950
661
1890
646
1929
679
2129
636
1954
657
1969
677
1934
667
1951
684
1693
545
1925
659
1797
620
2197
560
1670
553
2179
375
1897
388
1917
661
2290
664
1909
464
2272
654
1937
659
2137
654
2050
675
1961
662
2052
633
2050
649
1894
636
2113
649
1969
699
2045
644
2037
475
2005
669
1986
656
1953
579
1774
486
2050
553
1994
654
2030
576
1887
579
1237
654
2117
642
1173
659
1215
619
2127
650
2024
667
2043
704
2007
553
2010
674
2130
677
2068
702
1889
694
2057
561
2012
636
1970
655
1955
700
2272
574
2328
544
2089
659
2002
675
1965
559
1969
621
1985
659
2220
669
1987
667
1122
664
1928
576
1894
662
2080
601
2059
659
1914
674
1992
666
1939
655
1992
615
1977
655
2100
651
2012
670
1820
456
1580
470
1969
550
2007
668
2110
654
2045
659
2012
553
2002
682
1890
642
2030
657
2047
642
1876
664
2024
687
2153
611
1872
318
2055
544
1967
646
1858
475
1578
561
1987
669
1927
555
1914
661
2004
445
1992
651
2033
652
1950
644
1930
651
2069
654
1999
647
2006
663
1970
702
2005
553
1922
542
2062
643
2043
684
1935
391
1887
659
2125
564
2175
654
1886
663
2105
646
2218
603
1780
517
2014
626
1980
620
2025
579
2019
658
2014
651
2167
636
2042
664
1201
374
2040
572
2092
641
2085
671
1842
586
1937
669
1746
557
2045
672
2082
553
2268
652
2120
679
2084
666
2005
651
2095
644
1360
401
2049
614
1949
594
2195
656
1989
663
1669
523
1922
669
2042
666
1939
632
1902
641
2049
539
2082
644
1966
657
1956
425
2047
657
1272
553
2110
662
1960
648
2107
644
1985
667
2052
688
2223
752
2107
493
1967
659
2062
677
2015
559
2037
694
2350
359
2025
665
2135
662
2413
656
1869
676
2105
656
1236
393
2118
657
2113
669
2047
611
2014
660
2160
666
2202
667
2074
657
1464
465
1952
662
1920
599
1962
559
2012
669
1942
664
2102
684
2145
656
2012
334
2117
678
2049
728
2145
579
2105
629
2133
654
2020
659
2130
659
2150
665
2147
649
2131
669
2245
674
1987
654
2055
656
1195
666
2060
671
2113
656
1964
647
2255
417
2103
657
2190
644
2045
654
2147
656
2109
9203
2095
589
2084
669
1992
459
2133
659
1914
657
2000
657
2180
601
2162
641
1185
664
2172
657
1905
679
2037
664
1947
654
2057
686
2162
651
2071
586
2062
653
2067
664
1954
657
2029
583
2203
679
2040
651
1975
664
2108
572
2012
644
2054
647
2167
644
2133
553
2039
667
2158
654
1864
701
2162
523
1991
662
2127
496
1984
669
2042
644
1979
531
2160
679
2072
657
1442
438
1857
654
2034
613
2330
664
2052
661
2059
664
2014
660
2088
656
2163
619
2127
553
1762
473
1945
471
2193
687
2113
672
2057
657
2112
561
1911
676
2168
534
2218
689
2220
668
1975
651
2007
674
2073
632
2115
681
2158
687
1954
672
2091
659
2017
679
2183
689
2245
637
2179
656
2009
672
1259
383
2078
671
1852
644
1955
659
2192
662
2002
647
2042
659
2043
664
1642
521
2128
651
2085
666
1959
659
2175
684
2078
654
2090
627
2225
644
2055
651
2172
667
2230
680
1944
511
2130
649
2049
561
2323
652
1704
694
2209
523
2044
651
2169
689
2063
576
2055
682
2055
651
1902
652
2020
641
2020
658
2135
661
2042
677
1920
538
2281
656
2165
659
2040
656
2127
646
2225
9557
1957
659
2002
614
2030
653
2134
657
2010
666
1758
435
1950
671
2130
676
1997
667
2280
672
1857
649
2061
641
2052
550
2158
563
1957
679
2120
649
2055
679
1940
655
2288
669
1565
534
2122
676
2197
661
2047
572
1857
238
2112
616
2188
647
2035
644
1555
432
2032
471
1947
479
2063
671
2088
530
1910
656
2024
420
2150
644
2003
566
2120
694
1862
687
2060
546
2109
549
1919
670
2024
409
1997
659
1945
651
1889
407
2030
592
2019
672
2037
382
1965
616
1997
531
2110
657
2280
670
1992
596
1990
654
2148
652
1914
694
1830
656
2072
579
1865
659
1992
561
2160
654
2175
654
2198
662
2035
652
1929
557
2142
626
2175
676
1992
656
1992
649
2073
656
2127
668
2252
538
1268
334
2035
592
1947
652
2088
677
1919
672
2122
449
2062
523
1950
477
1990
609
2107
659
1955
618
2077
632
2120
654
2215
373
2027
661
1949
649
2185
656
2198
649
2182
645
2002
666
2120
668
2117
672
2085
674
1794
475
1854
628
1892
677
1910
667
2283
669
2123
667
2145
500
1674
552
2028
556
2052
430
2123
672
2127
654
1854
684
2105
604
1644
502
2123
641
2150
654
2233
672
2052
654
2356
656
1984
653
2099
654
1983
641
2140
553
2103
547
2022
654
2140
646
1922
587
2147
674
2029
669
2085
647
2205
669
1947
692
2138
700
2307
677
2097
649
2286
632
2004
569
2027
657
2049
571
2052
644
2032
680
1743
553
2066
521
2102
644
2583
654
2173
671
2062
567
2183
660
2130
660
2047
657
1471
656
2115
664
2014
663
2195
664
1579
488
2183
643
2180
667
2056
615
1990
654
2010
652
2278
659
2183
699
2365
661
2078
663
2019
669
2039
681
2158
619
1954
641
2112
686
1490
379
2213
672
1892
784
1313
438
1954
514
2350
654
2109
643
1819
481
1929
623
1800
550
2187
679
2053
664
1982
654
2035
472
1977
669
2040
636
2027
722
2052
652
2147
644
2142
651
2255
507
2037
642
1043
673
2105
657
2092
651
2053
654
2074
664
2123
659
1447
12561
2082
664
2268
671
2182
682
2135
660
1951
663
2220
679
1820
664
2007
589
2275
667
2085
673
1136
376
2040
654
2027
668
2073
682
2205
644
2094
682
2211
661
2013
642
2020
697
2164
674
2100
657
1842
559
2094
649
1940
555
1987
664
2143
715
1922
652
1992
669
2087
518
2119
659
2211
654
1153
673
1943
517
2025
583
2200
646
2006
408
1975
311
2120
531
1771
569
2110
689
2133
669
2223
666
1690
456
2019
545
2108
372
2152
557
2240
649
2087
559
2259
671
1955
442
2139
433
2123
649
2052
650
1773
517
2160
684
1284
368
2077
654
2065
679
2105
683
1956
641
2027
605
2085
672
2125
668
2318
321
2281
699
1817
562
1833
561
2115
687
1912
864
2173
674
2062
556
2218
662
2070
654
2280
683
2275
544
2142
651
2205
677
1906
694
2100
563
2247
656
2232
656
2110
472
1755
690
2065
654
2271
22569
2054
666
2035
648
1888
516
2123
659
2193
661
2007
664
2139
641
2142
669
1680
520
2070
649
2037
533
2157
579
2212
657
2298
690
2040
439
2098
747
2137
651
2000
644
1884
653
2100
512
2210
511
1872
477
1883
667
1960
611
2063
682
1076
343
1827
661
2205
626
2123
671
1684
475
2351
722
1726
533
2278
672
2162
667
2104
647
2137
646
1794
569
2198
532
2030
661
1990
656
2007
667
1965
664
1720
433
1892
533
2258
551
2190
644
2128
676
1830
565
2010
657
2278
404
1960
662
2090
671
1949
629
1960
521
2055
669
2028
664
2080
674
2248
653
2149
644
2135
629
1987
657
1857
456
2241
661
2202
654
2265
667
2063
364
2077
686
1891
551
2105
664
2026
670
2226
523
1987
666
1875
571
1982
702
1680
661
2032
656
2017
664
2158
654
2260
662
2057
656
1267
378
2125
680
2035
656
2103
667
1673
559
1960
644
2143
641
2030
628
2055
724
1950
649
2147
641
2228
565
2017
646
2097
668
1849
553
1275
367
1269
371
2062
657
1962
657
2010
672
2034
651
2060
636
1783
458
2024
636
1994
652
2057
664
1575
9555
2025
584
2243
674
1277
364
2117
656
1872
570
1964
680
1957
669
1985
672
1538
474
2120
676
2028
667
2030
584
1982
662
2077
671
1980
660
2165
644
1980
645
2080
654
2175
543
2098
657
1966
661
2017
663
1979
646
2017
658
2012
644
2207
670
2203
669
1940
627
2183
647
1947
651
2145
646
2002
646
2312
651
2232
641
2110
537
1717
502
2049
659
2000
512
2027
671
2170
621
1987
487
2022
674
2193
647
2082
674
2175
643
2157
660
2201
677
1957
667
2130
659
2114
676
2085
692
2261
653
2167
363
2215
667
2063
641
2103
690
1912
618
1773
526
1985
684
2127
500
2034
654
2110
656
2063
671
1726
674
2054
7728
2265
555
1902
559
1917
667
2117
641
2097
662
2217
667
2021
551
2077
684
2117
447
1990
593
2175
489
2089
522
2098
426
2170
649
2029
661
2049
657
2050
644
2052
516
2145
659
2007
674
2097
669
1964
657
2235
697
2035
656
2110
671
2035
668
2145
641
2421
654
1793
472
1922
515
2042
330
2165
666
1359
370
1600
634
2130
658
2143
656
2125
657
1955
661
2202
649
2102
687
1805
674
2047
641
2099
669
2062
656
1990
672
1889
429
1982
564
2024
524
2067
651
1977
654
1993
477
2083
629
1962
643
1939
664
2183
671
2198
643
1214
369
2131
646
1832
550
2128
672
2260
644
1937
652
1704
606
2082
655
2010
505
1897
620
2045
665
2093
670
2034
702
2077
654
2175
664
2122
669
2150
676
2135
641
2130
656
2090
564
2147
642
1888
555
1922
657
2162
686
2040
654
2023
664
2045
649
1888
669
2160
669
2029
644
2117
679
2461
656
2063
652
2085
418
2135
654
2476
647
2210
572
2273
680
2228
645
2363
646
2198
656
2107
656
2113
569
1946
533
1892
666
1960
664
2092
674
1980
679
1557
533
2079
669
2148
16358
1987
674
2125
704
2193
666
2213
626
2310
666
1904
544
2135
596
2050
459
2261
561
2175
656
2057
662
2031
549
2128
649
2035
654
2208
670
2319
666
2170
666
2243
490
2261
646
2155
644
1686
664
1791
553
2072
672
1794
463
2145
641
1827
649
2205
646
2289
568
2100
557
2182
526
2170
616
2200
664
2148
664
2373
684
2293
665
2168
661
2095
661
2278
645
2143
656
1603
475
2095
620
2165
490
2022
672
1748
559
1194
667
2008
667
2110
500
1894
646
1987
275
1980
651
2009
657
2049
677
2170
9196
2060
665
2125
646
2208
677
1961
485
2262
612
2192
535
2037
678
2117
599
2130
667
2078
654
1474
657
2273
677
2267
646
2130
433
1710
664
2005
661
1987
594
2129
671
2128
652
2020
603
2205
8921
2080
669
2037
652
1970
569
1995
561
2057
677
2270
677
2050
639
1957
659
1917
615
2028
481
1164
362
2611
669
2185
632
2078
525
2057
703
2228
707
2005
668
2105
651
2161
672
2242
644
2059
604
2213
675
2328
644
1965
664
2034
559
2054
644
1922
646
2058
647
2155
652
2215
672
2040
664
2010
664
1960
689
2150
657
2077
677
2110
671
2245
654
2142
654
2080
666
2298
661
2337
684
2300
597
2071
671
2165
656
2203
709
2157
649
1979
662
2077
672
2017
639
1228
361
2135
576
2258
665
2044
659
2047
646
1808
689
1962
594
1969
381
2185
649
2017
656
2110
649
2035
655
2182
654
2235
641
2016
656
1954
682
2108
652
2045
646
1518
454
1942
421
2062
643
1924
633
2102
661
1945
490
1820
664
1863
664
2211
659
2197
636
1993
656
2228
649
2009
9161
2087
562
1980
645
2083
672
2083
544
2110
563
2231
671
2025
662
2210
662
1640
649
2083
657
1997
669
2098
684
2243
671
1538
483
1944
657
2129
669
2187
620
2047
656
2329
551
1982
658
2063
650
1875
767
2183
632
2180
672
2042
664
2276
677
1889
618
1257
361
1882
659
2122
524
2308
649
2182
679
2093
669
2280
654
2222
649
2217
671
1844
671
2123
622
2047
664
2145
667
1905
662
1894
553
2260
664
2348
646
2195
656
1979
676
1876
565
1533
674
2090
566
2090
659
1900
585
1984
664
2205
682
1926
570
2133
321
2253
652
2188
681
2416
9344
2218
662
2343
654
2084
661
2506
656
2290
644
2293
666
2285
561
2373
644
2037
654
2311
643
2242
674
2384
656
2246
652
2296
654
2223
669
1847
649
2297
9229
2303
649
2252
583
2297
651
2037
519
2355
672
1834
298
2165
646
2255
687
2223
672
2249
657
2250
647
2243
646
2285
657
2360
664
1639
663
2030
662
2358
670
2240
651
2371
644
2479
481
1413
379
1956
654
1278
373
2200
653
2175
659
2232
618
2373
702
2240
659
2215
585
2208
656
2518
661
2298
649
2270
694
2381
625
2246
659
2401
629
2308
679
2235
635
1613
491
2190
571
2486
641
2237
601
2411
657
2238
611
2337
673
1995
661
2250
557
2444
669
2250
539
2230
645
2026
662
2197
677
2308
676
2267
644
2238
671
2109
661
1157
647
2263
674
2280
576
2305
659
2566
518
2248
544
11216
560
2298
657
2120
646
2317
659
2200
656
2375
689
2113
556
2376
656
2130
589
2165
669
2162
591
2165
669
2227
654
2241
661
2393
642
2548
648
2321
654
2478
667
2167
659
2085
654
2210
643
2120
666
2130
639
2060
644
1981
557
2067
500
2072
679
2123
631
2278
651
2107
533
2134
516
2112
548
2049
651
2047
432
1989
666
2028
661
2022
700
2062
669
2035
634
2243
486
2370
699
2175
659
1970
656
2107
699
1586
497
1955
629
1894
659
1922
666
2031
671
2005
667
1881
613
2127
656
2103
661
2145
659
1898
614
1851
502
1869
566
2115
624
2195
687
1812
654
1917
666
1897
664
2092
644
2115
675
2033
636
2112
672
2302
667
2263
651
2112
674
2155
599
2125
674
1949
652
1964
587
2114
659
2047
674
2013
670
2075
477
2190
550
2022
672
2087
636
2233
686
2190
471
2112
664
2060
656
1974
657
1844
527
2193
526
1861
689
2123
563
2059
654
2027
654
1922
609
2193
644
2233
659
2125
669
2022
645
2080
514
1692
508
2120
536
2030
654
2255
650
1982
9171
2095
662
1957
534
2032
667
2010
646
2097
568
2054
664
2080
657
2128
629
2187
654
2047
637
2073
667
1509
498
2017
664
1033
656
1696
559
1206
390
1223
373
2067
652
