2012
654
1847
654
2057
652
2005
641
1862
652
1854
656
1941
666
1859
548
1593
8965
1126
408
1972
646
1952
618
1532
521
1574
492
2010
656
2025
662
1586
522
1897
655
1847
662
1889
649
2182
551
1419
503
1872
523
1877
639
1872
651
1937
646
1947
656
1887
669
1977
659
1924
665
1876
643
1880
686
1984
540
1895
478
1955
647
1969
656
1876
654
2010
676
1872
651
1905
659
1592
513
1877
443
1909
687
2089
315
1774
521
1881
627
2020
674
2052
639
1916
627
1915
569
1927
669
1694
681
1965
662
1877
656
1887
359
1902
667
1981
687
1841
667
1957
597
1857
673
2074
649
2045
654
2037
652
1867
669
1902
634
1580
669
1895
691
1975
647
1909
661
1985
672
1909
555
2013
662
1874
677
1968
659
1899
672
2045
641
2040
660
1949
611
1980
593
2005
674
1940
656
2025
679
1644
651
2030
656
2012
661
1902
576
1884
654
2082
519
2002
659
2065
535
1486
689
1952
682
1854
429
1989
653
1902
649
1909
659
1897
657
2035
636
1908
659
1711
554
1950
656
1987
700
1634
521
1922
661
1925
660
1992
674
1974
516
2177
699
2100
647
2074
641
1909
641
1237
361
1965
630
2057
455
2012
631
1892
572
2012
684
1902
642
1890
488
2129
644
1678
580
944
654
2178
672
1917
679
2165
686
1743
469
2272
675
1902
650
2010
654
2084
659
2048
556
1511
480
1964
654
2048
646
1979
652
2235
671
2165
682
1927
623
1949
548
1916
599
1910
666
2027
707
1935
548
1685
666
1988
684
1877
642
2002
654
2034
656
1926
557
1956
664
2025
648
1964
682
1942
654
1101
382
1892
654
1954
540
2155
652
1688
498
1990
559
1920
651
1463
656
1960
617
2062
642
2132
657
1922
401
1905
651
1925
642
2005
664
2005
709
1998
664
1876
531
1756
559
1909
657
2029
609
1941
656
1985
647
2047
652
1980
647
2013
672
1948
577
2030
674
1972
657
1712
654
1897
676
2105
671
2002
670
1901
589
1880
468
2147
656
1994
684
1922
616
2040
542
1863
659
1949
666
1690
481
2085
676
1885
643
1967
618
2013
656
1912
669
2062
674
1901
521
1990
649
1885
671
1967
672
1997
687
1940
651
2072
652
1867
674
1976
564
1970
672
2060
681
1959
525
2122
657
1925
657
2080
637
1422
521
1939
395
1775
553
2055
672
2050
641
1932
492
2102
649
1989
649
1958
313
1911
528
1136
371
1932
658
2049
643
1861
662
1906
531
2082
654
2189
691
2027
654
1612
475
1896
554
1889
459
2050
650
1983
672
1959
659
1536
669
1990
630
2014
669
2019
664
1650
650
2017
661
1952
659
1966
661
1934
686
2090
669
1878
661
2004
440
1942
566
1967
537
1937
664
1987
656
1998
386
1533
531
1920
671
1957
666
2004
562
2013
561
2048
654
2137
667
2122
680
1864
559
2019
657
2042
669
2130
666
2207
656
1995
596
2019
677
1895
521
1703
481
1842
659
1889
414
2074
662
2107
647
1892
660
1929
682
1945
664
1962
614
2100
654
2202
671
1932
525
2087
555
1875
570
2002
556
1958
672
1969
667
1945
641
2019
674
1890
544
1933
652
1973
651
1442
489
1962
654
2075
656
2132
669
1651
492
2097
641
2085
659
2007
606
2074
428
2002
679
2225
664
2072
657
2050
649
1975
644
1977
657
1045
352
2010
375
2067
582
1892
589
1985
679
1758
527
1911
528
2100
687
2142
662
1977
669
1992
654
1870
671
1972
658
1682
565
1892
649
1907
430
1898
545
2102
577
2105
649
2052
684
2000
657
2002
675
2037
574
2112
561
1911
350
1779
654
2062
647
2185
657
2063
657
1941
674
1344
382
1888
565
1344
431
1973
664
2049
657
1999
506
2170
659
1977
639
1861
526
1870
662
1574
650
1899
684
1967
656
1992
664
1771
614
2218
669
1882
447
1987
654
2097
571
1997
674
1939
652
1955
659
2095
656
1975
652
1809
507
2157
664
1954
644
2069
644
1908
607
2125
581
1906
657
2183
641
2005
517
1751
487
1992
618
1965
9677
1959
656
1226
362
1864
669
1955
559
1964
634
1894
678
1982
662
1616
644
1932
654
1839
626
1887
18754
2020
653
2030
627
1977
662
1885
650
1972
657
2115
428
1980
675
2167
653
1445
486
2102
657
2093
644
2059
488
2269
646
2157
659
2162
646
2007
645
2082
674
2030
526
1886
702
1749
672
2012
664
2113
689
1924
654
2130
644
2095
627
1969
697
1904
644
1171
350
2120
624
2022
662
2135
652
1994
676
1935
669
2063
654
2198
659
2235
670
1910
653
2161
594
1581
523
2145
646
2047
667
1962
669
1935
606
1890
661
1888
555
1872
676
2070
585
1872
662
2310
651
2028
706
1944
500
2157
662
2032
666
2127
644
1937
523
1318
660
1638
671
2007
647
2153
682
1778
553
2162
543
2212
619
1917
468
1937
672
1872
687
1937
669
2019
642
1945
641
2133
651
2027
641
1982
664
2065
563
2217
657
2225
669
1999
666
2197
632
2024
661
2152
646
1957
673
2142
654
2347
657
1950
648
2283
670
2243
604
2071
644
1829
662
2147
641
2085
379
2175
657
2221
664
2180
657
2223
670
2185
512
2172
659
2468
661
2248
625
2033
704
2012
429
1130
679
1739
555
1545
432
1280
369
2158
662
2012
666
1684
669
1968
500
2233
652
2060
538
2203
341
2147
656
1230
375
2103
494
2253
682
2185
611
2039
652
1249
372
2165
661
1987
669
2122
644
1579
434
2130
694
2205
657
2097
639
2112
657
2275
644
1995
669
1987
669
2052
644
1995
671
2152
650
2138
675
1850
607
2068
552
1875
616
2070
636
1620
472
2256
656
2037
677
1957
651
2060
672
2120
659
2115
656
2112
555
2100
671
2167
631
2218
658
2032
646
2205
647
2198
649
2150
617
2045
642
2095
666
2135
557
2037
644
2137
656
2094
642
2070
678
1983
651
2140
670
1739
562
2092
658
1985
577
1171
373
1749
555
1951
615
1539
483
2084
479
2210
589
1742
672
2221
692
1653
377
2004
667
2175
649
1217
361
2142
527
2212
676
2057
705
1354
363
2256
642
1869
659
2075
614
1643
422
2338
672
2215
662
2073
641
2423
644
2052
657
2230
674
2180
656
2077
644
2195
631
2062
559
2108
591
1376
372
2042
487
2148
656
2059
669
2057
656
2180
659
2052
662
1735
533
1963
674
2077
643
2008
664
2217
669
2195
657
2191
686
1879
562
2082
656
1814
541
2043
674
1638
636
1932
646
1264
664
1920
658
1952
641
1894
654
1856
606
1994
644
1548
504
2012
620
2070
672
1920
646
1859
649
2017
641
1964
694
1944
642
1938
657
2092
613
2122
553
1955
365
1975
669
2135
656
1506
525
1945
659
1929
659
2065
646
1082
370
2005
649
1819
566
1975
654
1969
644
1879
642
1992
589
2005
671
1885
709
2025
699
2075
705
1919
661
1960
649
1865
538
2069
699
1957
564
1965
677
2007
667
1924
649
1877
670
1241
658
1925
659
1200
368
2072
669
2068
517
1853
535
1811
623
2170
654
1964
657
1949
662
1535
470
1951
6734
1969
654
2235
664
1977
639
1917
493
1992
644
1964
641
2118
656
2073
653
1100
373
2130
674
2034
656
1186
649
2057
657
2027
750
1844
672
1310
431
1895
657
1498
526
1942
672
1894
680
2027
608
2093
664
2093
656
2188
656
2192
651
2043
657
1985
599
1623
671
1133
378
1623
563
1889
363
2228
646
1965
651
1146
384
1997
649
1974
667
1891
658
1077
383
2125
664
2019
620
2023
656
1980
654
2078
654
2057
644
1636
741
2010
616
2310
537
2005
475
1967
550
1902
546
2003
478
2123
639
1945
657
2042
694
1981
674
1937
484
1950
674
1866
602
2000
649
2000
652
1957
664
1975
659
2206
631
1993
564
2024
9384
1339
437
1697
547
1834
543
1980
441
1952
661
2128
654
2286
664
2135
684
2037
661
2110
669
2113
629
2197
651
2197
660
1939
657
2032
689
2010
666
2054
658
2033
639
2042
592
2025
557
2035
664
1583
439
2007
554
1248
451
2030
663
2100
656
1977
654
2082
646
2067
662
2063
671
1656
555
2047
543
1952
636
2004
669
2020
657
1973
689
2138
686
2060
661
1982
659
1907
659
2120
548
2063
662
1945
671
2090
526
1962
551
1972
644
1478
486
2000
699
1975
661
1083
398
1939
519
1867
692
2018
541
2047
669
2072
662
1957
643
1886
558
2310
645
1892
649
2047
654
2110
679
1978
671
1989
468
1644
438
1879
670
1877
651
1959
642
2009
497
2022
428
1922
658
1990
662
1736
450
1967
647
2117
587
2035
649
1984
372
1949
684
1927
664
1889
490
1965
555
2010
656
1612
439
1274
649
2092
441
2047
656
2107
654
1975
656
1902
677
2025
659
2095
672
1935
665
1967
675
2028
654
1778
566
1995
661
1960
659
1959
390
1881
601
1985
661
1949
662
2005
671
2104
662
1887
654
2207
402
1909
526
1907
669
1119
664
2012
554
1497
656
1890
653
1669
558
2127
660
2041
670
1648
582
1970
704
1916
679
1964
664
2109
677
2025
676
1942
641
2042
693
1812
651
2088
701
2120
681
1866
656
2049
445
2035
674
2035
620
2183
661
1991
557
1507
664
2139
549
2001
643
1433
405
2017
658
2015
646
2115
640
1963
652
1967
407
1967
643
1256
664
2022
656
2115
662
1969
664
2042
662
2112
662
2192
669
2112
579
2044
652
1909
663
2189
651
1951
677
1985
375
1640
487
2010
665
2165
614
1264
709
2177
657
2217
384
2142
661
2078
657
2060
666
2195
665
2108
729
2245
659
1984
672
2085
483
1927
626
1862
505
1652
679
2138
646
2087
664
2198
649
1967
679
2067
602
2099
581
1943
606
2085
649
1927
661
1997
577
2140
641
1272
706
1800
502
2188
642
2049
659
2028
677
2059
649
2100
655
2085
509
2024
674
2210
657
2025
654
1543
657
2163
637
2127
667
2103
644
2140
654
2256
666
2044
677
1979
652
2060
656
2130
661
2079
657
2127
657
2090
690
2167
672
1291
601
1269
374
2010
517
1780
664
2123
566
1874
539
1712
495
1960
644
2177
659
1255
364
2140
557
2178
548
2095
654
2171
490
1997
661
1697
622
2055
692
1932
645
2129
642
1945
673
2025
9249
2014
659
2050
637
2039
663
2097
669
2072
639
2081
576
2039
659
2012
381
2077
569
2049
659
2012
321
1967
657
2047
614
2050
571
2349
553
2025
539
1977
642
2152
651
2172
656
1618
677
2135
654
1780
456
2022
572
2025
650
2292
651
2210
533
2215
619
2183
9037
2003
644
2135
671
2057
659
2189
671
2137
656
2105
645
1999
521
2150
507
2090
551
2025
686
2062
529
2170
669
1935
707
1995
566
2210
395
2042
551
1987
659
2180
664
2024
686
1914
652
2197
499
2107
662
2055
582
2147
676
1965
661
2135
557
2027
677
2057
675
1783
487
2059
628
2125
689
2062
647
2128
697
1949
499
2311
666
2055
647
2050
659
956
553
2280
557
2088
644
2083
659
2099
669
1912
677
2110
644
2115
543
2028
671
2020
657
1972
653
2090
630
2179
697
2025
671
2388
656
1889
646
1925
670
2077
661
1905
674
2268
644
11074
448
2013
606
2090
551
2015
634
2014
666
2098
691
2037
659
2022
438
2095
679
2087
646
2047
579
2034
669
2138
647
1947
652
2002
662
1164
378
2027
677
2057
657
2012
653
1359
385
2070
391
957
686
1997
570
2127
533
2075
641
2012
659
1643
475
1684
563
1829
654
2107
654
2067
671
2070
656
2128
620
1694
542
2100
694
1944
661
1739
555
2055
511
2050
662
1654
692
1972
619
1940
652
2107
699
2007
599
1947
444
1890
652
2107
646
2005
551
2034
659
1894
666
1904
672
2027
670
2059
646
2085
694
2068
651
2015
520
2022
681
2025
550
2195
624
2155
681
2132
677
2012
666
2030
697
2022
571
1975
672
2070
536
2065
652
2085
656
2074
644
2007
654
2100
479
2556
646
1929
428
2078
629
2025
669
2095
574
2000
659
2122
8076
2182
659
1884
666
1690
493
2125
482
2078
646
2215
383
1989
660
2132
661
2133
662
2070
655
2020
670
1459
389
2087
559
1919
656
2173
671
2017
644
2034
647
2017
669
2133
644
2145
656
2033
666
2052
677
1950
682
2032
504
2455
435
1392
438
1755
666
2010
649
2092
556
2032
644
1982
682
2007
647
1983
486
1914
669
2050
674
1959
533
2168
674
2033
562
2092
664
2140
457
1730
679
2112
659
2108
656
1825
548
2065
497
2102
540
2235
641
1992
701
2145
672
2122
696
2154
574
2214
642
2213
9131
2077
668
2009
557
2030
669
2039
651
1682
542
2233
654
2411
662
1293
665
1895
642
2158
651
2088
646
1885
704
2180
664
2070
698
1905
576
1940
538
2065
657
1857
553
1484
497
2179
540
2025
669
2123
568
2148
646
2007
644
2110
652
1930
564
2052
661
2248
632
2395
647
1990
636
1932
667
2110
729
1997
378
1976
672
2308
638
1934
662
2135
677
1965
652
2135
689
2027
684
1995
537
2000
667
1977
652
2077
637
2012
689
2108
566
2005
519
1815
553
1917
661
1994
637
1959
664
2000
646
2020
504
1884
666
1243
651
2103
660
2085
669
2180
545
2129
644
2088
664
2205
654
2196
644
2371
724
2050
563
1776
692
1935
644
1940
523
1910
492
1895
603
2018
656
2065
633
2110
653
1767
661
1917
580
2017
672
1987
532
2328
653
2155
661
1896
652
2002
599
1873
587
2170
526
1868
641
2037
669
1979
667
2050
641
2218
696
2035
648
1977
664
2090
494
2070
663
2062
664
2325
373
2085
553
1935
664
2203
589
2048
658
1224
362
2124
653
2255
597
2230
671
1912
684
2018
540
2007
682
1959
469
1105
366
2268
654
2115
667
1909
654
2127
654
2148
544
1944
423
2170
667
1969
8214
1866
456
2288
677
2075
380
2235
654
1957
669
2245
631
2047
659
2263
573
1462
490
2038
657
1953
355
2113
633
2173
541
2248
654
1989
649
2088
604
1751
554
2148
521
2293
630
2235
644
2090
644
2002
611
2147
644
2072
608
2098
667
2236
641
2088
674
2200
644
2180
481
2050
669
1962
647
2173
666
2040
709
2070
563
2027
325
2142
889
2200
654
2087
652
1950
647
2233
649
2097
347
1632
601
2093
494
2200
662
2075
658
2159
684
2147
428
1955
559
2137
664
2098
571
1971
662
2155
667
2188
672
2067
652
2063
549
2100
613
2386
654
1138
347
2145
651
2215
659
2038
567
1207
368
2160
659
1687
513
2065
516
2087
641
2077
599
2128
649
1992
599
2303
654
2017
649
2173
459
2230
659
2115
656
1258
343
1917
471
2150
644
2026
671
2208
659
2129
671
2032
551
2158
639
1807
473
2287
671
2123
534
2030
659
2175
559
1985
659
1675
654
2168
642
2082
644
2258
615
2143
663
2105
669
1927
667
2162
626
2371
642
2140
559
2220
646
2169
659
2065
564
2208
649
1519
535
2032
644
2020
657
2147
631
2138
656
2062
654
2189
659
2112
667
2163
661
2044
616
2022
577
1935
650
2092
644
1965
671
2032
571
2138
664
1737
647
1849
637
1937
644
1975
601
2177
651
2165
545
2158
661
1924
666
2142
705
2193
390
2195
674
2135
666
1962
659
2097
554
2108
644
1669
726
2119
651
2117
669
1857
659
2022
657
1989
484
1897
714
1821
651
2115
666
2034
456
2165
651
2172
637
2042
659
1924
659
2083
677
1992
578
2121
686
2083
567
2020
662
1967
644
1922
674
2022
634
2072
627
2122
666
1655
565
2100
660
2142
651
1962
649
2023
673
2102
671
2220
333
2060
656
2080
649
1992
655
2027
644
1977
663
2033
661
2110
545
1766
661
2093
644
2090
653
1605
477
1922
667
2268
654
1882
632
2350
729
2157
664
1947
639
2250
657
2062
651
1617
440
1813
559
2335
646
2064
669
2049
554
1994
666
1880
477
2295
544
2177
647
1994
561
1927
594
1786
652
2050
651
2048
647
2000
524
1848
682
2118
659
2019
644
1901
689
1977
671
2283
647
2002
654
2225
674
2004
646
1989
659
1944
676
2175
654
1957
664
2242
490
2325
440
2444
536
2064
673
2112
677
1963
651
2203
651
1664
644
1674
525
2236
649
1978
574
2067
631
2170
657
1943
659
2000
657
2057
657
1842
560
2011
651
2042
646
2142
649
1962
646
1806
486
2047
563
1960
596
2125
661
1995
302
2316
644
2072
657
2092
657
2155
651
2032
676
2208
561
1997
645
2262
539
1899
627
1942
671
2034
472
2068
542
2155
651
1982
473
2045
671
2017
659
2098
674
1931
546
1800
561
1974
644
2101
664
2047
555
2145
657
2383
644
2155
594
2160
564
1922
576
2030
602
2172
664
1947
657
1947
660
1851
616
1957
677
2017
767
2020
670
1489
667
2075
656
2175
620
2047
652
1894
654
2072
657
1972
666
2001
521
2005
657
1740
362
2113
642
2090
662
2132
681
2433
672
1640
592
1171
358
2185
684
2104
670
2230
669
2075
687
2132
654
2023
641
2335
699
2360
752
1925
553
2135
649
2172
646
2197
644
2328
664
1983
657
2328
491
2009
652
1890
647
2112
684
2092
661
2048
544
1852
525
2215
654
2218
666
2175
661
2132
694
2217
654
2007
672
2020
669
1977
613
2135
676
2318
647
2257
564
2122
644
2111
664
2200
553
2031
384
2270
639
2296
656
2173
561
2183
667
1579
574
2082
649
2169
9616
2215
646
1927
653
2293
671
2255
682
2188
656
2207
729
2127
647
2245
651
2078
548
2168
575
2142
659
2055
694
2217
659
2385
629
1783
650
2273
657
2105
667
2203
734
2022
659
1792
563
1887
662
2175
659
1867
644
2029
547
1469
345
2085
672
2090
625
2052
402
2057
675
1954
644
1977
523
2065
549
1737
686
1985
651
2002
665
2050
679
2157
540
2147
643
2197
671
2063
559
2010
654
2255
684
2177
661
1203
377
2152
669
2090
659
2132
674
2268
655
2073
679
1970
544
2245
672
2104
668
2115
609
2088
651
2034
670
1850
710
2211
664
1894
688
1907
657
2195
649
2396
660
1597
677
1969
696
1769
536
1180
371
1970
654
2248
649
2161
644
2017
557
2057
339
2077
571
2168
654
2188
656
2265
654
2263
561
2097
654
2363
634
2030
653
2115
587
2380
667
1842
611
2152
659
2065
647
2341
648
2125
570
1935
662
1809
648
2135
656
1812
639
2030
499
2012
572
1605
654
2198
671
2122
692
2146
568
2130
644
2353
669
2065
544
2020
642
2080
647
2084
649
1806
540
2168
657
2105
378
2193
657
2162
659
2029
647
1992
671
1789
472
1982
666
2045
379
2117
457
2065
676
1899
553
2085
628
1292
389
1437
647
2021
672
2027
667
2368
581
2581
656
2100
438
2002
655
1884
664
2260
707
2218
657
2070
659
2186
677
1812
558
2129
661
2047
679
1867
644
2232
654
2040
481
2160
556
2053
671
2072
699
2023
666
2040
648
2079
657
2037
551
2044
536
1960
717
2075
620
1859
659
2205
647
2059
672
2147
669
2095
662
2195
601
2118
680
1970
387
1726
562
2080
679
2220
677
2315
897
1935
668
2145
668
2180
572
2185
656
2007
632
2070
569
1965
644
2120
662
2496
677
2133
631
1697
535
2119
553
2078
653
1942
651
2325
552
2070
676
2047
646
2050
657
1970
657
2165
581
2271
654
2084
654
1924
551
2258
644
2356
654
2293
657
2014
592
1980
664
1989
518
1944
661
2568
664
2261
657
2128
380
2170
643
2328
676
2220
719
2250
664
2323
659
2258
656
2308
657
2185
654
2168
566
1995
620
2187
651
2188
626
2225
501
2119
652
2321
654
2255
664
2120
644
2202
656
2425
657
2114
706
2201
642
2263
622
2363
699
2192
669
2129
677
2120
379
2042
699
2163
551
2262
661
2037
655
2310
648
2586
699
2809
659
2440
641
2260
654
2230
664
2237
657
1722
502
2210
647
2466
659
2385
389
2333
546
2227
378
2253
644
2291
684
2548
666
2172
641
2257
651
2079
689
2246
552
2308
559
2097
641
2348
577
2325
662
2293
658
2228
553
1977
542
2189
639
2195
667
2148
664
2105
526
2271
671
2241
654
2559
642
2241
661
2225
647
2185
517
2302
681
2131
553
2085
667
2208
646
2063
674
2554
648
2345
658
2265
649
2288
581
1160
267
2444
554
2195
541
2543
651
2300
664
2145
531
2280
666
2130
472
2220
664
2187
656
2310
661
2198
665
2318
651
2187
662
2348
551
2433
674
2258
682
2270
664
2265
654
2253
659
2298
675
2296
657
2515
657
2187
659
2265
657
2185
671
2087
579
2144
522
2170
641
2065
677
1912
571
2233
684
2290
659
2152
654
2155
649
1994
626
1969
644
1711
466
1646
649
1909
684
2048
674
2057
687
2047
677
2050
659
1957
646
1306
395
1790
641
1897
9873
1869
656
2095
657
2172
664
2032
646
1922
529
1975
673
1882
644
2127
632
1911
639
2002
9450
1894
604
2167
670
2117
661
2040
577
1995
615
1954
642
1964
523
2403
652
1939
674
1994
6865
2125
682
2027
550
1789
559
2385
664
2047
654
2128
664
2105
672
2336
656
2054
654
1875
660
2055
677
2115
661
2113
671
2042
578
2141
505
1265
372
2308
592
2017
651
1857
489
2143
553
2025
353
2077
663
2062
670
2226
532
2063
495
2090
644
1722
541
2135
646
2068
602
2085
506
1469
438
2130
671
2130
666
2235
674
2153
523
1954
504
1546
483
2097
672
2070
679
2063
679
2158
656
1990
653
2110
664
1980
652
2142
599
2061
651
2326
662
1977
659
2167
656
2082
671
2145
610
2005
654
2014
581
2015
350
2040
654
1262
400
2138
380
1890
541
