2015
672
2005
672
1893
644
1898
495
1967
446
1703
669
1574
644
1942
652
1985
641
1854
9115
1927
654
1936
661
1479
669
1904
689
1892
664
1932
664
1907
657
1947
644
2149
672
1454
355
1867
669
1887
634
1907
657
1886
671
1989
648
2012
561
1646
445
1752
634
1926
643
2208
634
1962
657
1837
662
1906
646
1872
654
1950
657
1959
619
1877
654
1894
631
1886
665
1994
647
1521
656
1975
649
1882
517
1920
649
2037
641
1867
642
1245
443
1890
654
1927
669
1880
650
1962
487
1877
393
1949
671
1597
641
2111
540
2020
667
1929
659
1678
559
1535
669
1845
656
1342
443
2037
644
2025
676
1904
512
1979
659
1922
672
2009
649
1967
651
1882
689
1888
582
1994
652
1962
677
1847
349
1667
437
1899
607
1411
679
1897
648
1887
649
1894
658
1974
677
1959
546
1874
435
1954
646
1965
672
1997
553
1633
545
1700
494
1987
692
1951
672
1865
677
2062
479
1914
657
2002
555
1912
666
1950
678
1964
576
2002
674
1957
624
2001
668
1882
646
2024
644
1930
669
2037
616
1759
631
1869
520
1930
660
1999
511
1564
518
1983
674
2065
499
1790
606
1981
8980
2015
642
2072
551
1908
637
2015
526
1872
651
1874
682
2053
485
1959
652
1892
604
1957
651
2022
692
2017
654
1952
647
1513
663
1447
477
1894
551
1915
404
1880
664
1950
652
1938
551
1681
545
1963
678
2032
655
2049
648
1979
659
1640
666
1671
639
1904
649
1899
657
2062
651
1912
689
1984
666
1282
373
1982
672
2037
651
1870
687
2023
654
1917
547
2032
627
2077
428
1872
669
1788
659
1934
509
2024
682
2010
654
1447
624
1636
534
2027
674
1905
660
1968
652
2120
671
2145
679
1902
651
2062
656
1987
563
1658
545
1950
654
1709
669
1208
406
1929
672
2004
667
1864
656
1987
649
2057
641
2059
691
1680
655
1970
645
1865
659
1977
7525
1430
453
1983
651
2080
697
1887
616
2020
651
2000
587
1674
619
2032
477
2097
659
1987
641
2133
652
2000
626
2010
659
2098
578
1934
624
1947
377
1919
669
2025
411
2178
656
1980
642
1952
646
2130
624
1974
652
2024
649
1095
382
1877
568
2053
642
1997
667
1979
664
2078
672
1977
651
1919
664
1862
549
1979
672
1939
651
1940
501
2132
687
1894
516
2283
646
2010
657
1957
657
2027
676
1072
357
1984
352
1889
654
1155
657
2014
659
1967
669
2072
580
1960
671
1964
697
1940
508
1875
669
2063
656
1934
657
1904
669
2018
480
1902
692
1979
436
1954
658
1987
687
1905
653
2285
666
1929
439
2012
666
1847
657
2463
666
1877
669
1305
376
1657
689
1927
654
1970
625
2027
591
1977
647
2039
667
1895
430
1990
486
1874
672
1746
564
1583
506
1965
679
2148
534
2093
551
1802
521
2012
656
1959
565
1897
495
1942
657
2023
659
2095
636
1233
360
2075
674
1480
451
1957
664
2042
652
2004
647
2107
677
2052
17038
2027
653
1990
659
1169
686
2069
622
1944
704
1987
644
2168
650
1949
664
1967
644
2050
671
2030
569
1869
664
1957
684
2014
657
2092
657
1912
679
2052
537
2017
9682
2100
699
1942
653
1939
655
2040
662
2035
665
2050
699
2024
653
2042
651
2042
672
1237
434
2283
674
1920
647
1894
524
1245
689
1995
556
2045
666
1913
651
1881
669
1995
667
1967
654
1994
676
1894
645
2088
644
1904
8529
2010
679
1240
363
1794
483
2032
647
1886
654
1866
654
2180
657
2075
656
1950
646
1847
503
1884
532
2097
656
1407
434
2090
644
1502
661
2012
647
1967
529
2067
672
2065
642
2057
684
1638
497
1867
492
2165
649
2041
659
2218
674
2049
639
2311
644
1880
671
1912
646
2019
664
2010
656
2014
549
1927
649
2060
664
1770
666
1722
399
1924
666
1886
654
2042
644
2019
682
2027
659
2129
530
1984
664
2023
664
1890
666
1957
737
1994
662
2125
664
2018
576
2037
656
1909
647
2015
644
2034
664
1967
654
2022
672
1722
544
2095
652
2065
672
1461
621
1902
667
1971
677
2032
553
1964
632
2170
649
1977
677
2027
652
1912
656
1718
672
2013
666
1904
664
1959
367
1719
679
2253
554
1987
618
1932
658
2017
657
1952
654
1974
644
2092
653
2361
654
2163
654
2155
684
2027
467
1904
659
2167
654
1688
679
2033
657
2118
632
1997
659
1718
669
1927
654
1620
9349
2120
583
2010
669
1774
686
1497
439
1959
654
1944
615
1940
654
2029
654
2025
644
2157
649
1930
669
1985
617
2097
611
2099
659
1874
656
1849
645
2037
665
2103
647
1939
284
1549
503
1972
654
1619
527
2237
679
2142
408
1980
634
1862
585
2185
659
2218
639
1909
656
2055
375
2115
551
2209
649
2055
654
2183
594
2338
656
1965
644
2022
649
2157
659
1947
658
1977
581
1969
616
1964
7664
2105
656
2123
570
2002
542
2117
732
2072
672
2170
654
2313
473
2257
677
1936
620
1994
669
2102
654
1985
676
2120
661
1997
487
2082
657
2010
661
2080
636
2027
658
2282
659
1511
659
2067
654
2170
677
2240
647
2283
511
2173
642
2406
481
2289
676
2088
654
2205
507
1760
580
2047
611
1246
656
2049
682
2182
664
2320
659
2059
561
1894
629
1999
697
1798
497
2120
553
1043
516
2075
718
2147
662
2132
704
2027
667
1832
649
2167
665
2178
669
2243
672
2135
649
2137
656
1879
669
1950
669
2144
674
2205
663
2188
651
1804
539
2055
659
2042
674
1987
555
2180
541
2135
651
2100
659
2120
646
2038
647
2060
689
1892
656
1567
468
2083
669
2235
651
2185
662
2085
644
1946
657
2117
659
2059
649
2190
684
2070
656
2165
626
2087
662
2172
661
2238
343
2110
576
2014
686
2007
682
2120
654
1129
383
2192
537
1985
670
1823
642
2043
651
2032
571
2070
656
2100
694
2098
661
2015
664
1922
669
2158
473
2125
662
2110
646
1967
645
1918
539
2053
659
2142
649
2193
510
1871
539
1333
657
2203
656
2162
691
2157
654
2171
379
2162
657
2089
652
2044
674
2075
625
2270
674
2118
657
2338
666
2152
641
2093
663
1480
417
1954
9144
2207
669
2183
8855
2010
674
2055
606
2054
656
2139
682
2276
660
2105
654
2157
586
2057
654
2364
721
1914
672
2115
461
2085
657
2368
620
2188
569
1989
613
1853
661
1567
519
1652
467
1939
672
2010
575
2065
682
2035
621
1866
627
1939
661
1970
699
1970
681
1557
664
2045
694
1877
616
1924
656
1972
667
1998
649
1960
671
1960
657
1917
616
2190
558
2140
655
1997
655
2120
681
1954
669
1581
491
2063
704
2058
679
1937
666
2062
712
1742
9771
1865
561
1879
664
1844
631
2031
649
1702
648
1933
652
2028
641
2001
644
1919
664
1869
704
1933
657
1992
644
2127
561
1276
9387
1869
547
1844
479
1842
571
2065
657
2088
659
2030
656
1940
651
1927
661
2060
323
1932
689
2024
641
2110
644
1951
672
2050
550
1113
382
1899
648
1988
466
1917
654
1977
656
2009
692
2450
654
2040
654
2002
641
2034
659
1990
553
2125
641
1962
629
2160
511
1902
714
1872
551
1980
521
2084
602
2093
679
1869
666
2017
613
2200
427
1956
594
2002
666
1866
669
1900
656
2165
644
2023
652
1915
611
1932
649
1885
644
2073
574
2078
661
1701
559
1962
655
1871
618
2265
620
2145
666
1969
644
1895
642
1862
671
1874
381
1573
689
2009
611
1934
662
2022
657
2129
662
2000
662
2248
641
1589
533
1929
669
1874
481
1940
649
2108
661
1956
644
1907
9083
1875
658
1972
654
1574
553
1955
677
2122
664
1534
504
1862
669
1967
642
1957
646
2029
660
1965
593
1885
667
1865
657
2042
659
1884
657
2102
674
2000
669
1989
641
1997
666
2044
652
1943
669
1997
669
2027
657
1880
669
2077
695
2017
661
2015
661
2060
664
1778
618
1777
712
1937
551
2070
685
1877
654
1879
641
1910
689
1107
454
1990
660
2143
663
1875
376
2085
649
1566
401
1917
657
1932
534
1957
665
1979
709
1942
642
1957
579
2010
679
1907
687
1914
674
1900
657
1907
669
2045
643
1999
372
1954
586
2037
657
1787
549
2132
684
1618
543
1889
644
1929
669
1877
654
2032
656
1982
657
1812
656
2019
664
1982
661
2197
662
1321
664
1970
644
1206
372
1992
672
1917
642
1823
657
1995
654
1954
592
1922
569
1907
670
2040
644
2161
644
2014
612
2070
427
1993
666
1927
664
2081
661
2019
466
2029
658
1515
664
2062
571
2235
639
1997
561
2050
657
1924
569
2005
651
1947
672
2014
657
2017
432
2137
651
1840
665
2032
669
1992
492
1917
607
2135
557
2020
730
1892
659
2225
551
1944
564
2087
647
2043
674
2188
676
1607
672
1465
467
1954
671
1902
673
1951
618
1970
689
1897
397
2143
502
1892
681
2040
651
1347
473
2052
684
2035
660
2060
623
1957
488
2078
672
1931
672
1939
601
1340
435
1939
656
2014
621
1979
654
2153
670
2072
668
2170
659
2007
555
2000
664
1969
674
2107
672
1955
647
2010
665
1944
653
2052
566
2175
498
1947
656
1979
648
1867
479
2015
586
1982
677
1959
656
2069
674
1932
438
1994
687
1906
575
2027
681
2025
647
2421
667
2155
664
2122
690
2208
584
1959
644
1980
659
2040
659
2153
644
2090
646
2095
764
2055
649
1713
648
1880
542
2057
374
2000
654
1829
581
2100
576
1949
660
1872
461
2085
592
2052
601
2228
656
2020
659
1595
478
2097
645
2032
654
2095
663
1971
659
2112
664
2117
666
1730
646
2180
647
2087
667
2177
667
2248
651
1919
620
2343
530
1997
677
1997
654
2087
662
1825
632
1960
652
2155
651
1920
654
1982
641
2243
535
2127
568
2022
644
2040
644
2256
571
2190
649
2197
672
1732
547
1862
541
1783
568
2060
637
2043
657
2049
664
1987
661
2099
390
2123
665
1959
657
2027
539
1827
550
2120
673
2162
662
1942
671
2065
606
2015
544
2172
662
1979
649
2100
642
1957
657
2044
692
2037
582
2060
616
2110
659
2134
643
2210
656
2107
646
2060
642
2183
646
2145
641
2078
657
2093
649
2095
684
2135
587
1934
589
2180
649
1852
656
2102
674
1960
671
2117
652
2185
656
1692
587
2005
674
1836
659
1971
646
2029
588
2147
647
1989
651
2138
654
1407
384
2087
649
2123
654
2009
657
2044
472
2112
656
2127
651
2102
667
2165
654
2083
664
2132
646
2149
671
2020
679
2120
667
2032
671
2080
519
2053
658
2187
641
2024
667
2135
664
2192
699
2009
654
1949
668
2358
674
2148
664
2122
629
2109
679
2038
657
2017
669
1667
492
1938
656
2005
692
2122
604
1974
357
2078
693
2103
659
1875
656
2089
657
2098
561
2052
644
2040
647
2122
644
2135
553
2059
672
2082
687
2031
487
2468
664
2145
670
2045
506
1942
654
2260
642
2095
653
2043
596
1887
661
1916
664
2054
587
2073
656
2090
671
1994
435
2085
656
2032
652
1985
652
2183
664
1907
664
2032
665
2148
656
2060
509
2165
662
2110
670
2080
759
2083
641
2040
563
1507
507
1970
438
1751
555
2142
647
2145
673
2017
542
1988
579
1243
659
1939
659
2017
659
1980
546
2027
550
1362
666
1854
647
2150
702
2007
644
902
285
1656
530
2004
674
1967
679
1942
661
2060
559
2080
548
2095
666
1394
378
2083
682
2044
674
2097
648
2240
651
1920
669
2012
646
2095
507
2000
660
1599
496
2130
664
2070
699
2020
664
1887
686
1932
650
1868
542
2132
647
1967
669
2019
679
1600
674
1157
373
2115
661
2112
667
1979
612
1747
672
2213
649
2233
589
1986
704
2077
662
2070
671
1987
664
2118
656
2062
651
2247
669
1758
487
2162
656
1962
677
2064
625
2085
656
2039
676
2102
649
1407
382
2044
669
2063
653
2209
642
2232
657
2230
579
2080
656
1945
697
2188
326
1825
675
2014
679
1974
637
2040
662
1327
370
2131
659
2065
657
1897
553
1677
660
2125
639
1930
338
1887
654
2262
653
2213
657
2415
670
2152
669
2150
531
2080
659
2130
651
2117
656
1967
665
2170
540
1772
536
1975
644
2150
634
2060
661
2000
661
2034
652
2052
644
1997
572
2145
666
1987
659
2127
661
2047
546
2172
657
2019
654
2055
644
2367
526
2010
649
2057
669
2075
672
2185
677
2411
562
2080
669
1955
529
2032
654
2095
679
2148
670
2069
563
2022
642
1715
672
2150
659
2137
611
1855
469
1982
651
1334
371
2087
631
2030
667
2085
661
1957
562
1111
365
2153
664
2138
493
2102
684
1737
521
1990
654
2185
664
1853
681
1753
697
1942
541
2238
659
2057
666
1964
368
2024
656
2027
446
1917
682
2225
641
1709
463
2247
656
2023
616
2043
523
2122
671
2060
679
2124
647
1853
543
2040
656
2065
649
2178
614
1944
669
2043
596
1955
682
1902
654
2190
551
2013
644
2062
641
2054
652
2107
651
1423
433
1852
552
1939
672
2103
689
2149
659
2100
657
1965
667
2165
644
2070
630
1924
634
2089
667
2024
652
1980
544
2030
657
2062
649
1940
667
2087
657
2183
671
2138
647
2147
650
2109
647
2281
643
2005
664
2073
674
2145
647
2203
649
2052
705
1598
654
2225
686
2015
345
1978
646
2059
559
2160
644
2152
657
2042
659
2072
671
2290
447
2117
659
2272
672
1852
656
1785
577
2065
661
2040
660
1981
611
2167
591
1987
674
2105
659
1992
573
1992
661
2149
498
1583
464
2057
649
2143
660
2060
654
2188
491
2072
643
2140
594
2122
668
2092
631
1889
475
2235
672
2055
672
2043
651
2111
672
2187
664
1976
649
2157
673
2039
644
2102
664
2020
559
1995
641
1974
533
2007
656
2170
662
2202
649
2115
644
2095
644
1937
652
2258
645
2110
659
2177
662
1989
661
2072
667
2458
521
2260
656
2173
555
2022
614
1105
689
2055
664
2094
656
2163
616
2300
671
2180
524
2055
669
2203
647
1987
649
2160
659
1922
574
2007
669
2120
270
1889
641
2150
655
2175
672
1483
368
2114
656
2087
493
2255
659
2047
378
2102
647
2230
669
2173
664
2215
553
2192
657
2177
671
1796
421
2197
431
2037
9572
2005
667
2182
629
2118
687
2040
552
1971
659
1722
652
1682
714
1846
466
2017
670
1370
395
1965
659
2195
616
2027
674
2017
674
2296
644
2040
651
2443
656
2165
666
2092
644
2025
665
2167
649
2137
584
2111
671
1929
659
2109
647
1882
542
1251
384
2065
654
2134
674
2111
435
2100
664
2277
677
1939
637
2063
659
2110
644
2182
514
1633
503
1972
621
2117
376
2110
643
2112
8451
2007
657
2145
647
2263
669
2172
668
2060
574
1947
620
2142
474
2000
642
2459
658
2065
674
1884
657
2142
664
2080
679
1174
380
1880
614
2135
666
2117
657
1997
647
2019
688
1864
642
2306
695
1854
642
2158
615
1890
368
2057
654
2165
648
2113
679
2012
646
1964
688
22469
352
2099
551
2140
641
2070
664
2168
661
2034
647
2122
658
1266
399
1940
549
2113
651
2246
657
2014
662
1708
526
2025
656
2528
662
1692
714
1972
663
2074
681
2173
662
1960
666
2125
557
2150
658
2014
645
2095
670
2130
554
1810
671
2162
634
2163
676
1954
657
2077
568
2008
639
2114
654
1692
552
2045
669
2130
664
2070
644
2148
632
2118
669
1917
667
2198
589
2030
652
1965
679
1150
356
2057
564
2075
657
1965
671
1929
655
2012
654
1947
682
1922
663
2037
637
1964
649
2325
671
2114
699
1944
655
1965
644
1202
403
2087
655
1936
608
1960
662
2185
654
1905
656
1799
664
2010
671
2087
639
2190
659
2165
542
2148
671
1785
544
2097
644
2144
692
2043
657
2055
649
2043
654
2148
408
1977
672
1265
392
2161
657
2025
447
2144
593
2087
656
2092
654
2010
656
2044
657
2108
546
1813
378
1982
654
2097
541
2150
616
2040
656
1794
559
2288
491
1924
654
2353
656
2065
526
2183
702
2012
568
2029
616
1992
659
1992
652
2095
657
1631
657
1944
654
2022
619
2233
666
2070
442
2027
662
2055
656
2249
682
1316
559
2095
647
2215
656
1562
697
1935
644
2049
643
1942
649
2188
664
2135
666
2025
641
2213
649
1977
614
2122
644
2125
664
2104
654
2119
641
1403
445
1889
365
1999
657
1997
659
1593
656
2099
689
2145
664
2150
641
1996
644
2051
689
2022
667
2012
660
1214
392
2030
691
2105
661
2015
643
2118
483
2120
501
2142
649
2215
657
1945
659
1428
652
2000
649
2070
636
1992
694
1712
517
2010
561
1992
657
1963
667
2288
672
1175
670
2089
669
2102
435
2000
662
2090
654
2074
551
1995
654
2098
652
2040
522
2070
377
1955
662
1544
392
2189
553
2002
677
2007
9550
2252
672
2182
529
2170
706
1967
662
1770
696
2215
603
1742
664
2310
729
2104
531
2177
594
2476
661
2225
662
2110
659
2057
648
2170
677
1213
11560
2225
654
1696
564
2080
682
2033
475
1997
551
2223
664
2108
664
1864
679
1994
678
2260
656
2062
663
2067
674
2054
657
2073
654
1714
382
2235
660
2105
629
1979
654
1282
366
1302
374
2240
646
2261
553
2208
557
1772
507
1000
280
2007
644
2398
664
2192
655
2051
662
2168
704
2178
661
2142
667
2205
659
2191
637
2255
561
2187
682
2155
659
2255
668
1950
657
2256
545
2262
654
2551
651
2261
669
1718
574
2300
667
2005
574
2027
553
1937
662
1724
502
2148
646
1667
543
2073
579
2257
681
2077
586
2027
671
1513
325
2145
661
2073
500
2045
641
2173
645
1882
659
1955
592
2022
603
2066
655
2173
669
2420
536
2032
677
2067
681
2120
669
2044
658
2220
674
1997
656
2263
627
2083
656
2195
654
2097
634
2000
658
2080
697
1634
533
2130
527
2097
651
2070
563
2035
555
2301
686
2109
667
1959
654
1747
504
2032
657
1957
664
2100
653
2173
372
2107
677
2069
664
2065
677
1667
668
2057
654
2100
636
2073
690
2007
648
1941
561
2183
671
2115
662
2185
589
2195
685
2115
662
2103
669
2057
674
2235
656
1872
687
2152
662
2140
669
2170
657
2028
654
2022
526
2165
659
1569
463
1443
371
2183
669
2027
652
2093
571
1925
651
2263
547
1942
656
2148
651
1140
314
2158
670
2070
671
1862
641
2125
644
2034
651
1909
671
2075
646
1985
677
2305
646
2128
617
2200
652
2102
394
1100
666
2068
657
1219
371
2034
664
1949
589
2050
666
2223
375
2037
672
2030
639
2191
656
2208
646
2075
666
1992
679
2050
587
2012
654
1984
487
1917
688
1950
663
2205
504
2105
667
2085
662
2145
647
2015
677
2095
649
2049
659
2020
656
2102
389
2067
669
2305
642
2017
655
1922
609
1830
641
2137
697
2062
664
1890
657
2095
9264
2242
659
2025
571
1980
662
2210
671
2112
665
2315
325
2037
567
2087
588
1436
653
2112
644
1920
524
1846
674
2110
694
1957
661
2180
686
2092
261
2044
674
2167
659
2213
657
2152
674
2131
664
1962
694
2093
549
2075
651
1992
666
2446
549
1930
586
2040
667
2085
609
2189
662
2246
591
2199
644
2353
642
2238
496
2180
679
2232
579
2104
677
2150
674
2048
669
2165
647
2265
680
1438
689
2150
391
1930
652
2424
664
2232
657
2202
629
2243
483
2142
562
2318
627
2241
669
2115
671
2495
641
2233
566
1989
592
2288
665
2298
642
2263
661
2345
555
1997
654
2312
474
2277
669
2250
616
2491
662
2268
642
2143
629
2281
644
2410
514
2269
362
2248
555
2338
654
2323
651
2180
644
2135
657
2109
642
2333
648
2345
684
2188
653
2243
649
2082
646
2248
511
2147
659
2236
376
2275
671
2187
654
2193
649
2343
662
2262
676
2150
664
2425
659
2356
508
2273
664
2159
664
1871
463
2285
657
2305
659
2288
664
2258
652
2235
674
2232
662
1404
677
2350
651
2335
676
2223
674
1744
501
2310
657
2303
669
2098
656
2250
672
2122
671
2212
672
2340
639
2141
667
2196
651
2286
657
2230
644
2257
672
2238
674
2536
341
2340
664
2549
656
2187
651
2263
488
2353
574
2242
639
1820
492
2378
664
2283
659
2215
662
2352
695
2305
658
2143
541
2208
651
1897
581
2328
620
2235
640
2200
681
2378
649
2235
684
2556
671
1905
656
2446
646
2223
659
2047
649
2122
519
2145
669
2102
635
2393
567
1814
508
1793
441
2360
573
2351
657
1944
657
2177
662
2045
506
1151
361
2100
649
1967
681
1979
629
2064
657
2307
654
1987
579
2062
659
2054
664
2048
627
1900
653
2123
644
2035
662
2161
642
1976
656
2052
521
2043
659
1709
540
1945
667
2163
664
1961
672
1892
657
2144
666
1972
658
2155
659
2075
681
1988
659
1762
545
2185
651
2115
672
2039
572
2195
661
1837
654
2220
651
2072
666
2107
667
2102
626
2002
652
2032
661
1522
509
2071
657
2093
669
2059
714
2171
629
2090
659
2113
657
2073
656
1940
551
2057
667
1972
679
2087
421
2011
624
2120
650
2200
646
2108
654
2067
674
2355
684
2273
654
2020
654
1223
646
2064
657
2168
615
1554
431
2014
644
2275
476
2207
659
2137
700
2110
652
2059
436
2113
639
1697
409
2122
649
2127
671
1978
609
2033
649
1977
662
2030
672
2032
656
2062
651
2085
667
1869
657
2099
668
1170
564
1562
426
1980
669
1650
473
1967
620
2143
389
2078
664
2005
654
