2014
648
2027
662
1979
654
1424
9008
1984
400
1984
659
1978
674
1887
649
1892
690
1892
659
1970
659
1994
658
1892
662
1959
659
1889
659
1932
647
1464
493
1592
567
2053
696
1919
479
1568
669
1914
639
1844
555
1599
559
1882
646
1892
555
1890
677
1044
362
1930
652
1954
677
1909
666
1914
551
1902
654
1914
656
1757
550
1882
657
1901
669
1992
656
1884
589
1413
489
1862
615
1871
657
1932
511
2120
360
2054
601
1924
521
1869
655
1884
669
1865
664
1897
632
1872
527
1747
654
1997
676
1589
618
1862
671
1969
661
1920
663
1572
534
1987
644
1600
653
1330
451
2030
664
1922
670
1954
651
1931
616
2035
641
1917
649
1988
647
1970
646
1985
661
1892
531
1995
667
1982
639
1960
431
1869
639
1423
463
1964
545
1919
659
1902
651
1876
671
1884
657
1862
654
1465
496
1261
452
1575
441
2085
576
1982
545
2027
652
2167
689
1929
568
1957
662
1930
657
1980
659
1942
577
2017
646
1877
669
2042
654
1642
449
1343
657
1970
667
1401
674
1932
667
1992
670
1588
559
1957
651
1919
651
1993
457
1876
682
1880
674
1992
429
1925
660
2060
675
1994
646
2062
661
2037
659
1927
444
1642
669
1988
540
1978
656
2017
652
1685
536
1311
674
1857
659
1892
674
1987
662
1877
662
1133
351
1905
682
2018
656
1849
634
1489
424
1661
555
1970
664
1984
675
1987
664
1899
657
1992
604
1864
666
2024
669
1520
667
2035
646
1947
455
1912
679
1940
657
2132
457
2050
676
1917
451
1900
676
1643
563
2019
531
2021
545
1909
481
1862
666
1927
668
1969
652
2200
581
1879
659
1940
496
1962
664
2030
672
2052
644
2040
676
2023
661
1894
710
1098
394
1902
669
1694
659
1926
644
1960
720
1930
573
2050
666
1928
678
1982
682
1952
657
1821
656
1889
553
2020
545
2137
642
1909
666
1911
634
2037
668
1912
667
2007
654
1967
667
2087
666
1977
667
2063
664
2017
644
2039
662
2043
656
1857
667
2085
674
1994
667
2017
682
1942
664
1867
664
2100
370
2052
682
2142
651
1376
439
1967
669
1864
648
2052
659
2020
572
2040
659
1149
403
1578
436
1902
654
2093
553
1994
669
1985
569
1944
544
1945
551
1985
583
1922
654
2210
566
1995
661
2140
645
1965
672
2098
682
1939
649
1207
662
1922
669
1952
367
1451
654
1775
533
1990
752
2132
672
1640
652
1483
652
2022
549
1949
657
1686
654
2105
652
1950
569
1902
669
1870
483
1942
644
2015
667
1854
377
1907
575
1994
654
1995
672
2032
707
1920
583
1840
418
1977
644
1816
664
1917
672
1187
376
2243
644
2024
675
1880
674
2257
383
2085
669
2105
657
1446
541
1894
656
1990
654
1998
672
1846
669
1904
431
2077
446
1227
651
1927
576
1976
664
2027
667
2087
589
2128
656
2034
656
1817
552
1929
629
1719
561
1944
10429
1877
642
1995
644
2020
657
2057
659
2093
649
1867
669
1942
638
2075
373
2067
659
1932
638
1927
619
2014
560
1969
668
1180
381
1919
593
1872
694
1959
647
1583
560
1882
662
1950
651
1942
659
2006
661
2037
652
2063
694
1960
657
1451
676
2012
651
2120
721
1943
571
1726
477
1954
644
1593
502
2072
445
1965
677
1907
537
2012
632
1920
308
2025
656
2063
676
1912
533
1980
674
1505
674
1349
659
1975
621
2083
686
1872
676
2078
656
1977
669
1987
457
1065
359
1897
654
1925
553
1942
671
2175
646
1855
656
1760
416
2100
662
1640
694
2131
682
1312
400
2040
663
2024
652
2095
654
2075
516
2020
550
1955
682
2278
467
2202
657
2060
566
2048
654
1974
656
2095
628
2123
581
2215
584
1953
676
1553
460
1864
656
1934
651
1950
672
2035
558
1874
647
1957
666
1897
367
1948
557
1640
559
2168
659
1995
556
2139
672
2105
662
2187
665
2205
676
1925
485
1932
664
1977
551
1886
639
2001
667
2175
656
2077
657
1885
669
2102
469
2049
642
2042
674
1942
555
2111
667
2182
656
1898
622
1960
659
1859
672
2045
670
2064
700
1944
656
1990
704
2010
669
2112
659
2169
587
1987
652
2040
659
2017
369
1890
669
1600
662
1997
702
2014
559
1949
531
2014
659
1908
492
2075
657
2111
373
2286
667
2050
661
1783
484
1939
667
2168
402
1907
639
2005
543
1719
553
2055
650
2267
669
1934
689
2067
664
1456
565
2068
669
2085
614
2123
657
2190
656
1837
538
2002
671
1992
654
2215
653
1944
656
1944
677
2233
644
1947
542
2117
658
1842
662
2060
643
1644
481
2098
684
2057
689
2060
546
1950
668
1945
549
2408
669
2120
664
2032
533
2027
645
2117
657
2077
536
1222
382
1937
586
2037
667
1947
661
1850
669
2162
656
1745
561
1983
508
1897
477
2005
669
2135
611
2040
569
2011
644
1949
593
2037
672
2029
669
1882
542
1644
555
2010
618
2145
673
2132
586
2095
666
2071
654
2025
656
2063
642
2062
510
2175
654
1859
659
2130
650
1351
378
1894
666
2015
644
2127
670
2137
584
2109
674
2051
604
2238
669
2290
654
2235
543
2102
641
2049
627
2173
679
2062
619
1900
674
1566
697
2044
679
1889
669
2022
782
1398
394
1972
543
1993
652
1868
637
2077
513
2095
553
2212
569
2017
642
2092
654
2142
8947
2070
606
2158
564
2199
647
2025
662
1990
8955
2054
657
1912
663
2042
669
1835
619
2182
692
2200
652
2187
682
2195
670
1989
563
1960
682
2040
548
2037
659
2013
664
2132
669
2037
660
1387
654
1688
696
1953
665
2080
669
1811
551
2200
568
1785
642
1972
661
2140
669
1981
553
2112
670
2181
646
1965
579
2067
659
2129
679
1872
641
2200
652
1835
8204
2183
657
1973
674
1684
684
1486
383
2167
657
1994
652
2150
661
2115
651
2036
661
2077
383
2225
661
1974
656
2107
641
1890
548
2035
692
2132
662
2140
654
2182
664
2143
641
2210
614
2105
616
2102
662
2102
651
1964
659
1987
662
1189
370
2225
654
2082
383
2153
667
2112
664
2258
669
2175
627
2170
656
2092
677
2155
656
2054
563
2042
654
1439
369
2047
653
1797
664
1256
367
2112
661
2142
604
1712
528
1955
674
2095
623
2070
661
1969
651
2045
659
2193
669
2047
643
2050
510
2210
589
2205
645
2185
594
2150
674
1895
658
2112
687
2285
624
1778
547
1919
533
1872
668
1915
562
1934
654
1861
661
1977
604
1987
652
1922
674
1845
644
1885
637
1915
566
2014
656
2012
664
2067
605
1972
667
2077
528
1937
563
1962
667
1892
597
2037
617
1176
395
1993
521
2011
672
2010
711
1866
669
2027
525
1886
667
1955
552
1979
679
1159
378
2040
652
1879
587
2011
654
1952
645
2054
691
2001
652
2020
666
1952
671
1987
689
2080
654
1909
661
2034
659
1952
654
1965
546
1979
654
2108
672
2129
680
2029
666
2080
649
1989
384
2158
632
1359
478
2002
649
2030
664
2010
506
2057
378
1982
671
1987
682
1899
664
1957
542
1679
555
1932
685
1870
579
2130
645
2017
672
1999
661
1861
669
1976
632
2018
659
1849
659
1934
667
1945
554
2041
8886
2019
681
1214
368
1992
619
2013
606
1796
462
2012
637
1919
602
1896
644
1950
662
2152
667
1897
653
2073
661
1997
675
1992
557
1937
654
1947
693
1939
607
2025
646
2062
670
1994
700
2065
649
2140
618
2008
666
1917
372
2118
664
1879
537
1967
677
1912
644
1950
662
1887
641
1711
550
2045
527
2100
714
2040
680
2110
669
1995
659
1949
687
2042
679
2047
447
2035
667
1693
544
1999
561
1939
650
2118
656
1959
654
1188
387
1881
654
2040
669
1849
576
2097
659
1957
704
1896
654
2064
549
1906
702
1982
630
1999
667
1874
669
2148
657
2047
667
1989
679
2117
598
1932
646
2040
646
1894
677
1909
674
2032
664
1954
652
1942
669
1621
672
1955
554
1904
572
2050
649
1927
662
2060
367
1962
597
2063
667
2027
694
1977
654
2160
662
2011
657
1952
654
1905
654
1950
646
1994
664
2043
653
2070
647
1837
579
2019
588
2000
677
2097
674
1957
649
1632
383
1934
635
1877
644
1987
654
1967
662
1847
624
2167
651
2153
654
2087
679
2022
663
2007
549
2055
680
2145
661
2072
641
2047
682
1962
490
1453
489
2027
395
1999
566
2004
661
2167
621
2045
536
2152
439
2157
520
1951
671
2052
633
2087
664
2075
622
2017
438
2027
672
2167
649
2145
678
2020
646
1980
551
2035
648
2035
526
2230
676
2027
647
2072
613
1944
565
1849
654
2028
608
2180
663
2123
437
1969
681
1964
652
1932
657
1832
555
2155
694
1983
687
2008
654
1890
654
2095
667
1897
631
2030
744
1927
578
1870
547
2105
669
1557
440
1954
677
1932
569
1909
654
2060
644
2040
672
2033
635
1862
654
1999
662
2037
666
2020
707
2047
646
1997
637
1716
384
1939
657
1962
672
1961
489
1296
414
2050
647
1949
500
1995
674
1970
678
2183
654
2067
682
1991
669
2213
601
2107
661
1896
672
2039
659
2007
604
1922
674
1971
671
2218
656
2055
654
2158
644
2042
659
1936
511
1902
560
1942
652
2489
606
2077
439
1934
546
1970
618
2009
666
2034
661
2112
641
1872
656
2329
664
2038
490
1303
376
2115
652
1995
709
1276
696
1944
664
2041
646
2200
656
1955
664
1908
458
2007
612
1581
525
2037
321
2032
646
2161
641
2110
557
1939
559
1980
657
2225
659
1917
654
1516
463
2152
658
1938
642
2047
674
2135
621
2092
652
1990
687
1952
654
2065
571
2029
644
2088
671
2055
561
2085
632
2000
649
2157
674
2054
636
1687
498
2168
676
2007
664
2298
641
2213
656
2221
650
2117
679
1688
685
2130
622
2276
659
2208
588
2332
659
1869
532
2235
541
2037
669
2212
521
2110
681
2121
611
1860
664
2040
662
2129
576
2060
654
1972
657
1252
669
2007
656
1833
611
2185
701
2158
677
2133
545
1992
659
2162
679
2071
646
2034
649
1954
649
1988
689
2155
656
1702
531
2157
644
2000
647
2024
699
2147
655
1992
679
2015
646
2042
644
2225
559
2001
644
1671
684
2115
645
1852
656
2101
646
1982
671
2025
669
1963
619
2012
375
1201
372
2072
642
1972
696
1934
671
1962
694
2097
677
2135
646
1925
522
2047
654
1977
355
1995
661
2006
671
2105
686
2025
631
2105
669
2202
679
2112
655
2165
669
2288
666
2058
649
2473
646
2353
656
1960
632
2188
674
2375
677
2090
639
2155
673
2115
707
2140
684
2280
669
2153
659
2132
662
2200
549
2030
664
1546
456
2054
606
2007
666
2040
689
2082
669
2115
669
2177
656
2135
436
2132
410
2135
656
2147
654
1372
392
2140
547
2030
477
2117
580
2109
664
2205
671
2082
668
1912
672
2193
653
2105
642
2028
518
1977
656
1760
559
2019
662
2053
646
1976
642
2142
657
2074
669
1920
674
1992
606
2029
664
2045
654
1947
669
2127
707
2215
656
2267
646
1917
673
2095
647
1955
670
2008
659
1965
564
1627
440
1574
466
2115
649
2168
644
2198
643
2049
594
2137
669
2114
669
1190
676
2084
676
2142
634
2133
657
2065
649
1267
444
2067
641
1955
549
2135
656
1764
320
1967
677
2210
676
2029
469
2030
577
2030
602
2097
646
1909
644
2097
682
2372
486
1875
661
1927
724
2101
682
1865
664
2057
652
2323
662
2170
666
2461
659
2143
659
2065
656
1864
588
2141
498
2055
587
2084
676
1957
672
1902
662
2002
646
1707
557
1978
676
1760
671
2127
646
2032
669
2113
678
2120
528
2007
649
2100
636
2022
654
1990
562
1929
657
2047
668
1960
532
1935
653
1728
677
2178
443
2050
644
2010
657
2180
641
2107
557
2092
717
1766
570
1977
657
1914
602
2007
672
2155
431
1683
485
2315
641
1102
349
1944
674
2080
563
1992
662
2035
696
2142
337
2100
667
2057
541
2144
716
1984
671
2132
370
1846
608
2133
657
2002
620
1756
676
2195
611
1940
679
1969
623
2453
678
2306
528
1870
580
1957
539
1972
656
2115
553
2007
664
1970
646
1959
553
2042
702
2000
472
1987
621
2045
669
2002
647
1997
656
1967
669
2032
658
1937
656
2177
672
1969
657
1954
644
1945
524
2002
644
2110
657
2069
682
2047
671
2203
674
2052
657
2129
684
2190
582
2145
654
1433
380
2356
656
1981
615
2202
536
2140
657
2060
559
2170
659
2123
652
2012
672
2180
667
2072
676
1932
667
2000
373
2060
664
2067
596
2175
652
2019
618
2117
376
2210
720
1856
563
1950
607
2180
522
2113
647
2079
646
2045
666
1718
542
2075
654
2215
641
2010
671
2062
673
1201
381
2210
669
1944
664
2077
672
2253
669
1305
380
1885
671
2095
672
2183
649
2150
553
1987
690
1325
391
2205
586
2097
657
2226
471
1897
659
1889
667
2019
654
1942
647
2248
684
2057
659
2067
641
1768
549
1942
647
1996
557
2100
656
2161
654
2059
699
2024
443
2000
694
2260
648
1934
628
2028
664
2115
665
2171
674
1475
524
2198
498
1665
536
2180
643
1999
669
2047
642
2107
671
2057
654
1880
500
2109
665
1954
674
2080
559
2305
647
2145
643
2083
631
1842
656
2052
645
2089
654
1233
369
2119
622
2037
632
2108
657
2089
644
2098
663
2124
645
2258
659
2135
9876
2084
651
2057
644
2323
671
1864
571
2084
652
1940
664
2050
468
1975
636
2255
659
2203
644
2062
566
2165
444
1980
486
1974
667
2132
666
2015
656
2275
648
2033
463
2100
679
2268
651
1482
672
1734
574
1960
612
2013
651
2217
674
2249
655
1969
389
2057
664
2182
646
2187
654
2160
666
1901
549
2080
581
2022
666
2080
647
2123
664
2220
638
2142
642
2188
659
2083
671
2110
634
2115
671
2230
573
2067
657
2100
463
2080
609
2320
692
1214
395
2013
674
1229
651
2135
656
1974
669
2213
537
922
664
2026
632
2050
662
1272
675
1924
649
2235
651
2178
546
2143
646
1902
654
2097
651
2238
671
2044
671
1985
370
2248
649
2195
524
2155
642
1962
616
2149
657
2133
674
2230
644
1493
690
2158
621
2132
659
2155
675
2140
428
2045
660
2020
581
1964
620
2105
655
2149
548
1894
614
2074
423
1727
677
1781
457
1877
642
1280
366
2033
661
2195
458
1993
656
2102
667
2007
523
2094
654
2120
661
2123
511
1761
679
2074
651
2203
664
1478
637
2348
657
2486
661
2203
9666
2171
682
2212
667
1977
473
2353
684
1777
368
2029
644
2097
679
2080
632
2045
649
2042
657
2024
669
2163
536
2087
576
2110
654
2213
644
2007
675
2323
656
2298
674
2031
626
2266
644
1990
656
1974
656
2122
671
2255
642
2057
657
2092
632
1554
526
2162
679
2098
677
2027
654
2230
669
2159
503
2237
659
2089
666
2069
657
1983
614
2072
672
2025
659
1610
655
2262
664
1994
669
1967
590
2024
553
1423
474
1997
652
1584
356
2062
604
1980
629
1997
672
1174
649
1985
550
2188
641
1888
390
2062
659
1987
602
2251
662
2032
9729
1867
462
2032
645
1864
711
1932
655
1941
694
2230
649
2035
671
2190
662
2245
676
2037
670
1967
671
1703
539
1960
644
1974
653
2097
493
1982
674
2024
592
1945
568
2035
669
2015
671
1887
677
1920
669
2122
661
1775
551
2055
629
2050
660
1967
642
2115
641
1838
563
2019
698
2095
682
1975
646
2047
681
2009
674
2115
576
1942
670
2012
657
1994
646
2245
666
1935
662
2101
659
2037
559
2169
678
1965
584
1122
664
2133
652
2108
654
1897
641
2168
662
1231
380
2117
587
1992
644
2087
659
2054
538
2220
513
11026
669
1933
657
2170
641
1594
672
1973
642
2010
664
2175
641
2109
444
1722
674
1997
332
2259
659
1426
437
2029
651
2145
672
2152
661
2404
643
2195
639
1194
629
1994
691
2084
636
2023
654
2022
544
2185
659
2015
561
1919
669
2147
672
1703
423
2283
561
2100
476
2160
672
2042
679
2227
599
1985
9812
1934
623
1939
659
1997
644
2104
494
2266
654
2025
644
2193
668
2020
657
2175
647
1937
665
2075
646
1999
686
1649
508
2010
672
2069
669
2093
525
2037
428
2017
642
1869
664
2218
661
1950
523
2138
661
1942
664
2125
659
2047
648
2030
394
2047
352
2107
679
1728
564
2105
702
2137
667
1764
545
1967
647
1906
661
2128
470
2054
663
2043
657
1992
657
1987
650
1591
511
2155
656
2042
701
2212
694
2010
651
1962
669
2052
639
1899
648
1819
671
2152
659
1447
496
2037
555
2137
665
1984
526
2103
717
2173
574
2157
9342
2029
531
2212
423
2081
659
1997
627
2148
641
2045
647
2188
642
1962
646
2202
669
1162
388
1980
559
1650
666
1995
662
1979
671
2210
657
1773
555
2147
671
2160
672
2145
684
1974
661
1604
671
1950
669
2063
646
2353
694
2248
666
2128
642
2200
671
2160
547
2167
672
1195
331
2027
652
1425
483
1952
636
2027
656
1692
513
1640
562
2045
662
2095
656
2157
574
2230
653
2000
658
2075
659
2082
644
2091
671
2355
546
2162
391
1990
676
2060
645
1192
362
1280
653
2225
669
2152
656
1870
649
1908
563
1613
363
2040
657
2187
644
2110
681
1757
661
2165
654
2323
596
2217
667
2187
659
2108
691
2237
610
2248
651
2160
636
2098
657
2196
654
1595
657
2000
679
2268
666
2115
669
1190
365
2211
674
1798
561
2078
678
2070
659
1946
631
2181
670
1990
477
2165
674
2246
659
2004
656
2191
578
2107
669
2047
649
2017
647
2278
676
2240
661
2042
636
2160
672
1919
656
2043
662
2245
679
2258
529
2054
642
1800
505
2218
677
2042
687
2287
662
2035
664
2195
667
2295
8579
2075
658
2035
654
2057
659
2087
594
2147
641
2225
645
2073
671
2170
653
2042
559
1957
657
1977
659
2128
669
2065
503
1975
642
2045
654
2108
666
1236
357
2055
672
2017
669
2112
663
2095
657
2019
641
2093
649
2083
661
1833
664
2325
649
1253
672
2208
666
1379
711
2303
667
1995
656
2098
9274
1920
669
1903
585
2019
662
2373
624
2225
657
2230
576
1987
644
2203
527
1990
666
2218
521
1955
677
2058
656
2042
647
2168
508
2029
659
2541
555
1648
644
1932
527
1370
644
2067
654
2128
651
2006
642
1678
602
2041
664
2072
669
2000
348
1766
669
2165
652
2148
684
2127
662
2151
491
1989
678
1050
315
2133
274
2031
671
2112
551
1768
490
1650
537
2168
557
2087
493
1819
434
2083
644
2044
654
2070
695
2193
667
2000
669
1944
447
1974
682
1957
647
1997
663
2093
497
1949
669
2025
672
1927
670
2050
674
2103
681
2020
654
1954
664
2183
656
2180
656
2000
666
2073
639
2451
642
1947
646
2090
664
2113
652
2338
641
2107
698
2027
520
1919
639
2037
555
2107
653
1808
378
1957
500
2168
656
2280
662
2273
649
1672
434
2135
644
2280
669
2197
652
1609
490
2010
486
1997
657
2215
644
2283
651
2336
9271
2112
661
2079
642
2127
654
2373
649
2170
642
2352
485
2075
654
2035
627
2045
652
2113
632
2145
660
2260
652
2285
664
2313
659
2049
672
2265
657
2125
658
2113
669
1986
657
2062
578
2053
666
2091
664
1233
360
2303
662
2268
684
1353
403
2100
651
2323
498
2256
646
2257
651
2338
672
2596
641
1808
593
2159
568
2120
687
1977
581
2140
642
2220
689
2328
553
1373
384
1816
437
2187
553
2248
603
2373
686
2147
553
1878
363
2157
434
2212
503
2338
649
2295
644
2300
666
2178
656
2248
672
1836
439
2253
441
2238
643
2250
654
2191
654
2464
667
2013
672
2333
532
2080
664
2105
669
2212
639
2326
657
2245
606
2261
639
2355
671
2255
512
1738
692
2268
629
2130
654
2426
649
2401
699
2393
664
2115
659
1828
727
2382
645
2173
659
2220
672
1240
652
2396
661
2279
657
1883
652
2198
518
2125
641
2208
664
2212
662
2228
669
2190
639
2208
652
2230
661
2223
641
2228
631
2165
690
2350
667
2333
662
2350
529
1315
674
2291
657
2331
620
2080
500
2288
714
2255
644
2310
672
2357
669
2225
510
2085
644
2306
674
2236
646
2338
664
2513
641
2250
625
2240
666
2310
667
2160
514
2298
658
2257
623
2275
671
2132
673
2072
649
2198
549
2147
671
2085
669
1612
495
2052
659
2050
644
2088
643
1990
616
2152
493
2403
667
2215
659
1917
677
2038
667
2132
636
1962
361
2323
672
2022
586
1944
657
2007
479
2044
667
1897
388
2144
658
1977
634
2079
571
1967
647
2017
649
2107
672
1927
550
2119
656
1969
481
2002
656
1979
656
2095
656
1648
551
1917
611
1986
672
2092
651
1656
497
1919
664
1964
684
2280
677
2110
649
2110
651
2015
664
2114
679
1939
644
2208
676
2047
679
2240
634
2045
659
2239
537
2075
654
2220
669
2015
381
2035
664
2024
667
2016
667
2052
637
2080
647
2093
671
2328
642
2080
542
2130
679
2124
654
2115
661
2058
639
2030
655
2169
656
2183
550
2127
556
1786
674
2157
634
2073
659
1823
231
1975
664
2060
664
1984
681
2004
562
2158
644
2165
629
2123
652
1960
540
2173
393
2015
657
1670
387
2100
470
1964
686
1950
667
1957
652
1974
662
2275
662
1964
659
2075
644
1914
669
1751
637
2175
523
2020
687
1917
664
2005
659
2067
553
1995
624
1869
672
1837
684
2149
662
