2084
652
1972
674
1353
656
1435
666
1867
437
2010
720
1775
677
1904
615
1870
669
1505
690
1937
629
1907
654
1891
654
1515
669
1973
679
1962
652
1977
684
1909
646
1939
659
1894
481
1887
666
1936
672
1982
557
1627
659
1972
674
1945
544
1859
688
1043
368
2077
549
1972
647
2405
860
1924
613
1870
669
1960
670
1928
659
1891
672
1859
557
1975
565
1949
642
1894
677
1616
565
1982
669
1887
657
1739
422
1987
667
2058
661
1034
365
1871
548
2071
657
1904
668
2065
680
2055
642
2024
669
1962
642
1043
655
2410
549
1832
578
2035
657
1922
644
2067
525
1277
439
1965
672
1984
644
1992
706
1948
665
1884
649
1996
664
1888
659
1963
672
1939
672
1950
641
2019
605
1790
438
2005
447
2085
682
1967
657
1940
565
1999
646
1962
651
1834
654
2260
654
1842
657
1950
369
1584
657
1922
667
1922
669
2110
553
1904
646
2039
669
1975
662
2032
639
1929
674
1937
664
2030
636
1907
644
1702
540
1948
657
1880
674
2047
615
2052
656
1990
682
1977
666
1976
350
1595
593
1663
546
1997
669
1625
468
1960
404
2187
689
1941
651
1892
634
2145
570
2021
569
1970
654
1967
657
2002
697
1950
587
2019
657
1882
629
1967
641
2062
452
2010
594
2050
649
1659
565
2027
509
1497
669
1533
355
1967
656
1993
543
2117
642
1965
585
1979
546
2300
650
1901
654
1999
553
2009
644
1874
674
1926
642
1977
654
1497
661
1239
664
1970
415
1307
667
1902
656
2089
654
2024
659
1984
639
1972
656
1964
596
2040
549
2158
674
1942
596
2009
657
1958
686
1960
651
1909
594
2052
661
1980
472
2087
656
2142
659
2103
672
2187
609
2032
669
1849
642
1969
667
2102
667
2087
644
1871
676
2097
661
2039
616
1959
654
2052
639
1869
684
2125
644
2042
649
1959
525
2057
664
1925
662
2015
631
1899
648
1945
667
2077
702
1904
687
2115
617
1491
565
1809
626
1849
669
2010
660
2029
664
1904
651
1914
670
1959
664
1999
651
1927
657
2015
499
2032
657
2009
372
1912
654
1877
667
1937
661
2022
654
1737
462
1879
656
1995
641
1990
643
1900
676
1897
675
1927
671
1982
549
1992
671
2032
659
1924
669
1896
625
2005
599
1965
674
2093
604
2023
668
1594
674
2103
502
1904
741
1875
646
1985
622
1638
530
1912
373
1939
641
2150
479
1730
548
2062
657
2022
643
2103
649
2348
607
1668
489
1662
523
1866
667
1907
572
1675
582
2112
671
2104
677
2155
654
1965
604
1875
676
1944
694
1977
655
1979
686
1899
644
1604
298
1947
687
2057
654
2078
656
1957
660
870
667
1892
659
1932
656
1997
437
1975
651
1984
654
1869
548
1676
657
1927
667
1947
631
1965
659
2007
655
2133
659
2149
676
2112
674
1944
661
1604
567
1990
441
2271
656
1935
664
2025
649
836
644
1902
521
1906
663
1887
659
1977
654
2070
654
2112
664
2067
653
1857
659
1841
651
1937
671
2131
660
2018
634
2165
649
1884
659
1563
493
1974
651
1960
662
1920
644
1303
365
2059
671
1927
538
1857
654
1686
563
1967
644
2117
634
2043
641
1786
668
2057
672
2092
644
1211
383
2035
601
2190
647
2133
666
2132
666
1992
658
2062
663
1949
384
2157
674
1899
373
2027
657
2087
674
1972
657
1953
691
1593
674
2010
661
1955
9098
1927
659
1977
657
2024
622
1939
642
1583
568
2027
632
2077
656
1864
549
2132
487
2010
464
1730
553
1947
644
2175
656
1925
632
2062
327
1970
414
2003
661
1922
401
1200
367
2072
519
2155
667
1984
662
2077
541
2015
612
1957
550
1894
434
2057
654
1703
469
1975
682
1994
357
2030
670
1902
654
2012
649
1766
580
1576
679
2037
550
2107
661
1960
664
1976
657
1992
684
1936
579
2030
663
2100
654
2115
644
2105
480
1932
669
2027
666
1920
681
1960
659
2047
679
1960
657
1934
667
1833
547
1932
662
1925
672
2092
655
1964
671
1967
684
1840
666
1086
373
1916
679
2158
656
1927
667
2115
561
1995
674
1990
602
1960
676
1860
664
1889
641
1587
484
1997
644
2022
656
1940
569
1879
369
1997
661
2095
654
2065
657
1972
340
2000
656
1915
666
2160
544
2119
414
2044
379
1915
9867
1992
674
2030
483
1972
675
2084
628
1920
669
1388
451
1697
491
2220
644
2035
653
1905
614
2018
649
1787
517
1984
608
2100
671
2124
657
2043
646
1912
661
1957
670
1979
666
2122
656
2095
684
1980
654
1979
667
2011
662
1176
395
2047
641
2139
664
1945
560
1970
669
2078
649
2037
629
2045
658
1785
622
2150
649
1947
699
2022
491
2077
641
2025
484
2073
567
1978
373
2077
654
1999
664
1924
559
2260
649
2255
652
2075
686
2067
519
1949
540
2027
9148
2004
606
1917
681
2012
657
2045
603
2025
510
1965
649
1879
672
2248
567
1975
670
2108
702
1943
667
2172
799
2135
659
2083
694
1897
606
1994
669
2260
657
2080
673
2142
649
2190
689
2065
654
2050
657
2233
644
2132
684
1734
641
2073
656
2237
662
2332
536
2235
621
2105
666
2130
581
2233
9076
1899
638
2251
616
2035
662
2025
657
2017
609
2064
589
2201
429
2215
659
1158
669
2063
523
2170
653
2090
543
2168
665
2139
643
2195
563
2047
664
2143
573
2101
557
2158
651
2343
709
1977
649
1313
378
1999
651
2075
572
2127
662
1987
659
1697
502
1593
441
2207
440
2075
656
1513
671
1568
614
1952
694
1720
560
2017
670
1879
666
2040
686
2073
657
2267
613
2256
645
2182
677
2052
669
2216
704
1922
659
1668
669
2095
656
2165
651
1940
676
2024
571
2150
670
2270
664
2015
667
2271
656
1982
669
1859
657
2040
659
2040
659
2085
669
2293
699
1977
649
2133
657
2138
672
2108
656
2100
432
2158
681
2100
660
1955
671
1957
590
1983
630
2212
652
2030
551
2010
591
2142
667
2162
654
2115
672
2182
654
2227
649
2208
651
2263
677
2080
369
2272
509
2173
667
2092
643
2313
646
2065
654
2215
601
2080
682
2163
676
2004
697
2014
581
2110
651
1298
437
1689
523
1877
9449
2202
652
2057
548
2067
678
2112
649
2084
621
2185
682
2243
667
2052
632
2020
666
2132
653
1684
546
2119
682
2300
532
2095
649
2100
529
1816
595
2119
373
1898
684
2160
661
2102
562
1854
592
1974
644
2120
679
2030
626
1869
689
2077
637
1962
653
1987
650
1920
644
1854
627
2085
659
1997
642
1869
672
2155
657
2040
654
1927
620
1991
541
1959
544
1980
649
1891
661
1259
398
2128
657
1967
644
1972
674
1937
654
2033
561
2105
652
2007
655
1258
388
1244
689
2025
548
1428
477
1953
661
2025
604
2053
642
1940
684
1994
696
1952
642
1935
629
2125
687
2205
596
1856
565
1079
371
2020
664
1967
694
1972
642
2047
619
2060
648
1997
662
2007
632
1986
648
1839
556
1954
658
1849
649
1961
664
1171
373
2062
644
2090
644
1917
559
2015
671
2010
587
2160
644
1944
523
2038
661
1954
661
2095
557
1909
644
1960
672
1895
656
1983
670
1941
521
2062
674
2080
684
2022
623
2047
654
1957
556
2037
632
2039
657
2105
652
2127
659
1929
8828
2073
652
2125
644
1551
611
2035
659
2110
689
2067
639
2022
677
2013
474
1535
501
1912
657
1965
667
1644
570
2085
669
2027
689
1928
659
1884
647
2009
634
1967
575
2050
674
1990
692
1932
671
1095
675
1927
669
1934
671
1927
498
1574
652
2072
651
1935
574
2080
665
1982
674
2132
655
1879
675
2075
376
1955
671
1946
676
1882
659
2526
661
1255
342
2055
647
1876
659
1739
662
1963
662
1525
491
2035
659
1980
671
2125
9189
1882
636
1902
656
1894
644
2125
656
2070
674
2054
658
1994
530
2152
647
2037
642
1590
553
1897
664
1997
714
1882
669
2092
656
1866
658
1632
472
1924
583
1895
658
1990
563
2007
362
1891
496
1666
572
2043
449
2072
657
2027
667
2032
659
1977
684
1985
696
2015
659
1277
385
2090
666
1985
668
2035
634
1891
657
1947
664
2009
699
1934
644
2075
726
1874
659
1894
646
1964
644
1942
644
2070
659
2022
563
1907
657
1972
657
2019
597
2033
651
2047
669
2028
641
2125
538
2115
684
1965
664
2004
443
1669
684
1977
556
1980
674
1940
659
1866
506
1725
458
2039
674
1942
636
2139
661
2327
696
1980
667
1453
448
2002
654
1922
659
2030
696
1937
573
2011
654
1949
643
1741
555
2117
669
2063
551
2215
9141
2120
572
1915
659
2097
664
1898
652
1980
430
2088
652
2037
672
1997
677
2019
669
2115
681
1972
593
1950
654
1478
503
2040
669
2033
672
2101
667
1930
657
2050
602
1275
490
2012
639
1985
644
2010
667
2072
678
1992
649
2037
659
1701
431
2170
664
2042
644
1915
647
2010
657
2023
676
2107
647
1741
549
1891
656
1927
607
1212
521
2035
655
2000
662
2078
667
2107
634
1990
647
2042
627
1551
589
1900
554
2316
590
2082
654
1905
647
2007
646
1357
441
2044
594
2050
544
2143
671
1877
556
2072
518
1678
464
1793
566
2121
647
2127
664
2048
558
1830
445
1989
664
2014
553
1880
644
1899
649
1995
662
2082
641
2147
656
1972
581
2090
336
2141
695
2151
654
1204
674
1979
664
2042
656
1985
659
2178
654
1877
535
2117
679
2027
687
2037
389
2047
666
2017
646
2140
694
1857
566
2067
649
1966
654
2110
654
2093
475
2104
544
2020
667
2221
664
2130
674
2035
666
2002
701
2140
644
2173
654
2110
656
1967
652
2083
647
1991
632
2104
571
2010
654
2022
636
1922
732
2030
656
2035
646
2045
664
2296
659
2017
677
1877
654
2178
669
2130
652
1953
656
1878
560
2032
656
2123
656
1858
542
1373
405
2203
545
2079
699
2100
658
2022
655
2057
641
1974
514
1578
504
1987
693
1356
387
2117
644
2145
657
2095
641
1930
546
9630
599
2090
614
2002
656
1888
659
1871
553
2107
649
2140
604
1985
649
2009
661
1977
662
2091
669
2352
644
2227
654
2060
664
2386
646
2070
632
2110
581
2110
649
2100
671
1595
571
2019
659
1932
659
2049
592
1997
669
1977
632
1975
330
1728
381
2035
504
2017
657
2107
669
2020
483
1922
674
2108
567
1804
654
2168
662
1970
385
2313
672
2127
656
2113
666
1704
477
1992
711
2197
654
2100
658
1610
526
2172
694
2190
659
2050
641
2022
652
2067
651
2103
677
2133
661
2119
556
2029
664
1967
582
2424
558
2085
656
2484
644
2155
644
2094
587
2154
619
2140
468
1985
669
2042
657
2150
667
2090
659
1873
664
2170
667
2343
604
2240
646
2111
571
1964
667
1238
400
2102
664
2163
653
1961
564
1946
662
2112
644
2155
576
2130
676
1707
681
2062
655
1973
609
1159
368
2195
559
2085
654
1980
648
2003
684
2120
657
1905
674
2162
491
2147
664
2155
672
1870
649
2308
664
2037
669
2072
679
2050
654
1830
580
1907
652
1629
652
2015
674
1909
676
2135
669
2042
647
2108
689
2142
500
2523
647
2168
7830
2070
667
2080
632
1222
666
2000
651
2027
454
1944
661
1200
669
2045
427
2306
651
1957
571
2168
656
1196
669
1997
661
1950
681
2152
669
2075
441
1621
649
1894
657
2075
654
2027
640
2088
687
2037
659
2092
654
2032
677
2055
667
1947
654
1743
542
2010
662
2200
689
1920
9767
1905
667
1747
471
2308
321
2003
643
2067
616
2052
701
2029
554
1949
512
2112
561
2087
649
2271
656
2114
527
1650
9469
2072
657
2009
437
2010
659
2140
642
2015
642
2048
543
2027
542
2029
377
2087
516
2098
579
1975
669
2094
689
1221
664
1717
553
1974
612
2082
654
2070
656
2007
478
2035
654
2055
507
1970
660
2145
378
2142
646
2102
709
1196
395
2283
679
2128
552
2075
654
2110
681
2193
681
2088
657
1700
609
2243
654
2103
674
2110
377
2122
674
2015
649
2072
551
1983
672
1502
509
2122
654
2045
472
2117
563
2293
524
2039
627
1818
555
2165
678
1751
459
1988
407
2107
661
2020
386
2017
659
2063
644
2058
654
1987
616
2395
666
2093
656
1968
659
2450
654
2004
671
1984
667
2228
674
1505
659
2208
669
2113
590
1580
521
2110
506
2266
659
2140
709
1691
646
2067
674
2285
516
2039
649
1286
380
2104
654
1423
441
2037
699
2117
657
2042
607
2151
502
2029
613
1675
666
2012
671
2094
654
2087
644
2128
380
2212
672
2230
661
2089
651
1936
649
2265
669
2027
652
2289
654
2055
651
2070
530
2235
482
1979
649
2203
665
1910
654
2055
541
2065
649
2177
652
1754
649
1998
679
2060
670
1970
649
2360
657
2047
654
1726
639
2181
676
2029
659
1710
681
2393
674
2073
672
2102
389
2265
669
1879
657
1882
554
1895
672
2075
670
1884
647
2104
654
2002
400
1987
654
1067
373
2019
468
1959
563
2020
581
2145
659
1877
613
1637
669
2185
649
1982
636
2042
665
2070
578
1976
526
2130
651
2198
664
2073
570
1242
371
2042
684
2029
661
2209
648
2022
567
2183
674
2108
559
1936
559
2238
654
2135
577
1962
532
1967
575
2190
662
2215
752
1964
641
2045
669
1178
372
2040
418
2079
639
2082
666
2123
662
2000
604
2002
685
2024
694
1373
656
2102
651
1438
657
2155
633
2140
641
2037
682
2043
642
1990
652
2078
511
1712
651
1882
654
2020
657
1307
374
2230
669
1135
468
2020
659
2120
659
2326
651
2138
609
2115
671
2145
444
1995
659
2182
641
2058
667
2230
658
2137
643
2225
483
2101
659
2155
652
2017
664
2045
674
2052
646
2202
667
2075
662
2125
548
2110
667
2052
547
2012
667
2069
657
2137
669
1658
505
1468
445
2010
667
2270
657
1325
668
2183
671
2157
659
2068
609
2013
674
2042
382
1950
623
2145
566
2040
657
2103
659
1814
447
2348
656
2171
674
2037
666
2060
374
2105
644
2090
704
2261
666
2105
654
1999
664
1962
666
2190
661
2255
657
2132
596
2233
667
2228
649
1932
654
2157
664
2072
656
2200
519
2030
584
2070
448
2127
674
2139
644
2015
576
2257
391
2115
9186
2064
654
2159
516
2027
654
2207
660
2191
672
2179
677
2175
595
2115
671
2128
671
1262
644
2027
689
2228
642
1735
546
2190
669
2085
662
2074
647
1922
513
2072
648
1745
646
2020
9070
2307
667
2175
579
2571
657
2019
661
2028
661
2065
682
2015
661
1909
687
2258
656
2087
439
2103
689
2296
654
1987
656
2180
661
2018
646
2024
657
2020
584
2045
618
2155
321
2160
651
2162
659
2061
620
2015
657
2315
656
2180
661
2132
667
2057
639
2080
645
2105
671
2132
689
1960
589
2105
662
2097
644
2160
647
1903
615
1932
641
1614
659
2095
529
2055
527
1950
661
2141
570
2127
650
2040
654
2030
659
1635
479
1912
642
2135
476
1847
539
1869
665
2072
667
2085
669
2421
653
2075
544
1990
581
1195
362
2040
674
1927
540
2058
377
2315
674
2120
658
1985
601
1979
649
1944
566
2007
574
2079
679
2285
661
2185
642
1934
654
2137
687
2095
664
1982
668
2112
651
1698
665
1259
362
2061
572
2122
634
2253
656
2137
567
2117
606
2095
557
2125
667
1987
656
2090
649
2092
641
1985
669
2168
657
2047
649
1977
641
2160
659
2138
669
12815
678
2064
652
1860
642
1952
667
2145
692
2047
512
2064
669
1909
667
2108
659
1984
642
2102
643
1954
666
2079
661
2143
566
2258
681
1972
668
2127
646
2153
651
1774
543
2207
669
2195
669
2040
667
2062
651
2098
569
1945
659
2130
669
2253
661
1836
585
2063
652
2044
591
2085
669
2082
601
2225
646
2130
659
2145
434
2042
509
2067
631
2243
539
1365
383
2099
677
2037
659
2130
652
2165
659
2389
456
1298
362
1008
651
2402
659
2083
659
2070
649
2039
630
1970
672
2072
524
1954
676
2068
589
2313
553
2097
664
2135
659
2040
650
2112
669
2039
606
2202
446
2078
621
2199
634
2270
614
2059
512
2122
669
2098
648
2049
644
2486
662
2052
659
2035
554
2065
682
2033
654
2110
639
2022
682
2070
674
2020
644
1922
660
2111
644
2190
667
1872
657
1874
682
2132
659
2102
559
1859
666
2246
563
1757
446
2040
659
2062
664
2123
651
2220
652
2137
712
2104
665
2000
505
2052
480
2002
675
2025
664
2167
387
2087
651
1724
596
1872
591
2130
615
2042
669
2241
652
1916
553
2030
682
2140
649
2120
661
2062
679
1421
453
1599
565
1999
696
2165
437
2122
616
2024
489
2050
652
2302
390
2009
682
2179
670
2134
525
2077
671
2127
646
1977
636
1984
672
2150
658
1106
390
1349
662
1954
658
1293
381
1182
552
2391
641
1699
542
2232
651
2117
652
1967
658
2151
666
2455
659
2193
471
2175
679
2228
669
2149
670
2218
649
2305
693
2178
646
2228
642
2060
669
1974
689
2068
651
2085
656
1914
659
2060
434
2040
690
1489
441
2108
659
2057
620
2163
644
1975
618
1955
566
2210
647
1870
676
1330
395
2220
369
2098
666
2107
649
1220
368
1955
7829
2423
647
2410
662
2223
492
2165
661
2093
512
2120
647
2058
664
2138
657
2251
659
2438
632
2022
664
2085
620
2267
656
2145
644
2270
684
2125
674
2118
652
1536
428
1991
682
2203
652
2153
651
2319
662
2180
630
1150
372
2198
657
2110
706
2043
654
1960
668
1990
662
2029
682
2140
657
2193
654
2072
664
2017
671
2172
559
2080
671
2163
654
1939
553
1999
677
2128
671
1365
674
2127
652
2213
649
2318
503
2426
669
2171
672
2130
659
2210
692
1781
666
1955
641
2185
626
2052
674
2027
664
2073
646
2155
646
2113
711
2113
629
2436
517
2132
648
2085
641
2009
651
1971
534
2113
601
2115
662
2075
647
2044
661
2140
695
1984
679
2007
659
2052
669
1968
383
1113
689
2203
654
2290
525
2060
649
2190
646
2265
681
2028
642
2180
654
2242
516
1270
665
1773
644
2133
676
2017
641
2133
666
1905
681
2034
680
1945
550
2193
669
2059
643
2113
667
2286
657
2125
659
2132
606
2067
634
2080
499
2107
672
2092
656
1992
627
2120
674
2077
656
2258
583
2035
631
2127
672
1252
347
2020
672
2095
611
2013
645
2010
662
1783
625
2165
657
2182
659
1971
647
2009
654
2029
650
2333
631
1238
379
2160
549
1867
604
1688
375
2000
659
1780
565
2117
666
2312
657
2092
676
2258
613
2027
546
2120
681
2075
669
2010
667
2113
656
2070
633
2368
440
2027
563
1806
659
2160
669
2045
489
2120
669
2142
641
2020
539
1999
503
2115
646
1927
654
1184
664
2211
536
2059
644
2159
549
2024
669
2433
636
2055
667
2054
672
2160
654
2072
656
2282
662
2115
549
2012
759
2089
616
2049
656
2111
362
2055
649
2128
551
2062
672
2190
661
1962
659
2140
660
2039
657
2370
666
1630
501
2109
659
1955
664
2155
662
2273
664
2245
656
2041
665
2004
591
2222
636
2175
656
2350
642
2188
654
2017
679
1585
666
1895
649
2295
666
2351
671
2095
647
2130
651
2242
662
2009
659
2370
643
1832
656
2038
660
2073
666
2037
656
1947
656
2137
674
1262
374
2356
660
2325
654
1377
354
2075
378
1924
545
2117
658
2208
651
1903
539
2237
664
2303
570
2363
664
2192
569
2302
671
2329
644
2155
654
2313
634
2171
381
2137
668
2155
669
2185
491
2280
649
2255
644
2420
683
2320
632
2539
618
2132
657
2386
581
2227
669
2293
647
2236
671
1357
371
2225
670
2298
651
2325
694
2403
669
2266
648
2265
659
1715
631
2157
664
2142
644
2173
625
2561
667
2238
654
2573
675
1967
564
2456
538
1670
496
2268
654
2285
647
2120
591
2328
434
2193
442
2338
611
2238
533
2408
635
2178
674
2349
644
2177
656
2498
666
2183
679
2291
684
2260
500
2378
669
2151
667
2202
654
2183
671
2132
699
2319
546
2333
649
2323
674
2213
432
2135
707
2403
651
1881
663
2228
652
2257
347
2346
609
2438
623
2257
671
2486
679
2197
676
2155
664
2308
650
2208
532
2262
664
2383
656
2170
478
2340
669
1675
681
2277
654
2305
669
2413
664
2165
659
2083
655
2305
564
2258
654
2205
660
2177
689
1964
563
2192
645
2073
661
2082
449
1722
479
2113
501
2258
589
2113
671
2250
626
2154
579
2010
647
2060
639
2101
680
2155
646
2075
644
2213
614
2085
527
2063
654
2167
666
2085
654
2115
647
2042
690
2132
541
2050
646
2129
665
2085
654
1994
656
1930
531
2087
672
2157
459
2009
644
1724
561
2210
649
2085
674
1982
672
2205
674
2098
649
2074
576
1972
661
1698
632
2045
660
2225
557
1856
618
2032
663
2060
699
1927
581
2268
643
1979
527
2115
666
2182
659
2203
604
2105
662
2521
574
1582
460
1965
659
1195
373
1975
654
2346
667
2032
659
2005
597
2117
574
2053
641
2095
651
2196
699
2044
570
2228
681
1997
664
2141
654
2125
679
2042
510
2142
657
2087
652
2150
654
1283
734
2125
704
2075
562
2000
648
2077
654
2068
372
2112
679
2123
651
2125
664
1349
487
2097
642
2052
553
1512
478
2083
662
2195
664
2052
674
1894
669
2159
606
2142
669
1997
664
2047
672
1876
669
2125
649
2170
614
1985
445
2082
673
2084
667
2000
656
2123
644
1985
616
2143
669
