1975
644
1907
543
2042
554
1867
647
2012
609
1386
400
1931
459
1924
679
1934
657
1975
399
1844
629
1936
687
1911
566
1917
522
1889
672
1865
709
1872
651
1886
597
1857
729
1910
705
1864
652
1978
664
1899
684
1068
642
1757
529
1997
447
1425
667
1942
670
1701
546
1910
667
1900
674
1360
366
1972
630
1889
599
1987
647
1308
439
1982
642
1857
655
1895
392
1885
654
2185
652
1929
652
1554
682
1970
633
1889
593
2012
672
1245
435
2030
664
2035
659
1989
430
1924
656
1916
646
1902
671
1952
637
2053
667
1443
483
1997
648
1984
564
1942
657
1957
664
1602
446
1988
664
1975
569
1947
542
1880
649
1282
451
1687
658
1870
682
1846
550
1931
664
1952
659
1947
429
1987
689
2010
667
1955
664
1857
637
1877
674
1919
662
1954
660
1920
664
1658
649
2002
654
2305
451
1108
667
1917
555
2047
642
1879
524
1904
621
2094
520
1899
669
1937
666
2063
686
1968
669
1683
562
1887
591
1906
454
1989
672
1836
669
1998
656
2310
696
1396
626
1952
371
2135
649
2069
376
1432
437
1997
532
2055
689
2010
644
2178
651
2053
642
1938
655
1696
559
1949
587
1849
684
1927
655
1850
665
1821
649
2002
661
1413
473
2050
656
1602
629
1920
659
1879
579
2005
583
1904
453
1181
388
1917
674
2004
664
2291
666
1987
535
1940
654
1999
652
2035
624
2005
523
1962
648
2020
654
1984
696
2075
649
2034
674
1982
505
1977
662
1990
650
1997
565
2034
659
1939
664
2002
617
2048
685
1892
648
2085
652
2037
676
1885
657
2088
676
1740
540
2125
662
2052
566
1881
661
1997
656
2016
664
2030
544
2033
661
1939
675
1454
664
1435
479
2032
701
1917
687
1529
466
2077
669
1977
656
1939
542
2201
369
1947
669
2019
563
1585
654
1986
497
1980
8706
2137
649
2042
664
1963
651
1589
534
2082
669
1985
741
1919
669
2015
656
1949
535
2042
663
1967
632
1993
662
2008
543
1944
488
1864
642
1917
671
1866
461
1949
559
1909
644
1869
654
2017
574
2024
645
1991
365
2047
671
2014
654
1897
656
1965
642
2152
661
2117
662
2112
558
2014
657
2145
657
1955
657
1975
692
2037
667
2032
669
1904
649
1904
668
1992
669
1913
664
2300
624
1997
655
1625
545
1830
637
2035
617
2108
667
1989
657
1942
651
1263
627
1952
646
1957
657
2022
659
2057
390
1690
539
1909
679
1977
673
2030
677
1949
620
2032
679
2068
652
1994
654
2071
531
1914
666
2070
524
1882
661
2072
360
1884
644
1947
652
1970
644
1639
568
1674
671
1968
372
1967
526
1866
666
1897
684
1888
686
1690
552
1955
523
1950
665
1890
672
1954
644
2045
667
1975
362
1504
441
2024
704
1945
657
1962
649
1987
659
1654
551
1969
674
2122
603
2017
639
2005
653
2147
637
2071
625
1936
679
1891
667
2065
657
2084
589
2050
659
1869
671
1568
518
2092
649
2073
669
1887
589
2000
656
1962
664
2102
664
2111
652
2047
649
2105
666
1920
656
1889
665
1529
478
1859
641
1521
535
1867
377
2035
654
2030
660
2055
632
1969
655
1889
670
1672
656
1866
553
2064
493
1755
517
1907
561
2107
667
2140
676
1980
672
1977
671
2082
659
2050
642
1802
553
1804
515
1932
674
2014
648
2113
571
1969
659
2218
662
1951
659
1896
547
2057
671
1488
457
1884
669
1969
652
1882
647
1939
500
1141
669
1096
383
2045
503
1932
666
2187
9238
1576
433
2275
654
1984
647
1686
550
2105
682
2069
654
1969
371
2155
672
1925
656
2378
672
1969
459
2120
567
1736
515
2078
674
1991
701
1949
654
2128
559
2129
9855
2043
664
2004
661
1974
651
2134
9026
1907
667
1962
385
1935
377
1840
456
2037
676
2113
669
2084
649
1129
365
1738
654
2019
661
2042
656
1629
659
2125
702
1974
9767
2483
667
2077
559
2004
533
1892
667
1862
644
2000
667
1346
646
2059
644
1974
644
1984
557
1972
674
1988
634
1585
511
2023
684
1960
620
2020
602
2054
531
1990
654
2125
614
2007
652
2075
619
2065
676
2002
662
1934
554
2149
687
2148
445
2005
581
1916
644
1867
654
1867
649
1959
662
1965
644
2077
664
1975
682
2233
641
2153
719
2067
646
1922
656
2097
627
1864
550
1957
386
2010
662
1997
664
2039
649
2338
662
1493
488
1974
679
1925
656
2060
582
2035
674
2082
656
1934
670
2073
540
2080
677
2103
664
1982
538
1879
594
2102
649
2050
532
2032
524
2007
544
2313
654
2097
655
1997
684
2095
666
1925
644
1899
322
1926
596
1975
644
1957
657
2159
493
2094
548
1789
581
1631
531
2102
572
2170
677
2069
476
2057
662
2089
679
1942
632
1965
568
2148
679
1473
377
2062
669
2215
665
2051
583
1885
631
2155
646
2125
646
2141
9006
2037
662
2195
654
1962
649
1902
659
1987
664
2110
654
2404
563
2047
540
1976
557
1946
641
2067
671
1975
684
1990
654
2080
649
1944
656
1997
677
2215
370
1967
469
2137
626
2083
668
2144
659
2093
662
2117
653
2275
522
2385
669
2193
649
2147
537
1902
620
2209
661
1982
669
1922
669
1867
606
2045
507
2180
662
2121
656
2376
674
2105
646
1835
510
1995
642
2183
644
2163
669
2089
659
1953
572
2158
664
1771
545
2125
661
2082
650
1972
667
2005
656
2168
496
2047
636
1937
631
2180
661
1990
659
1972
572
2040
615
2062
656
2138
568
2095
659
2112
657
1910
566
2005
674
2000
675
2145
637
2238
654
2105
661
1957
662
2015
668
2030
653
1989
379
2137
704
2328
671
1960
613
2082
661
1659
525
1995
660
1997
719
2132
692
2205
599
2251
674
1671
490
2080
682
2029
609
1904
644
1802
674
1987
655
2090
664
2185
654
2092
674
2007
669
2047
659
2113
559
1977
642
2075
11152
2104
663
1995
642
1992
682
1966
647
2133
654
2147
539
2249
643
2112
477
2140
327
2092
672
1984
541
2153
674
1688
501
2152
651
2113
607
2197
555
2130
696
2030
363
2059
620
25085
644
1962
669
1977
679
2130
667
2075
644
2120
536
1987
676
2093
669
1253
371
1814
649
1989
511
2068
529
2095
379
2073
524
2110
506
2267
391
2092
665
2052
671
2281
418
2009
649
2202
659
1939
656
2187
691
2260
677
2030
676
2235
644
2150
669
2067
720
2155
666
2198
671
1214
377
2037
434
2040
706
1868
672
1972
652
1504
532
23298
481
2022
649
1950
634
1912
679
1156
375
2112
649
1940
533
1852
644
2085
677
1658
542
1910
619
1969
639
1886
667
2047
659
2067
657
2042
561
1987
647
2052
648
1959
684
1919
608
2371
702
1869
669
1923
632
1525
706
2042
701
1692
543
2032
427
2155
649
1992
660
1869
677
1952
670
1957
658
2219
672
2128
632
2035
611
2030
664
2072
642
1942
663
1969
643
1926
656
1899
654
1987
651
2157
461
2055
432
1965
649
1648
531
1879
647
2067
641
1957
632
2094
654
2238
633
2007
654
1955
664
2012
646
1992
660
2024
654
2082
659
2098
444
1728
644
2023
706
1975
681
1707
641
1935
722
1944
652
1897
653
1944
421
2088
667
1970
568
2077
684
2104
639
1942
694
1134
385
2030
654
868
676
2080
611
1909
644
1961
659
2107
631
1594
553
1933
667
1972
649
1997
669
2042
576
2133
645
2074
649
2120
659
2008
619
2125
647
1946
571
1952
719
2138
608
1947
674
1605
563
1984
644
2077
441
1932
613
2020
684
1939
585
2054
676
1565
515
2105
589
2015
516
1942
657
2073
654
2077
614
1978
644
1882
646
2137
652
1880
666
1876
514
1701
571
1972
679
1959
664
2112
664
2112
659
2062
646
2216
672
1997
548
1147
662
1315
454
2025
659
1909
644
1980
661
1968
662
1972
666
1971
661
1947
659
1930
655
2087
662
2052
376
2170
690
2000
571
1905
655
1912
636
1862
660
1987
670
2068
651
2030
705
1964
671
1981
667
2045
564
2007
644
1930
659
1842
667
2115
663
1902
649
2054
646
2031
649
1965
656
2037
654
2092
645
2024
659
1989
643
1862
666
1588
495
1888
656
2145
649
2110
641
2070
677
1985
485
2047
671
1914
657
2014
641
2007
648
1959
656
1706
555
1587
542
2113
655
2275
345
1940
567
2100
674
2094
651
2140
654
2057
679
2037
681
2120
641
2013
539
2047
536
2000
679
1373
472
1550
677
2039
642
2019
589
2100
646
1967
666
2033
647
2014
646
1649
657
2077
650
2125
578
2067
435
2198
649
2165
651
1942
619
2097
441
1955
662
1674
557
2017
666
2028
509
2067
639
1989
542
2022
632
1672
531
1932
535
2197
652
2090
662
2132
654
2051
669
2039
597
1866
553
1902
647
2085
667
1844
584
1999
679
2088
584
2115
657
1718
494
2003
551
1939
9089
2060
659
2010
647
2155
581
1852
547
1937
589
1980
666
2057
672
1872
690
2042
669
1900
585
2078
646
2040
669
2356
679
2050
686
1993
644
2040
677
2060
661
1954
649
1145
378
2090
634
1889
654
2008
669
2057
621
2140
699
2087
677
2097
646
2160
649
1954
654
2087
656
1767
335
1080
375
2188
644
1997
687
1977
631
1962
656
2049
692
1895
671
1370
391
2005
648
2012
669
2090
649
2042
544
2037
654
2015
665
2103
652
1985
664
2030
589
2002
678
2114
679
1992
579
1994
574
2007
686
2100
470
2087
642
2077
654
2202
596
1915
592
2250
656
2075
659
2157
661
1997
644
1671
487
2152
644
2072
559
2045
697
1966
661
2053
531
1932
9251
2258
641
2027
642
2014
537
2000
639
2237
643
1968
662
2068
371
2303
664
1687
457
2142
657
1776
554
1993
639
2032
662
2118
517
2018
501
2157
654
1493
652
2223
662
2047
604
2062
462
1947
648
2055
645
2145
684
2165
669
2087
659
2152
642
2105
670
1942
540
1745
673
2087
649
2175
674
1899
657
2103
555
2034
672
1648
465
2042
549
1957
654
2147
659
2115
647
1967
633
2004
648
2001
644
2067
586
2271
654
1660
553
2307
672
2078
642
2267
658
2165
654
2084
649
1987
659
2042
682
1947
519
2082
659
2045
659
1952
604
2032
657
2020
654
1946
561
1979
651
2111
502
1995
529
1860
672
2029
664
1927
542
1912
586
1953
641
1779
545
2067
667
1896
553
2102
660
1179
366
1997
646
2107
648
2145
670
2062
642
2123
664
2251
632
1957
699
2228
671
2019
479
1616
421
2103
9151
2212
591
1952
654
2097
679
2183
669
2197
645
1987
661
2030
659
1818
560
2055
649
1965
652
2160
652
2045
657
2130
659
2416
665
2037
551
2185
659
2067
664
2240
702
2171
672
2043
498
1962
674
2090
659
2063
667
2102
667
2108
7531
2122
660
1741
684
1489
362
2167
656
2065
664
2181
443
2127
503
2077
654
1860
526
2257
681
2185
672
1920
671
2198
699
1688
672
2012
602
2108
677
1734
490
2287
672
2040
515
2095
666
1975
587
2207
492
2067
681
2165
467
2072
679
2133
517
1686
553
2200
659
2135
642
1942
667
2057
659
1993
601
2090
642
2019
657
1982
662
2065
656
2212
577
1936
659
2088
646
2000
533
2130
646
2140
662
2107
669
1925
662
2044
668
2100
519
1791
470
2133
664
2496
635
1959
515
2155
608
2075
652
1967
656
1964
649
2032
669
2341
644
1871
644
2087
687
2072
543
2152
568
2128
661
2145
672
1491
546
1945
656
1954
564
2160
662
2107
647
1957
527
2018
672
2073
627
2035
639
1971
642
1902
672
1678
487
2029
643
2205
656
2115
655
1924
304
1967
556
1221
372
2010
498
1877
674
2077
667
2017
644
2030
641
1177
355
2069
632
1128
619
2153
481
2025
661
2005
640
2180
654
2142
664
2022
618
1920
559
2089
670
2261
657
2078
662
2265
691
2293
9295
1633
666
2045
751
1967
668
1719
684
1659
504
1207
396
2119
669
2157
655
2025
651
2182
641
2120
564
2170
541
2027
542
1975
666
2282
691
2262
669
2011
573
1178
664
1957
580
2107
653
2077
664
2075
667
2084
653
2127
651
2242
657
2160
677
1892
651
2215
659
2057
646
2000
659
2145
659
2125
391
2265
655
2243
647
1992
662
2067
659
1967
512
1289
616
2180
664
2012
692
2031
658
2095
666
1936
652
1131
410
2007
674
1692
656
2125
669
1932
644
2242
646
2209
519
2107
646
1385
424
2057
689
2017
669
1821
659
2028
669
2150
671
2240
536
2000
654
1957
593
1940
654
2183
649
2073
547
1965
656
2167
679
2187
672
1927
533
1610
657
1992
638
2125
656
2070
644
1810
373
2095
651
2122
646
2161
527
2050
654
2205
561
2057
659
2273
415
2317
607
2055
652
2175
654
1749
516
1985
659
2052
651
2113
642
2205
656
2035
671
2182
618
2023
664
2125
649
2090
542
2210
649
2054
609
2160
667
2045
641
2152
616
2326
517
2035
627
2060
659
2022
404
2110
672
1970
651
2158
551
2090
583
1639
561
1936
676
1884
499
2141
676
2090
656
1619
459
2093
649
2226
657
1070
654
2112
650
2047
669
2275
381
2058
648
1997
649
2045
642
2100
569
2050
677
2070
649
2057
644
2180
662
1547
538
2119
573
2110
660
1376
433
2042
674
2157
697
2163
562
2017
597
2012
664
2341
656
2090
656
2055
641
2135
666
2127
642
2057
646
2087
555
2150
677
2230
534
2109
653
1895
533
2195
654
2047
664
1327
574
2138
680
2047
664
1937
654
1965
626
2047
662
1530
557
1560
442
2182
628
1952
667
1584
470
2067
674
1994
641
2192
601
1985
444
1884
561
2245
649
2143
677
1265
675
2083
651
2025
670
2132
652
2217
443
1804
523
2117
624
2350
653
2175
672
2353
670
2183
347
2241
483
2037
655
2152
677
2087
644
2366
553
1934
679
2080
659
2223
652
2060
657
2285
669
2128
533
2008
664
1337
359
2238
559
2104
671
2102
536
2045
670
2130
657
2170
445
1992
574
2032
446
2027
646
2112
644
2272
684
1634
486
2195
680
2318
664
2040
664
1201
652
2045
659
2095
644
1936
670
2077
659
2027
659
2093
670
1363
361
2205
654
2024
675
2315
647
1927
566
2078
661
2110
657
2433
656
2125
644
1974
681
1987
609
2208
506
2072
653
2185
656
2037
644
2035
509
1984
662
2268
652
1986
651
2093
664
2055
559
2172
597
2153
460
2131
667
2250
671
2035
625
2092
660
2182
654
2137
661
2138
654
2045
646
2158
656
2112
661
1551
417
1532
646
2112
629
2202
441
2037
644
2105
621
2037
404
2054
644
1744
656
1959
651
2074
659
2002
649
2120
476
2220
639
2133
636
2019
667
1316
684
2188
644
2088
543
2138
667
2135
649
2171
649
1984
667
2115
659
1781
596
2045
714
2213
641
2048
668
2120
679
2308
657
1998
651
2153
644
1995
641
1982
664
2100
679
2022
582
2090
656
2050
654
1455
667
2034
685
1475
375
2102
654
1917
551
2138
369
2157
544
2064
20113
2165
653
2172
676
1942
689
2030
458
1768
572
1319
449
2079
671
2024
641
1956
659
1854
679
2167
662
2077
649
1817
544
1817
559
2079
540
2108
654
1658
677
2087
564
2198
634
1817
460
2080
646
2024
644
1414
644
1872
374
2288
641
1675
624
1273
682
2271
649
2157
589
2065
562
1999
642
1952
651
2050
660
2203
652
1989
647
2097
599
2060
644
1961
646
1992
661
2127
659
2040
639
1912
548
2042
654
2108
641
1969
652
2077
664
1440
478
2053
672
1967
570
1743
391
1222
334
2007
651
1928
649
1806
375
1995
667
1331
677
1922
696
2045
659
2283
659
1952
654
1698
564
2118
649
2078
583
2080
649
1652
553
2130
661
2092
565
2047
673
2002
667
2092
644
2020
689
1957
666
2120
556
2082
574
2222
672
2137
662
2000
664
2037
536
1940
659
2251
661
1689
512
2132
599
1307
393
2107
647
2225
662
2127
507
2102
667
2055
649
2045
542
2405
616
2045
642
2147
644
2142
616
1175
665
1945
649
2031
659
2118
682
2007
698
1997
559
2122
651
2039
664
2403
662
2024
666
2315
644
2122
681
2163
627
1930
651
1866
684
1970
485
2160
659
2040
654
2292
661
2005
617
2237
655
1975
654
2055
669
1987
654
2105
671
2070
674
2030
657
1997
649
1979
658
2169
651
2300
715
2130
652
1305
383
2069
647
1962
10409
2342
659
1942
532
1972
374
2059
644
1954
664
2092
667
2115
546
1737
667
1993
593
1630
541
1917
559
2249
662
2098
477
2047
662
1679
453
2042
694
2055
617
1997
659
2210
657
2137
681
2155
657
2092
637
1987
534
2088
692
2247
506
2170
643
2028
691
1925
559
2082
365
2378
664
1937
541
2005
566
1484
477
2061
656
2085
639
2137
683
2137
641
2075
656
1844
647
2373
648
2067
639
1993
667
1930
672
1912
403
1626
512
2124
647
2042
659
1153
358
1144
669
1822
666
1979
649
2175
669
2155
646
2077
670
2165
659
2033
669
2147
516
2431
620
2265
676
2212
656
2237
371
1375
637
2128
643
2107
526
2379
664
2232
399
2039
644
2273
548
2008
669
917
657
1939
674
2137
654
1519
611
2117
565
2111
580
2032
636
2185
652
2065
659
1992
490
2182
643
2150
619
2132
669
2581
609
2002
699
2247
674
2115
669
2308
656
2187
349
2523
672
2465
669
2067
662
2230
694
2007
654
1731
541
1507
667
2203
537
2062
658
2037
668
2155
609
2243
668
2145
477
2220
674
1934
636
1554
666
2152
641
2315
569
2229
658
2135
685
2108
679
1979
652
2255
662
1410
350
2170
649
2045
366
2102
566
2010
654
1933
555
2167
569
2133
652
2155
559
1965
667
1952
652
1983
654
2188
664
1876
461
2007
496
2142
679
2105
611
1994
492
2239
697
2175
662
2102
639
2017
671
2032
651
1972
659
2099
663
2182
642
1810
557
2187
26777
2245
380
2188
536
2100
654
2093
656
2260
654
2055
660
2163
652
1303
366
2005
660
2115
659
2163
652
2182
366
2005
657
2107
664
1994
659
1969
667
2070
669
2313
657
1930
663
2138
667
2175
656
2033
656
2065
662
2218
660
1580
518
2167
654
2230
629
2361
546
2220
701
2203
632
2185
674
2215
352
1987
659
2165
659
1902
651
2215
692
2041
669
2190
646
2415
555
2272
652
2233
644
2060
659
2009
659
2130
616
2122
657
2696
708
2170
689
2158
684
2491
439
2072
524
2162
622
1964
565
2039
672
2138
667
2165
629
2292
667
2000
642
2099
422
1546
702
1179
396
1877
627
1776
618
2148
669
2122
631
1995
659
2057
672
2115
571
2087
607
1932
676
1674
574
2080
661
2022
682
2230
644
1758
548
2097
667
1945
664
2167
631
2255
655
1774
555
2006
666
2140
660
2090
645
2090
667
1870
526
1158
384
23838
651
2253
661
2160
653
2130
654
2029
646
2047
677
1483
510
2074
622
2065
654
2357
624
2323
679
2460
523
1992
647
2068
623
1251
351
2097
657
2063
668
2202
9347
2218
657
2160
647
1498
437
2192
646
1494
437
2230
563
2152
671
2071
643
1962
526
1207
366
2215
659
1435
599
2050
572
2112
662
2137
679
2160
706
2065
661
2103
553
1922
563
2090
657
2014
647
2025
684
1912
646
1957
644
2097
690
1952
667
1997
505
2278
652
2207
651
1934
616
2303
443
2280
666
2295
509
1549
364
1955
689
1791
568
2133
647
2085
659
2057
670
2155
642
1483
667
2263
531
2182
618
2305
694
2285
684
2355
686
2139
629
2331
664
2270
646
2263
511
2108
647
2508
664
2235
634
1906
328
2160
677
1362
388
1664
379
2117
659
2062
568
2296
669
2363
668
1740
431
2335
659
2095
523
2268
589
2245
554
2345
662
2220
712
2308
687
2092
734
2358
405
2478
670
2155
664
2258
699
2157
653
2308
669
2250
432
2158
561
2205
651
2235
551
2208
644
1388
375
2282
654
2253
657
2280
677
2167
664
2342
667
2219
649
2346
373
2125
644
2290
660
2245
579
2170
644
2143
555
1761
511
2351
679
2092
656
2220
571
2228
671
2115
333
2200
534
2317
671
2200
656
1807
664
1642
531
2314
616
2143
652
1894
548
2100
564
2145
650
1377
391
2210
529
2155
660
2179
651
2211
654
2346
664
2539
669
2175
551
2302
656
2307
591
2313
689
2110
641
2242
695
1759
654
2131
642
2028
540
2290
644
2220
666
2024
618
2340
674
2278
557
2318
659
2255
494
2243
391
1755
659
2138
659
2245
672
1972
676
2180
662
2190
695
2561
659
1732
467
2095
656
2025
521
2143
418
2047
656
1666
669
2107
697
2275
655
1959
639
2242
666
2081
611
1889
639
2140
654
1961
647
1919
559
2000
659
2154
661
2240
536
2071
657
2107
648
2358
659
1642
503
1940
647
2117
662
2047
652
1922
660
2120
674
1927
572
2115
642
2039
687
1740
546
2118
613
2063
644
2065
661
1969
541
2084
661
2073
652
2248
663
1987
646
2170
654
2084
657
1977
620
1949
654
2039
524
2082
613
2032
659
2082
679
2190
533
2030
670
2373
657
2118
656
1941
632
2105
664
2260
603
2137
587
1942
621
2077
523
2090
653
1360
348
2115
667
2110
618
2228
689
2237
333
2123
647
1970
576
2338
644
1402
443
2100
677
2245
669
2158
630
2200
636
2062
669
2130
487
2092
656
2042
365
1774
543
1281
634
2233
669
1993
677
2040
649
2047
649
2080
654
2190
666
2137
662
1967
669
2070
677
1982
656
1277
369
2139
699
2215
654
2167
580
1894
651
2108
667
1975
669
2077
724
1924
671
2069
644
1093
9285
2117
684
2032
531
1624
433
