1836
661
1956
531
1851
662
1897
652
2067
663
1935
662
1989
657
1945
659
1889
581
2000
669
1972
647
1865
652
1912
674
1778
566
2130
9637
2069
667
1600
671
1849
581
1930
667
1924
647
1862
670
2040
647
1894
521
1904
555
1922
656
1961
649
1945
663
1670
561
1880
662
1914
560
2403
669
1867
644
1862
641
1975
652
1666
544
1933
667
1614
11453
1917
582
1896
574
1859
669
1912
550
1983
667
1972
702
2038
357
1189
629
1864
659
1864
671
2014
637
1845
386
2095
663
1904
649
1845
607
1884
656
1854
662
1872
664
1625
673
1899
642
1967
657
1844
657
1970
661
1538
515
1974
644
2085
656
1872
622
2029
631
2033
664
2077
672
1962
508
1724
542
2044
657
2049
674
2000
689
1862
692
1912
451
2045
689
1042
666
9332
654
1965
672
1558
643
2115
662
1918
601
1952
567
1936
656
2098
674
1957
672
1969
467
2089
670
2040
659
2079
483
1867
564
1895
536
1593
659
1957
641
1965
644
2095
669
1928
659
2027
659
1857
657
1966
572
1972
371
1982
540
1566
327
1869
396
1885
659
1870
662
1880
652
1932
686
1975
644
2047
664
1969
674
1890
513
1879
662
2020
642
2025
661
1874
550
1957
677
1977
671
1884
650
1669
586
1959
661
1968
449
2012
488
2005
654
1998
684
1915
452
2025
679
1872
547
1882
669
1852
422
1980
653
1879
659
1957
671
1867
664
1882
644
1916
680
1036
384
1951
641
1972
671
1585
677
1917
666
2325
669
2020
606
1900
512
2112
660
2220
654
1979
629
2108
651
1920
632
1932
569
2029
664
1974
665
2029
657
1879
684
1887
664
1877
649
1962
664
2162
649
1969
654
1992
645
1864
539
1660
666
1980
668
1875
664
2017
551
2000
569
2017
657
2007
672
1434
657
2000
633
1967
668
1909
644
1960
694
1879
621
1957
661
1670
546
1849
677
1895
667
2030
657
1924
657
1988
666
1985
629
2167
526
1289
371
1194
669
1890
536
1962
618
1818
665
2025
656
1982
672
1432
497
2040
649
1884
621
1547
524
1922
671
1045
651
1912
571
2095
644
2084
431
2049
571
2067
9327
2043
477
2090
672
2118
654
1465
501
1970
633
1972
641
1245
609
2085
643
1985
659
2020
699
1942
656
1972
677
2004
563
1880
671
2087
622
1959
651
1937
564
1964
667
1894
624
2088
671
1990
657
2107
659
1752
542
1993
646
1947
502
1902
469
2029
624
2123
644
1714
649
2002
661
1912
579
1957
664
1932
671
2020
559
1990
656
1908
642
1418
677
1337
443
1977
687
2045
646
2140
647
1974
651
1914
674
1281
550
2278
738
2005
659
1967
669
1536
510
1945
664
2054
656
1274
9162
1939
668
1969
438
1985
657
1899
654
1947
644
1999
566
2001
671
1933
655
1865
655
1897
669
1985
657
2042
654
1962
659
1955
661
1892
671
1924
652
2163
521
2154
657
1768
652
1940
567
954
659
1767
559
1704
666
1690
545
2024
667
2040
643
1980
679
2027
639
1940
652
2010
568
2038
659
2039
555
1947
667
1917
681
1967
657
1940
445
1895
651
1989
657
2163
651
1910
378
1949
557
2107
672
2183
671
2042
652
2023
509
2190
660
1744
659
2093
599
2233
661
2122
644
1278
369
1949
659
1445
410
2418
669
2060
669
1589
653
2178
661
1917
644
1884
674
2009
395
2183
621
1994
597
1277
673
1965
659
1886
559
1915
555
2098
669
1892
656
1968
659
2080
9445
2008
669
1874
687
1926
579
2005
660
1975
672
1742
557
2165
615
1960
554
1987
655
2000
662
2054
654
2120
341
2024
9171
2110
654
1877
667
2097
649
2065
672
2113
664
2033
612
1291
379
2097
663
1977
641
2027
674
2083
762
2120
666
1869
677
2038
368
1845
665
1909
435
1760
514
1990
378
1975
655
2120
657
1892
647
2027
672
1884
659
1940
566
1864
574
1890
641
1942
664
2125
527
1998
664
2102
654
1515
414
1924
676
1990
674
1985
644
2060
674
2170
563
1846
616
2015
649
2037
545
2128
667
1892
686
1899
672
2022
665
1136
684
1615
553
1954
667
1889
659
2037
662
2057
690
1584
551
1998
484
1995
651
1891
574
2055
603
2094
686
1703
628
2033
664
1907
656
2049
677
2030
647
1980
488
1934
386
2067
668
2110
646
2085
646
2219
641
2067
643
2120
672
2263
667
1992
8225
1946
611
2110
657
2017
420
1975
666
2152
536
1802
618
2081
506
1985
682
2035
651
2028
651
2130
366
2080
669
2233
671
2063
652
2038
656
1962
674
2120
647
2027
659
1934
674
2120
672
1974
629
1956
557
1995
642
1999
664
2095
696
1836
672
1892
652
1997
668
2285
679
1945
350
2030
656
2055
428
2023
429
2047
662
1937
661
2105
654
2130
549
1985
682
1995
665
2014
667
1206
380
2122
607
2152
642
2058
654
1564
624
2055
653
2044
654
1194
669
2175
656
1962
483
1972
572
2030
555
1947
659
1930
654
2303
563
2075
8575
2135
669
1319
665
2012
660
2157
672
1790
672
2348
558
2075
657
2030
643
1611
409
2095
641
2022
564
1898
644
1935
644
2157
656
2185
651
2142
670
1977
664
2175
661
2343
625
2127
632
2071
649
2125
610
1972
642
2100
664
1915
329
1381
669
2067
667
1882
504
2183
664
2130
441
2160
647
1957
639
2005
531
2343
677
1874
642
2065
553
1995
642
2117
682
2158
647
2149
627
2313
649
2080
654
1997
632
2030
666
2092
649
2085
689
2078
555
2023
489
2313
671
1897
642
2153
686
2128
672
2122
594
1087
367
1843
548
2047
680
1775
551
2310
657
1807
475
1269
379
1952
499
1342
398
2099
643
2509
647
2127
662
1549
667
1949
667
2113
641
2000
654
2180
671
2057
662
2045
671
2152
686
2300
671
2017
679
2082
664
2123
557
1137
407
1927
684
2099
654
2060
671
2213
658
2097
668
2183
668
2085
654
2167
657
1979
641
2050
662
1804
570
2062
548
1952
428
2028
653
2043
652
2059
657
1940
555
2219
656
2140
644
2138
669
1709
500
2092
641
2054
694
2220
464
2202
358
2222
654
2329
352
2065
676
2155
644
1970
644
2092
613
1975
662
2119
665
2108
664
2226
682
2243
646
2145
420
1832
521
2038
644
2133
667
2072
657
2017
451
2042
677
2105
672
2212
664
2240
646
2215
656
2142
651
2075
677
2087
649
1985
656
2192
672
2033
647
2153
667
1899
652
2057
657
1166
336
2242
647
2135
639
1573
579
1932
659
1872
657
2193
657
1496
460
1480
509
2025
664
2037
9168
1935
644
1188
589
1955
559
1872
671
1967
704
1992
644
1872
495
1926
618
2030
674
1963
681
2072
665
1345
403
1652
552
1849
544
1945
621
1576
483
2072
644
2002
574
1954
644
1841
669
2033
700
1984
646
2072
677
1959
451
2242
647
1957
547
1955
656
2182
676
2030
671
1934
666
2185
676
1730
463
1785
632
1997
653
2130
644
1919
659
1967
669
1960
666
2288
657
2019
647
2095
641
2055
646
1665
679
2247
671
2022
672
1989
651
2004
662
1919
654
1889
679
1974
683
1623
563
2018
589
1840
651
2160
657
1954
569
1980
632
1962
666
1985
661
2093
674
1970
661
2030
654
2040
647
1806
514
1242
625
1962
659
1591
515
1960
621
1977
659
1947
584
2002
659
2201
651
2167
431
2047
554
2293
651
2107
651
2135
627
1982
657
2010
669
2029
599
1357
654
1693
654
2084
543
1882
644
1644
573
2197
611
1865
669
1994
594
2007
656
1980
614
2182
620
1927
639
1914
596
1922
674
1987
644
1920
675
1879
651
2004
662
1880
672
1924
649
2002
655
1899
666
1901
656
1937
671
1847
647
1903
649
1228
666
2077
769
2050
699
1887
659
1950
636
1870
674
1887
643
1952
573
1884
564
2050
712
1897
792
2085
561
2002
674
1974
652
2017
656
2171
547
2037
671
2193
626
2177
651
1220
623
1877
689
2045
659
1925
677
2190
680
2015
671
2063
601
2070
521
1879
657
1951
625
2193
674
2047
629
2112
646
2075
671
2044
649
1957
646
2007
420
2135
446
2010
666
2039
574
1882
654
2025
669
2054
622
1856
514
2049
644
1928
563
1902
644
1907
651
2134
656
2018
656
1243
346
2035
650
1917
656
2008
667
2127
644
1962
644
2112
686
2053
664
1663
568
1936
671
2020
644
1902
474
2015
607
1851
625
1997
659
2065
644
1967
642
1969
651
2004
485
1965
648
1419
436
1994
669
2073
651
1831
241
1965
622
2000
667
1924
672
1926
669
1728
542
1904
634
2152
674
2090
690
1932
694
2017
672
1914
704
2142
669
2100
450
2170
634
2122
559
1536
484
1974
606
1952
565
1881
686
1920
662
1856
630
1952
656
2130
660
1562
570
1980
611
1967
644
2093
655
2104
681
1948
650
1111
372
2055
372
1872
657
2032
664
2205
684
1927
581
2012
676
2035
532
1936
609
2075
654
2268
553
1999
483
2052
558
1894
664
1965
652
1966
647
1666
564
2097
664
1904
656
1875
692
2000
656
1778
519
1990
705
2080
414
1998
697
2057
662
1934
682
2050
651
2218
674
2107
639
2054
679
2060
607
2057
652
2022
664
2110
521
1934
659
2082
644
1924
672
2000
691
2030
656
1899
739
1993
661
2099
677
2199
558
1957
659
2080
671
1914
679
1964
460
2099
664
2053
536
1912
644
2117
677
1965
656
2155
657
1685
664
1980
618
2148
529
2150
641
1727
672
2113
654
2017
674
1849
518
2017
602
2069
669
2000
665
1975
654
2070
659
2196
385
2101
677
1952
659
2087
614
2110
654
2125
665
2173
439
2082
552
2358
494
1937
565
2157
666
2120
675
1235
341
2055
664
2053
692
2243
657
2182
641
1942
679
2019
506
2025
674
2068
561
2054
654
2062
672
2157
649
2107
555
2035
654
2015
649
2108
644
1994
662
2067
604
2177
524
2052
643
2042
700
2098
551
1558
441
2165
579
2075
682
2128
736
1924
385
2062
533
2167
667
2120
560
2052
536
2060
639
2088
678
2075
657
2052
663
1961
656
1954
664
1902
660
2084
656
1709
555
2245
566
1854
657
2068
660
2132
647
2085
672
1975
559
2042
595
1973
661
2238
649
2160
536
2173
656
1984
700
2252
664
1796
544
1962
652
2137
655
2055
563
2087
628
1206
385
1932
644
1940
644
1921
544
2030
679
1846
570
2104
661
1952
652
2072
553
1177
383
1957
673
2017
614
1877
624
2155
664
2198
672
1915
613
2085
563
2104
654
2050
666
1476
397
2138
528
2120
674
2073
657
2093
672
2019
646
2122
480
2235
539
2110
641
2074
654
2073
692
1675
420
2250
652
2102
516
2128
669
2020
612
2000
556
2140
653
2168
666
2057
644
2042
671
2000
651
1826
591
2175
674
1977
660
2110
647
2002
666
2361
599
1738
639
1916
671
2085
562
2346
684
2081
618
2150
639
2082
671
2256
537
2131
691
1982
562
2040
657
2205
661
1857
572
2030
685
1954
679
2020
659
2002
371
2062
647
2112
649
2105
674
2004
657
2027
659
2268
641
2047
659
2209
659
2010
656
2171
659
1468
651
2078
669
2091
497
2138
659
1072
374
2017
667
1826
652
2137
689
2127
664
2157
659
2040
681
1952
671
2143
654
2119
653
2366
643
2208
667
1312
365
1872
665
2125
648
2018
558
1925
549
2077
649
1926
611
1208
674
2032
679
2055
571
1924
665
1909
671
2012
584
2132
649
1876
671
2203
676
1787
548
1904
646
2147
687
2077
661
2027
654
1993
679
2172
562
2155
644
1985
649
1904
634
1957
666
2071
9337
2032
654
2038
664
1970
543
1952
654
2083
661
1959
681
2004
656
1952
664
2160
682
1971
669
2055
599
1959
647
1909
613
2102
680
2041
662
1929
637
1970
667
2147
643
2173
641
1994
649
2102
537
2083
668
1985
651
2123
666
2198
656
1972
447
1879
541
2012
654
1959
579
2178
659
1967
677
2162
642
2148
669
2022
584
2029
672
2112
494
2012
656
2321
649
1974
659
2203
379
2177
671
2055
661
2055
581
1866
483
1678
644
1994
654
2125
659
2104
645
1953
570
2195
375
2201
643
2162
657
1820
524
2138
620
1950
372
1867
628
2128
671
1970
484
2032
679
2042
822
1704
560
2050
625
1950
375
2100
624
2311
667
2085
509
2095
666
1980
687
2084
659
2002
652
1491
439
2150
651
2087
670
1997
569
1964
643
2133
656
2050
664
1994
659
2208
706
2175
639
2243
540
2248
674
2040
644
2090
651
1492
453
2059
659
2200
656
2084
574
2115
573
2270
654
1188
443
2132
651
2073
669
2106
632
1826
591
2247
629
2053
651
2125
667
2150
587
2043
647
2029
671
1529
497
2170
672
1629
686
2226
667
2115
649
2059
684
2398
561
2017
679
2142
664
2025
566
2222
658
2183
427
2062
658
2097
664
2105
657
1548
377
2147
581
1662
536
2223
664
1380
472
2111
644
2070
666
2141
654
2007
624
2107
677
2080
664
2125
651
1919
663
2203
572
2050
540
2005
660
1967
674
2149
649
1974
630
1667
659
2030
654
1949
622
2135
661
2024
362
1889
664
2200
500
2030
675
1977
578
2117
636
1847
654
2021
644
2085
654
2004
673
1979
584
2293
670
2155
667
2155
655
2055
679
2053
662
2082
652
1992
654
1912
477
1909
565
2017
607
2232
672
2027
669
2037
652
2219
654
2085
651
1999
586
1628
492
2140
661
2100
642
1065
397
2068
656
1964
704
2207
669
2087
657
2218
665
2037
657
2022
672
2273
659
2150
654
2173
649
2152
666
2070
644
2080
647
2007
659
2022
553
1981
644
2082
613
2120
656
2137
434
1870
657
2117
636
1882
450
1979
671
2097
568
2198
664
1389
419
2258
624
2160
654
2100
677
2097
656
2130
679
2069
667
2208
559
1997
561
2097
667
2145
601
1972
642
2115
566
1700
651
1627
563
2112
654
2135
455
1891
555
2079
663
1877
671
2202
661
2102
601
2189
643
2183
641
2180
649
2019
659
2217
579
2122
574
2132
644
1956
560
2373
544
1956
674
1899
662
2195
632
2025
483
2014
644
2155
657
1388
372
2125
657
2180
547
2033
682
2138
674
2035
672
2044
639
2213
9104
2067
639
2075
656
2105
641
1648
490
2160
709
2082
659
2080
627
2165
676
2300
656
2147
649
2203
641
1973
661
2492
666
1993
654
2055
649
2015
643
2130
477
2193
448
2185
641
2045
533
2227
632
2017
652
2137
652
2246
649
2142
566
1932
582
2088
659
2165
528
2197
644
2205
637
2203
671
2124
643
1935
649
2044
644
2205
654
1990
642
2082
684
2107
661
2080
514
2113
557
2081
659
2230
566
2171
674
2167
660
2147
656
2055
642
1281
369
1691
376
2033
657
2017
656
1182
361
2077
554
1836
568
1904
657
2057
657
1816
594
2095
642
2015
546
2167
441
2132
551
2250
641
2325
690
2132
646
2017
652
2109
649
2108
674
1967
544
2202
654
2009
714
2029
654
2100
676
1993
649
2099
652
2062
657
2135
654
2019
654
2039
672
2053
543
2105
641
2170
645
2178
670
2049
654
2017
8710
2049
559
2072
641
2150
645
1904
678
2178
644
2231
652
1652
564
2109
671
2074
671
2009
569
2085
664
2153
663
2170
674
1108
382
2228
704
2012
546
2103
654
1876
8307
2003
583
1636
551
2070
656
2009
641
2065
664
2014
634
1967
672
2038
651
1999
661
2102
654
2167
642
2090
463
2172
654
2185
674
2153
660
2135
656
2035
625
2015
612
1902
646
2105
534
2070
677
2041
624
2077
642
2003
501
2285
661
1992
9687
1887
502
2137
659
1870
672
2005
683
1902
639
2150
398
1990
671
1752
656
2110
625
1905
488
1977
659
2010
611
1889
542
1624
512
1982
653
2055
652
1974
437
1960
642
2178
659
2105
669
1939
654
1974
674
1300
378
2060
677
2192
661
2145
659
1962
734
2097
662
2212
549
2060
660
2045
667
1754
565
2047
503
2049
672
2098
664
2235
669
2104
667
2030
561
1251
679
2135
677
2102
362
1987
390
2081
654
1941
649
2216
651
2518
475
2087
439
1751
489
1974
671
1982
8787
1764
587
2022
679
1928
667
2325
664
2100
654
2236
539
1391
364
2107
667
2060
655
2050
642
1930
476
1681
651
1880
487
2105
656
2089
651
2189
618
2238
657
1967
689
2103
422
2074
670
1760
563
2047
654
2123
669
2123
640
1348
393
2004
634
2099
613
2105
722
2002
674
2118
652
2014
461
2187
687
2298
659
1957
622
1980
644
1992
696
2063
641
2063
684
1244
378
1984
660
2035
651
2058
656
2125
656
2000
684
2229
657
1965
668
2062
673
2007
652
2180
674
2047
384
1950
666
1939
526
2132
604
2077
639
2017
576
2072
557
1701
523
1822
563
2015
666
1957
664
2160
652
2229
674
2150
470
2022
667
1974
654
2230
642
2178
675
2177
539
1977
636
1989
654
2158
669
1802
664
1105
367
1766
547
1206
343
2097
661
2032
611
1266
371
2037
649
2163
659
2162
644
1025
442
2048
677
2079
669
2393
654
1954
645
2027
659
1521
452
2129
644
2187
546
2152
644
2197
671
2261
654
2100
651
2358
659
1922
682
2097
714
2147
557
1995
662
2090
649
2118
694
1911
481
1640
518
2185
667
1973
672
1927
652
2014
659
1952
9211
2031
521
2157
644
2122
682
2085
661
2360
315
2285
652
2057
659
2015
657
2062
373
2053
589
2148
656
2122
545
2257
654
2151
663
2217
637
2052
644
2100
654
2195
664
2333
658
2087
672
2107
561
2075
642
2192
674
2315
678
2215
667
2124
699
2092
670
2145
404
2170
544
2241
676
2316
661
2240
654
2213
682
2102
662
2318
584
2213
689
2191
642
2134
649
2155
646
2145
616
2110
657
2092
618
2265
654
2009
664
2041
646
2087
687
2133
576
2088
432
2160
660
2128
671
2198
646
2095
549
2110
596
2123
667
2072
636
2020
654
2095
674
2200
654
2070
674
2235
634
2030
619
1386
712
2246
646
2280
672
1970
669
2038
659
1836
687
2190
644
2010
649
2097
587
2007
690
2158
646
2035
620
2130
690
1962
652
2258
489
2029
564
2356
662
1972
622
2012
657
2027
654
2102
656
2210
672
2185
672
1929
642
2045
657
2227
669
1211
484
2220
644
2226
677
2135
669
2065
642
2200
672
2288
679
1929
667
2044
493
2064
664
2127
692
2226
659
2373
561
2155
674
2270
571
2045
672
2014
669
2007
582
2203
657
2187
548
2060
644
2154
642
2185
643
2223
634
2085
597
2095
677
2067
674
2125
654
2065
643
2147
646
2202
652
2077
656
2181
662
2225
625
2240
9038
2118
672
2085
644
2058
649
1840
546
2009
556
2210
664
1708
629
2148
654
1932
566
2027
657
2140
673
2138
664
2000
689
1927
676
2072
659
2003
657
2183
697
2102
679
1970
706
1959
662
1995
652
2138
657
1908
666
2037
627
2055
661
2079
582
2009
659
2035
587
1839
549
2047
657
1997
667
1947
554
1967
661
2162
569
2037
553
1232
667
1982
677
2153
631
2077
659
2188
672
2063
661
1460
550
1980
574
1999
660
1954
554
2059
555
2205
544
2037
659
2063
549
2282
617
2212
644
1935
657
2225
636
2087
625
2236
657
2257
626
2183
632
2142
649
2075
671
1451
677
2097
641
2112
671
2105
663
2030
642
2152
657
2177
650
2168
654
2137
658
2025
657
2097
669
2082
674
2280
641
2301
656
2360
647
2042
649
2210
658
2293
641
1183
402
1980
669
2050
664
2075
443
2099
657
1957
659
1393
348
2298
668
2328
649
2213
672
2170
672
1335
383
2286
662
2268
682
2226
518
2336
661
2521
532
2330
559
2080
657
2237
666
2482
656
2205
652
2292
674
2183
726
2127
654
2209
602
2373
415
2250
679
2520
657
2177
694
2187
553
2173
622
2133
556
2315
657
2172
664
2233
662
2109
511
2250
553
2235
549
2250
656
2128
591
2205
618
2454
659
2271
657
2195
666
2391
684
2290
649
1755
507
2175
657
2031
559
2245
657
2558
539
2443
541
1503
709
2343
635
2433
659
2133
659
1687
661
1649
448
2310
669
2347
646
2616
520
2265
532
2183
549
1893
563
2183
637
2213
694
1862
667
1820
521
2138
655
1552
555
2265
659
1580
672
2434
642
2203
526
2111
672
2175
694
2070
618
1960
656
2272
647
2263
667
2187
633
2243
701
2549
671
2087
664
2253
671
2508
641
2278
674
2208
631
2215
634
2218
667
2186
502
2363
659
2203
639
2197
656
2215
657
2318
664
2185
586
2373
625
2047
656
2203
609
2203
664
2060
412
2240
674
2342
648
2278
443
2100
596
2004
642
1332
654
1995
656
1545
446
2032
669
1969
618
2182
692
2285
644
2042
642
1992
714
2183
516
2148
657
1952
561
1932
666
2120
644
1935
664
2045
649
1972
651
2282
641
1842
654
1997
674
1987
707
2077
674
2032
682
2161
652
2025
672
2082
530
1959
658
1948
653
1867
670
1990
652
2180
651
2047
544
1729
656
2134
555
2010
563
2031
666
1929
656
1816
660
1970
664
1854
647
2105
656
1964
652
2095
734
2040
694
2038
651
2393
654
2150
672
2162
563
1982
448
1914
682
2170
677
2095
681
2087
672
1972
671
2191
666
2045
659
1729
550
1820
662
2127
661
2074
688
2077
712
2077
641
2107
674
1997
679
2088
654
1980
664
2132
586
2127
567
2104
649
1972
642
2293
661
2240
511
2158
381
2037
671
1994
659
2323
679
2119
665
1828
604
2137
649
2128
653
2042
661
2110
659
1304
384
2002
669
2053
649
1988
659
2000
704
1659
654
2268
670
1546
494
1912
674
2167
664
2035
687
2178
659
1910
636
2050
618
1933
679
2055
631
1982
684
2238
687
2012
571
