1882
664
1984
618
1575
449
1944
464
1885
667
1868
667
1947
576
1867
442
1922
642
1907
671
1957
657
1325
383
1969
669
2019
639
1950
475
1962
649
1839
651
1917
538
1920
662
1866
654
1887
543
1879
551
1927
656
1910
551
2012
559
1882
680
1867
594
1748
618
1909
691
1752
543
2612
774
1916
546
1832
652
1886
651
1995
644
1952
679
1895
694
1984
694
1882
659
1997
625
1542
523
1955
517
1887
643
2045
642
1071
359
1879
659
1874
651
2000
690
1970
432
1899
665
1870
561
1877
684
2017
674
2222
650
1927
691
1862
665
1934
674
1276
423
2047
651
1935
656
1866
652
1900
641
2027
552
1935
669
2050
641
1927
646
1742
559
2062
627
1997
359
1989
658
1942
654
1862
622
1892
589
1317
434
1972
646
1934
669
2040
664
1864
646
1949
649
2007
650
1988
564
2017
624
1974
657
1964
676
2048
555
1949
672
1907
571
1905
554
1852
659
1922
559
2077
547
1900
628
1552
444
1994
669
2073
665
2097
644
2000
696
1972
564
2042
648
1720
538
1646
545
2012
508
1915
374
1935
649
2081
677
2022
654
1911
652
1598
541
1640
523
1913
662
1922
650
1894
637
2005
512
2057
686
1906
653
1365
656
1907
636
1985
649
1716
524
1950
672
1310
457
1924
642
1980
671
1598
523
2117
515
1471
669
2077
367
1920
571
2007
419
1962
651
1946
674
2027
649
1974
645
2038
667
1989
654
1159
359
1964
674
2007
687
1949
656
1939
664
2045
674
1559
644
1902
9001
1947
664
2000
644
1671
628
2040
662
2012
615
1612
541
2089
576
1990
634
1995
549
1977
661
1872
682
2072
674
1967
649
1987
563
2129
664
2035
654
1999
668
1691
667
1969
691
1879
692
2004
650
1909
673
1946
657
1977
673
1890
432
1957
633
1977
662
2183
658
1905
496
2678
662
1920
669
2019
656
1531
510
2035
632
2050
672
2035
672
1967
649
1939
557
1972
642
2105
650
2069
671
1983
608
2005
664
1626
670
2004
690
2120
669
1842
611
2011
652
1818
611
1603
692
1997
659
1921
321
1939
626
1987
666
1940
659
1925
632
1947
657
1908
563
1928
666
2002
674
2035
476
1556
672
1715
559
1990
666
1894
644
1711
544
1868
608
1972
669
1972
621
2070
659
2025
649
1927
629
1952
495
2072
543
1994
546
1914
648
2020
657
1543
426
2048
506
2035
674
1471
452
2225
652
2007
478
2072
684
2010
677
1934
648
1929
707
1997
651
1865
664
1932
587
1985
463
2097
666
1890
662
1962
649
1910
439
2072
579
2079
644
2012
500
2047
649
2090
652
1667
561
1608
650
1967
654
1977
644
1897
677
1851
651
2030
679
1990
321
2125
659
1934
692
2027
657
1927
650
2120
654
1592
427
2015
555
1977
554
1957
656
1920
674
1985
689
2148
611
2100
659
2037
554
2085
662
1967
657
1623
540
2200
664
1968
675
2172
671
1889
632
1957
646
1924
605
2031
650
1975
664
2185
569
2042
657
1392
444
1993
644
1667
565
1977
667
2017
706
1859
657
1516
664
2047
657
1880
661
1932
657
2022
522
1964
658
1178
375
2032
666
1972
568
1965
654
2039
674
2057
572
2058
656
1806
560
2335
305
2175
555
2035
664
2461
676
1942
644
2130
669
2303
614
2062
661
2105
601
2283
442
1922
671
1932
538
1184
642
1622
509
2070
651
2013
679
1877
537
1990
571
1207
374
1952
649
1900
667
2193
669
2040
630
2010
9369
1853
656
2030
651
2087
649
1997
633
2000
661
1959
664
2155
644
1964
557
1768
573
1747
666
2170
636
2178
677
1941
684
1852
657
2013
665
2127
659
2208
671
1243
382
2057
702
1619
502
1601
445
2326
649
2138
674
2151
661
2015
654
2040
669
1879
587
1864
463
1941
658
1952
656
1929
700
2082
657
1920
637
2237
659
1975
666
1897
679
1924
656
1937
654
2058
642
2248
669
2169
672
2057
669
1437
451
1549
550
1977
522
1977
667
2122
654
1982
551
1946
694
2015
659
1925
686
2105
649
1922
656
1850
565
2165
644
2049
656
2000
659
1985
646
2042
561
1695
656
1999
591
1939
530
2001
483
2022
674
1907
662
1111
389
2200
659
1949
652
2015
659
2002
639
1874
644
2090
671
1745
557
1889
390
1972
664
1625
542
1659
510
1835
551
1984
647
1947
664
1922
497
2190
567
1414
470
2102
669
1897
659
1989
674
2191
686
1989
692
1927
498
2100
646
2055
523
2020
657
2124
389
1742
667
2122
660
2103
494
2137
658
1985
680
2000
697
2128
661
2145
583
2145
649
2107
683
2072
677
2173
674
2039
657
2087
661
2124
551
2027
690
1972
661
2040
657
1904
628
2155
544
2155
555
1974
675
1999
672
2067
8207
2108
363
2144
557
1922
478
2057
649
1529
471
1126
371
2200
560
1801
475
1742
667
2403
498
1969
654
2038
637
1864
521
1949
301
1954
425
1962
658
2085
669
2052
646
2074
548
2198
9183
2082
571
2358
564
2067
662
1956
666
2067
654
1904
597
1965
567
1987
664
2326
671
2097
696
2102
336
1987
684
1989
659
1866
656
2282
662
2185
658
2175
659
2177
659
2128
662
2178
651
2035
642
2157
622
2067
654
2020
653
2105
662
1869
395
1851
378
2080
647
2162
677
2107
467
2115
362
1983
653
2017
661
2037
697
2123
687
2210
669
2175
647
2033
636
2157
659
2286
642
2045
660
2042
642
2185
657
2185
608
2080
644
1959
653
2014
669
2082
659
2005
656
1559
662
2117
673
2112
485
2085
623
2029
669
1157
362
2082
669
2027
654
2185
555
1995
561
2083
674
1138
658
2027
546
2400
374
2127
641
1793
561
2218
729
2057
672
2034
672
2012
594
2134
652
2077
672
2200
659
2075
661
2233
461
2039
677
2075
661
2313
664
2039
563
1850
646
2210
646
2052
667
2153
627
2187
659
1213
385
2070
666
2152
664
2210
670
2055
657
2045
669
2183
636
1877
652
2024
659
2167
661
2436
563
2105
669
2158
656
2014
659
2030
647
2193
719
1844
577
2223
676
2108
641
2070
497
2130
656
2047
666
2516
879
2140
644
1962
664
1686
664
2115
627
2102
656
2175
662
2099
644
2094
707
2235
664
2180
644
2089
680
1987
667
2027
641
2170
684
1407
451
2119
662
2546
656
2363
654
2213
661
2109
660
2150
539
2075
644
2193
667
2167
681
2047
653
2268
672
2207
679
2049
737
2192
620
2000
664
2175
569
2067
657
2040
576
1985
669
1919
614
2000
659
2127
498
2014
653
1952
661
1872
636
2027
657
1227
365
2135
656
2027
646
1854
568
2002
652
1974
659
1992
609
1919
659
2002
646
2045
661
1922
672
1877
663
1938
569
2055
650
2007
670
2055
649
1977
665
1876
662
2059
644
1982
672
1665
528
2005
652
2012
441
2114
653
1610
689
1976
647
1962
644
1945
557
2173
644
1975
657
1894
644
1879
569
1695
652
1984
682
1990
650
2285
637
1935
666
1940
652
1982
674
2035
664
1985
672
1833
616
1200
395
1958
659
2073
652
1965
651
1922
642
1713
543
2060
659
2015
545
1967
619
1880
669
1756
656
1879
669
1809
692
1565
556
1930
647
1985
667
2220
672
2087
654
1954
664
2040
652
2035
311
1567
604
2009
458
1889
646
2035
584
1909
423
1995
629
1886
679
2365
438
1927
649
2044
663
2012
566
1833
609
1990
654
2050
658
1444
474
2075
669
1984
627
1180
311
1955
671
1937
657
1977
648
1767
674
2062
542
2010
659
2062
554
1873
606
2045
627
1955
553
2088
669
2060
659
1949
662
1962
561
2042
677
1644
656
1846
656
1990
632
1511
501
2068
664
2007
654
1944
549
1867
675
2060
571
2045
666
2007
654
2002
631
2230
652
1837
528
1563
475
1944
662
2093
510
1900
587
1969
632
1914
474
1872
542
1930
651
1696
697
1968
556
2018
679
2098
657
2030
656
2062
375
1974
642
2022
690
2276
596
1972
673
1897
661
1984
586
2078
660
1756
672
2213
488
1891
603
1962
669
2050
657
1894
666
1862
559
2073
644
1982
568
1977
667
2107
657
1997
639
2017
707
2135
644
1701
577
2075
535
2073
603
1982
686
2097
659
2022
667
1755
551
2015
544
2130
415
2069
660
1917
639
1369
659
1985
654
2197
644
2055
657
1890
643
2088
649
1430
487
1985
642
2003
669
2141
649
1769
656
2153
654
1985
656
1889
660
1656
662
1849
551
1932
654
1929
480
2055
649
2022
671
1860
649
2063
660
1989
658
1884
659
1566
424
1889
641
1932
569
2030
647
1974
661
1844
627
2017
669
2009
649
2145
647
2140
654
1892
646
1965
655
1940
483
1965
654
2399
682
1869
676
2233
659
1964
572
2127
707
2158
611
1712
574
2060
657
1977
652
1999
347
1932
661
1863
679
2019
670
2052
363
1989
644
2005
644
1969
655
2113
642
1867
692
1742
659
1947
660
1970
568
2190
674
2052
690
2047
671
1731
464
1987
577
2137
657
1698
597
2075
669
1942
666
1997
662
1846
669
2110
604
1605
488
1939
547
1957
642
1929
674
2025
681
1964
672
2122
649
2006
689
2150
654
2025
664
2152
662
2042
661
1288
383
2152
641
2123
651
1980
667
2098
651
2042
601
2000
657
2017
648
1966
662
2062
581
2022
647
2075
676
2019
644
1932
686
1731
665
2020
584
1949
672
1764
540
2080
649
2047
661
2092
652
1892
628
2185
643
1902
646
1679
559
1978
548
2103
669
2077
544
2183
671
2177
662
2100
656
2150
672
2189
663
1979
384
2226
691
1864
562
2087
636
2083
554
2183
666
2336
664
2089
649
1974
405
2027
657
2012
659
2182
734
2182
401
2247
664
2323
656
2029
694
2143
686
2002
675
1979
662
2143
521
1260
358
1984
644
2205
644
1874
669
1972
659
1677
428
2022
664
2273
642
1837
647
1949
641
2021
511
2062
679
1902
641
1972
543
2233
504
2295
560
2223
654
2140
659
1702
570
1820
553
1959
659
2097
666
1736
533
1909
655
1971
555
1989
621
2017
645
2009
475
2128
9134
1968
644
2105
654
1939
664
2097
644
1831
646
2012
681
2125
648
2165
654
2083
699
1869
588
2104
669
1957
661
1928
572
1972
649
1980
671
1922
656
2087
694
2082
658
2247
654
2237
558
2150
538
1263
384
2162
528
2023
656
2007
549
1972
666
2240
657
2082
621
2057
643
2057
644
2117
654
2092
650
1970
616
2190
671
1674
555
2212
643
1894
609
2145
649
2028
551
1766
666
2225
692
2317
677
1727
442
1828
555
1734
539
2100
662
2260
646
2206
657
2163
647
2167
656
1233
370
2173
528
2028
684
2037
647
2202
659
1818
672
1868
9736
2155
669
2205
714
2202
651
1917
552
2093
9262
2247
659
1926
659
1969
562
2107
669
1935
677
2009
561
2033
642
2125
644
2100
644
2052
676
2250
559
2045
494
2045
658
1699
555
2107
676
2030
642
2044
677
2000
699
2165
553
2222
643
2027
671
2320
667
2110
669
2045
480
2019
647
1940
649
2168
649
1991
659
1885
553
2170
662
2188
654
2060
522
2108
674
2183
448
2053
679
1989
675
2062
549
2069
328
2050
651
2288
646
2043
657
1944
646
1884
634
2025
481
2245
649
1997
480
2045
681
2054
679
2070
524
1546
412
2092
537
2149
658
2080
667
2097
550
2042
644
2037
659
1982
664
2069
664
2211
654
1962
675
1924
659
2117
531
2147
656
2088
659
2115
689
2070
661
2112
644
2150
664
1934
678
2092
649
2098
654
2153
652
2017
324
2055
654
1892
657
2258
615
1682
547
1957
644
1881
671
1906
547
2178
657
2022
644
1992
629
2037
522
1478
652
2073
679
2007
671
2285
662
2130
661
2073
632
2097
644
1910
686
2100
382
2028
536
1924
672
2090
634
1932
659
2102
620
2139
637
1977
672
2052
599
2125
521
2020
659
2000
397
1895
665
2103
672
2085
690
2322
674
2004
651
1992
643
1912
568
2069
656
1672
661
2142
518
1982
553
2005
428
1902
381
2222
672
2115
577
2080
568
1835
664
2180
669
2119
575
1915
666
1962
620
1921
662
2255
368
2014
656
2110
656
2208
592
2263
663
2075
646
2343
664
1918
654
1760
500
2153
679
1933
524
2150
663
2138
634
2112
641
1062
8936
1971
651
2082
541
2287
654
2030
667
2068
644
1844
667
2034
666
1967
666
1910
677
1870
671
2005
611
2078
654
2000
664
1890
669
2072
567
1962
659
2150
654
2065
553
2145
661
2017
656
2035
637
1730
570
2080
654
2117
551
2120
586
1871
669
1962
677
1959
686
2037
655
2222
672
2062
644
2173
664
2137
651
1713
666
2103
557
2074
651
2110
664
1244
494
1907
657
2231
497
2028
659
2024
529
2122
686
2128
565
2060
672
2310
665
1949
561
2238
659
2115
435
2091
654
1990
654
2182
644
1877
688
2125
549
2210
526
2127
664
2062
599
2132
667
2141
643
2010
674
1970
633
1785
670
2063
550
2018
649
1965
670
1598
468
2000
541
1731
543
2030
626
1887
550
2098
653
2042
657
1934
644
1106
694
2055
672
2148
664
1975
652
2205
706
2183
669
2035
657
2032
656
2178
660
2112
672
2057
661
2182
657
2039
630
2355
684
1696
652
2215
651
2117
672
2030
687
2087
667
2110
646
1899
552
2017
552
2088
654
2058
642
2087
649
2105
654
2215
652
2020
652
2115
413
2227
651
1890
662
1847
654
1324
384
2011
666
2105
572
2052
661
2340
664
2305
651
1944
547
2073
586
2155
671
2093
654
2165
665
2113
656
2040
660
2030
656
1948
664
2155
689
1235
664
1734
487
2255
556
2032
664
2063
572
2063
671
2050
567
2033
659
2168
663
2131
652
2102
410
2060
565
2112
443
2202
651
2150
664
2170
504
1794
448
2040
664
2030
669
2089
381
2109
649
2180
652
2185
647
1985
669
2446
536
2125
674
2090
654
2068
686
2173
592
2110
637
2135
533
1911
669
2082
674
1629
498
2211
700
2172
652
2330
656
1232
390
2140
673
2187
551
2246
668
2063
629
2008
654
1952
669
1605
510
2097
669
2027
656
1911
546
2231
661
2205
533
2205
573
2079
666
1844
656
2218
646
2167
661
1483
492
2089
672
2092
642
2418
701
2461
609
2025
656
2035
656
2017
642
2057
674
1222
657
2148
643
2232
542
2110
644
2255
664
1959
561
2092
658
1945
666
2057
644
2161
656
1927
10351
2435
436
2137
650
2122
647
2315
521
2252
615
2095
676
1896
493
2122
699
2099
618
2075
644
2461
657
2177
657
2062
654
2150
659
2034
641
2079
668
2255
677
1749
544
2010
669
2032
559
2100
659
2017
573
2305
661
2117
669
2057
697
2007
676
2145
341
1730
365
2130
688
2197
606
1282
674
2223
566
1640
544
2127
631
2358
497
2108
559
2002
550
2180
672
2143
445
2233
618
2103
657
2050
681
1987
520
2037
681
2047
659
2175
669
1992
612
1978
659
2073
689
2386
649
2127
656
2165
660
2062
662
2084
659
1633
636
2095
661
1621
8888
2017
657
2080
672
2129
493
2320
647
2014
661
2015
677
2015
593
1962
661
2025
559
1854
691
2180
641
2004
559
1950
662
1909
681
2074
659
1989
549
2112
664
2145
536
2250
641
1912
320
2122
670
2045
578
2004
634
2097
642
2161
656
1957
660
1683
647
2025
644
2089
674
2033
563
2029
672
1815
662
2463
757
2015
657
2112
559
1862
447
2070
666
1896
672
1992
702
1760
546
2080
559
2033
541
1976
552
2062
553
1922
644
1982
543
1773
549
1877
674
2215
651
2037
669
2105
642
1997
651
1892
659
2122
509
2037
657
2037
647
1867
659
2055
659
2215
662
2030
670
1922
633
2122
634
2027
509
2095
529
1992
654
2140
586
2131
436
1992
674
1989
654
2177
661
1764
463
2195
646
2220
382
2082
681
2403
583
2112
681
2147
669
2250
656
2160
492
2012
664
1977
645
2321
646
2105
654
2123
587
2025
652
1927
570
1942
651
2110
656
2120
674
2145
589
2152
379
2233
444
1969
641
1882
664
2048
690
2205
656
1977
681
1687
421
2087
643
2240
637
2005
561
2047
656
1971
651
2237
627
2010
654
2248
507
1220
407
2220
720
2237
565
2057
534
1381
443
1846
646
2247
567
2105
652
2127
656
2198
586
1821
649
2125
402
1290
384
2060
647
1997
654
2035
667
2170
716
2117
601
1123
340
2010
668
2133
634
1892
656
2247
642
1839
664
2060
659
2248
659
2027
657
1962
662
2050
654
2060
657
1574
520
1787
548
1972
315
1743
654
1989
699
2124
654
1954
669
2130
657
1984
666
2097
664
1664
670
2017
649
2058
664
2077
534
2037
657
1965
654
2154
682
2025
658
2037
492
1882
558
2054
604
2035
647
2102
623
2035
666
2147
652
2127
697
2007
599
1952
646
2057
654
2042
673
2158
659
2102
684
2019
644
2017
501
2253
692
2101
664
1984
532
2068
559
1191
381
1997
545
2042
670
2017
656
2125
638
2102
657
2059
676
1120
370
2250
647
2205
664
2220
624
2035
661
2017
559
2127
443
2200
674
1359
349
2357
654
2145
670
2220
664
2270
666
2403
669
1989
651
2015
659
1695
567
1690
654
2148
671
2022
656
2073
676
1874
641
2312
668
2055
644
2065
671
2260
657
2135
632
2042
539
1997
646
2034
657
2426
681
2268
332
2084
657
2071
587
2047
656
2067
470
2310
471
2230
662
2185
559
2192
676
2040
594
2137
676
2103
650
2108
644
2250
646
1064
674
2083
629
1975
545
2229
652
2428
690
2228
667
2524
671
10953
682
2002
684
2122
525
1995
671
2281
479
2310
671
2295
643
2253
660
1964
664
2277
664
2248
657
1964
662
2245
651
1922
591
1922
664
2143
697
1984
569
2511
671
2032
597
2080
687
1993
687
2158
669
2220
438
2087
664
2217
667
1248
661
2295
664
2095
544
2249
611
1971
679
2080
659
2208
652
1972
644
2100
649
1032
526
2002
646
2368
629
2223
617
2298
689
1955
661
2112
553
2050
656
2085
622
2293
676
2109
422
2145
553
2128
674
1962
627
2070
647
2017
659
1923
435
1894
525
2158
694
1985
676
2010
657
2355
553
2376
659
2311
667
2188
666
2082
641
2009
654
2072
644
1356
353
2230
656
2057
488
2330
652
2222
662
2143
656
2259
671
1707
669
2175
667
1942
438
1156
391
2125
671
2149
654
2295
657
2070
634
2073
672
11208
669
2017
666
1586
684
1306
9325
1628
672
1937
649
1932
660
2270
665
2017
636
2061
672
2223
642
2020
664
2095
616
2123
669
2012
659
2135
662
1934
496
2260
657
1942
647
2027
675
2055
659
2017
649
1959
666
2109
659
1992
670
1934
696
2037
458
2137
487
1672
480
1870
613
2105
656
1967
630
2052
664
2078
656
2190
660
2147
520
1950
672
1852
686
1919
677
1985
551
1989
702
2024
671
2122
686
2094
671
2158
654
2159
654
1771
652
2035
654
2022
672
2118
654
2020
649
1880
667
2198
648
1973
385
2137
654
2115
661
1400
677
2195
659
2087
622
2151
641
1439
548
2203
515
2325
679
2077
666
2035
654
2152
659
1604
662
2220
661
2315
649
2220
654
1979
594
2077
665
2148
677
2215
669
2105
651
2212
580
2172
656
1947
677
1229
346
2265
572
1824
660
2060
624
2127
644
1929
664
2122
659
2198
647
1945
644
2088
669
2147
662
2511
652
2233
555
2160
659
2306
654
1952
641
2232
645
2138
659
1167
362
2012
653
2090
659
2150
646
2080
666
2035
649
2205
399
2255
423
2232
661
2348
641
2207
562
1884
437
2245
657
2400
624
2288
653
2248
672
2190
687
2285
668
2261
697
2243
662
2448
667
2265
674
1309
358
2079
654
2021
657
2326
676
2112
656
2273
676
2413
649
2338
664
2318
606
2175
667
2219
555
2242
669
2393
689
2163
661
2441
641
2207
641
2361
652
1997
464
2363
526
2328
644
2300
491
2400
659
2290
644
2268
660
2288
559
2321
667
2143
677
1962
666
2194
656
2226
651
2225
654
2125
387
2208
697
2225
677
2263
688
2300
431
2303
648
2278
659
2549
664
2340
616
2383
659
1893
649
2108
656
2486
671
2315
669
2110
689
2257
502
2333
441
2283
371
2297
616
2190
672
1700
497
2378
662
2190
579
2095
643
2298
657
2310
652
2190
644
2090
674
2178
659
2150
349
2183
662
2338
676
2221
647
2083
672
2310
566
2047
647
2210
651
1704
435
2335
517
2185
659
2247
643
2245
664
2122
679
1605
666
2250
518
2230
662
1348
414
2090
649
2337
485
1748
479
2060
669
2345
656
2345
669
2107
621
2285
666
2114
692
2135
644
2107
656
1997
634
2112
642
2080
581
2277
652
1450
431
2040
736
2195
651
2188
569
2040
593
1990
625
2082
644
2070
651
2071
656
1972
652
2077
682
2088
657
1957
672
1699
541
2073
664
2023
661
2276
659
1847
620
1987
536
1849
669
2009
649
1999
656
1990
686
1934
653
2065
644
1932
664
2030
654
2110
654
1907
587
1617
437
2027
662
2087
655
2223
669
2038
661
1984
499
2005
657
1927
661
2131
672
1602
540
2203
686
2032
665
2137
777
1990
664
2097
659
2017
674
2080
659
1476
672
2202
689
1722
525
2153
692
2088
657
2223
624
2140
635
2124
646
2127
642
2029
657
1960
651
2097
656
1995
579
2170
669
1182
494
2180
669
2062
651
2041
640
2225
510
2090
642
2113
672
2073
666
2115
646
2085
656
2155
654
2047
637
2190
659
2095
694
1204
655
1854
378
2175
561
1758
447
2034
667
2057
646
1645
507
2127
654
2124
656
1915
666
2275
654
1962
674
1937
684
1985
645
2009
662
1847
584
2197
644
2089
649
2185
652
1919
654
