1992
589
1909
669
1969
528
2058
641
1947
481
1887
676
1263
439
2010
661
1869
665
1987
662
1874
654
932
671
1869
667
1608
657
1852
667
2000
674
1418
479
2005
681
1940
653
1902
654
1925
679
1937
511
1907
648
2007
499
2097
644
1869
644
1882
632
1469
498
1557
660
1156
372
2403
669
1897
8343
1874
678
1889
656
2030
671
1857
647
1667
656
1899
682
1844
262
1541
520
1962
677
1576
565
2089
670
1892
667
1942
664
2073
676
1974
667
1938
642
1862
425
1932
694
1992
646
1852
570
1900
662
2007
647
1965
662
1912
573
1937
659
1267
413
1899
642
1463
641
1951
669
1080
378
1076
371
1962
370
1095
362
2010
659
2012
644
2005
591
1036
361
1136
387
1867
667
2268
659
1954
511
1977
658
1912
584
1949
562
1975
666
1945
663
1867
660
2107
656
1884
654
1936
558
1870
642
2075
652
1724
553
1553
488
1955
671
1840
669
1656
503
1980
687
2073
558
1824
667
1849
519
1934
643
1900
490
1886
632
1950
598
2019
674
1970
582
1475
374
1774
671
1942
722
2157
641
1877
551
2014
669
2155
697
1859
555
1582
659
2085
522
1875
625
1977
652
1929
620
2180
677
1952
659
1967
666
1646
570
1616
565
1892
644
2057
597
1962
633
1849
426
1775
568
1972
644
2064
651
2074
697
2130
350
1090
366
1909
647
1862
659
1985
657
1902
652
2063
547
1932
644
1942
704
1682
549
2087
647
1956
563
1987
656
1867
654
2070
664
1885
676
1615
629
1946
654
2137
677
1973
651
1180
322
1982
631
1849
562
1690
656
2004
9657
2072
662
2022
677
1960
656
1984
671
1932
670
1982
662
1922
656
1967
676
1922
618
1997
656
1927
661
1985
649
1909
565
2077
567
1950
9226
1959
669
1985
694
1450
463
2323
570
1892
659
1964
648
2128
671
1928
564
1189
386
1974
631
2227
647
1955
652
2057
651
1952
654
1892
536
1925
658
1955
657
1907
553
1952
664
1912
670
2049
516
2009
619
1859
654
1866
644
1733
655
1992
658
1919
611
2078
657
2085
652
1356
319
1872
500
2187
662
2045
647
1972
654
1952
674
2127
645
1907
694
1882
664
1920
486
1934
656
2082
662
1964
667
1926
653
2042
645
2060
659
2079
662
1957
622
2010
674
1866
669
2028
648
1864
652
1939
657
2165
644
1901
669
2047
677
1889
647
1960
521
2138
677
1491
575
1970
519
2014
477
2015
659
1989
666
1870
613
2050
674
1857
657
1980
558
1957
597
1982
680
1852
516
2100
669
1897
555
1882
544
1967
598
1849
657
1796
624
2005
649
2017
496
1944
641
1908
669
1894
654
1850
694
1962
679
1897
636
1606
686
1977
358
1937
659
1582
503
1349
407
1874
648
1877
663
1962
668
2013
669
1974
681
1528
490
1889
671
1604
344
1811
589
2132
656
2022
488
1952
665
2062
679
1982
445
2022
644
1937
566
2215
652
1920
681
2105
628
1998
661
1927
649
1960
563
2065
657
1975
658
2218
649
1941
680
1914
599
2107
662
2022
654
2042
564
2040
669
2163
732
1952
670
1842
632
1999
652
2023
652
1135
375
1977
642
1869
674
2355
687
2015
653
2005
652
2070
689
1825
504
2195
380
1658
553
2009
481
2094
644
2125
655
2089
557
2089
673
2493
662
1816
552
1380
454
1898
668
2078
671
2207
381
2050
563
1630
574
2151
644
2035
654
1882
659
1972
369
2052
657
1910
664
2022
677
1835
392
1885
672
2010
616
1932
568
1945
674
1866
413
2192
657
2015
641
2062
659
2039
604
2075
541
2052
659
1364
437
2128
647
1866
691
1970
541
2358
679
2125
629
1917
657
1483
656
2118
664
2162
431
1980
687
1540
476
2057
666
2017
589
1827
447
2148
381
1931
662
1361
477
1872
608
1955
664
1967
431
2027
656
1972
679
1985
654
1996
652
2012
667
2391
541
1957
553
1984
659
1779
553
1805
666
2009
666
1914
659
1932
521
1997
538
2029
661
1864
663
2133
644
1139
392
2032
674
2015
651
1939
596
1546
483
2132
657
2090
555
2022
8479
2303
656
1927
672
1604
679
1895
664
2313
669
1496
687
2042
649
1985
642
1881
649
1919
317
2353
657
1832
596
1084
380
2070
637
2065
675
2250
657
2052
684
1090
381
1998
657
1972
569
2140
522
2122
639
1905
662
1545
498
1983
526
1858
657
1974
649
2165
642
2249
637
2038
553
1932
659
1982
702
1878
489
2158
631
2072
629
1929
557
2323
572
2092
657
2112
667
2197
661
2117
539
2015
762
2000
666
2061
641
2044
649
2065
651
1957
649
1480
412
2043
628
1945
694
1980
679
1904
535
1979
482
2069
684
2135
641
1790
618
1938
623
2068
659
2291
528
1962
537
1920
674
2205
644
2090
553
2074
489
2005
694
2069
563
1887
652
2300
618
2405
666
2124
524
1868
462
2040
569
2052
659
2061
636
1149
370
2022
465
2032
665
1682
502
2135
662
1917
472
2191
674
2080
637
2067
534
2175
556
2172
621
2121
657
2072
649
1331
431
2243
656
2200
672
2065
667
2103
662
1770
644
1931
674
2029
689
2037
614
2164
573
2199
646
2205
661
2117
646
2095
535
2260
571
1756
550
2255
557
2142
661
1314
660
1742
382
2057
671
1927
677
1882
702
2072
653
2078
667
2044
552
2077
674
2232
659
2155
657
2200
669
2138
669
2300
666
1768
473
2227
667
1967
641
2185
590
2145
652
2153
625
1977
670
2010
673
1969
661
2077
658
1810
492
2323
531
1289
368
2143
651
2062
669
2074
652
1876
355
2053
606
2032
629
2262
627
2010
609
1760
661
1932
659
2057
660
2152
659
2100
669
2195
652
2120
542
2037
659
1927
659
2125
677
1211
658
2140
667
1954
667
2223
657
2038
539
2024
553
2035
667
2213
651
1960
578
2009
654
2099
657
1837
657
1696
567
2213
782
1970
368
2235
624
2148
661
2007
645
2182
654
1244
373
2035
664
1718
548
1925
671
2110
637
2150
681
2255
656
2178
639
1980
669
2190
539
1953
481
2052
627
2231
637
2416
567
2453
515
2163
599
2173
682
2563
704
2138
636
2078
666
2107
665
1280
557
2074
689
2030
656
2120
654
2286
672
2108
569
2110
649
1989
669
1980
661
2029
660
2202
644
1383
490
924
639
1997
660
1743
681
2042
664
1479
466
2078
502
1949
664
2140
664
2197
674
2366
664
2143
669
2248
659
2095
654
2074
653
2044
644
2232
669
1922
613
1667
583
1962
674
1859
483
1927
669
1816
618
1613
475
2030
661
2060
626
2012
654
1898
709
1429
432
1865
656
2152
643
2037
664
1965
681
1828
535
2052
666
2132
692
2062
613
1977
669
1877
654
1969
644
2067
671
1917
674
2157
647
1892
649
1935
647
1980
662
2050
666
1762
567
2050
664
1937
445
1936
647
1910
645
2054
554
2042
676
1992
672
2095
681
2050
563
2082
507
2072
674
1944
664
2150
659
2211
642
1867
618
1884
709
1985
661
1964
639
2034
661
1672
523
1756
564
2047
666
2015
662
1987
659
1934
656
1955
656
1954
664
1917
669
2053
656
2074
644
2065
601
1902
674
2024
594
1979
646
1250
445
1875
657
1899
679
1967
654
2032
669
1960
662
1774
504
2015
12411
2024
629
2032
568
1918
665
1854
672
1892
647
2062
649
2084
656
1964
439
1987
659
2137
667
1947
654
1998
657
1932
638
1998
571
1556
672
1892
674
1876
644
1164
676
2000
682
1475
674
1869
637
1964
622
1820
625
2000
656
2028
606
1884
635
2132
668
2023
553
1874
644
2027
646
2060
662
2075
524
2050
559
1946
646
1841
579
1925
659
1482
511
1917
646
1944
672
1875
565
1957
692
1895
637
1986
667
1966
702
1887
646
1862
686
1957
528
1929
679
2255
659
1866
687
1155
664
2152
551
1674
545
2057
654
2014
649
1922
656
1920
587
1879
666
2163
664
1886
662
1892
606
1904
649
2178
657
1952
514
1957
664
2042
674
2035
677
2090
647
2330
657
1910
634
1950
566
2045
592
2010
662
1831
574
1927
645
2075
662
1679
590
1957
641
1862
526
2055
654
2015
676
2037
628
1648
12501
1532
533
1270
606
1626
672
2045
659
1890
689
2165
689
2020
689
2117
648
1870
660
1882
666
1834
310
1926
692
2040
667
1866
667
2029
647
1762
541
1977
649
2062
656
1915
669
2055
654
1241
382
2065
659
2133
664
1972
549
1999
641
1941
649
2117
669
1925
680
2102
696
1929
670
1604
697
2088
659
2147
594
1981
666
2001
490
1549
461
1940
9426
1877
642
1922
672
1934
551
2060
661
2002
690
1929
552
1565
508
1963
637
1969
670
1831
572
1887
9359
1977
652
1895
676
2058
670
2165
545
2110
644
1982
684
1567
538
2037
555
1894
549
2003
669
1939
695
2082
657
2167
647
2152
444
1882
531
2075
564
2052
677
1666
500
1987
679
2017
664
2047
669
1059
381
1959
664
1997
664
1997
654
2047
464
1987
658
2060
669
1970
550
1947
651
2078
652
1974
646
2060
529
1967
671
1987
663
1986
662
1762
447
2039
575
1972
662
2047
671
2067
539
2025
678
1992
420
2015
669
1814
654
1870
639
2015
658
2023
659
2060
641
1739
548
2004
647
1974
644
1990
656
1926
680
2103
642
1854
566
1920
641
1955
664
2255
745
1897
651
2032
674
2032
561
1974
639
2030
661
2077
664
2276
652
2148
666
2195
643
1929
536
1957
674
1621
507
2135
669
2002
629
2240
644
2135
9391
1980
667
2110
667
2090
656
2065
644
2155
369
2047
655
1260
657
2140
694
2069
646
2167
651
1932
654
2012
661
1962
678
1566
651
2082
555
1939
647
2306
659
2145
666
1802
555
2093
642
1867
512
1769
659
1959
670
2062
679
1994
391
1216
396
2078
657
1998
659
2142
619
1173
364
2005
654
2401
647
2267
710
2058
691
1984
643
1957
676
1899
669
1692
557
1361
478
1836
555
2022
508
1845
512
2025
647
1940
483
2128
619
2052
662
2145
654
2004
647
1975
656
2095
573
1947
661
2047
594
1805
661
2135
649
2198
647
2027
648
2010
591
2150
687
1997
659
2182
654
2142
657
2135
658
1929
553
2082
654
1300
388
1894
652
2044
632
1920
657
2024
657
2054
626
2085
654
2013
656
2030
660
2203
682
2200
660
2055
654
1923
642
2077
679
2080
666
1821
654
2151
578
2014
670
2207
614
2040
689
2172
659
2118
666
2014
677
2340
673
2125
581
2190
677
2027
673
2099
565
1976
627
2148
609
2029
689
11143
549
2197
671
2043
657
2093
676
2002
656
2273
674
2110
647
2208
485
1103
371
1964
672
2138
661
2073
660
1536
472
2137
551
2163
447
2471
672
1768
667
2288
619
1522
515
2057
685
2040
644
1719
483
2145
555
2061
664
2032
654
2005
569
1647
427
2117
649
2269
463
2120
679
2062
620
2030
657
2009
659
2128
547
1912
519
2105
649
2047
670
2100
654
2230
656
2215
659
2167
555
2157
657
2107
394
2110
659
2055
642
2071
676
2064
652
2050
627
2013
651
2019
677
1902
657
2110
649
2138
667
2092
634
2064
662
1912
642
2227
671
2142
348
1925
684
2084
661
1987
9261
2107
664
2012
669
2007
448
1984
589
2145
652
2287
689
1901
553
1922
604
1965
387
2135
474
1984
652
2158
659
2057
570
1947
664
2175
657
1942
672
2123
666
2049
569
1979
656
2085
505
2119
666
2057
681
2167
656
1957
539
1900
637
2179
667
1987
674
1726
568
2000
656
2087
649
2060
650
1837
301
2436
639
2250
652
2042
660
2255
566
2175
664
1944
670
1909
549
2132
664
2317
531
2037
619
2032
654
1868
492
2118
672
1872
666
2030
669
1964
669
2123
500
2062
704
1980
657
2075
679
2115
576
1942
659
1781
456
2054
676
1932
541
2010
588
1332
380
1994
497
2065
523
2003
623
1985
450
2173
674
2040
676
2033
644
1975
604
1971
656
2029
662
2110
553
2145
638
2163
553
1630
600
2199
562
2128
691
1639
302
2033
672
2054
656
2047
617
2353
581
2140
666
2220
403
1060
669
2115
627
2084
679
2082
393
2001
451
2139
646
2205
644
2089
446
2098
669
2376
656
1546
648
2129
558
1842
667
2110
636
2005
652
2233
675
1951
332
2147
666
2055
654
1975
668
1980
659
2017
696
1971
647
2275
666
2133
649
2147
623
1964
561
2060
651
1969
657
1678
345
1700
553
1962
672
1917
651
2125
657
2128
657
2079
579
2110
544
1624
536
1945
659
1912
621
2045
606
2155
674
2060
498
2014
649
2235
656
2153
652
2047
644
2090
659
2083
645
2305
554
2135
497
2047
653
2033
554
1540
478
2190
652
1305
374
2024
9454
2195
489
2171
649
2168
601
1764
553
2283
668
2091
674
2152
666
2135
564
2099
679
2138
360
2032
659
2112
636
1979
657
2020
752
2177
466
1650
552
2047
553
2107
500
2130
661
2040
663
2103
660
2143
623
2017
493
2052
669
2303
652
2003
647
2220
584
2024
552
1881
551
2155
492
1993
659
2167
646
2097
706
1946
657
2142
484
1713
567
2108
651
1997
652
2155
599
1982
481
2093
675
1937
665
2030
654
1582
666
1939
643
2272
664
2162
478
2035
645
2105
654
2100
651
2043
669
2057
518
2007
662
1739
515
2045
9056
2460
647
2047
646
2233
659
1987
664
2032
662
2383
668
2025
562
2090
641
2075
549
1914
646
1285
388
2021
662
2060
669
2069
661
2210
641
2130
698
2190
669
2145
652
2090
388
2172
644
2064
670
2233
544
2000
654
2049
656
2095
677
1929
667
2075
573
1982
662
2169
468
2015
11292
1511
656
2115
556
2165
604
2083
649
1955
654
2072
724
2330
570
2148
659
2185
649
2476
454
2125
566
1410
668
2047
535
2045
582
2070
455
1989
649
2025
528
2165
657
2068
569
2082
614
2067
671
2047
492
2149
669
2060
644
2177
644
2213
654
2160
649
2027
657
1990
581
2087
645
1340
664
2298
664
1982
469
2063
661
2193
691
1850
659
2140
654
2205
674
1945
659
2230
657
2059
627
1675
492
2029
657
1894
699
2270
671
2057
647
2418
654
2140
543
2183
651
2155
660
2066
566
2017
655
2080
652
2027
656
1994
654
2120
674
2071
654
2070
669
2108
680
2283
669
1921
557
2065
572
2015
635
2137
641
2095
674
2230
676
2135
525
2122
646
1785
659
2067
646
2150
669
2069
500
1419
447
2130
694
2089
649
2018
668
1947
553
2099
656
2310
593
2037
413
2283
651
2000
679
1981
667
2145
676
2098
659
2061
649
1995
666
2388
654
2167
642
2351
649
2290
664
2032
551
2049
657
2245
565
2345
662
1754
662
2062
617
2019
684
1226
362
2192
286
2169
647
1657
657
1584
509
2503
644
2317
676
1955
664
2037
507
2265
654
2190
604
2278
662
2034
625
2161
620
2155
649
1807
629
1326
428
1974
648
1907
677
2015
659
2188
657
1958
648
2152
661
2047
647
2133
654
2123
537
1949
672
1956
656
2117
627
2024
654
1640
621
1967
669
1769
664
2152
672
1195
386
2055
664
2070
661
2155
647
1965
651
2120
657
2035
601
1937
671
2024
641
2230
647
2165
541
2004
645
2135
636
2300
647
1694
663
1814
559
2177
362
1997
677
2047
642
2130
679
1965
526
2010
669
1975
649
2325
674
2117
661
2018
646
1889
567
2087
657
2045
657
2014
632
2248
641
2024
654
2004
674
2170
654
2027
340
1754
657
2004
690
1959
668
1740
555
2288
551
2047
657
2082
463
1991
667
1397
565
2060
671
2095
643
1327
717
2062
653
1997
625
1972
670
2092
657
2300
672
1997
681
1962
667
2030
656
2035
493
2049
448
1994
667
1987
657
2177
659
1899
536
2002
549
2033
639
1986
675
1955
657
1582
671
2172
639
1894
654
2536
659
2004
381
2097
467
2050
660
2188
649
2227
654
2222
579
2383
699
2027
654
2202
649
2009
641
1889
671
2172
531
1802
561
2235
664
1924
624
1800
654
2017
611
2155
653
2170
323
2125
653
2060
662
1901
652
1729
662
2142
513
1965
372
1774
501
2240
674
1809
562
2107
619
2087
659
1942
533
2142
674
2161
672
2205
636
1216
680
2243
552
2090
594
2062
741
1904
341
2074
644
2082
485
2011
675
2223
652
2100
530
1664
507
2069
634
2087
374
2150
626
1953
625
2057
668
1995
679
2238
642
1172
365
2007
650
2123
707
1967
601
2007
8961
2000
665
2010
659
2245
652
2230
669
1990
656
1950
667
2000
657
2073
667
2185
664
1734
293
1984
667
2015
662
1897
646
2108
649
1868
544
2183
622
2043
656
1947
648
2040
516
2035
657
1822
451
1934
656
2000
674
2172
651
2100
714
2130
563
2029
649
2040
684
1700
495
2127
644
1957
676
1969
671
2010
666
1962
669
2005
660
2132
624
2130
637
2170
654
2064
628
2047
665
2205
531
2042
654
1790
561
1997
539
2049
519
2187
657
2062
536
2088
657
2000
543
1965
659
1912
659
1877
674
2305
478
2070
649
1345
672
2170
520
2057
646
2103
551
2185
626
2167
641
2015
434
2303
655
1894
669
2160
657
2148
661
2107
644
2247
626
2371
659
2155
672
2034
667
2062
674
1987
662
2100
594
1348
373
2073
654
1872
654
1949
676
2150
651
2045
666
2063
677
1769
543
2200
634
1961
646
2227
283
2308
647
2075
534
1979
622
2238
636
2215
684
2178
652
2044
658
2209
704
2353
677
1896
676
2017
659
2150
642
2118
651
2290
654
2188
669
2180
546
2138
672
1384
669
2195
674
2280
649
2089
577
2114
643
2197
572
1950
649
2058
652
2381
661
2267
644
2168
671
2307
664
2185
666
2185
592
2045
646
2132
682
1977
557
2115
655
1915
658
2203
654
2173
649
2117
7959
2203
556
1988
659
2100
664
2004
656
2065
654
2057
657
30365
642
2150
611
1820
552
2308
659
2180
553
2037
654
1315
389
2105
508
2235
649
1008
681
2077
656
1965
643
2191
659
2446
682
2019
671
2153
657
1960
697
2192
408
1882
305
2228
644
2249
657
2167
656
1638
669
2275
649
1902
663
2173
647
2050
694
2042
656
1972
671
1962
676
2338
641
1997
529
2508
657
2239
692
1810
667
2143
644
1499
489
1203
691
2263
657
2210
682
2252
666
1661
481
2072
661
2280
671
2436
687
1937
602
2179
435
2027
561
1934
648
2115
649
2240
659
2027
624
2023
667
1905
669
2040
602
2015
666
1980
669
2233
677
1945
658
1462
390
2236
684
1548
432
2052
638
1735
657
2288
589
1909
651
2077
671
1985
516
2059
559
1995
383
2045
559
2213
656
2158
652
2022
626
2135
654
2142
497
1862
662
1984
639
1872
674
2237
608
1977
571
2029
664
2133
687
2075
544
2070
656
2129
566
1867
671
2085
654
2107
491
2097
641
2175
656
2175
673
2034
651
2122
672
2015
656
2084
672
2135
676
2060
649
2307
672
2037
661
2120
538
1922
548
2107
649
2077
669
1912
647
1923
529
2027
483
1164
382
2225
680
2073
597
2042
672
2182
647
2019
657
1477
646
2248
674
2017
642
2057
671
2110
657
2057
686
2020
665
2097
434
2062
646
2159
702
2212
677
2195
657
2242
672
2192
654
2044
659
1954
654
2111
657
2045
674
2278
378
2064
589
2130
657
2353
717
1985
659
2037
573
1738
525
2031
659
2049
649
2067
651
1932
672
2182
662
2391
662
2057
654
2213
684
2168
652
1677
654
2149
679
1840
646
2052
609
2070
644
2031
660
2330
644
1991
672
1732
689
2576
691
2365
669
2177
537
2210
660
1241
372
2300
674
2350
666
2236
669
2277
661
2208
641
2208
651
2330
637
2168
651
2200
618
2140
656
2283
656
1377
371
2115
657
2271
651
2248
687
2351
657
2068
617
2168
654
2273
571
2072
679
1814
632
2243
679
2035
664
2175
652
2411
443
2187
579
2210
652
2328
654
2659
505
2280
647
2278
656
2095
669
2315
649
2230
659
2464
481
2383
656
2168
676
2466
592
2504
652
2343
649
2441
661
2160
377
2433
667
2346
669
2238
662
2275
638
2280
654
2288
674
2048
648
2221
643
2305
657
2305
589
1390
382
2019
667
2404
659
2333
671
2268
656
2138
447
2418
639
2316
604
2195
591
2277
506
2364
679
2213
554
2331
644
2536
687
2259
554
2195
669
2501
654
2343
657
2278
681
2229
681
2233
662
2240
677
2308
672
2482
501
2323
647
2177
609
2318
692
2288
652
2295
649
2310
657
2141
531
2260
669
2268
667
2024
669
2255
557
1427
394
2169
669
2225
649
2295
651
2103
668
2468
666
2210
654
2054
675
2235
549
1975
654
2220
687
1798
679
1687
576
2098
657
2105
455
2291
653
2323
443
2105
657
2180
664
2155
662
2197
663
2109
664
2072
604
2130
676
2064
564
2022
666
2055
641
2062
666
1974
546
1990
9702
1309
422
2057
644
2042
671
2193
571
2020
647
1677
453
1924
646
2072
639
2225
645
1999
499
2115
654
1924
690
1869
546
1866
569
2072
657
1998
552
1952
664
2111
667
2255
681
2110
672
2088
651
1842
582
2138
656
1970
656
2195
645
2203
667
2117
664
2153
649
2330
667
2085
642
1574
513
2112
669
1987
674
2020
662
2112
664
2218
656
2027
653
1693
666
1924
674
2070
581
2108
648
2142
661
2110
649
2198
649
2085
666
1601
601
1982
617
2082
686
1955
649
2450
694
1690
545
2138
676
2108
641
2218
654
2127
691
2150
656
2122
651
2025
656
2057
562
2210
647
2173
641
1929
519
2115
679
1954
671
2025
669
1810
523
2025
677
2052
667
2082
654
2042
662
1949
563
2055
644
1944
676
2043
646
1932
651
2142
665
2253
672
2207
657
1949
664
2078
702
