1887
669
1651
573
1562
553
1950
654
1959
662
1872
699
1971
659
1483
539
1255
462
1912
649
2064
659
1907
669
1879
664
1917
674
1910
649
1927
659
1734
457
1942
666
1924
639
1954
677
1912
674
1867
654
1266
448
1900
358
1840
417
1914
651
1947
657
1897
666
1852
657
1867
657
2135
8860
1862
601
1947
649
1977
646
1445
657
1942
609
1867
594
1578
565
1895
671
1974
561
1764
569
1899
656
1902
648
1941
651
1982
562
1837
675
1911
671
1877
666
1947
667
1426
667
1866
649
1992
654
1983
649
1987
644
1447
374
2000
549
1967
662
1862
661
1867
654
1955
669
1920
667
1884
669
1662
660
1684
481
1922
680
1942
624
1993
659
1847
644
1989
659
1623
622
1927
672
1964
530
1896
692
1962
644
1911
660
2077
664
1143
561
2000
654
2045
651
1532
526
1879
669
1384
447
1949
646
1047
408
1995
441
1977
676
1944
607
1959
656
1919
676
1638
493
1944
660
2085
564
1906
666
1587
300
1950
666
2030
669
1880
666
1962
659
2017
661
2082
668
2087
382
2265
539
1134
356
2009
518
2000
667
2115
567
1944
362
2179
9078
2022
646
1648
564
1873
571
1965
434
1984
644
1152
662
1900
651
1179
645
1939
671
2041
641
1977
649
1763
565
1896
329
2024
623
1975
636
1959
634
1518
659
1994
647
2080
660
2057
492
1970
642
1988
644
1959
534
1874
605
1998
631
2112
644
1905
672
1967
643
1957
644
1975
627
2529
694
1716
657
2005
649
1894
666
1937
689
2130
659
1959
657
1977
651
2050
679
1987
650
1874
658
1972
658
2002
646
2045
644
2063
659
2035
669
2047
677
1724
641
1644
576
1323
368
1997
616
2195
680
2030
641
1992
623
2102
641
1958
689
1185
373
1972
667
1871
379
1654
548
1951
639
1977
658
2143
657
1994
538
1583
655
1977
649
1150
369
2050
649
2003
657
1914
376
1879
495
1894
658
1779
664
1970
659
1985
669
2007
626
1954
561
2023
644
2112
668
2054
566
1981
566
1915
647
2030
658
1886
551
1808
545
2083
646
1915
575
1865
654
1902
670
1972
582
1997
647
1994
551
1997
664
2045
697
1977
698
1856
642
2000
659
1837
374
1877
517
1599
566
2024
654
2070
481
1962
664
1987
652
2020
659
1950
667
2092
656
2105
669
1707
574
1993
644
2014
669
2020
674
1847
644
1488
414
1957
654
1604
669
2120
674
1847
649
1929
654
1521
470
2084
651
1937
672
1932
614
1988
675
2135
639
1937
527
1957
686
1932
644
2080
666
1616
599
2062
681
2042
571
1838
665
1922
669
2004
561
1914
693
2052
665
1994
649
1587
497
2042
675
1882
577
1945
692
1825
373
2068
659
2065
447
1822
666
1462
408
1786
439
2125
659
2102
714
1739
636
1936
691
1343
435
2018
552
2115
662
2225
649
2121
657
1570
557
1967
649
2251
647
1950
539
1935
652
2118
656
2141
672
2087
672
1920
373
2020
371
1891
649
1967
661
1999
674
2005
630
2052
661
1145
6675
2109
632
1732
550
1982
425
1999
676
2077
651
2017
762
2027
636
1889
669
1600
553
1927
568
1684
563
2039
603
2132
659
1843
557
1704
548
1729
569
2049
554
2246
644
1948
657
1992
664
1952
551
1899
671
2155
661
2253
654
2127
674
2107
382
2195
653
1889
667
2072
702
2055
679
2025
667
2010
579
1902
662
1973
672
2000
641
1171
381
1974
644
1921
644
1887
615
11166
656
1295
437
1910
649
1884
641
1889
667
1882
547
2047
521
2072
651
2212
653
2035
575
2037
680
1868
659
2082
669
2000
555
1914
649
1950
679
2218
668
1866
637
2022
697
2221
373
2012
672
2054
667
2069
676
2330
667
2238
664
2137
589
2029
659
2205
664
2013
649
1964
652
1990
540
1993
610
1939
625
1918
656
1926
653
1701
561
1969
670
1096
370
2042
564
1941
657
2065
569
2130
664
2067
653
1738
560
1914
662
1424
429
2027
494
2035
353
2218
664
2090
565
2080
641
1856
657
1915
654
1994
528
1804
604
1864
371
2035
653
2024
654
1969
694
1881
661
1899
655
2065
604
2052
672
1992
661
2120
652
2050
568
1969
529
1779
555
2033
654
1372
664
1874
654
1879
659
2125
557
1844
669
2127
670
2047
651
1995
669
2007
641
2123
551
2245
704
1939
497
2213
654
2047
631
1962
671
1974
652
2223
671
2022
657
1870
647
1967
497
1969
644
1982
579
2042
626
2040
686
2051
511
2195
659
2151
619
2084
542
1313
441
1977
671
2069
312
1982
647
2127
671
2075
614
1854
573
2087
574
2182
682
2037
698
2048
671
1944
651
2030
574
1950
654
2030
644
2153
672
1954
563
1960
697
1809
581
2135
664
1909
601
2198
656
2050
669
1977
650
2145
557
2015
677
1903
569
1729
669
2138
644
11083
637
2290
644
2027
590
1935
586
2007
567
2266
639
2051
674
2012
555
2257
653
1965
670
1361
490
1591
568
2062
646
2053
615
2042
640
2225
657
2099
657
2192
664
2217
649
1982
644
2099
669
1935
659
1576
487
2137
674
2205
660
1962
642
2095
659
2506
654
2225
451
2037
649
2107
644
2037
647
2165
651
2261
644
2128
629
2137
646
1919
672
2283
569
2057
666
1594
472
1907
677
2195
654
2151
662
2152
682
2145
651
1899
667
1942
642
2165
669
2241
692
2276
681
2282
669
2255
661
2240
691
2173
669
2015
671
1285
387
1960
405
2049
544
2062
644
1248
377
1984
647
2080
676
2165
606
1953
625
2172
564
1965
516
1771
533
1407
672
1967
382
2058
592
2138
634
2085
641
2340
692
2045
657
1927
654
2185
684
2012
644
2190
677
1716
553
1955
568
2155
607
1829
563
1949
642
1869
471
2077
618
2145
576
2090
661
1855
674
2042
656
2110
654
1172
666
1984
669
2117
555
2127
439
1947
574
2193
654
2055
654
2133
679
2035
564
2069
658
1227
388
2057
656
2213
654
1796
654
1082
373
2158
659
1920
594
2333
484
2211
672
2190
656
2044
494
1401
447
2117
680
2261
666
2243
687
2277
659
2108
611
2009
613
1726
537
2050
674
2155
699
2059
641
2040
588
2015
679
1766
552
2065
675
2032
643
2067
689
2182
566
2109
622
2017
664
2000
451
1537
441
2157
672
2044
664
1792
369
1955
622
2075
654
2014
599
2105
672
2042
654
1374
373
2478
570
2135
655
2102
641
2034
689
2120
651
1926
559
2034
679
2127
669
2092
686
1132
368
2087
664
1960
657
1056
374
1936
603
1868
581
1875
661
1907
676
1875
675
2040
659
1897
655
2012
674
2063
659
1854
665
2041
574
2011
619
1992
679
2000
671
1882
671
1884
536
2070
647
1990
679
2089
676
1972
363
2011
664
1758
611
2020
672
1969
662
2079
646
2077
687
1960
679
2001
649
1385
484
1877
708
1842
652
1962
684
1975
681
1285
372
1915
694
2037
555
1992
657
1962
538
2022
667
1966
682
1990
662
2005
664
1857
534
2067
642
2025
679
1498
666
1282
444
1912
574
1960
8983
1887
578
1400
467
2110
657
1917
644
2001
646
1887
478
1904
656
2073
513
2233
659
1959
657
1889
641
1932
652
1869
670
1231
365
1945
659
1937
672
2205
656
1970
378
1915
659
1849
478
1957
647
2178
551
2065
656
2037
618
1959
656
1830
548
2124
649
1929
702
2135
571
2084
649
1997
649
2032
641
2159
631
2015
662
1904
490
1886
644
2055
677
1676
518
1919
655
2140
666
1467
423
1573
677
1760
554
2025
631
1965
666
1910
674
2050
657
1929
669
2152
644
1864
667
2147
647
1916
659
1879
574
1987
699
1952
664
2530
609
1917
659
1957
654
2062
659
1958
9227
1627
664
1152
664
1915
630
1959
659
2130
642
1914
533
1909
660
1867
665
1985
692
2025
670
1960
480
2185
669
1627
538
2117
652
2050
664
1740
553
1969
644
1834
634
2360
676
1977
542
1670
563
1905
677
1907
651
2049
654
1980
435
2235
363
1408
395
2180
668
2057
654
2075
436
1734
551
1872
652
1924
675
1860
654
1962
655
1864
667
2143
641
2175
650
2032
404
2052
575
2022
608
1766
523
1941
658
1492
527
1984
644
2135
654
2007
433
2006
499
1155
369
1969
513
1900
674
1957
675
1943
656
2003
705
1994
617
12157
644
2042
667
1982
659
2180
714
2025
669
1925
682
1902
672
1956
641
2022
644
1915
661
1952
654
1909
664
1992
643
2055
562
1952
642
1706
497
1915
603
1929
639
1994
671
2043
679
2088
646
2010
559
2065
672
1847
657
2001
664
1809
616
1964
9510
1965
344
1950
675
1955
659
2172
709
1436
665
1957
646
1173
390
1942
679
1952
664
1884
422
2020
656
1997
697
1566
667
2172
657
1589
529
2296
657
2062
656
2042
659
1552
480
1945
654
1892
587
1990
662
2110
651
1609
520
1980
481
1882
659
2000
680
1985
529
1946
686
1899
672
2213
666
2180
646
2000
656
2293
574
1982
654
2053
669
1889
654
1890
655
1731
500
1838
559
1408
451
1929
646
2054
375
2283
654
1695
566
2007
674
2157
659
1994
709
1650
548
1686
568
2047
624
2257
554
2145
661
2005
656
2127
542
2113
645
1969
661
2098
547
1884
671
2185
679
2023
659
2140
616
2157
653
2062
657
2130
644
2037
662
2077
649
2167
657
1712
492
2123
669
1985
679
2097
652
2097
684
2110
657
1834
562
1967
383
1899
676
2002
646
2058
656
2135
661
2173
674
2112
513
2107
644
2045
654
2072
557
2168
603
2117
671
2215
672
2085
659
2013
657
1942
671
2032
669
2087
552
2037
657
2040
598
2074
656
2123
390
1716
521
2012
672
1909
654
2170
659
2049
664
1935
646
2143
640
1962
608
2078
694
1909
674
2150
662
2082
677
1719
543
2142
562
1974
571
2050
563
2047
646
2105
644
1982
449
1942
664
2055
649
1831
587
1266
672
2135
656
2085
659
2001
641
2115
669
1637
497
2230
644
1403
598
2200
661
2050
542
2060
649
1924
657
1211
657
1796
555
2092
649
2190
677
2040
660
2111
654
2065
649
1980
651
1912
667
1963
644
1897
520
2077
557
2115
664
2078
644
2105
644
2045
660
2341
692
1975
646
1995
664
2007
679
2065
677
2137
644
2042
656
2070
657
1977
644
2059
639
1947
656
2113
661
2055
606
2102
652
1984
531
2107
664
2077
593
2135
650
2012
665
1934
654
2280
672
1967
697
2090
651
2158
657
2117
675
1767
641
2030
674
2017
669
2193
669
2356
654
2030
654
2144
657
2155
653
2012
584
1975
657
2113
644
2104
674
2095
657
2157
661
2155
669
2122
671
2103
669
2087
644
1986
542
2119
655
1737
486
2082
657
2057
662
1804
673
2083
653
2050
679
2117
661
2165
683
2112
656
2312
659
1752
548
2255
661
1218
664
2283
659
2071
684
2067
692
2132
549
2054
657
2141
649
1796
503
2185
619
2055
644
2115
661
2052
669
2112
592
2111
720
1724
403
2173
607
2027
676
1962
656
1770
654
1982
643
1158
351
1927
557
2127
677
2155
642
1303
391
1980
644
1969
651
2030
629
2190
651
2024
505
2104
559
1785
565
1926
544
2077
561
2025
360
1882
571
2085
555
1962
667
1804
548
2200
647
2059
666
2094
669
2012
611
2152
656
2008
479
2043
659
1996
551
28199
652
2050
654
1992
669
2011
659
1977
652
2205
655
2138
644
2045
670
1895
375
2120
561
1932
645
1964
684
1964
674
2219
687
1952
646
2137
533
1295
696
2197
655
1969
619
2014
360
1967
536
2300
568
2010
667
2082
646
1940
574
1969
681
1963
667
1852
654
2025
571
2341
657
1985
679
2160
632
2142
562
2187
679
2139
656
2054
642
2328
654
2012
657
1869
672
1837
662
2004
651
1796
657
2182
716
2035
656
2143
526
2115
666
2025
644
2028
637
2097
629
2177
656
1884
651
1980
659
2044
681
2130
655
2125
419
1941
648
1962
644
2040
611
2075
658
2060
657
2069
549
1650
521
1750
629
1932
661
2199
672
2133
684
1886
674
2148
447
2133
671
1828
661
2093
641
2025
365
1942
666
2035
659
1967
649
2135
468
2167
666
2070
661
2120
574
2223
641
2087
669
2100
657
2084
457
2014
621
2017
654
1924
616
1672
479
1206
360
1955
469
2098
674
2137
585
2280
659
1897
629
1886
672
1882
649
2012
664
2055
629
2077
641
1952
649
1706
523
2233
671
2365
643
2175
499
2072
643
1975
541
2238
641
2180
667
2125
522
1744
674
2040
485
1452
444
2132
654
2067
651
2077
563
1614
634
2148
659
2403
284
2052
661
2050
681
1895
669
2007
677
2012
664
2025
654
2080
677
2085
674
2034
621
2082
656
2080
687
2205
595
1232
385
2135
652
2190
659
1986
657
2087
596
2137
634
1971
645
1949
565
2218
722
2142
642
2113
356
2035
572
2117
557
2132
667
2099
625
2115
559
845
664
2022
659
2081
577
2038
623
2089
666
2183
687
2047
652
1965
538
2175
669
1909
769
2130
654
1993
431
1673
523
2060
576
2002
589
2040
654
1952
565
2079
669
2012
664
1991
618
2117
674
1988
692
2109
654
2077
665
1119
657
2027
669
2215
641
2057
592
1942
667
1946
317
1965
561
1952
660
2245
650
2203
662
2085
659
2288
657
2148
556
2355
667
2049
656
2240
651
2103
689
1352
370
1905
634
1701
536
2212
653
2062
654
2160
674
2037
520
1994
521
2238
473
1992
674
2082
664
1750
454
1812
507
2120
666
2193
657
2260
546
2098
618
2000
643
1882
644
2127
517
1903
557
2077
477
2037
673
2042
661
2245
518
2068
658
2007
652
2009
656
2025
660
2280
666
1955
648
2075
667
2267
627
2245
437
2466
468
2095
521
2348
559
2162
670
2027
657
2248
491
2180
667
1503
428
1653
649
2179
647
2083
495
2183
619
2265
658
2258
551
2080
667
2104
674
2102
654
2085
664
1808
541
1977
674
2137
629
2107
641
2012
415
2038
664
2045
646
2089
642
2232
536
1636
706
2169
617
2187
649
2042
662
2050
645
2198
662
2077
661
1541
420
2049
668
2062
497
2093
664
2112
657
2117
661
2265
651
2024
654
2127
661
2298
654
2082
639
1602
661
2020
663
1644
490
2117
659
2163
453
2205
645
2050
664
1325
692
2075
554
1267
373
2059
654
2025
686
2210
662
2117
528
2107
669
2078
602
2138
651
2199
644
2122
662
1939
559
2190
422
2047
534
2177
521
1829
559
2005
659
2135
641
2262
661
2153
514
2165
648
2024
308
2185
666
2057
656
2360
699
23295
642
1454
662
2162
647
1633
496
2268
644
2070
669
2228
654
2154
644
1955
507
2159
668
1993
618
2015
659
1507
385
2105
655
1586
657
2117
658
1187
395
1249
392
2060
654
2083
550
1784
558
2129
547
2335
657
1359
434
1852
564
2167
652
2245
675
1970
657
2320
720
2461
651
2255
644
2132
661
2054
641
1967
438
2052
665
2218
642
2057
661
2042
521
2029
639
2095
664
1418
389
1942
654
2125
656
1999
654
2154
642
1967
699
2183
519
2033
667
2140
678
1990
616
1993
383
2102
9254
2130
641
2177
654
1704
661
2182
676
2253
648
2034
586
2110
654
1947
661
2035
669
2012
679
2000
669
2179
673
2079
649
2211
657
1433
334
1967
649
1963
552
2085
384
2095
654
2057
444
1826
670
1272
387
2085
669
2203
669
2047
664
2050
662
1945
649
1990
667
1962
551
2245
658
2099
676
1932
647
2072
641
2192
666
2388
661
1549
551
2030
660
2220
671
2152
659
2092
651
1980
664
1935
672
1152
634
1976
493
2087
644
1929
629
2140
659
2022
669
2007
606
1899
613
2062
662
1132
665
2077
654
1862
538
2030
632
1914
668
2182
642
2047
666
2164
644
1867
657
2095
659
2167
671
1955
629
2060
671
1960
677
1836
657
1773
672
2052
553
2260
466
2250
664
2148
649
1925
553
1975
619
1770
371
2125
664
2237
649
1262
360
2084
652
2029
662
2185
472
2062
651
1877
654
2065
554
2158
659
2025
643
2077
656
2083
610
1997
377
2012
654
2054
644
2155
652
1236
390
2030
659
1945
488
2033
496
1980
654
2181
694
2092
631
2155
669
1573
471
2112
692
2042
684
2094
563
2027
669
2197
649
1667
483
2120
646
2115
557
2010
654
2000
666
2252
431
1845
694
1808
539
1987
661
2002
680
2063
659
2040
659
2130
654
2135
537
2007
488
2075
662
2150
654
2135
546
2117
637
2014
655
2112
652
1903
642
1967
652
2197
592
2112
635
2038
670
2057
662
2018
642
2002
663
1173
380
2069
661
1890
646
1244
368
2090
661
2079
654
1982
644
2087
623
2075
541
1248
364
2033
689
2064
472
2177
653
2144
649
1584
671
1974
656
2065
696
1931
661
1977
669
2019
656
2208
674
2054
669
2073
669
1715
583
2005
633
2063
9485
2165
651
2043
651
2050
641
1835
570
2070
535
2121
707
1503
498
1642
516
2027
561
1990
659
2191
647
2012
657
1849
664
2393
647
2313
657
1915
637
1321
654
2207
654
2212
546
2052
358
2257
644
2373
628
2202
647
2340
654
2320
642
2212
694
2415
643
2035
672
2041
647
2213
673
1492
560
1952
649
1987
654
2022
654
2155
664
1869
601
2203
669
1403
9677
2165
534
1933
672
2017
649
2082
644
1988
574
2197
9093
2263
656
2057
662
2080
679
2130
657
2217
677
2245
649
2187
684
2300
657
2020
642
2063
371
2187
634
2057
649
2054
644
2207
664
2030
574
2260
667
2365
8738
2188
646
2325
655
2243
672
1315
370
2085
661
2087
611
1908
681
2147
539
2383
651
2338
674
2270
663
2235
604
2187
675
1342
386
2132
397
2130
671
2027
657
2143
656
2060
677
2029
655
2077
594
1984
651
2010
528
2037
660
2130
695
1746
445
2195
485
2283
651
2191
628
1997
498
2165
534
2311
650
2014
665
2060
672
2049
584
2079
671
2084
644
2482
666
2017
659
2152
644
2370
659
2188
646
2197
652
2155
647
2107
674
2150
666
2181
672
1372
540
2052
671
1947
659
2122
654
1986
639
2095
656
2120
661
1927
646
2157
652
1985
669
2014
677
2100
657
2009
625
2145
659
1823
453
2230
662
2185
662
2103
659
2197
644
2255
631
2195
449
2267
689
2142
651
2138
674
2094
674
2018
667
2250
553
2162
657
2028
692
2142
669
2052
670
2045
659
2142
679
2054
649
2233
666
2122
519
2213
667
2100
677
1921
659
2064
671
2169
653
2266
672
2152
669
2057
651
2055
507
1179
383
2177
648
1690
556
2145
674
2155
674
2149
649
1315
385
2065
679
2178
669
2020
691
2108
593
2180
682
1942
659
2092
662
2205
511
2192
621
1777
665
2014
651
2063
654
1258
671
1970
667
2052
675
2057
674
2271
561
2047
654
1926
667
2054
555
2065
435
2008
646
2014
672
1995
662
2067
646
2095
669
2031
646
2140
667
2067
647
2153
546
2132
659
1447
419
2293
697
1684
660
2130
639
2093
707
2059
654
1940
564
2084
643
2062
656
1475
436
2242
646
2164
669
2278
669
2020
671
1781
546
2117
651
2270
629
2042
691
2055
629
2108
644
2202
571
1912
615
2188
671
2169
665
2260
671
2142
666
2117
653
2039
601
2298
651
2308
657
1728
441
1981
620
2180
649
2030
656
1869
561
1682
652
1411
375
2172
657
2035
473
2295
654
2253
649
2218
671
2170
674
2290
664
2195
666
2283
666
1800
544
2157
671
2037
657
2117
514
2088
649
2100
679
1176
677
2313
674
2295
659
2360
671
2136
623
2267
671
2210
677
2037
663
2205
654
2235
654
1269
374
2170
612
2305
651
2292
662
2227
547
2360
657
2202
666
2325
658
2160
654
2132
627
2283
687
1310
373
2455
569
2404
609
2270
446
2398
559
2465
667
2162
696
2248
674
2356
659
2260
657
2242
553
1572
684
2257
679
2321
641
2492
654
2123
672
2248
571
2122
561
2170
664
2247
647
1423
373
1401
651
2235
657
2170
666
2373
664
2345
658
1535
370
2225
656
2390
669
2168
647
2288
701
2183
660
2135
592
2228
536
2381
652
2385
659
2228
644
2138
654
2200
488
2257
641
2172
639
1835
652
2217
657
2043
652
2015
497
2296
649
2179
646
2050
563
2069
538
2205
672
2319
641
2248
669
2190
374
2377
669
2180
644
1863
657
2305
664
2303
677
2245
659
2298
580
2526
434
2283
654
2195
374
2301
662
2192
643
2262
697
2253
661
2333
371
2276
658
1774
658
1937
687
2225
656
1898
550
2343
366
1616
623
2293
523
2332
666
2020
646
2250
645
2245
9992
2194
669
2305
662
2033
669
2072
552
2183
655
2117
499
2115
643
2162
697
2137
656
2223
9084
2181
553
1974
672
2011
586
2099
657
2110
666
1959
655
1955
626
1513
543
2055
679
1894
654
2075
576
1992
543
2040
682
2004
591
2259
666
2025
657
1899
656
2143
587
1889
625
2110
660
1917
659
1952
674
1198
670
2215
645
2067
530
2045
502
2092
661
2124
646
1968
652
1965
582
2133
654
1820
407
2195
661
2053
644
2014
661
1970
642
2227
668
2075
651
2140
661
2138
654
2043
696
2085
662
2031
668
1991
648
2223
797
1999
639
2085
646
2015
592
2258
646
2014
526
2152
661
2031
656
2125
659
2113
506
2020
651
2064
767
2060
671
2153
666
2003
654
2007
557
2190
676
2100
559
2218
688
2050
652
2033
597
2067
571
2196
679
2097
660
1977
649
2143
657
1212
370
2168
616
1985
656
2009
661
2117
503
1999
646
1944
656
2003
666
1671
519
2168
651
2023
376
2032
652
2120
654
2438
657
1917
656
2153
667
1416
448
2196
702
1942
657
2003
641
1957
671
2120
646
2183
659
