1914
662
1601
566
1921
644
1946
644
1992
565
1935
671
1894
536
2037
667
1933
690
1902
707
1970
668
1831
671
1925
504
1936
8599
1904
660
2113
677
1942
656
1944
686
1905
649
1958
672
1937
650
1867
569
1269
418
1969
365
1972
516
1849
666
1880
656
1839
659
1907
679
1912
667
1967
642
2037
679
1878
660
1937
672
1424
490
1842
519
1987
599
1932
644
1854
652
1997
644
2550
8698
1909
694
1940
611
1959
670
1899
559
1892
655
2167
660
2084
654
1975
395
1584
650
2010
644
1973
652
1980
651
1894
641
2077
463
2002
656
1897
658
1892
669
1904
649
1937
673
2009
643
8958
642
1896
671
1330
380
1882
674
1940
669
2012
657
2080
655
2054
647
1918
654
1917
671
2042
667
2108
659
1881
672
1871
616
1193
563
1973
382
1999
659
1977
671
1694
524
2073
693
2007
448
2050
679
1867
356
2053
650
1973
649
1975
671
1844
615
1990
692
2007
647
1934
632
1531
648
1936
654
1992
558
2069
656
1932
676
2055
654
2037
657
2110
666
1576
527
1982
553
1864
478
2253
664
2074
498
1852
532
2040
571
2142
681
1665
669
1705
659
1975
651
1384
563
1974
556
1902
656
1180
356
1912
659
2077
376
1910
654
1927
679
1907
641
2020
657
2014
381
1872
628
2229
667
2080
648
2057
649
2057
649
1970
671
1894
681
1995
567
1944
654
1972
656
1885
657
1839
674
2040
654
1947
582
2030
470
2120
672
1967
645
1981
431
2068
664
1963
679
1910
664
1936
531
1955
644
2087
664
2075
654
2062
679
1964
659
2007
652
1970
653
2000
669
2074
646
1970
684
1972
684
2040
574
2102
658
2108
559
1952
651
1990
689
1960
644
1619
561
2042
566
1874
667
1692
568
2004
647
1977
575
1972
672
1568
653
1780
635
1924
565
2012
666
1864
659
2000
657
1990
644
2084
644
1972
654
2097
646
1970
651
1837
482
2014
632
2132
666
1949
553
1857
702
2012
679
1954
385
2047
641
1962
677
2037
565
2145
681
1997
676
2042
484
1955
649
1987
662
2068
656
2097
682
1841
636
1955
669
1797
563
2100
563
1910
546
1945
656
1941
654
1981
667
1975
465
1879
737
1892
669
2010
666
2108
498
1955
669
2072
432
2029
649
1872
666
2117
644
2097
664
2060
574
1645
551
1992
670
2050
553
1907
601
2090
654
1313
376
2057
656
1583
441
2047
427
2000
665
2218
632
1949
655
1972
644
2092
567
1990
644
2017
659
2032
649
1851
649
2028
674
2060
679
1869
674
2014
644
1937
682
1995
669
1944
481
2010
679
1194
382
1995
672
1859
661
1872
651
1576
649
1852
672
1949
553
1952
657
2037
664
2037
387
2070
659
1967
446
1989
669
1720
477
2078
641
1874
655
1983
656
1975
566
1857
605
1942
561
2057
651
1934
668
2115
669
2039
636
1967
561
1922
662
2067
651
2000
611
1914
644
2040
657
1942
690
2087
667
1940
369
1107
375
1937
531
1621
438
1997
557
1942
487
1642
514
1980
374
1932
623
2017
437
2040
471
1921
641
2009
632
1935
649
1570
504
1922
544
1902
669
1907
657
1957
654
1918
644
2088
31352
2010
392
2110
675
2072
662
2058
662
2054
659
2120
646
1965
669
2120
664
2073
561
2009
510
1260
382
2069
675
2035
646
2233
666
1890
666
1994
711
1924
664
2111
549
2040
516
2033
640
1891
650
1988
512
1939
362
1622
556
1964
672
1962
526
2037
684
1901
670
1914
662
1608
461
2168
617
1959
674
2008
669
2048
9089
1989
662
1972
641
10956
649
2219
666
1937
534
1979
664
2058
674
2057
539
2161
604
2265
686
2117
620
1113
394
2033
652
1992
652
2002
657
2158
674
1910
646
1727
446
2070
661
2015
656
1274
386
1764
630
2103
563
1974
658
2027
569
1919
670
2100
667
1892
559
1757
667
1902
669
2005
526
1969
649
2045
627
2207
647
2074
657
2171
641
1987
686
1250
431
2009
671
1855
327
1779
650
2104
657
1832
433
2057
625
1907
386
2103
667
2084
654
1815
377
2020
489
2082
687
1983
652
1945
676
1974
660
2299
536
1954
651
2014
654
2064
654
1914
668
1473
555
1825
501
2017
664
1963
584
1972
646
1887
672
1872
551
2088
682
1930
499
2117
701
2175
654
1907
679
2413
545
2092
656
1872
539
2004
662
1960
657
2102
654
2223
697
2044
644
1944
632
2045
653
1715
664
1884
656
1959
649
2007
672
2029
667
2043
512
2135
649
2008
518
2325
670
2080
657
1974
659
2218
671
1438
464
2182
686
2114
669
1738
473
2062
671
2024
656
1955
656
1904
679
1659
670
2085
644
2073
654
1999
666
2276
644
1979
659
2170
649
2165
564
2007
484
1970
649
2038
644
2080
667
2138
644
1920
583
1932
679
2100
541
1966
656
2092
657
2148
646
2054
659
1971
632
2000
674
2090
636
2060
647
2145
493
1842
587
2142
666
2253
666
1927
667
1892
545
2200
656
2049
478
2155
508
1937
671
2122
630
2017
660
1886
656
1915
656
2057
653
1932
686
1407
427
2201
630
2195
639
2072
657
2003
661
2118
651
1413
450
2260
674
2017
601
2148
652
2187
631
2185
667
2037
651
2182
676
2032
675
2005
659
2090
661
2256
553
2042
595
2025
646
2222
682
2064
654
2097
653
1867
641
1948
642
2172
660
2265
646
2040
574
2085
641
2098
654
2070
654
1884
666
2087
657
2178
399
2059
515
1899
586
2153
668
2010
692
1717
529
2065
672
2195
679
2020
618
2119
619
2044
669
1684
561
1745
497
1225
344
2067
564
1586
677
2013
669
2283
641
2195
664
1940
664
2050
672
2127
656
1692
467
1783
492
1975
608
2039
643
1842
521
2105
657
2233
630
2074
666
2038
664
2090
675
1999
707
2268
652
2133
647
1994
594
2052
661
2027
647
2029
472
1937
687
2132
651
1905
644
2170
667
2117
649
1924
529
2203
389
2165
662
2045
657
2052
681
1867
322
2117
682
2077
662
2020
515
2069
659
2193
430
1944
626
1184
382
2129
581
2268
674
1864
559
2133
641
2124
634
1989
607
1266
364
2108
667
2228
672
2024
579
2027
649
2125
652
1949
540
2035
697
2062
644
2091
674
2029
536
1865
637
2153
646
2055
531
2165
642
2221
659
1987
669
1792
672
2105
652
2093
654
2069
649
2060
652
2170
674
2281
657
2137
577
2168
667
2044
654
2125
674
2213
666
1764
551
1240
391
2320
647
1997
566
1887
395
1920
651
2042
649
1892
644
1874
659
1726
674
2099
674
1962
604
1964
659
1857
672
1949
437
2000
654
2005
568
1897
659
1213
659
1939
671
1937
576
2233
493
1900
591
1965
667
1962
651
1967
659
2067
671
2167
380
1897
681
2004
686
1915
659
2180
666
2416
535
2077
642
2082
656
1552
674
1910
671
1536
507
2004
677
2005
644
2030
682
1963
380
2135
669
1960
674
1924
662
2024
662
1942
667
2065
659
2024
650
1844
659
2024
670
1307
431
1944
651
2034
563
1603
524
2045
664
1930
555
1967
616
2125
475
1677
567
2067
646
1970
659
11032
620
1980
646
1941
685
1582
553
1910
658
1945
652
1554
548
2117
654
2197
669
1937
532
2087
654
1665
649
2112
383
1960
647
2052
470
2064
644
2060
578
2067
566
1676
632
1954
8895
1975
9066
2042
604
1443
542
2331
662
2029
659
1967
645
2010
661
1931
618
1926
629
1905
507
1962
631
1952
652
1616
667
1899
493
1991
659
2028
654
1169
363
1636
511
1974
667
1884
644
2105
8947
1855
546
1854
667
1936
647
1635
661
1917
631
1937
619
2175
578
1997
671
1864
661
1854
639
1922
657
1937
559
1404
513
1960
659
2022
656
2031
376
1975
659
1967
669
2029
654
1942
641
2032
8918
1947
663
1887
634
1877
681
1210
381
2015
669
1940
659
2265
578
1968
561
1889
541
2137
647
2208
644
2027
587
1749
507
2050
555
1301
382
2082
657
2038
657
1917
674
2057
577
2092
667
2171
679
2057
651
2115
520
2158
526
1854
652
2067
657
1970
652
2007
671
1917
687
1929
674
2102
651
1301
368
1994
641
2002
672
1881
671
2013
684
2059
668
2060
547
1942
689
2055
651
1992
661
2189
667
2092
666
1974
651
1962
656
1990
669
1879
649
1964
656
1315
401
1912
692
1780
622
1984
646
2040
644
1894
569
2070
671
1503
433
2057
645
1957
707
1915
667
1410
464
2011
647
2075
547
1952
664
2080
671
2067
672
1906
717
2081
573
2012
619
1915
656
1909
659
2013
689
1534
494
2068
652
2073
656
1940
645
1884
428
2034
378
1982
677
2231
642
1967
639
2034
636
1527
300
2019
657
1967
659
2137
656
2053
654
2070
712
2027
674
2107
662
2112
617
1912
707
1656
568
2047
659
1363
653
1971
674
2157
528
2145
662
1857
666
2022
695
1954
475
2000
579
1917
659
1934
669
1915
584
2165
569
1995
664
1980
656
2048
657
2142
547
1942
687
2105
651
1690
545
1922
649
1760
565
1680
483
1375
447
2155
439
1550
523
1238
381
2220
567
2067
655
1627
553
1965
375
2288
472
2125
549
1986
444
2208
669
1967
641
1756
664
1901
654
2080
650
2115
377
2110
642
2062
655
1972
649
2078
709
2102
656
1925
662
1544
441
2105
661
2230
659
2072
674
2029
659
1984
557
2112
649
2017
655
2059
692
2032
696
2039
644
2173
652
2042
304
2090
657
2007
528
2090
649
1905
652
2077
654
2205
401
2117
692
2045
667
2027
593
2087
556
2179
666
2215
656
1234
389
1736
634
1878
654
1973
634
1967
689
1994
679
1891
574
1950
662
2127
659
2067
654
2097
676
2155
664
2506
671
2128
677
2037
686
2010
659
1758
544
1992
667
2268
627
2032
661
1990
674
1230
349
1962
657
1880
625
1711
664
2167
596
2175
687
1886
659
2170
664
1932
593
2150
646
2057
379
1997
664
2260
546
1250
674
2240
641
2067
543
2007
643
2108
584
2110
631
2125
467
2007
659
2158
663
1874
644
2004
691
1964
528
1980
601
2052
684
1648
475
1962
664
2027
659
1902
635
2167
646
2208
649
2195
644
1995
561
2118
697
2123
657
1945
657
2193
656
1879
697
1774
545
1922
654
2225
674
2100
664
1999
674
2152
671
2017
623
2075
638
1886
677
2014
657
2172
699
2055
678
2063
657
2070
651
2017
478
1884
21562
2083
666
2067
647
1954
554
1990
680
2072
700
2135
657
2203
652
2029
671
1947
528
1889
660
1962
664
2027
659
2145
669
2233
633
2005
657
2140
621
2107
656
2188
656
2320
596
2012
684
2113
549
2145
570
2335
647
2007
644
1939
451
1989
678
2193
548
1882
662
1987
672
2163
667
2200
691
2097
618
2115
657
2062
620
2193
661
2190
649
2060
656
2143
642
2197
667
1296
377
2138
674
2062
664
2115
657
2229
684
2243
659
2183
651
2072
660
1980
641
2114
639
2117
497
2188
672
2035
536
1934
611
2022
448
1925
431
1989
674
2047
652
2030
646
2035
669
1962
363
2045
649
2128
565
2063
644
2113
371
2005
654
2054
657
2210
729
1952
613
2127
656
2115
570
2032
642
2170
569
2232
537
1754
306
2112
654
1241
375
2112
619
2088
634
1879
692
2115
671
2042
680
2058
604
2050
656
1982
474
2067
659
1972
669
1612
677
2085
656
1960
659
1957
654
2175
653
2185
664
1719
654
1811
594
2165
385
1957
655
2045
667
1974
669
1754
557
2100
652
1872
691
1997
667
2135
654
1982
656
2090
565
2102
655
2065
660
1970
468
1912
514
2072
656
2072
607
1987
551
1661
477
1776
674
1751
479
1984
676
1877
662
2173
659
2035
612
1974
642
2035
654
2220
669
1869
609
2110
661
1643
565
1287
387
2055
596
2078
662
2025
647
2027
672
1954
589
1867
552
2210
656
2095
672
2022
653
2120
669
1982
519
1582
426
2200
677
2100
671
1356
441
2003
623
2165
659
2012
657
2308
655
2131
659
2023
546
2024
563
1940
696
1944
647
2149
626
2097
654
1969
624
2135
664
2245
664
1977
642
2029
553
1906
388
2202
547
2188
677
1998
642
1982
651
1877
679
1923
684
2009
632
2268
659
2168
664
2092
672
2002
661
2082
564
2157
676
1983
664
2105
667
2014
677
1966
483
1942
644
2080
553
1366
441
2198
644
1972
657
2020
538
2050
666
2140
625
1978
656
2132
659
1982
564
2181
547
2255
542
1791
426
1920
654
1952
654
2185
607
2152
694
2352
555
2130
670
2070
517
2253
657
2085
664
2004
505
2265
679
1756
469
2067
662
2025
687
1967
685
1924
664
2007
662
2270
490
2087
661
2074
644
2228
653
1356
383
2138
662
2040
668
2200
450
2082
667
2035
370
2027
651
2090
667
2192
642
2130
657
1976
667
2636
669
2188
641
2090
682
2040
661
1146
406
2014
669
1939
672
2173
649
2068
646
2009
468
2155
742
2037
656
2027
626
2201
620
2203
596
2185
654
1654
491
2047
661
1256
398
2002
559
1925
539
1947
540
1643
551
2062
669
2095
468
1912
641
1768
563
2110
708
2017
505
1974
684
2017
681
2328
638
2088
487
2192
649
2155
412
2000
613
2077
681
2062
603
1677
556
2135
641
2059
656
1932
629
1962
669
2045
667
2082
659
2005
672
2285
615
1872
501
1505
411
1590
429
2107
654
1229
381
2195
654
1734
606
1705
527
2033
654
1310
419
2039
724
1199
396
2013
483
2153
642
2065
667
2077
365
1230
681
2077
626
2072
674
2022
616
2067
615
2055
669
2012
664
2003
557
2052
659
2250
644
2072
674
2030
679
2167
597
2358
647
1907
656
2150
665
2260
667
2195
651
2020
666
1962
497
1629
376
1500
664
2228
541
2119
639
1665
581
2198
651
2120
660
2115
646
2308
669
2220
664
2155
659
2048
526
2077
649
2451
646
1762
484
2175
648
2251
612
2190
664
2123
541
2142
649
2120
644
1937
654
2082
581
2067
664
2148
636
2050
664
2123
672
2178
674
2124
551
2147
674
2149
602
2072
667
2060
647
2218
659
2010
692
2067
669
2308
674
2142
649
2097
563
2112
656
2147
672
2306
662
2000
659
1949
659
2022
482
2243
654
2102
671
2043
682
2047
671
2105
659
2053
621
2042
649
2060
571
2022
656
2002
674
2105
649
1310
371
1989
584
1942
674
2165
671
2017
647
2210
656
2117
667
2262
656
2210
634
2080
644
2152
697
2082
666
2200
546
2323
664
2192
549
2115
531
2163
682
2123
546
2089
458
2170
654
1379
364
2105
667
2141
617
2360
674
2012
717
2025
677
2090
686
2307
687
2390
643
2040
644
1839
481
2134
662
2090
644
2087
659
2093
667
2062
667
1258
392
2020
677
2255
672
2200
654
1307
375
1997
376
1952
697
2089
669
2145
717
2069
654
1798
557
2079
679
2022
551
1777
561
2243
656
2103
649
2210
662
1927
431
2082
662
1914
665
2010
672
1720
448
1747
561
2060
564
1917
669
2230
662
2173
642
2110
671
1460
358
2037
667
2286
659
2152
661
2139
647
1747
542
1854
511
2162
656
2002
646
2130
659
2088
654
2110
651
1485
423
1410
502
1751
660
2085
686
2122
669
2044
652
2147
644
2157
574
2050
531
2102
617
1969
573
2127
645
2120
705
2002
681
1178
672
2017
663
1956
537
1305
406
2057
657
2148
672
2068
675
1318
669
1908
669
2145
559
2165
669
2064
595
2057
661
2067
649
2030
566
2070
649
2215
604
1952
664
1995
652
2155
681
2120
490
1954
687
1972
655
1897
671
1967
659
2118
645
1781
443
1962
647
1162
305
2070
656
2028
673
2084
670
1876
664
1296
407
2044
639
1889
692
2092
571
2015
519
2035
689
2030
679
1997
659
1997
659
2140
642
2099
665
2019
679
2027
646
2107
574
1887
565
1273
392
2222
617
2070
373
2047
649
1995
533
1988
507
2052
666
2385
659
1997
669
2100
665
2150
643
1701
671
2230
674
2093
645
2075
348
2025
664
2100
657
1984
674
1861
545
2207
679
2152
491
2131
679
2100
644
2042
664
2255
538
1206
379
2331
479
1990
676
1969
655
2162
500
2097
539
1935
667
2147
558
1127
399
2238
672
2157
644
2237
644
1249
481
2210
694
1724
669
2090
676
1885
654
2080
662
2110
476
2020
679
2163
670
2034
571
1979
614
2140
458
2087
661
2060
665
2032
472
2097
654
2083
659
2110
654
1991
656
2090
644
2033
687
2168
655
2052
659
2075
462
2071
555
1854
589
1952
669
2052
639
1630
644
2162
551
2007
692
2060
661
1889
659
2120
689
2069
9316
1127
368
1218
648
2068
581
1322
374
1950
629
1745
654
2080
685
1711
553
1987
427
1166
8923
1974
691
2027
561
2157
649
1990
677
2083
656
2120
655
2185
702
1984
666
1987
9005
2103
534
1920
341
2149
561
2107
533
2033
488
2048
22331
2019
641
1894
664
1948
669
2092
634
1997
360
1753
572
1905
646
2050
664
1921
524
2060
677
1744
553
2180
674
2052
646
2391
618
2308
646
2348
499
2148
659
2112
664
1983
657
1871
564
2215
606
1944
551
2199
604
2300
351
2226
696
2103
545
2192
654
2213
649
2391
309
2072
667
2265
679
1730
447
1064
687
2140
669
1874
694
2118
656
1920
676
2080
597
1229
551
2127
371
1819
553
2043
667
1280
381
2014
656
2247
624
2228
9327
2435
681
2098
651
2210
649
2165
656
2261
662
2192
559
2163
639
2092
649
2032
382
1973
654
2060
652
2047
673
2185
664
2199
632
2247
656
2235
644
2210
555
2275
683
2293
654
2202
377
2185
662
2119
554
2208
646
2123
657
1811
664
2188
651
2192
651
2227
666
2260
669
1134
378
2055
378
2025
671
2097
675
2155
652
2153
660
2155
692
2150
526
2090
674
2034
646
1884
656
1392
437
2077
626
2283
664
2123
682
2007
664
1894
509
2288
654
2198
664
2292
654
2077
556
1990
702
1840
687
2185
649
2212
656
2148
646
2148
690
2113
601
2162
577
2085
591
2072
702
2177
558
2155
669
2220
659
2187
382
1982
564
1956
564
1948
664
2079
533
2307
664
2187
654
2147
651
2030
661
2092
680
1935
659
2112
702
1942
634
2278
656
2080
514
2109
656
1936
544
2200
521
2079
636
2258
664
2263
674
2068
639
2208
669
2172
664
1823
653
2440
652
2081
549
2058
641
2055
566
2033
669
1952
663
2117
632
2002
657
1942
661
2286
532
2030
667
1627
492
2155
608
2125
644
2078
530
2082
647
2203
659
2291
653
2111
672
2018
620
2068
664
2180
667
2078
607
2243
662
2025
447
2085
672
2195
374
1934
488
2170
565
1672
542
2145
694
2340
556
1856
667
2005
647
2182
659
2252
662
2005
692
2195
654
2195
714
2110
403
1733
477
2012
642
2330
681
2220
672
2117
650
2022
669
1995
555
1711
649
1952
574
2119
650
1791
671
2007
653
2065
667
2100
631
2273
649
2155
646
2022
657
2074
574
2087
664
2162
651
2118
644
2077
672
1912
368
2035
529
2020
664
2019
656
2182
656
2047
557
2042
672
2182
674
2144
541
2100
659
2110
701
1270
666
2125
622
2044
643
2072
649
2202
649
2107
487
2133
559
2195
626
2209
689
2105
654
1977
644
2087
682
2117
557
2273
557
2350
681
2097
644
2163
659
2400
652
1959
666
2208
531
1410
382
2341
384
2195
654
2074
657
2145
649
2155
684
2263
618
2077
654
2266
676
2187
652
2252
659
2177
646
2027
553
2230
595
2170
531
1987
674
2089
686
1864
661
2320
659
2188
657
2215
660
2333
647
2148
669
2160
599
2425
501
2115
684
2223
647
2231
664
2058
636
2042
668
2260
646
2303
669
2195
642
2455
674
2263
657
2172
656
2119
644
2218
665
2249
651
2448
659
2539
654
2297
474
2321
661
2307
664
2313
651
1916
659
2271
669
2118
667
2374
619
2342
662
2227
666
2358
486
2360
641
2198
659
2099
462
2078
654
2290
644
2365
651
1865
562
1448
661
2298
694
2280
492
2245
649
2283
694
2175
667
2258
592
2248
644
2283
659
1403
644
2323
604
2255
657
2403
646
2024
632
2333
656
2285
654
2125
574
2270
524
2215
666
2195
621
2136
627
2163
494
2173
548
1421
671
1926
662
2180
664
1977
623
2391
536
2286
614
2430
665
2265
644
2310
375
2243
647
2295
649
2313
655
2265
655
2247
679
2235
664
2321
656
2508
666
24621
664
2278
426
1957
652
2368
687
2468
679
1390
392
2170
669
2277
375
1930
694
2287
697
2310
662
1457
377
2375
662
2157
658
2203
666
2165
675
2263
657
1687
444
2162
669
2365
670
2025
672
2183
564
2278
641
2035
665
1949
584
2074
680
2152
667
2142
649
1218
389
2353
677
2089
649
1563
513
2203
674
2104
649
2057
658
2033
623
1642
516
1957
634
1207
679
2097
649
1992
552
1920
672
2072
535
2207
659
2121
641
2057
693
1982
500
2010
709
1338
396
1902
627
2098
636
1992
561
2105
649
2275
664
2122
559
1872
634
1892
687
1962
669
2084
554
1962
641
2246
544
2022
657
2009
644
1381
439
1904
684
2105
651
2094
658
2113
649
2063
656
2100
660
2030
654
1755
484
2015
652
2073
661
2047
661
2169
644
2120
656
2042
650
2062
470
2248
648
2157
643
2030
654
2102
687
2135
649
2160
659
2060
657
2015
666
2092
446
2145
694
2188
651
2025
507
2132
613
1990
537
2077
574
2079
561
2064
528
2047
670
2074
656
2112
672
2115
657
2079
651
2117
523
2062
695
2162
622
2020
323
1984
651
2112
654
1561
374
2062
689
2062
380
1619
676
2025
657
2112
613
24108
554
1862
569
2165
673
1974
672
2066
531
2032
657
2105
654
1917
679
2037
644
