2058
659
1640
674
1879
662
1965
678
1504
488
1835
657
2054
659
1376
332
1979
662
1666
553
1722
465
1855
409
1961
654
1879
667
1831
671
1892
659
1892
676
1877
669
2115
430
1925
647
1859
586
1580
696
2028
669
1897
649
2072
651
1458
467
1831
323
1902
682
1874
641
1897
669
1907
659
1864
625
1192
370
1506
643
1882
664
1849
425
1852
565
1578
652
1115
370
1856
637
1879
691
1096
379
1871
500
1856
669
22273
667
1890
674
1909
671
1939
662
2077
373
1912
531
1869
672
1892
642
1914
651
1086
660
2072
649
1912
657
2099
577
2042
571
2070
667
1658
666
1927
526
1743
669
1970
677
1652
669
2060
659
1984
654
1942
393
1947
705
1934
656
1949
657
2052
657
1930
436
2014
438
1922
481
1894
667
1906
677
1992
649
2063
693
1560
669
1962
639
1864
671
1839
656
1866
584
1894
334
2047
641
1915
659
1927
654
1940
654
2169
651
2175
639
1949
687
1970
649
1917
667
2060
542
1942
657
1954
646
1942
434
1937
658
1762
495
1509
656
1970
660
1957
653
2035
652
1929
669
1628
423
1972
511
2000
686
2007
653
2170
642
1889
695
1914
504
2012
650
1892
682
1922
659
2048
667
2055
651
1877
684
1721
505
1975
651
1954
656
1864
658
1884
644
1831
568
2017
663
1155
380
1865
380
2012
649
1770
661
1952
694
1957
652
2029
649
2080
653
2040
651
1896
513
1959
438
2080
674
1862
632
1969
641
1982
557
1580
666
2009
666
2027
473
1540
561
1972
589
1912
656
1997
662
1920
563
2072
664
1888
545
2030
654
1850
658
2095
669
2118
381
1897
652
2050
662
2032
601
2007
669
1557
543
2027
619
1837
659
2020
662
1925
571
2423
536
2032
668
1944
689
1857
660
2095
654
2005
659
1824
565
1958
657
1867
679
1972
671
1724
535
1827
669
1226
352
1987
666
2034
652
1711
666
2005
586
2042
632
2012
657
1967
563
1944
652
1865
682
1954
636
1947
669
2062
587
1969
669
1872
670
1872
654
1927
652
1917
380
1925
654
2041
654
2112
557
1959
496
1947
669
1949
654
2030
657
2035
666
1866
546
1902
657
1910
664
2025
663
11735
671
1747
629
1995
669
1869
697
1995
654
1974
646
1892
652
1990
667
2092
659
2059
701
1949
651
2020
669
1849
668
1854
572
2012
391
1942
671
2014
662
1389
497
1935
681
2085
642
2049
341
1982
659
2147
681
2017
644
1997
656
1942
642
2047
490
1934
644
1956
650
2025
557
2060
689
1999
662
1173
382
1834
672
1554
657
1934
617
2083
379
1914
657
1807
623
2037
647
1932
582
1922
646
1931
682
1670
660
1977
699
1484
431
1935
572
1919
640
1949
664
2009
659
1872
642
1874
705
2058
468
2030
602
1837
601
1896
687
1852
666
1875
586
2032
651
1669
557
1985
674
2438
672
1901
659
2226
658
2094
659
2272
666
1967
488
1909
500
2117
675
2030
488
1932
646
1960
674
2029
660
2017
646
1935
656
1909
670
2150
667
1310
678
2177
682
1851
455
1854
656
1952
652
1972
653
1699
673
2056
664
1673
518
1907
656
1939
523
1929
659
1907
652
1987
649
2029
647
2098
529
2228
484
2070
656
2004
654
2133
654
1540
679
1981
606
2080
489
1975
399
2055
667
1987
632
2047
657
1994
666
2040
656
1990
9011
1735
664
2029
664
2230
479
1193
656
2173
652
1897
616
1995
669
1937
667
1917
661
1949
639
1992
669
1932
654
1997
677
1872
664
1160
383
1917
669
2120
695
1202
345
2145
634
1940
671
2128
674
2019
656
2150
652
1922
646
1108
689
1872
667
1949
656
2142
674
2059
655
2027
558
1392
351
2070
505
1860
669
1604
664
2129
539
2030
646
2045
666
1911
540
1932
488
1877
664
1964
659
1910
370
1896
616
2035
669
2119
525
2292
651
2120
654
1879
641
2014
653
1882
625
2095
590
2084
684
1842
672
1944
663
1894
506
1851
478
1942
328
1932
664
1762
681
2138
523
1954
656
1972
334
1876
545
1957
659
1942
651
1994
598
1615
492
1138
681
2180
699
1934
641
1957
674
1922
659
1906
656
1997
666
1957
677
1995
644
1952
632
2025
669
2008
669
1870
669
1887
662
1844
649
1656
689
1912
656
1896
637
1980
367
1904
674
2421
656
2090
672
1967
634
1996
689
1951
667
2198
629
1977
684
2197
657
2082
9445
1978
667
1987
455
1874
659
1610
669
1894
671
1935
674
2131
672
2190
657
2017
661
2077
447
2153
641
1989
636
1924
567
1991
662
2097
9289
2245
661
2012
663
2072
664
1905
682
2023
657
2059
653
2030
560
2172
646
2059
676
1952
651
1907
667
2102
549
1835
602
1606
670
1547
525
1637
641
1962
644
2151
649
2027
649
2245
649
1859
704
1762
553
1604
499
2122
644
2070
659
2048
682
1993
656
1658
466
2062
561
2153
654
2115
654
2132
589
1984
664
2159
636
1708
654
1907
659
1912
662
2073
547
1964
511
2005
559
1984
644
2100
644
1834
557
2053
426
1930
556
2002
581
1529
490
1914
677
2232
644
2097
632
1838
668
2040
667
2035
431
2039
664
2039
656
2195
654
2170
654
2012
9294
2148
671
2020
672
2107
646
1844
573
1429
445
2027
657
2042
521
1665
535
2155
667
2118
500
1712
674
1887
664
2004
619
2192
657
2182
684
2142
667
2131
644
2170
397
2077
667
2139
644
2117
486
2150
656
2037
656
2037
659
2014
634
2017
656
1962
636
1990
661
2002
672
2093
659
2157
548
2017
566
2065
659
2015
657
1864
647
2047
656
1922
656
2075
669
2109
652
2180
654
2092
692
2172
649
2215
705
1492
443
2075
670
2205
652
1868
674
2373
644
2097
551
1964
664
1972
679
2140
646
2213
657
2113
632
2042
682
1912
682
2015
671
1974
599
2015
656
2040
622
1947
674
1846
578
2203
647
2185
669
1908
669
2183
569
2133
634
1742
547
2007
634
2067
644
1867
644
2017
669
2113
660
2286
651
1940
649
2221
644
1314
686
2065
545
2105
669
2198
676
2208
666
2139
649
1100
378
1836
467
2175
687
2195
358
2203
514
2060
578
1731
526
2095
674
2058
641
2115
668
1814
694
2143
655
2113
654
2253
659
2055
599
2003
674
1995
562
1956
625
1732
545
2528
644
2017
672
2157
559
2240
599
1427
486
2401
672
1990
615
2108
641
2112
677
1947
629
2021
659
2037
689
2152
662
2088
449
2263
667
2506
689
1944
659
2111
644
1972
639
1088
384
1741
566
1323
371
2115
672
1914
579
1920
658
2107
662
1984
711
2020
641
1869
669
1894
617
1914
654
2012
667
1961
656
1849
699
2030
574
2331
654
1031
378
1627
681
2060
664
1989
321
2079
545
1905
669
1863
543
2007
566
2102
619
2123
635
2035
622
1897
659
1969
647
1969
649
1867
669
2303
366
1926
691
2017
601
2050
662
1980
648
2035
671
1952
654
2027
509
2320
691
1939
644
1949
16055
1974
651
2024
662
2010
666
1740
564
1987
657
1847
452
1885
656
2097
684
2039
687
2152
669
2025
667
1976
577
1960
664
1919
666
1923
664
2175
667
1980
671
1508
504
1889
615
1610
515
1874
662
2047
562
1954
659
1952
662
1950
649
1944
655
2042
644
2190
676
1936
659
2085
551
1957
671
2163
642
2005
664
1027
279
2047
581
1846
575
1495
475
2070
643
2057
555
1957
664
1876
671
1990
702
1982
692
1937
667
2035
672
1839
661
1917
669
2107
646
1922
626
2039
661
2017
702
2065
666
2047
568
2195
671
1909
663
1934
660
1944
659
1969
677
2020
649
1553
526
1875
642
2047
675
1929
661
2022
657
2027
656
1987
651
2007
493
2107
566
1930
635
2019
538
1945
653
1927
656
2032
649
2012
672
2073
652
1942
644
1908
604
1989
652
1967
653
1879
441
2062
684
1987
634
2292
662
2042
674
1824
654
2017
553
2183
659
1416
659
2085
672
2080
492
2200
9316
1798
624
2088
483
1942
641
2060
676
1834
654
2022
474
1902
662
1949
663
2055
646
2092
655
1969
372
1952
662
1903
655
1904
672
1964
666
1897
644
2112
654
2009
644
1047
654
1924
647
1125
379
2040
677
2039
649
2133
616
2057
659
1999
659
1959
659
2015
664
1864
679
2090
646
1636
490
1218
374
1963
649
2067
692
2024
671
1970
618
1982
677
2185
652
1967
550
2029
661
1339
626
1949
657
1924
664
2042
666
2045
654
2215
576
1950
634
1498
476
1837
448
1881
669
1872
657
2055
643
2140
666
1979
674
1897
641
1965
656
1980
644
1967
651
1967
654
2050
652
2135
659
1139
330
1783
582
2160
551
2129
493
2007
563
2020
610
1776
492
1972
642
2113
673
2220
679
1970
648
2098
545
2288
644
2005
639
2070
334
1675
651
1882
664
1857
651
1999
666
1525
424
2037
675
2138
591
2318
603
2015
679
1935
672
1955
652
2020
676
2178
659
2050
578
1995
704
1953
594
2119
682
2074
655
2085
666
1877
654
1915
666
1753
568
1987
664
1962
646
1972
649
1937
653
1979
656
2095
697
2017
654
2117
674
1921
591
2213
641
2092
616
1982
654
2135
571
2145
657
1875
643
2022
662
2085
677
2157
670
1992
659
2172
659
1894
677
1924
549
2012
669
2240
563
1942
518
2012
647
2175
665
1879
374
1852
634
1982
672
1961
651
2020
697
2030
654
1658
667
1987
654
1971
689
1991
677
1977
642
2020
661
2215
656
1979
674
2095
642
2175
644
2270
644
1238
375
1830
565
2057
662
1959
644
2050
644
1489
466
2098
551
1677
565
2165
661
2135
676
1920
669
1982
649
2012
674
2112
659
1990
604
2034
555
1978
645
2242
656
2093
644
2147
689
1937
364
1882
651
2295
679
2022
657
1728
630
2047
481
1657
477
2080
552
2102
546
2017
647
2090
384
1150
369
1778
592
2015
628
2008
657
2072
571
1934
696
1871
647
2085
689
2342
426
1705
475
2070
641
2052
651
2025
645
2215
657
2050
689
1989
554
1934
650
1706
564
1987
657
1974
551
1998
684
1757
656
2009
711
2105
644
1967
676
1952
662
1952
654
1950
589
2133
652
2006
677
1952
674
2147
548
1277
372
2007
676
2078
471
2065
664
1930
644
2069
677
2052
647
2128
659
1696
654
2095
659
2112
644
2007
659
2059
657
2010
644
1804
488
1738
666
2050
548
1703
502
1942
644
2078
529
1919
547
2040
649
1155
382
2129
649
2102
641
2182
664
1966
567
1965
555
1842
672
2017
652
1947
689
1861
671
2196
654
2072
9251
2067
662
2022
439
2107
674
1677
538
2050
670
2077
666
2225
670
2065
454
2087
657
2017
609
1989
548
1950
704
2110
659
1857
662
1772
562
2255
668
2310
627
1994
597
1974
669
1914
568
1950
674
2072
664
2060
648
2158
656
2200
486
1745
536
2060
649
1977
361
2182
646
1977
556
1796
551
2043
672
2027
656
2098
672
2140
665
2027
634
2023
671
1907
542
2042
657
1965
647
1149
373
2117
501
2121
629
2062
679
2210
666
2037
499
1919
657
2090
536
2107
669
2015
638
1920
455
1999
560
2240
652
2157
595
1954
694
2110
684
2070
664
2090
634
1987
656
2063
696
2313
662
2007
657
1879
662
2105
636
2057
659
2100
689
2451
521
1937
529
2100
671
2225
653
1906
668
2140
657
1937
644
1952
601
2155
361
2040
678
2260
687
1970
327
2035
646
2042
662
2004
673
1963
647
1897
670
1967
674
2123
685
2045
662
1508
646
2000
664
2098
423
2050
676
2100
685
1852
667
2090
676
2062
660
2065
537
2025
664
2067
662
1867
659
1654
571
2117
502
2070
604
1640
514
1923
601
1952
587
2100
664
1950
697
1914
589
1999
583
2215
669
1965
672
2055
651
2040
319
1922
689
1907
654
2009
446
1857
679
2133
567
1935
676
1992
667
2070
656
2130
671
2031
536
1872
644
2020
669
2104
677
2055
657
1256
662
1985
674
2198
669
1180
661
2019
592
2150
565
2173
665
1925
649
2143
559
2317
362
2135
652
2090
659
2057
561
2045
666
2022
589
1907
626
2077
649
2178
676
1924
706
2105
681
2057
670
2055
644
2020
657
1235
388
2032
656
2188
657
1924
656
2022
679
2307
667
1642
557
2017
689
1992
671
2145
664
1625
664
2052
661
1909
634
2002
682
2152
587
1870
516
1976
603
1850
553
2059
646
2112
679
2067
664
1958
659
2115
644
1994
644
2033
657
1955
661
2155
531
1881
656
1924
521
1931
657
2037
656
2063
562
2181
654
2037
669
1313
369
2047
662
2163
660
2065
423
2165
644
2323
639
1876
666
1997
579
2042
499
2055
648
1993
661
2078
669
1998
682
1748
382
2087
626
2053
701
2120
669
2123
639
2095
419
1952
548
2024
669
2075
604
1922
662
2211
641
1977
659
1915
685
1947
412
1319
374
2137
677
2251
506
2128
666
2162
495
2047
563
2215
639
2216
606
1958
643
2074
671
2027
558
2060
674
2111
657
2015
553
2022
664
1300
437
1661
671
1469
529
2000
673
1909
503
1949
691
2190
682
1977
663
2032
656
1920
657
1992
665
2037
641
2122
546
2057
379
2004
672
2025
636
1188
378
2306
667
1880
374
1967
690
2127
659
1937
678
1945
642
2287
626
2037
674
2009
646
2205
654
1167
388
2151
649
1922
660
2161
653
2308
647
1912
654
2172
657
1965
584
1636
669
1833
588
2145
658
1962
422
1772
546
2010
691
2252
700
1985
671
1956
623
2050
373
1279
370
1654
540
2057
621
2010
667
2152
559
2189
653
2040
664
1972
639
2142
616
1528
427
1942
673
2100
652
1919
618
2040
690
2446
481
2029
546
1944
349
2114
628
2012
680
1826
565
2110
544
1778
676
2109
659
2009
602
2125
657
2062
656
2195
546
2230
654
2465
652
2215
439
2085
664
2261
634
1220
379
2117
712
2133
564
2110
644
2030
586
2007
664
2095
657
1993
622
2133
656
2195
591
2180
674
1288
390
2147
533
2013
561
2037
534
2113
659
2122
331
2015
661
2095
587
1964
397
2145
654
2053
624
2019
643
1992
647
2167
478
2027
684
1806
652
1980
667
2022
536
2085
555
2255
644
2290
431
1942
563
2108
574
1980
719
2258
657
1984
649
2183
659
2052
657
2019
672
1671
508
2307
589
2158
656
2035
9114
2112
534
2070
543
2187
652
2157
652
2210
692
2173
602
2082
664
2175
610
1969
523
2084
677
2190
657
1778
557
2167
530
1837
472
1794
446
2365
666
2601
634
2240
679
2290
566
2000
664
1680
473
2022
645
2202
565
2000
674
2148
657
2048
654
1829
591
2494
551
2040
581
2446
654
2034
561
1378
372
1783
651
2181
649
2017
671
1982
697
2024
644
2240
649
2189
651
1832
591
2132
662
2072
669
2045
664
2142
654
1838
586
1772
674
2068
684
1733
561
2088
659
2060
714
1912
628
1950
648
1989
671
2092
647
2132
662
2002
670
2072
499
1862
516
2210
656
2091
601
2100
648
1625
545
2158
694
1223
331
2043
528
2149
669
2013
699
2018
664
2024
447
2035
641
2230
651
2115
546
1857
566
2010
657
1196
349
2097
652
2032
667
2045
657
1980
654
2065
666
1998
672
2045
697
1864
666
2165
553
1947
671
2002
644
1939
656
1879
523
2115
634
2079
641
1203
373
2004
657
1904
380
2099
644
2378
642
2042
654
2034
642
2170
655
1321
406
2039
654
1932
557
1862
644
2180
656
1849
673
1636
559
2057
684
2037
644
2098
579
2037
664
1231
369
1882
669
1950
654
2132
674
1939
672
1987
661
2107
653
2032
659
2145
651
1192
510
2115
656
1939
652
1866
341
1347
400
2077
694
1929
657
2007
677
2077
670
2078
554
1762
629
2052
506
1925
674
2336
664
1954
673
2125
656
1977
657
1764
687
1962
645
1565
495
1889
519
1292
646
1965
644
1925
569
1995
650
2245
690
2122
654
1979
669
1869
658
2001
662
2072
642
2175
656
2107
702
2097
656
2045
644
2067
659
2008
642
1947
651
2165
499
2087
449
1982
664
2019
613
1949
503
2152
665
1887
378
2179
492
1919
671
1997
516
2188
654
2047
651
1980
652
1962
662
2187
667
2145
656
2067
653
2145
659
2155
661
2171
673
2059
739
1980
597
1967
653
2165
546
1974
611
2198
637
1912
561
1907
677
2147
671
2168
679
2073
647
2182
647
1934
664
1989
649
2145
661
2080
667
2143
511
2108
513
2172
699
2117
661
2042
667
1143
371
2097
679
1997
375
1204
653
2017
544
1919
662
2188
644
1607
684
2000
672
2020
737
2115
655
2017
720
1568
531
2095
633
2138
553
1920
538
1776
671
2110
644
1890
664
1962
520
1244
382
2148
679
1939
616
2162
659
1723
565
2283
672
1962
662
2109
657
2060
551
2087
646
1819
579
2045
669
2162
659
2010
656
1971
672
1978
630
1230
405
2017
630
2005
604
2054
577
2145
656
2122
564
1844
697
1790
551
2077
502
1952
657
2287
669
1947
664
2100
632
2032
559
2168
464
2155
677
1941
543
1929
604
2169
657
2130
647
2318
666
2000
637
2200
741
1384
409
2205
674
2359
644
2230
669
2458
419
2150
592
2288
661
2075
659
1937
649
1972
651
1148
372
2042
572
2034
644
2060
606
1955
652
1874
669
2286
679
1970
566
2105
502
2050
656
2148
662
2034
642
2279
559
2059
657
2282
554
1982
671
1995
659
2220
672
2030
704
2177
486
2251
666
2160
720
2080
675
1994
651
2025
662
2162
677
2316
659
2040
686
1892
677
2516
652
2185
618
2295
537
1683
664
2045
669
2120
651
2308
686
2207
704
2140
643
2160
672
2225
666
2161
654
2215
651
1553
654
2341
660
2050
396
2092
656
2068
659
2135
576
1932
666
2158
699
2228
654
1940
671
2243
671
2163
654
2004
669
2157
434
1859
501
1999
649
2145
689
1844
426
2265
664
2280
657
2030
643
1652
506
1972
659
2127
654
2178
500
1466
372
2253
646
1995
646
2057
624
2259
656
2077
676
1260
317
2142
681
2027
679
2004
445
1250
362
2138
627
1621
649
1929
570
1982
365
2052
393
2207
561
2148
649
2013
674
2065
651
2023
539
2263
674
2115
696
2221
709
1144
398
2328
550
2032
671
2007
646
2118
661
1982
654
2078
642
2243
664
2246
654
2032
649
2235
674
2489
613
2085
656
2388
596
2223
672
2145
661
1681
652
2117
679
1935
667
2044
667
2094
657
2012
569
1976
672
1917
643
1955
689
2115
642
2058
644
2258
408
2092
687
2035
657
2182
538
2137
663
2020
664
2028
630
2045
625
2129
575
2150
661
2077
579
1378
377
1883
545
1954
646
2130
575
2243
669
2081
654
2030
679
1990
562
2336
686
1965
673
2090
656
1990
667
1912
658
2200
671
2117
689
2057
436
1989
656
1976
555
2241
664
2105
625
2018
689
1992
667
2055
451
2152
659
2233
564
2190
641
2163
644
2155
669
2100
554
1990
661
2004
422
2063
656
2004
666
2057
649
2043
565
2120
669
2152
632
1861
486
2350
671
2112
703
2357
360
2151
656
2144
692
2290
675
2361
654
2060
674
1762
531
2155
666
1972
671
2030
564
2202
662
2070
657
1972
674
2142
304
2629
382
2067
656
2110
671
2099
658
2107
656
2173
644
2280
649
1955
646
1502
491
2052
669
1979
661
1793
632
2160
669
2099
501
2123
658
2045
439
1609
502
2000
694
2252
655
1949
669
1954
437
2032
677
2247
636
2279
712
2235
652
2023
472
2374
674
2062
664
2050
659
2114
654
2220
664
2172
666
2185
654
2283
657
2295
656
1266
383
2144
657
2191
528
2227
664
1990
457
2213
656
2169
656
2170
657
2125
611
2528
671
1281
659
2148
258
2101
659
2185
662
2411
497
2243
671
2261
671
2112
609
2320
622
2281
656
2378
649
2230
672
2323
369
2172
652
2278
664
2398
655
2400
656
2375
659
2245
646
2348
666
1378
372
2243
490
2400
602
2188
666
1623
403
2425
649
2435
676
2445
662
2283
582
2446
676
2215
659
2360
560
2296
696
2375
644
2250
521
2169
523
2171
674
2175
644
2133
659
2247
670
2178
696
2391
572
2303
643
2228
682
2128
629
2198
672
2260
651
2380
692
1774
529
2148
699
2300
646
2034
641
2248
654
2165
659
1844
606
1452
347
2215
659
2345
647
2308
651
2310
679
2353
631
2215
657
2336
691
2265
664
2263
657
2245
631
2160
506
2231
657
2323
584
2238
667
2292
669
2208
662
2168
560
2266
483
2268
668
2321
651
2265
644
2198
664
2022
376
1917
654
2235
669
1891
517
2271
657
1805
666
2260
518
2120
647
2065
551
1972
676
2140
707
2259
702
2412
579
2043
649
2012
677
2393
679
2256
655
2282
656
2019
541
2025
694
2065
611
2035
636
1578
503
2087
670
1915
636
1585
622
1607
501
2258
567
2022
583
2212
512
1202
679
2253
645
1714
469
1866
641
1671
562
2042
587
1747
549
1425
487
2072
662
1952
580
2020
652
2162
677
2058
657
2067
671
1857
12169
2105
659
2150
626
1245
381
1676
521
2090
632
1874
664
2065
672
2152
664
2080
669
2168
581
1972
624
2198
554
1932
672
2095
649
2080
664
2093
644
2009
674
1975
484
2006
672
2142
628
2167
664
2115
396
2418
654
2058
664
1263
429
2175
641
2185
654
2085
500
2017
646
2220
645
2008
661
2153
599
2160
642
2069
656
2093
694
2155
473
2431
644
2025
657
2242
622
2090
666
1994
559
2017
672
1997
654
1949
642
2130
669
2062
615
1915
492
1952
644
1884
641
2202
672
1932
656
2120
644
2295
682
2140
697
2012
659
2255
406
2038
9676
2002
674
2008
559
2028
655
1205
619
1618
644
2000
659
2103
668
