1954
686
1852
654
1950
727
1916
651
1955
672
1847
666
1955
651
2062
696
1914
694
2192
599
1879
689
1539
551
2009
9160
1606
546
1869
602
2057
382
1867
669
1927
665
1864
669
2002
523
1914
664
2022
659
1960
672
1861
662
1911
657
1922
657
1937
674
1872
576
1901
661
1967
611
1897
481
1841
321
1834
666
1892
644
1580
561
1947
657
1879
538
1874
667
1884
670
1955
651
1952
666
1069
376
1974
673
1977
644
1844
484
1922
630
1560
560
1927
671
1220
447
1939
655
1812
622
1907
661
1513
652
1837
671
1084
379
1935
453
1228
675
2022
419
1929
667
1949
559
1887
563
1969
674
1934
657
2005
700
1578
682
1862
652
1987
9028
1985
679
1847
321
1750
569
1897
664
1845
659
1900
544
1882
689
1926
657
1618
552
1874
484
1955
490
1950
644
2022
674
1905
672
1837
654
1929
448
2037
689
1957
649
1340
704
1945
566
1630
651
2014
470
1997
671
1979
670
2050
667
2020
489
1977
642
2032
443
1953
655
1992
475
1942
669
1952
674
1900
657
2002
657
2002
369
1909
604
1909
665
1204
365
2100
666
1946
682
1946
529
1871
656
1975
523
1974
644
1945
9111
1421
674
1915
655
1969
649
2070
477
2005
636
1985
512
1496
315
1987
647
1962
661
1836
657
1834
456
1950
559
1864
361
2050
652
1866
641
1985
620
1952
647
1680
562
1969
505
1960
669
1880
563
2069
653
1975
657
1561
533
1957
754
2069
647
2037
652
1904
642
1929
666
1844
413
2000
624
1936
654
2010
679
2005
672
1303
654
1924
657
2125
549
1881
427
2022
630
2022
672
2033
637
1942
672
1924
621
2069
652
1859
604
2004
664
2055
660
1842
9407
2072
668
1927
654
2064
365
1938
672
1904
461
1710
516
1885
669
1915
620
1844
576
1910
697
1990
664
1922
541
2419
656
1697
574
1965
672
2044
639
1397
482
2025
659
2162
656
1920
672
2120
596
2092
652
1980
654
2038
553
2029
395
2029
674
1915
654
1927
642
1862
674
1950
538
1987
639
1101
374
1422
375
1516
502
2049
654
1916
664
1987
674
1623
559
1953
647
1994
674
2024
644
2002
544
1973
649
2040
647
2034
641
1987
654
1975
669
1954
674
1975
661
1515
376
1768
551
2120
674
1881
599
2029
656
2052
654
1934
644
1969
636
1870
608
2014
661
1631
456
1985
659
2498
436
1880
641
1915
687
1925
669
1875
686
2052
671
1997
657
1936
672
2007
644
1924
652
1839
656
1956
570
1892
656
1876
654
2205
444
1956
307
1948
666
1845
601
2278
677
1974
720
2040
669
1975
659
1837
663
1865
719
2030
647
2104
591
1955
591
1922
657
1959
642
1974
583
1917
541
1902
639
2030
520
1754
632
1842
676
1927
654
1946
646
1938
529
1896
395
1865
444
1711
436
1969
499
2157
646
2012
684
2242
646
1935
674
1927
584
1291
367
2195
649
1942
654
1926
605
1947
634
1880
551
1924
670
1889
689
2080
670
2030
677
1882
667
1894
657
1867
656
1938
440
2098
566
2007
654
1947
644
1821
625
2080
664
2062
749
1970
664
1975
657
2192
629
1927
366
1945
667
1916
557
1919
509
1971
654
1942
622
2035
547
2105
674
2044
669
2017
439
1874
649
1957
374
2143
649
2023
674
2047
641
2170
672
2065
612
1918
644
1872
704
1511
509
2014
639
2062
661
2057
677
2100
372
1693
565
2027
624
1975
553
2022
669
2147
664
1612
563
1959
502
1854
634
1908
551
2115
641
1882
450
1897
655
2030
656
1970
659
1743
669
2078
669
1987
607
2009
510
2135
553
2055
654
1982
661
1603
549
1461
432
2025
561
2357
528
1428
438
1728
553
1884
542
1902
647
2207
664
1987
668
2165
559
2441
649
1867
665
1902
490
1862
506
2007
592
1196
395
2019
649
1890
655
2012
667
1959
645
1952
374
1927
673
2059
644
1919
687
2077
687
1249
391
2045
493
1786
461
1952
652
1939
9016
1914
380
1934
657
2150
561
2210
680
1977
666
2110
644
1954
650
2043
547
2022
670
2037
659
2082
649
1168
661
2005
656
1970
669
1879
664
1982
596
1993
676
1877
578
1740
552
1910
656
2003
674
1553
493
1910
659
1927
669
2101
634
2015
689
1934
679
1866
656
2029
650
1892
644
2060
669
2150
670
2143
654
1977
659
2007
666
1563
671
2014
649
1155
382
1915
630
2011
664
2047
626
2138
420
2072
658
2167
669
1934
674
1692
571
2215
670
2168
687
2138
350
2275
555
2145
654
1880
656
1999
676
2122
554
1569
478
2145
614
2115
657
1827
615
2162
651
1923
646
1944
644
1964
476
1869
667
1982
684
1762
565
1271
380
1871
561
2029
500
2057
666
1899
669
2068
651
1974
647
2137
672
2057
663
2183
659
1434
482
2020
672
1894
487
1936
674
2158
614
1777
553
1743
551
2005
644
1954
687
2135
612
1877
511
2040
659
1944
670
2138
655
2093
563
1957
629
2047
674
2227
646
1956
662
2015
672
2117
656
2123
654
2073
656
1474
480
1977
563
2200
643
1648
542
2107
649
2089
667
2083
674
2070
654
1951
639
2232
666
2090
666
2032
666
2148
646
1986
625
2190
637
2250
516
2102
681
2022
659
2063
669
1979
669
2010
525
1937
652
1671
563
2137
654
1435
430
2235
676
2084
641
1947
657
2167
672
2074
563
2290
674
2167
553
1790
555
2153
749
2054
655
2105
669
2082
677
2257
652
2088
400
2045
644
1939
669
1864
669
1942
636
2078
381
2074
540
1904
660
2155
719
1939
599
1755
672
1635
671
1969
661
1934
642
1907
674
2093
659
2062
555
1985
549
1974
659
2082
654
2161
523
2067
552
2024
669
1967
593
1994
647
2223
661
1232
357
2007
672
2081
651
1979
536
2102
654
2170
606
1920
680
2080
571
2078
651
1928
669
2105
669
1977
664
2182
601
2015
668
1248
656
2035
694
2035
657
2042
642
1972
540
1879
666
1234
360
2043
662
1910
654
2226
659
2033
658
2125
642
2445
628
2192
679
2072
641
2102
596
2162
659
2213
444
2157
706
2181
622
2045
684
2070
571
1871
702
2034
549
2158
664
2153
677
2087
691
2038
516
2104
652
2316
681
2215
686
2115
694
1954
674
2027
672
1852
565
2012
646
2193
552
2087
702
2062
644
2080
666
2110
717
2165
538
2090
691
2060
596
1282
679
1967
667
2255
657
2118
566
2037
604
2208
650
2237
666
2017
589
1884
454
1741
586
2117
657
1989
647
1856
654
1877
376
2038
684
1955
692
2040
642
1963
652
1995
649
1652
565
1872
662
2148
551
1155
354
1904
664
2025
649
1617
675
1999
654
2071
657
1998
657
2020
677
2039
577
2060
669
1899
622
1819
547
2103
674
1974
646
1982
649
1902
666
1919
666
2147
651
2068
656
2068
656
2030
657
1877
639
1989
672
2017
656
1994
646
1972
697
2044
623
2088
651
2265
566
2069
657
1972
582
1932
652
2053
667
2117
669
1972
662
1944
667
1858
654
2112
591
1434
470
1929
551
1952
649
1372
406
2009
574
1863
617
1885
672
1884
684
2037
634
1943
669
2015
662
2127
659
1867
592
2037
692
2024
667
1962
654
1743
647
1964
655
1994
561
1974
657
1962
664
2141
692
2125
661
2017
661
2173
657
1970
653
1917
646
2038
545
1880
587
2028
646
2120
544
1537
415
2215
644
2150
657
1952
679
2058
632
2092
656
1711
657
2110
681
1889
671
1673
651
2027
657
1635
595
1982
661
1962
666
1977
684
2004
659
1809
532
1952
666
1913
604
1937
659
2044
646
2117
697
1912
654
1239
374
1857
502
1265
451
1944
657
1957
555
1955
448
2080
649
1920
646
1864
674
1600
508
1972
729
1942
582
1952
674
1932
646
1982
649
1811
397
1986
8915
1997
652
1917
653
1080
398
1656
672
1928
670
1922
559
1899
662
1492
523
1568
684
1867
686
1934
657
1901
669
1974
644
2047
436
1932
642
2102
617
2222
604
2070
676
2032
654
2059
579
2042
660
1940
656
2030
659
2067
646
2157
676
1642
561
2145
634
2100
672
1937
671
2145
642
1852
601
1952
679
1955
582
1863
584
1887
659
1932
646
1989
689
1867
651
1915
654
1977
674
2032
654
2078
585
2012
644
1589
503
1844
672
1633
672
2047
665
2022
576
1944
497
1990
652
1972
664
1939
618
2113
669
1847
673
1897
561
1986
651
1785
682
1975
669
2025
642
2035
625
2248
620
2140
699
2092
657
1985
681
1995
661
1567
654
2044
591
1897
679
1452
496
1929
666
2012
679
2099
659
2092
656
2038
559
2022
634
1904
657
1985
669
1862
669
1552
461
1949
649
2022
672
1934
644
1980
649
1949
669
2212
672
1750
662
1800
546
1910
667
1982
668
1882
664
2082
667
1905
509
1937
654
1684
540
2094
691
1957
669
2188
669
2020
661
1929
646
2135
624
1887
644
2182
581
2092
652
2100
654
2090
583
1982
643
1970
706
1941
418
2077
634
2082
657
2109
674
2112
551
1975
591
1947
667
1967
669
1967
649
2140
647
1792
664
2044
642
1930
672
2055
667
1880
543
2125
677
2039
544
2034
659
1939
613
1977
669
1964
627
2298
654
2022
669
2039
652
2143
700
2107
664
2053
528
1931
540
2085
659
2042
671
2002
516
1982
641
2129
649
1997
664
2027
444
2022
553
1872
680
2053
666
1987
562
1781
553
2034
664
2060
652
2050
609
1943
629
1984
530
1879
613
1680
656
2115
679
2062
563
2093
666
1905
657
1937
681
1944
495
2010
515
2082
656
2023
724
2241
672
2105
646
1662
523
1932
652
2558
671
1919
695
2188
659
1285
634
1175
679
2025
708
2104
664
1872
653
2022
651
2160
632
2296
644
2355
662
2266
657
1463
331
2185
690
2072
654
2020
679
1987
664
2069
649
2012
669
2042
594
1952
336
2373
642
2095
674
1970
544
1950
654
2090
646
2275
669
1383
376
2127
641
2217
659
1274
649
2117
360
2044
578
1808
689
1554
528
2185
659
1237
689
1890
672
2145
544
1976
510
1056
677
2120
651
2052
669
1952
644
2043
661
1885
651
2114
681
1945
654
1930
649
1656
567
2067
672
2037
644
2039
652
1995
553
2082
647
2095
695
1955
508
2142
666
1546
516
2035
649
2067
372
1712
662
2110
658
2153
656
1869
659
1600
682
1886
672
2110
645
1902
547
2095
527
1850
7914
1949
661
2078
656
2055
690
2004
661
2145
544
1563
501
2060
660
1726
666
2082
682
2167
707
1963
544
2013
593
1941
656
1972
570
2023
493
2068
659
2403
343
2212
677
2188
496
2157
613
2040
676
1939
567
1949
710
2020
665
2019
456
1488
649
2035
521
1936
659
2200
682
2255
587
1871
553
2117
606
1901
689
2070
704
1909
479
2047
597
2037
644
2100
674
1964
694
2142
667
2100
531
2128
664
2047
678
1977
486
2055
688
2162
692
2089
659
2197
649
2093
654
2014
652
1728
651
1931
636
2113
687
1718
481
2040
657
1812
471
2117
618
2178
669
1929
616
1960
542
1987
626
2175
700
1992
691
2080
679
2109
623
2085
646
1894
668
2133
646
2120
672
2142
8861
2099
644
1918
536
2162
659
1690
560
1949
692
2121
664
2054
601
2020
670
2121
651
2070
649
2115
601
1922
666
2551
433
2188
637
2035
686
2012
653
1992
697
1494
480
1997
644
2039
661
2015
561
1957
618
2007
659
2002
372
1696
491
1957
659
1952
651
1984
663
1942
664
2185
650
1795
566
1969
9005
1962
666
1955
571
2028
666
1876
661
1977
674
1813
407
2128
644
1887
661
1947
684
1917
651
2243
558
2035
382
2048
672
2080
694
1856
664
2004
669
2110
712
1979
551
1642
388
1994
669
2027
562
1990
606
2015
644
1368
408
2054
678
1176
672
1208
372
2068
634
2155
662
2012
676
1911
641
1690
569
2132
669
2085
555
2040
659
2300
664
2062
669
2003
671
2107
641
1967
668
2077
642
1860
606
2195
644
2099
672
2002
667
1666
477
2118
662
2034
652
2028
674
2042
670
2195
744
1977
669
2092
639
2155
689
1724
652
2022
549
2040
687
2082
674
1852
641
2150
649
1828
684
2152
664
2042
652
1249
371
2150
667
2095
671
1977
9104
1253
389
2002
657
1900
654
1857
593
2107
644
1991
647
1619
496
2107
656
2027
550
2075
553
2150
639
2132
570
2110
568
2015
639
1931
500
1863
509
2182
656
2160
659
2087
642
2105
603
1850
656
2114
666
1952
641
1846
533
1772
692
2333
655
1929
697
2152
672
2075
682
2151
554
2288
359
1749
669
2088
649
2027
567
1832
519
1984
654
2135
500
1515
553
2206
667
2155
644
1854
661
1696
674
2118
653
1959
383
2035
654
1999
659
2049
644
1838
555
2102
664
1378
431
2072
671
1736
431
2044
646
1935
667
2122
677
2105
679
2055
637
2108
677
1471
449
2117
378
1942
649
1961
649
2020
659
1914
661
2002
679
1744
531
2150
669
2067
666
2080
679
2075
702
1957
579
2127
584
1944
611
2017
559
1934
372
2055
367
2009
602
2005
654
2137
641
2007
597
2087
644
2145
566
1959
569
1880
659
2155
594
2072
663
2092
651
1970
645
1656
547
2097
637
2087
284
890
479
2112
645
1678
451
2039
618
2020
657
2007
684
1897
641
2158
659
2035
643
2177
659
2095
641
2227
646
1962
564
2030
667
2043
652
2125
662
2082
672
2117
638
2198
641
1922
667
2120
689
2089
656
1940
677
1251
404
2085
637
1999
704
2129
649
1967
654
2155
664
2132
578
1995
663
2120
654
2002
669
1965
662
1971
664
1660
684
2050
659
2060
566
1335
9072
2035
646
2043
646
2105
498
1982
591
2210
642
2245
682
1713
553
2050
667
2105
632
1378
375
2047
666
2217
521
2180
679
2000
659
2022
676
2185
665
2064
669
2400
649
2105
519
2160
385
2243
642
2160
692
1917
666
2333
644
2125
656
2192
557
2226
669
2295
649
2177
659
1596
553
1806
559
1774
565
2195
647
2084
642
2190
676
2147
672
2055
539
2102
673
1972
656
2030
659
2160
667
2077
505
2107
659
2037
637
2047
664
1987
657
2038
634
2127
659
2063
639
2210
649
1865
659
2142
682
2203
667
2181
639
1283
372
2163
660
2280
642
2042
706
2145
652
1399
674
2143
538
2065
694
2105
669
2120
664
2270
624
2045
649
2092
669
2364
673
2063
671
2110
654
2295
540
2069
666
2358
689
2323
631
2097
547
1674
508
2255
664
2012
609
2225
664
1027
266
1975
648
2202
666
2177
541
2100
659
2278
669
2285
547
2040
664
2092
657
2140
687
2238
642
2200
676
2047
624
1234
350
2165
647
1753
381
2093
665
2245
657
1941
661
2065
654
2087
540
2185
408
1989
659
2062
584
2042
699
2162
672
1124
611
2215
694
2077
647
1999
553
2092
632
1602
684
2163
631
2150
662
2032
663
1899
651
2102
682
2022
623
1945
659
1268
368
1984
677
2145
652
2047
671
2231
653
1997
652
2032
659
1927
659
1862
654
2089
657
1970
543
1954
637
2248
543
2193
646
2037
669
1919
644
2112
647
2165
535
1990
654
1932
659
1897
539
1964
644
2090
654
2093
577
2122
559
1977
639
2050
602
2122
677
2102
628
1902
664
1694
559
2042
652
1648
561
2022
561
2092
642
2165
367
1894
618
1692
547
1954
640
2115
651
2012
680
2270
706
2090
471
2077
659
2185
654
1882
646
2260
654
2010
664
1964
627
2117
634
1927
684
2111
674
1964
652
2200
672
1186
526
2037
689
2122
549
1947
650
2057
642
1063
664
2002
639
1886
468
2027
691
2230
722
2065
644
1686
649
1116
400
2150
659
1947
661
1590
448
1872
672
1942
646
2012
666
2027
541
1858
671
2055
639
2182
531
2025
677
1960
656
2105
548
2323
654
1959
430
2047
637
1992
643
1988
547
2190
9276
2170
646
1125
291
2143
621
2173
568
1924
659
2125
685
2093
466
2336
661
1922
565
2060
584
1854
560
2062
674
2217
641
1983
513
1977
620
2087
676
2060
649
2115
643
2105
661
2080
450
2068
649
2052
642
1914
553
1979
669
2150
671
2062
639
1787
670
1778
553
1363
659
1718
585
2072
555
2088
642
2095
669
2218
518
1842
675
1468
436
1999
647
1999
654
2105
654
2045
533
1965
651
1933
541
2102
627
1920
657
2173
652
2017
694
1915
659
1878
669
2052
666
2002
656
2263
661
2213
651
2072
661
2067
673
2017
674
2015
561
2170
684
2042
676
2040
674
2022
644
2037
672
1177
386
2142
659
1995
674
1945
672
2019
634
1922
604
2067
674
2216
575
1962
664
2010
541
1881
401
1972
672
2257
690
1959
679
2118
669
2305
654
2287
674
2135
672
2027
662
2175
572
2117
641
2057
574
2188
656
2130
601
1927
669
1910
526
2007
664
1977
666
1315
376
1246
364
1687
674
2099
659
2037
567
1917
609
2015
669
2373
566
1764
550
2073
641
1435
394
2044
642
1934
643
1995
584
1299
411
2012
649
1920
671
2159
712
2158
672
2330
599
1276
363
2055
649
2173
383
2203
659
2125
674
2006
565
2178
660
2142
681
2223
644
2142
672
1945
644
2053
664
1957
658
2040
679
2102
656
2193
539
1731
570
2070
656
2200
642
2112
655
2168
657
2170
521
2122
652
2070
426
2109
650
1980
675
2092
616
2179
664
2161
669
2283
513
1945
654
1814
574
2205
614
2132
669
2037
630
2273
543
2311
663
2110
649
2325
676
2014
644
2203
672
2346
634
2250
486
2150
654
2180
657
2115
633
2245
654
2297
433
2020
644
2052
611
2127
655
2115
649
2220
411
2253
659
11188
599
2180
649
2163
614
2275
651
1747
520
2054
664
2002
657
2110
644
2105
669
2143
653
2185
634
2211
674
1739
523
2109
695
1990
684
2097
654
2130
669
1728
555
2071
591
2097
657
2059
670
1646
577
2229
659
2205
504
2148
654
2158
620
2060
644
2013
644
2152
555
2175
646
2200
656
2097
674
2064
672
2355
667
2195
657
1969
669
2122
662
2087
674
2079
669
1939
665
2129
639
1940
614
2173
672
1967
667
2030
661
2403
651
2145
664
2034
644
2178
672
2022
669
2057
649
2155
664
2333
694
2042
382
2330
689
2095
645
2299
646
2042
643
2123
669
2110
644
2201
652
2087
666
2117
701
2135
656
1889
618
1207
671
2062
630
2000
644
2075
649
2211
667
2292
629
2089
648
2150
664
2048
653
2084
478
2058
649
2288
518
2092
664
1646
656
2210
559
2180
657
1906
656
1942
641
2125
518
1602
568
2029
507
1688
545
2071
594
2157
661
1949
694
1285
386
2032
346
1886
575
2035
536
2155
641
2167
569
2017
671
2055
498
2093
637
2205
656
2002
553
2001
669
2120
662
2127
646
2085
704
2017
629
1454
445
1481
662
2069
687
2130
499
1936
649
2231
669
2142
663
1990
659
2326
500
2065
581
2203
667
1980
699
2140
586
2065
664
2052
654
2027
610
1712
561
2160
651
2172
656
2022
599
2185
533
2123
672
1944
569
2147
649
2132
678
2009
679
2160
657
2022
654
2287
622
2062
674
2011
697
1985
657
2175
666
2144
566
2012
579
2209
662
1980
619
1987
664
2052
382
1910
542
1844
555
2030
452
2135
667
1800
559
2034
647
2252
667
2069
654
2132
9781
1196
399
1760
344
2075
557
1932
672
1927
666
2172
433
2024
668
1307
345
2340
637
2148
664
2182
646
2097
702
2021
671
1884
624
2305
682
2080
656
1979
670
2009
669
2095
658
2058
664
1974
533
2150
656
2459
570
2200
671
2033
616
2171
618
2205
368
2205
670
2222
669
2263
666
2074
491
2255
656
2197
573
1780
496
2130
630
2272
689
2272
657
2052
379
2115
668
2074
666
2213
656
2302
676
2260
646
2263
659
2386
669
2203
686
2247
659
2288
382
2175
656
2266
651
2150
669
2125
686
2012
625
2413
666
2255
642
2247
669
2265
649
2318
289
2273
458
2210
664
2125
652
2188
707
2378
672
2193
666
2319
656
2203
656
2145
669
2175
539
2400
661
2185
656
2345
681
2095
551
2210
667
2350
644
2445
379
2278
674
1887
552
2172
513
2135
659
2258
676
2230
634
2050
514
2295
654
2260
659
2240
644
2175
642
2227
637
2132
659
2111
649
2275
646
2047
659
1236
654
2165
662
2335
660
2298
714
2272
646
2147
642
2297
669
2200
667
2247
645
2287
657
2258
671
2125
661
2275
651
2197
661
2283
654
2252
654
2531
717
2265
639
2330
564
2167
679
2228
689
2310
665
2160
667
2188
656
2315
664
2511
656
2307
669
2232
666
2130
654
1301
378
2277
669
2162
659
2183
567
2074
318
2313
603
1995
659
2105
667
2273
506
2273
671
2102
401
2175
439
1977
677
2173
614
2127
512
2111
669
1877
659
1849
660
2040
657
2047
569
2063
667
2070
657
1942
484
2007
681
2029
664
2004
671
1369
644
2005
644
2092
642
1862
667
1952
656
1847
666
1938
679
2097
677
1610
606
2017
561
2165
644
1947
664
2235
655
2052
646
2085
661
2077
647
1919
694
2084
654
2057
651
2035
669
2115
564
2149
592
2042
675
2107
658
2025
656
1748
592
2015
676
1985
675
2255
697
2087
584
1960
9008
1922
656
2092
551
2228
687
1957
627
2035
647
2009
667
2065
657
1930
674
2139
671
2117
644
2143
665
2311
669
2095
664
1913
677
2105
675
2040
509
2072
657
2153
654
2341
657
1296
401
2100
649
2273
645
2083
654
2185
661
2112
641
2107
656
2104
547
2187
675
1728
487
1909
659
2095
654
2110
677
2077
664
2067
657
2027
668
1992
631
2110
669
2159
662
2132
661
2005
550
2100
540
1942
677
2091
607
2030
647
1992
667
1900
649
