2010
542
1831
509
1866
636
1656
557
1872
689
1836
667
1980
669
1877
642
1932
660
1855
625
1869
671
1656
530
1032
339
1105
493
1876
677
1854
652
1520
527
1858
561
2015
659
1914
535
1480
499
1867
679
1274
651
1879
612
1905
654
1859
676
2030
657
1947
634
1942
641
1909
524
1895
415
1847
364
2032
680
1912
564
2097
672
2132
657
1849
666
1862
496
1869
606
1851
649
1889
644
1894
633
2018
652
1418
510
1443
509
1962
704
1862
547
1944
656
1925
674
1889
676
1882
566
1894
677
1620
654
2034
639
1824
331
2062
656
1879
648
1934
444
1890
669
1985
669
2023
661
2040
548
1436
491
2167
649
2025
644
1310
656
1850
656
1939
609
1952
382
1854
669
1899
602
1942
659
1849
671
1932
659
1944
562
1543
556
1864
669
1922
513
1937
646
1598
571
1902
671
2130
454
1562
644
1922
672
1686
437
2004
662
1872
676
1975
651
1865
639
1997
654
2065
644
1902
689
1940
588
1957
664
2009
531
2243
642
2263
649
1652
644
2017
669
1881
694
1951
649
1862
667
1909
666
1947
615
1281
435
1879
669
1560
472
1944
665
2077
388
1130
689
2060
658
2179
641
1343
431
1935
655
1909
664
1974
654
1636
562
1949
677
1381
388
2022
656
1982
567
2049
669
1929
467
2032
643
1945
378
1967
597
1942
642
2007
651
1991
667
1686
543
1910
447
2052
657
2040
649
1995
666
1421
437
1882
467
1973
531
2069
656
1875
654
1106
363
1942
664
1932
646
1993
654
1982
541
1627
656
1801
622
1841
406
1887
683
1864
460
1889
584
1924
654
2012
419
1874
641
2035
657
1928
669
1987
680
2102
631
2012
551
2110
674
2090
553
1894
551
1227
662
1927
373
1989
546
2012
669
1930
9269
1970
627
1512
504
1916
589
1922
426
2012
697
1850
561
2057
622
1835
646
1949
652
1968
664
1198
483
1879
657
2183
655
1869
682
2055
619
1972
669
1855
674
1975
496
2082
664
1691
550
1852
669
1937
694
1907
662
1869
662
2088
656
1939
366
1804
659
1960
391
1876
657
1947
667
1921
663
1964
671
2007
541
1667
672
1939
674
1652
624
1652
654
2031
679
1993
643
1867
659
2087
654
1944
657
1513
486
2000
661
1984
556
1917
724
1914
516
1945
644
1982
450
2172
664
1584
657
1905
662
1912
537
1985
547
1842
657
1695
653
2017
661
1910
662
1193
373
1960
675
1949
656
1936
659
1947
657
1979
669
1992
499
2053
559
1894
582
1966
9706
1892
697
1742
551
1925
656
2017
644
1947
601
2042
620
1907
683
2020
654
1899
650
2032
654
1924
669
1957
669
1960
550
2058
656
1862
651
1980
651
2099
684
1964
669
1738
475
2067
514
1881
689
1859
646
2045
321
2035
643
1657
566
2020
382
2019
679
2210
664
2257
562
1872
643
1473
466
2032
639
2002
657
1954
694
2040
379
2047
667
2062
654
1952
647
1979
630
1872
568
2142
654
1894
656
2034
644
1959
659
1435
509
2019
669
1975
650
1972
679
2032
499
2065
659
1864
666
1894
611
1884
573
1876
571
2060
674
2007
659
1964
671
2187
646
1854
669
1942
500
1899
684
1894
649
2004
620
2163
507
2212
654
2175
666
1985
652
1636
618
2148
322
1979
649
2095
656
2048
654
1908
633
2152
704
1985
642
1925
621
1087
357
2043
671
2271
662
1965
646
1992
559
1092
562
1394
654
2353
623
1593
669
1938
672
1899
544
2058
654
2005
624
1957
645
1879
656
2282
674
1897
682
1945
653
1957
574
2078
654
2112
654
2072
669
2157
555
2012
629
2010
631
2007
649
1947
584
2055
350
2047
469
2065
457
1329
338
1950
641
1872
576
1920
536
2128
649
2020
674
2043
651
1950
570
1940
652
2107
672
1869
659
1915
717
1957
340
1941
910
1887
659
1886
644
1899
629
1995
621
2130
667
2065
608
1912
653
1990
660
2102
654
2208
641
2020
627
1947
572
1950
644
1940
712
2038
551
1984
569
2105
657
1939
639
1970
655
1790
613
1974
553
1962
659
1982
559
2023
666
1994
649
2152
567
1927
646
845
644
2185
671
1919
677
1864
644
2023
672
1972
669
1990
669
1487
494
1981
656
1892
591
1990
677
1969
632
1656
647
1955
659
1937
573
2077
639
1215
654
2210
641
2117
659
1978
651
1837
687
1721
515
2017
556
1997
371
1445
425
1781
489
1954
669
2175
431
1934
651
2160
657
1997
682
1587
659
1897
549
2118
679
1994
676
2069
677
2057
644
2117
684
1902
659
2045
646
1575
487
2115
674
2020
642
2047
682
1982
511
1992
664
1579
461
1954
679
1959
654
1821
616
1506
472
1864
652
1877
561
1977
655
2085
552
2119
667
1617
441
2021
672
2163
677
1999
666
2165
659
2230
478
2298
684
1828
479
1945
559
1985
668
2040
672
1802
553
2058
674
1658
557
2057
650
2032
555
1921
514
1905
649
1964
682
2089
553
1827
586
2052
672
2082
656
2080
609
2218
647
1993
664
2085
644
2093
646
1889
537
2062
534
2203
672
1993
659
2180
669
2280
655
2047
656
1979
678
1835
671
2219
654
2250
637
2102
662
2129
637
2225
670
2147
684
2110
657
2117
659
2173
641
2090
656
2157
647
1988
628
1879
667
2092
641
1952
674
2045
661
2117
687
2017
649
1170
587
2075
380
2057
644
2128
557
2003
657
2037
599
2195
539
2195
644
2080
632
1994
664
2062
659
2023
374
1842
630
2043
622
2003
609
1852
639
2000
664
2181
656
1912
672
2180
669
1964
671
1702
581
1548
620
2004
551
2058
649
2035
649
2037
661
1256
371
1926
667
1980
552
2205
656
2112
668
2273
659
1807
570
2107
675
2082
649
2320
651
1999
362
1947
669
2090
661
2178
672
1962
656
1640
536
2035
674
1997
485
1692
513
2065
644
1877
632
2067
669
2083
481
2122
664
2007
381
2027
448
2132
651
2138
616
1697
540
1997
682
1245
654
1937
576
2045
671
2130
644
2188
646
2092
657
1562
436
2167
644
1989
641
1833
669
2129
489
2273
574
2045
654
2082
653
2009
585
2140
657
2247
626
2045
657
2208
649
2033
606
2037
642
2160
646
2122
657
2007
661
2060
653
1301
360
1930
660
1999
664
2062
540
2253
674
2047
654
1825
550
2714
553
2110
661
1999
539
2168
662
2137
699
2007
669
1290
664
1210
378
2313
654
2123
552
2188
523
2175
665
2107
638
2037
539
2037
616
1970
682
1909
610
1905
646
1250
641
1892
378
2004
503
1854
481
1985
644
1980
668
2104
653
2027
548
1987
662
1962
657
2057
362
2032
679
1990
641
1997
671
1965
677
1965
648
1199
386
2017
634
1620
645
1950
687
1899
672
1857
533
2135
656
2010
679
1667
565
1947
657
1266
400
1950
327
2005
667
2067
671
2072
654
1907
654
1919
657
2080
634
1942
8951
2039
619
1905
462
1956
669
1916
674
2115
677
2143
664
2031
622
2112
666
2202
601
2027
657
1857
657
2017
660
1880
654
1930
495
1997
642
1931
661
2040
450
2030
9464
2070
604
1899
608
1864
669
1834
654
1924
661
2062
644
1940
554
1984
629
1892
696
1976
576
1872
658
2110
649
2014
314
1943
657
2014
669
1991
625
2448
681
1934
662
2020
654
2150
642
2182
438
2077
656
1937
647
2033
704
1954
649
1975
646
1865
632
2002
669
1734
567
1944
667
1920
613
1911
655
2000
653
2057
687
2007
599
1894
679
2045
644
1930
551
1977
672
1992
657
1967
679
1847
601
1904
662
1909
671
2030
576
1912
657
1892
656
1762
487
1179
382
1989
651
2100
499
2162
446
2014
608
1967
676
1934
421
2140
632
1949
656
1769
546
2045
644
2125
647
2090
551
1564
684
1916
654
1910
657
1892
424
1994
682
2010
672
1699
664
2077
359
2145
434
1957
701
2082
661
1834
589
1847
614
1628
706
2363
654
1997
646
2149
654
2145
649
1922
661
2275
584
1909
651
2062
666
1844
661
1919
554
2007
656
2034
646
2266
664
1895
694
1984
651
1992
679
1922
473
1911
584
2043
551
1939
656
1842
667
2007
617
1882
654
1970
490
1608
581
1964
679
1989
659
1869
657
1964
656
1598
647
1943
625
1984
667
1871
657
1900
659
2172
654
2155
583
2063
671
1952
654
1916
657
2133
654
2030
654
2002
669
1900
639
1832
657
1987
574
1844
687
1947
649
1834
669
1856
704
2188
661
2007
664
2055
618
1847
668
2090
632
1877
669
1889
685
2083
651
1971
566
1942
657
2029
644
2037
644
2205
654
2037
674
2052
658
2223
661
2052
656
2227
661
2127
671
1926
654
2017
560
1868
617
1735
544
1910
659
1977
684
1927
664
2057
656
2062
611
1935
604
1989
561
2228
666
1972
551
1901
660
1668
560
2010
692
2060
576
2055
594
2080
654
1952
647
2030
657
1922
654
1245
581
1908
656
2093
579
2113
657
2140
653
1994
611
1666
418
1967
656
1995
656
1948
697
1741
677
1922
662
1796
8439
2019
494
2017
657
1992
672
1925
546
2040
681
1973
656
2028
714
1929
656
1658
652
1942
674
2012
664
2205
601
2049
666
1962
648
2202
664
2109
656
1992
584
2075
646
2167
671
2278
646
2082
682
2009
663
2004
817
2097
659
2153
664
2022
614
1982
654
2039
655
2021
686
2055
638
2165
546
2055
680
2057
694
2024
668
2047
563
1992
651
1912
679
1582
647
2458
621
1977
664
1700
496
2062
636
2177
664
1954
661
1600
541
1882
672
2068
514
1937
591
1994
582
2175
663
1997
649
1997
644
1983
441
2052
644
2087
652
2300
654
1990
704
1987
531
1947
636
2218
789
2024
654
2183
657
2024
656
2054
664
1443
476
2172
649
1787
662
2179
644
2082
649
1977
627
2100
677
2074
671
2481
642
2165
654
2277
647
1738
569
2262
617
2095
664
2267
649
2117
661
2185
657
1714
528
1955
667
2155
374
2010
618
2020
647
2143
651
2125
371
2030
489
2195
604
2098
626
1669
569
1291
375
1987
669
2087
656
2039
641
1894
542
2097
641
2069
543
1860
515
2130
672
1888
489
2065
636
2060
9649
2268
545
2040
657
2039
9021
2007
660
2072
657
1932
561
1908
657
2090
607
1935
697
1930
656
2048
664
1979
656
2044
377
2289
656
2007
641
1992
671
1950
611
2052
637
1781
544
1565
484
1957
649
2038
549
1962
670
1956
644
1913
632
1937
556
1959
674
2000
632
1734
400
2074
543
1884
662
2205
711
1729
461
2025
555
2050
679
2137
650
2070
661
2064
553
2177
636
2190
609
2070
669
1752
553
2250
544
2227
691
1907
557
2038
649
2114
679
2035
530
2035
661
1927
473
2042
677
2039
656
2250
519
2169
659
1985
673
2000
610
1890
692
1969
667
1501
652
2069
664
2029
654
2052
497
2044
660
2150
562
2022
677
2142
642
2115
659
2132
678
1987
511
1937
712
2270
544
2173
657
2155
651
2042
687
1989
656
2102
681
2614
649
2012
646
2037
540
1573
657
1253
679
2114
689
2195
646
2047
659
2032
669
2063
664
1977
647
2127
642
2045
657
2120
666
1984
644
1918
611
2007
671
2062
659
1594
542
2039
529
1952
674
2075
644
1947
646
1962
672
2050
602
2050
626
2080
450
2218
667
1168
391
2273
667
1914
656
2143
686
1570
664
1944
665
1785
493
2075
674
1917
610
1954
667
2002
657
1861
555
1148
654
1874
664
2160
651
1969
659
1927
559
2030
701
2100
482
2055
661
1909
674
2149
673
2070
533
2030
446
2189
549
1656
649
1942
472
2080
696
1985
700
1982
651
1973
672
2040
511
1110
360
1947
674
1882
643
1892
664
2017
669
2083
659
1840
467
1129
365
1253
395
1947
670
2060
664
1867
700
1172
667
1828
515
2135
391
1506
648
2067
667
2198
667
1924
510
1939
672
2050
682
2122
652
2026
689
2057
666
2068
690
2035
677
1985
644
2025
534
1933
672
1279
378
1982
680
2024
644
1917
669
2058
646
2332
553
2120
674
2097
606
1849
629
1997
652
2253
652
1882
674
1967
674
2040
669
1946
555
1995
516
1905
666
2019
642
1932
646
1970
656
2290
658
2185
669
2112
604
2145
370
2190
676
1970
629
2100
656
1309
400
2148
512
1925
556
2047
593
2023
498
1934
651
2047
651
2177
655
1977
594
2228
661
2120
482
2015
667
1865
567
2052
539
1847
654
2227
626
2195
674
2070
609
1959
661
1766
617
2050
684
2134
654
1994
624
1962
655
1947
667
2163
664
1771
581
1925
657
2110
688
2123
507
1927
380
1967
659
2067
679
2193
523
1957
669
2119
662
2064
671
1882
699
2072
661
2027
551
1992
664
2140
654
1997
656
1972
646
2037
654
2157
674
1984
654
2193
649
2013
666
2060
649
2075
714
1966
601
2210
657
1945
668
2155
642
2128
606
2137
648
2007
665
2232
432
2007
651
2033
651
2095
661
1977
658
2079
651
2070
675
2010
554
2173
366
2148
649
2103
655
2140
555
2027
659
1814
578
2017
327
2010
649
2048
672
1997
296
1869
674
2107
651
1960
669
2223
630
2035
644
2017
661
2027
517
2049
682
2048
671
2025
662
2133
678
1962
606
1972
621
2122
641
1905
662
2336
599
2068
656
1272
359
2007
641
1990
668
2042
656
2035
669
2055
659
2123
678
2228
641
2054
654
2169
652
2060
664
2223
657
2015
486
2178
559
2052
642
2093
656
2295
526
2042
677
2042
651
2045
664
2197
671
2117
400
2137
652
2070
501
1531
667
2012
651
1987
584
2085
651
2060
656
1992
662
2020
659
1731
536
2015
655
1488
437
1970
664
2192
524
1706
647
1932
649
2178
664
2265
546
1170
694
2085
634
2080
657
2173
538
2085
667
2288
627
2168
381
1520
661
2195
558
1845
571
2032
594
2017
641
2153
642
1790
465
2032
541
2113
679
2185
674
1937
574
2025
656
2025
542
2032
662
2163
659
2202
654
2150
666
2210
570
1785
515
1576
700
2202
459
2030
644
1551
472
2205
664
1952
662
2172
644
2436
662
2193
649
2080
644
1969
639
2232
668
2082
669
2103
599
2528
631
2097
644
1822
561
2155
657
2330
648
2173
669
2140
654
2396
643
2147
618
2089
649
2137
649
2059
676
2135
625
2142
618
2175
654
2077
646
2095
657
1769
688
1827
674
1694
527
2223
572
2129
676
2190
547
1676
503
2084
620
1932
659
2162
582
2205
517
2014
688
2079
651
2141
667
2185
538
2215
656
1798
561
2050
550
2184
648
1022
314
2167
636
1461
446
2042
662
2155
659
2203
641
2143
571
2230
653
1704
557
2088
657
2189
669
1872
564
2009
533
1714
518
2082
657
1871
656
2090
664
2123
654
2225
564
2052
644
2391
652
2325
522
2237
652
2295
671
1375
426
2142
649
1299
382
2290
573
2117
541
2217
539
1960
664
2163
666
2050
513
2020
652
1864
644
1837
597
2108
511
2142
680
2355
498
2045
384
2150
668
2263
701
2004
719
2197
642
2288
661
1914
644
2064
659
1995
641
966
592
1957
526
2030
630
2017
651
1972
654
2178
656
2355
672
1982
695
2125
548
2067
668
1951
564
1787
558
1973
654
2027
647
2218
572
1849
666
2169
657
2065
657
2070
674
2170
653
1997
652
2050
645
1268
373
2129
451
1872
561
2103
671
1521
367
2007
551
2080
662
1802
558
2082
689
2030
639
2117
679
1987
518
2135
647
2090
653
2237
644
1594
667
2005
677
2077
652
2093
644
2053
639
1980
657
2044
662
1997
663
1541
496
1950
709
2020
561
2416
649
1848
641
1889
667
1975
592
1980
644
1935
693
2120
674
2101
652
1865
549
1842
618
2180
662
2095
656
2012
478
1922
654
1997
669
1910
642
2145
533
1945
666
1952
577
2215
654
1939
671
1915
662
2095
654
1988
566
2083
649
1647
638
1226
11775
1979
664
1779
617
2124
656
1021
297
2158
656
1971
459
2155
614
1529
490
2093
649
2037
651
2120
657
2110
680
2050
606
2270
616
1875
547
1596
656
1461
371
1842
551
1227
674
1995
642
2070
651
2118
398
2398
665
2211
672
1994
671
2042
654
1944
644
2092
671
1992
644
2088
565
1778
649
2192
626
1650
553
2170
664
1974
544
2240
523
1743
553
1391
429
1957
631
2132
657
1949
652
1977
493
2015
656
2192
641
2032
665
2092
647
2139
646
2097
639
2005
615
1991
624
2022
668
1924
667
1978
646
1985
569
2073
567
1972
657
2014
674
1997
679
1498
694
2065
656
2014
657
1954
657
1951
613
2027
559
2157
617
1887
649
2020
659
2014
694
2097
689
2105
550
1663
522
2040
674
1929
489
1590
646
1660
553
1901
550
1950
675
2047
650
2120
378
2167
661
2158
669
1967
667
2014
509
2135
659
1932
669
1937
652
2279
503
2308
649
1977
635
1968
664
1385
416
1255
386
2145
368
1952
669
2067
654
2032
662
2044
664
2075
692
2245
566
2072
616
2002
668
1246
362
1922
644
1920
656
2060
689
1877
672
1942
657
2035
646
2300
571
1678
685
2299
661
2040
686
1834
677
2160
377
2162
666
1745
681
1791
676
2162
666
2158
681
2325
16760
2151
555
2044
559
1842
651
2102
697
2012
659
1164
667
2250
619
2189
500
2075
651
2009
641
2253
684
2015
654
2291
657
2055
519
2113
636
2080
641
2127
549
1886
642
2095
659
2383
656
2222
561
2165
9686
2152
639
2045
664
2209
694
2167
664
2215
514
2227
676
2102
653
2088
657
2012
659
2125
668
2220
682
1754
509
2083
664
2105
669
2288
669
2195
589
2480
406
2201
662
2014
670
2135
682
2155
669
2261
657
2108
669
2305
651
2182
629
2035
671
2034
659
2378
537
2055
699
2220
669
2107
669
2210
664
2055
584
2058
690
2080
649
2052
609
2061
634
1932
667
2039
662
1688
425
2290
642
2175
574
2111
661
1934
483
1864
677
2185
665
2458
677
2185
654
2057
312
2188
665
2185
668
2120
674
1200
661
2032
579
2057
652
2095
669
2177
656
1912
606
1869
651
2155
656
2163
587
2120
675
2107
647
2092
654
1823
618
2050
664
1983
679
2027
630
1870
647
2132
644
1673
679
1957
654
2233
586
2014
574
2044
655
2210
644
2072
662
2220
704
2045
664
2045
673
2163
666
2138
702
2205
528
2219
657
2128
649
2195
667
2190
658
2168
674
1173
346
1881
654
2050
671
2024
557
2242
694
2063
574
2205
664
2035
691
2017
656
1675
566
2019
664
2218
644
2105
641
1942
651
2175
655
2192
644
2039
614
2004
674
1827
553
1832
654
1670
503
1992
656
2107
651
2112
661
1670
649
1368
364
2144
341
2178
649
2013
654
2287
644
2360
616
2017
681
2130
523
2015
656
2251
9070
2228
648
2077
654
2118
699
2100
659
2165
677
2043
680
2057
656
1972
384
2498
655
2050
647
2057
662
1940
654
2055
314
1209
672
1842
536
2223
662
2100
641
2062
672
2075
508
1941
656
2147
667
2037
656
1864
643
2177
639
2012
657
2130
646
2065
513
1603
506
2077
652
2170
654
2138
659
2148
689
2129
672
2260
651
1972
528
2178
659
2019
671
2203
608
2060
664
2100
673
1926
675
2227
674
2125
667
2085
484
2087
694
2132
350
2020
8342
2092
388
2025
669
2097
489
2133
521
2140
728
1977
671
2133
627
2153
376
2112
550
2065
644
2215
654
2097
684
2233
648
2027
674
2050
377
2245
687
2228
664
2122
670
2060
669
2380
671
2169
659
2120
549
2072
657
2181
407
2097
672
2128
581
2125
667
2012
674
2205
664
2097
565
2248
662
2113
486
1861
664
2203
300
2095
655
2252
642
2221
671
2210
669
2220
647
2104
535
2305
656
2246
669
2301
644
2115
667
2245
382
2148
581
2170
674
2197
511
2300
652
2195
657
2209
670
2348
674
2365
656
2555
661
1942
373
2250
669
2162
666
2090
659
2075
606
2153
660
2235
589
2157
654
2445
662
2285
657
2195
649
2288
664
2172
659
2210
676
1427
375
2160
9710
2000
668
2532
656
2521
656
2235
556
2189
648
2049
641
2181
657
2263
654
2256
699
2335
525
2210
644
2132
651
2180
636
2303
477
1826
670
2315
622
2201
561
2313
534
2077
653
2232
651
2120
501
2158
679
2170
644
2207
697
1990
667
2083
543
2438
669
2125
647
2247
666
2222
657
2217
636
2250
682
1479
671
2180
646
2230
654
2413
644
2251
669
2218
667
1470
489
2038
423
2298
659
2327
651
2050
618
2215
659
2276
686
2210
657
2260
659
2198
672
2330
657
2167
538
2297
579
2283
657
2303
657
2198
674
2323
659
2265
644
2185
669
2271
559
2481
660
1978
671
2145
646
1736
582
2205
622
2024
729
2015
669
2077
550
2200
646
2017
501
2150
660
2030
671
2127
548
2138
359
2118
649
1980
654
2067
599
2042
646
2095
555
1954
657
2122
659
1944
576
2042
657
1961
675
2077
657
1185
507
2049
644
2020
669
1728
542
1960
9702
2070
661
1926
661
2208
9386
1904
669
1804
572
2000
621
1964
672
2020
654
2042
657
2035
537
2047
656
2090
550
1937
534
2202
658
2243
670
1960
544
2125
651
2055
669
2150
659
2039
651
2108
656
2157
656
2050
629
2045
652
2157
579
1997
691
1945
664
1960
694
2117
662
1121
618
2018
671
2101
697
2038
672
2027
664
2037
666
2258
652
2035
664
2050
662
2048
521
2080
697
2022
594
2045
601
2097
672
2063
664
2190
594
2207
376
2220
648
2023
641
2165
596
2009
554
2064
651
2115
669
1656
493
2060
483
1147
569
2144
652
2060
641
2034
669
1947
659
1320
369
1170
598
2035
677
2024
669
1930
614
2160
684
1626
567
2017
675
1880
669
2004
542
1564
553
1259
634
1899
658
