2478682
316786
2464913
356852
2490926
337007
2361667
193160
2445174
172102
2522649
153899
2515942
156383
2350605
168067
2697588
339159
2517146
191859
2448254
306130
2597255
384123
2673044
176815
2611037
252751
2489713
275679
2629625
300920
2624630
255307
2380996
278364
2686111
281661
2623648
241596
2342946
191862
2793205
238109
2768028
305601
3047457
300328
2775399
257634
2791716
276335
2674253
207525
2626547
236735
2722749
318921
2625006
257717
2589670
166016
2584893
211755
2629958
308021
2789413
319698
2857087
280579
2584911
242151
2389719
234047
2455449
243869
2582797
186610
2726917
237759
2654515
227806
2625348
278362
2552622
204144
2542507
238693
2676499
217606
2677020
206456
2676052
220390
2680963
205414
2531817
368054
2602260
214548
2408680
217797
2538297
221715
2486179
209279
2455481
209209
2701763
291258
2902421
286783
2792697
349454
2811956
347972
2272321
168407
2702004
226725
2301250
222353
2568911
200082
2327784
241740
2645980
202387
2820275
293984
2557098
294469
2726439
265164
2698296
161758
2640708
218058
2703680
226433
3033958
222075
2717786
325147
2596546
254001
2580281
234954
2721825
287358
2806771
214788
2800263
217184
2863244
256567
2537974
248701
2848097
312666
2668954
283767
2688894
290918
2590275
298163
2695524
275611
2491373
208012
2594961
211310
2717035
208835
2585514
276173
2672447
371871
2635674
218371
2595969
239322
2759144
186484
2555230
236868
2645379
209425
2491535
280178
2656725
210612
2476696
199769
2425354
268048
2603951
331951
2872596
436317
2695477
309782
2676358
276202
2715987
303856
2687346
223676
2665715
254700
2744898
265367
2799784
287207
2796456
236772
2203029
242637
2080704
175545
2187630
171742
2035610
235255
2148911
225431
2174467
185349
2565247
242824
2531278
209007
2613213
231661
2805799
174414
2534448
198344
2700291
195209
2281809
215335
2728453
191961
2581730
146884
2466270
204164
2512833
201114
2655847
271664
2574423
239190
2581696
302237
2714965
298416
2560784
306705
2565758
237404
2298798
164928
2438958
183864
2414346
189663
2645249
190126
2474592
148943
2340575
158792
2347765
232404
2155772
204352
2296033
244053
2448858
252238
2486012
259338
2587101
231610
2669760
239631
2536336
236115
2535059
280643
2624629
238861
2853956
293855
2834058
305198
2618666
209248
3387934
239364
2630837
240013
2720197
356401
2862269
256692
2632013
249386
2615159
339171
2781876
255162
2862035
290884
2727635
413397
2594143
228255
2644777
242507
2740723
279498
2654350
323639
2609459
230539
2538171
277476
2986107
332367
2740835
253429
2609478
259488
2715212
303738
2719132
365672
2698667
253241
2451468
211114
2685077
360227
2851737
338320
2745732
310807
2745416
234097
2308883
208309
2273160
248716
2526539
216644
2615047
243333
2630915
216094
2657601
304725
2809141
257447
2725671
239301
2700414
191025
4393974
284563
2955366
330793
2659008
399526
2691209
238871
2662926
278901
4820272
353296
2827467
334574
3043596
205308
2792195
351322
2779455
305581
2793394
253487
2531304
192745
2710134
245005
2380914
326767
2739099
271045
2409960
159743
2812535
268141
2525016
214446
2478330
156880
2301897
227903
2810507
339107
2611056
246096
2598545
222441
2669908
356753
2775935
246582
2872753
401076
2796153
219312
2897240
280036
2783799
276883
2740427
250717
2683503
248870
2761138
244403
2977519
242721
2524344
158939
2759513
281199
2571884
280150
2771978
264961
2829934
305545
2440119
210321
2647753
304968
2682983
244390
2311266
192386
2601201
280898
2620958
282109
2647978
227051
2224776
256876
2478915
299497
2418821
261180
2442723
282484
2296483
169680
2774968
263601
2790920
412081
2962262
302182
2956639
329402
2608546
253512
2631696
179013
2629568
305106
2679487
257698
2722839
285274
2808923
416446
2754160
220827
2769623
179655
2433491
161916
2515812
287256
2803554
165743
2678472
203437
2939821
212123
2575644
497675
2882352
286356
2548481
202652
2813093
174486
2841593
305724
2907484
279170
2455824
286637
2657379
222072
2551928
197882
2628455
187348
2538881
257497
2730600
333163
2771917
335948
2713207
239234
2545307
401366
2812086
305333
2651266
350737
2324614
236544
2436083
158880
2666392
253976
2670292
253531
2409902
312836
2760644
318859
2549112
316518
2669866
250363
2640055
312787
2775226
270750
2681848
254055
2810764
326711
2688052
247891
2748583
207308
2484312
180084
2509159
201269
2553435
181471
2488753
248433
2498966
245576
2519067
247595
2604395
154009
2499158
165475
2341557
249710
2770632
338956
2669580
290970
2662870
380157
2659766
260765
2694612
330949
2714584
333360
2711008
358266
2733186
316928
2707735
320723
2779897
381684
2693665
270509
2679107
341326
2641414
241216
2705368
170325
2726090
262937
2567040
240770
2439116
192826
2581945
241664
2826318
393458
2641108
258828
2762275
247203
2715803
275825
2685694
326706
2799322
406488
2675925
310200
2566237
245285
2621455
341459
2675899
318916
2800424
333116
2609378
361207
2732432
370639
2576054
318497
2557160
281331
2668762
325206
2570873
287849
2794024
358356
2766296
311404
2526030
191145
2563579
196077
2556102
227179
2576160
276238
2530314
312289
2446885
203153
2521292
209209
2614530
176897
2668801
217502
2522117
181358
2468683
190785
2747429
159256
2588075
207443
2544788
170150
2434946
188320
2513912
242229
2599032
166727
2560517
203753
2590354
166379
2591629
163962
2516121
234503
2521697
171644
2479264
200680
2457728
145796
2582301
248166
2492274
202040
2647658
207026
2618144
174523
2416044
178597
2650005
209726
2544875
201261
2442582
153056
2628149
267994
2468316
235910
2522688
213374
2443717
192383
2520771
174504
2653166
174354
2654955
203549
2630553
173552
2594337
163457
2490139
204087
2637194
160644
2654448
149382
2717204
167519
2517509
211178
2486525
176908
2481024
178036
2494079
180882
2652069
183873
2972812
197266
2718877
244177
2477835
191390
2583578
179622
2496730
238654
2613570
190461
2715033
206176
2848474
165898
2503073
233493
2629758
238146
2650751
249488
2585477
163028
4940002
175035
2498135
208526
2770513
203268
2558672
197263
2605300
203461
2530590
200254
2633797
169143
2600334
173289
2569208
207464
2599598
243915
2538266
241649
2696191
241021
2630264
284920
2632908
247393
2761481
239266
2666776
254475
2696624
343962
2586310
245814
2638137
247925
2830732
272852
2703368
199320
2680672
211904
2661895
262994
2640530
264132
2595514
244747
2643417
332783
2864559
334046
2685769
328389
2901768
387203
2741937
259005
3053710
303128
2587410
309414
2656200
178942
2628907
183715
2664554
195102
2457969
234234
2492701
183891
2599277
212416
2456162
243850
2662681
200943
2689057
211114
2638741
172839
2616167
182134
2592235
171477
2625962
235131
2623305
237880
2755001
234049
2684186
227777
2527170
220589
2744915
352500
2752258
198267
2643263
179928
2557560
199214
2562373
297593
2522740
258407
2602379
208148
2640366
191263
2507661
258855
2710426
317632
2696469
259486
2473120
265711
2584106
176993
2432832
174641
2594785
234391
2708393
206586
2668085
277274
2684316
330759
2454481
293253
2538495
293608
2631569
240632
2596232
210577
2599016
213918
2731754
298183
2737631
393336
2711885
425959
2618362
270632
2558498
259463
2804967
225588
2668615
222809
2686718
242003
2578802
204776
2752254
416229
2677422
378698
2561778
235524
2558459
196346
2394505
169178
2428939
249727
2554648
256178
2711347
175797
2374890
193677
2504294
209413
2598783
155901
2561834
251485
2614631
241095
2664450
235646
2387881
183991
2685701
183702
2552527
184668
2612816
229810
2611149
182109
2500432
176082
2595472
236044
2456562
152430
2343285
179628
2662492
212733
2496064
176294
2659349
176291
2674136
232508
2621813
242221
2489221
171418
2649725
183483
2601593
178854
2584403
200696
2615017
240889
2561467
184470
2707086
168535
2462113
158136
2554730
204866
2611083
180882
2549445
204203
2471823
204128
2625231
231666
2588227
160698
2557110
179167
2632246
219163
2564672
177061
2654870
174110
2655003
163458
2537200
197833
2637426
183946
2438079
168123
2460108
238745
2407176
167925
2525678
174836
2489802
194784
3037877
187192
2604068
211989
2507944
234707
2514170
148058
2686385
171015
2466832
234974
2524252
150299
2594718
221657
2437968
227586
2621932
183487
2514270
308695
2256354
178150
2556115
178394
2293001
198834
2472525
237039
2705609
204470
2742746
236727
2518072
201202
2610923
207315
2615410
230692
2735730
239838
2578489
331384
2478550
232432
2837101
278476
2607275
233968
2595419
237122
2587463
239911
2783069
175268
2578262
255521
2516139
173816
2669094
191133
2703840
269694
2627859
155459
2598849
280117
2699986
300438
2611927
294135
2738040
294934
2794971
312335
2657153
308581
2632305
283010
2548306
215479
2682685
231261
2417240
200422
2604735
300151
2597478
185370
2670022
196463
2488715
239699
2526707
174638
2569241
186726
2748928
272183
2606038
191402
2573000
206940
2529311
200875
2558439
175377
2671088
244858
2461748
192737
2564443
235334
2576631
206767
2539484
210891
2566569
202462
2382101
210746
2675129
175840
2635078
276256
2589351
203015
2505287
200756
2642305
271841
2455481
216161
2568722
242795
2534614
235280
2710928
158698
2589255
183687
2539080
243201
2588739
188880
2532546
199270
2719069
185643
2520905
203482
2549153
173354
2596960
233381
2609741
148129
2557868
177978
2629339
262448
2471200
272185
2626421
304491
2606526
213307
2568623
240188
2671716
182197
2835492
191064
2466671
229274
2627851
230071
2542448
240085
2598903
249440
2635730
255100
2615231
237766
2552321
248187
2385264
235683
2620737
263540
2668531
233506
2537220
243376
2553783
232594
2756380
282758
2563724
236058
2596529
178367
2636278
215197
2503753
259187
2634344
235534
2775049
414198
2677342
248385
2554804
288367
2547696
163227
2698881
240728
2638413
212725
2424831
191508
2642914
201961
2710093
247105
2694845
190521
2593557
255640
2428055
209515
2547271
197367
2633226
342331
2417688
222059
2564718
204951
2675999
332941
2646307
174585
2700816
173110
2564116
155964
2673846
185087
2606261
252560
2554886
163265
2750927
191628
2666805
208040
2626535
209960
2559174
169669
2483772
211490
2472204
174222
2580410
214235
2608583
184430
2793082
329805
2665798
386000
2672708
253771
2529263
342213
2415754
215936
2710864
253683
2571607
262736
2514451
155836
2569344
200765
2507549
230802
2620849
206107
2521231
212785
2635214
313783
2564758
385309
2647709
241970
2529125
178543
2635972
202968
2603014
253067
2531975
198831
2473582
222262
2605449
233649
2610757
257279
2705433
403642
3006468
387708
2614804
292552
2684874
375180
2496317
243579
2527477
212603
2761689
280973
2748652
417377
2568712
380007
2561590
243779
2511843
278895
2581251
245394
2741238
254108
2552724
263916
2560354
242466
2579846
278897
2431141
201643
2679674
250224
2639203
268045
2557689
285310
2252807
206451
3165320
196012
2562014
250818
2535748
193344
2410651
238951
2619289
173525
2475241
164108
2472257
145956
2498909
139632
2564882
183788
2419015
146780
2535044
233963
2477431
168045
2406847
159468
2547887
184236
2604476
179718
2561335
188607
2411382
196671
2622778
201659
2437279
153011
2625649
234195
2594807
234899
2458739
232295
2523242
219621
2648811
166230
2631854
183546
2510122
189131
2651406
197304
2350643
173523
2472672
149400
2413601
169491
2460134
209583
2266080
173744
2453381
153245
2556634
211714
2543228
212138
2483535
209458
2570043
223030
2648682
200953
2648983
201465
2282469
229444
2618316
231612
2558178
266420
2647847
233506
2332703
221386
2614221
251422
2566652
228056
2502292
178539
2591168
231447
2575278
222126
2385813
350012
2531272
285003
2395605
228577
2582414
240590
2597162
266857
2412905
205713
2425522
198103
2558613
217708
2522363
344575
2654951
322158
2518549
274763
2643365
249412
2736789
265741
2647509
253375
2695068
256591
2662108
247517
2711669
213057
2729807
200403
2305818
196001
2304277
184833
2456416
186804
2484089
184721
2683305
195349
2476321
177222
2467120
186541
2472193
198220
2421963
238799
2447731
170885
2492090
169631
2329958
191055
2318873
191297
2488129
211866
2404523
171451
2530948
184746
2393146
185717
2529391
235369
2540216
204248
2563720
169114
2405918
193807
2485669
173754
2536433
151385
2647734
187950
2443533
192679
2406375
219308
2519891
196077
2406851
165151
2528868
225567
2679885
240929
2527860
222816
2544097
203023
2711367
257083
2559677
177163
2471608
200885
2463001
223064
2238617
199431
2456141
149443
2437116
200472
2488606
170547
2295059
196776
2525904
163282
2489237
175055
2622172
186989
2610730
303153
2576102
197630
2630957
183250
2558775
217782
2484726
149858
2591160
172968
2424280
156448
2551778
183025
2415327
242231
2493543
152015
2478577
164141
2384378
155493
2631369
154915
2487747
156313
2749062
265993
2579182
193103
2531842
192833
2600701
187938
2545228
192960
2498783
237222
2592689
169946
2547900
149330
2458264
172704
2514834
176746
2468057
166268
2503614
184535
2506218
183999
2489018
206283
2438654
216078
2549056
244644
2639109
357647
2699927
360712
2633590
287070
2640502
277563
2496901
254950
2710224
261875
2473647
218936
2628493
337599
2650162
369529
2827095
284556
2660576
294802
2369535
247190
2619672
235884
2362777
201057
2666692
206087
2372476
166869
2362869
186049
2310492
157179
2569629
213460
2511810
239934
2341270
157575
2306288
198812
2500258
195979
2371723
189973
2640200
198764
2460628
173199
2601661
251584
2748629
346619
2585277
165754
2491843
202753
2363483
191549
2472067
201862
2372109
149994
2624799
222021
2585911
224329
2524311
191511
2657239
235681
2561122
239706
2560976
198446
2608986
158633
2314710
173329
2395883
152541
2435212
302525
2655928
180130
2603282
189958
2617399
179317
2382764
164744
2519187
165820
2566954
159446
2664801
182345
2528478
249883
2588617
171954
2357404
222611
2423788
197751
2408408
176385
2363179
233021
2273839
172373
2586460
179534
2256583
190584
2428028
172020
2307881
190096
2520733
168197
2320620
184448
2547997
180866
2541466
208490
2449138
205096
2481376
218326
2521303
197430
2621179
410730
2530512
191225
2489975
176652
2509077
182387
2402479
156141
2683289
204191
2695669
303967
2547202
302600
2495382
249329
2652137
272113
2498761
271795
2713624
267462
2511808
232204
2415784
347253
2562674
256068
2571854
250656
2591923
382928
2538966
213941
2579562
217634
2740128
227973
2580512
385857
2739029
239582
2683150
385243
2810771
366748
2806716
379798
2637217
421061
2725187
429967
2601495
234753
2659053
250177
2457117
272368
2683117
297491
2653576
271343
2700089
221424
2608356
226360
2554712
222729
2529095
213886
2610962
248987
2690596
234583
2550872
223057
2575883
224790
2557020
218198
2741110
220049
2707296
280370
2489004
212825
2490471
270821
2615212
197873
2677363
282628
2754333
204922
2558537
192775
2602193
221395
2632752
232785
2625498
212438
2642552
235091
2859629
203290
2656063
214323
2805174
237374
2684387
189915
2539115
289409
2474568
168541
2570322
163809
2441659
248265
2626830
255602
2664550
258494
2574659
213680
2539189
220884
2472019
191746
2608723
164088
2555782
237098
2583063
187773
2376247
169877
2574553
376749
2559566
291693
2640637
292056
2734873
326267
2465369
314493
2602379
336807
2689663
350729
2508626
277491
2522158
236726
2615436
263006
2637295
244429
2353473
167103
2776837
371766
2499520
207782
2498955
186816
2493286
173080
