2401
629
2015
521
1965
565
1952
659
1952
705
2057
9071
1952
684
1573
538
1974
679
2023
679
2090
668
2045
559
2002
661
1937
654
1831
681
1880
659
1452
510
1465
516
1897
634
1866
624
2048
677
1678
704
1866
511
1912
565
1932
664
1997
8544
1932
649
2020
670
1934
356
1969
627
2087
654
2012
647
1579
421
1892
656
2238
644
1899
630
1695
575
1889
651
1960
579
1044
654
1963
649
1985
631
1917
658
2015
655
2047
632
2039
526
1897
674
2115
587
1902
542
1992
448
872
654
1892
649
2029
671
2085
509
1875
672
2160
505
2005
512
2080
615
2108
677
1993
656
1977
519
2098
670
1959
630
1076
381
1932
675
2074
646
1988
652
2060
654
2042
654
1692
641
1887
652
1904
659
2065
457
2043
618
2019
672
2357
606
1139
532
1122
343
2098
625
2017
659
2030
646
2100
584
2060
454
2178
669
1945
664
2052
441
2119
528
2025
645
1932
647
1932
641
1997
660
2041
682
2077
559
2107
656
2180
629
1647
493
1942
666
1837
654
1825
544
1874
648
1885
679
2002
365
2062
691
1322
381
1985
504
2053
671
2095
657
1700
694
1239
406
1864
697
1455
653
2195
656
11126
671
2120
657
1987
669
2045
497
2020
656
2033
551
1947
668
1970
672
2018
589
1318
375
2240
666
2050
656
1987
647
1151
382
2115
579
2027
656
1962
659
2123
654
1834
619
2035
672
1760
664
2087
641
2037
649
2057
566
2050
536
2043
655
1880
672
2092
534
2160
654
1790
553
1955
620
1607
413
1915
664
2030
471
2009
505
2158
583
1966
664
2052
657
2020
577
2070
553
1919
563
2117
641
1874
671
2015
697
2065
652
2035
659
2042
652
2079
654
2155
669
2160
674
1712
534
2067
679
2142
639
1974
428
2007
683
2000
567
1654
610
1987
383
1972
618
1460
556
2143
662
2055
667
2218
706
1892
372
1985
679
2102
673
2067
646
2002
649
2027
654
1947
482
1628
493
1992
666
2015
664
2128
654
1990
571
1890
654
2017
667
1987
632
1962
643
2083
674
2017
632
1967
641
2064
646
2296
647
1977
630
1912
542
2125
553
2082
649
1964
664
1905
570
2018
646
1952
572
2015
679
1977
644
1970
671
2167
647
937
287
2190
657
2014
569
2005
574
2055
604
2054
8858
2020
662
2132
662
1944
656
2030
652
2042
671
2142
677
2281
632
2178
661
2128
667
1247
385
2017
505
2035
671
2007
657
2067
674
1980
657
2070
562
1942
618
2306
636
2079
672
2105
656
2111
635
1733
632
1957
667
2155
616
1919
657
1973
550
2015
555
1975
687
1910
381
1872
676
1912
505
1967
666
2047
644
1984
699
1796
607
1890
564
2040
657
1934
526
1788
573
1989
659
2045
662
2033
659
2027
682
2129
356
2107
656
1974
684
2002
549
1912
513
2088
593
2231
546
2340
571
2275
562
2180
536
2048
606
2044
666
2378
659
2138
618
2177
559
1288
686
2127
635
1979
557
1159
396
2020
607
2129
676
2072
691
1869
381
2072
674
1947
373
2192
651
2207
643
1597
525
2135
656
2090
668
2109
644
2108
685
1959
651
1939
657
1213
662
1897
684
2210
656
2108
376
2042
674
2205
566
2170
669
2077
626
2203
671
2090
564
1890
656
2093
654
2103
651
2080
659
2135
540
1984
562
2060
642
2223
659
1605
644
2242
669
1990
664
1582
405
2042
652
2083
674
2020
609
2097
661
2044
661
2010
658
1957
633
1875
620
2057
596
1852
624
1692
557
1998
637
898
516
1995
534
2108
645
1174
374
2177
644
2333
569
2145
654
2230
644
2080
661
1268
374
1889
682
2135
549
2117
553
2144
694
1714
654
2391
637
2125
652
2135
644
2130
659
2078
643
2103
524
2117
647
2044
9133
1262
574
1944
631
2052
674
2030
659
1891
669
2110
654
1966
642
2092
622
2022
656
1181
370
2017
378
2165
659
2102
661
1990
648
2240
662
2100
657
2182
656
2017
677
1792
550
1993
651
1872
551
2105
689
2185
335
2209
674
1928
662
2040
540
2077
689
1774
511
1977
422
2213
649
2080
631
1859
664
2077
641
1910
661
2080
656
1244
643
1568
652
2007
651
1957
680
1180
359
2152
637
2040
651
1378
441
1967
657
2089
666
1970
623
1887
661
2520
523
2217
649
1992
591
1995
659
2085
667
2298
664
2180
654
1750
577
1686
536
1148
382
2152
672
2178
551
2110
669
2050
656
1842
657
2218
629
2102
651
1997
664
2240
646
2205
656
2210
642
2205
584
2168
677
2108
547
2099
670
1989
664
1312
379
2015
567
2097
486
2261
436
1929
667
2225
649
2032
656
2095
665
2125
669
1919
646
2241
559
2030
729
1979
659
2004
656
1395
527
1298
377
2182
479
2044
658
2122
663
1331
674
2155
576
2113
669
2020
654
2097
567
2208
664
2102
544
2170
678
1752
420
2125
629
1748
563
2115
496
2087
657
2020
557
1703
496
2198
516
2230
664
2108
664
2135
539
1736
523
2147
551
2167
656
2222
659
2223
642
2213
675
1979
669
2115
646
2195
667
2095
651
2162
481
2305
669
2190
661
2032
652
1952
664
2205
661
2073
634
2192
654
2425
666
2253
647
2180
654
2291
689
1995
627
2162
669
1957
632
2035
656
1987
488
2045
721
2075
669
11061
654
2118
654
2195
696
2043
564
1445
441
2165
677
2183
619
2453
662
2228
644
2187
634
1834
669
2198
622
1841
656
2122
647
2040
644
1264
355
1686
555
2167
657
2037
674
1950
664
2187
656
2261
672
2235
659
2097
667
2037
519
2087
669
1956
652
2070
386
2085
644
1294
361
2052
599
2192
679
2098
657
1990
787
2135
694
2225
667
2138
629
2195
656
2065
666
2110
639
1766
524
2024
676
2125
654
2085
654
2310
620
2300
646
2122
672
2080
606
1629
477
2115
660
2238
672
2100
616
2245
644
2158
652
2182
649
2122
649
2263
601
2122
496
2070
668
1926
393
1621
570
2120
677
2113
594
2297
662
2175
575
2179
646
2085
513
2211
657
2222
671
2205
692
2073
657
2155
669
2170
691
2239
667
2459
669
2317
668
2230
667
2401
364
2191
622
2192
679
2225
621
2135
639
2143
672
2233
634
2201
654
2112
688
2185
670
1275
362
2145
651
2210
669
2097
655
1654
9081
1702
476
2027
667
2248
533
2183
669
2098
656
2203
639
2188
674
2211
659
1889
559
1869
554
1268
375
2042
673
2160
659
2195
661
2037
657
2317
616
1761
422
1950
671
2092
441
1950
661
2039
687
2102
671
1568
526
1887
416
2047
677
1619
527
2037
574
1326
682
2022
636
1573
505
2025
586
2202
650
2030
9171
2064
647
1596
541
2040
625
2083
619
2065
662
2121
674
2125
666
2131
662
2053
388
1977
672
1672
513
2037
672
1947
677
2010
654
1628
498
2335
657
1220
363
2112
744
2070
647
1753
641
1897
671
1782
523
2220
657
1339
379
2023
644
1993
664
1975
622
2017
674
1194
372
1864
684
2088
589
2105
643
1854
659
2038
376
2128
557
1952
649
2195
664
2052
553
2137
668
2158
677
1995
648
2017
559
1859
641
2168
634
2037
702
1992
662
2112
627
2095
644
1841
664
1935
9095
1359
377
2022
669
2153
681
1934
631
1970
604
2125
679
2147
656
2145
644
1305
390
2074
647
1955
505
1905
644
2037
659
2102
671
2067
620
2034
660
2228
669
2211
544
2027
697
2197
641
2059
545
2002
672
1768
576
2020
659
2015
664
1874
10627
1333
431
1965
659
1994
663
2104
662
2142
687
2145
641
2238
656
2165
667
1994
349
2025
639
2029
667
2032
659
2075
676
1974
566
2083
561
2137
673
2010
494
2054
621
2207
544
1957
654
2080
663
2147
651
2087
672
1930
652
2045
697
1974
706
1979
568
2022
546
1923
623
2045
610
1578
542
1939
579
2152
341
1989
446
2047
662
1942
654
1982
674
1934
644
2005
649
1904
685
2019
659
2075
682
2088
555
1997
330
2138
679
2135
644
2030
659
1922
639
1909
674
2077
524
2110
456
2060
677
2020
645
2150
644
1741
654
2003
654
1977
669
1892
683
1927
654
2073
583
1997
657
1092
359
2070
591
1999
650
1969
709
2055
655
2125
643
2017
660
2054
661
1964
701
1889
664
1919
662
2090
652
1831
674
2079
641
1969
656
1922
543
2223
659
1545
704
1942
588
1903
639
2187
692
2122
656
2063
695
1281
371
1917
670
2130
691
2137
653
1962
428
1939
618
2137
494
1955
667
2103
672
2168
621
2070
655
1927
664
2020
622
2065
567
2127
533
2015
650
1242
387
2135
667
2223
664
2062
543
1140
457
1730
548
1999
482
1904
495
1137
666
1877
498
2029
374
1955
627
1597
514
2260
677
2143
667
2117
671
2045
584
2042
527
2182
643
2092
585
2055
637
1967
672
2142
653
2147
647
1617
636
2096
643
2013
619
2273
613
1676
551
2030
677
2193
659
2201
661
2195
557
1994
660
1127
377
2077
641
2032
672
1974
700
2078
663
2018
667
2097
707
2050
341
2145
676
1884
561
2098
555
2153
659
2222
657
2097
394
1942
644
2118
664
2180
672
2132
694
2047
672
2069
516
2261
674
2075
689
2107
642
1162
385
1171
366
2132
654
2093
613
2168
674
2007
647
2044
656
2350
667
2007
657
2075
589
1314
576
2208
649
2031
644
1354
394
2165
669
2235
641
1940
692
2100
674
2137
677
2045
651
2092
667
2468
694
1955
664
2067
615
1944
657
2052
546
2423
661
2188
609
2185
417
2150
656
2017
664
1985
672
2170
672
2170
616
1945
641
1220
373
2165
674
2012
676
2168
676
2104
646
2293
658
2023
669
1859
542
2135
656
2225
545
2079
710
2141
672
2155
644
2133
666
2123
645
2342
394
2378
694
2217
661
2160
659
2163
9499
2065
674
1919
362
2072
644
2122
549
2250
659
2170
672
2245
702
2110
653
2019
616
1987
732
2113
674
2077
672
2113
655
2170
642
2253
655
2285
654
1339
654
2128
656
2459
657
2148
670
2072
676
2090
658
2029
669
1952
664
2083
656
1945
533
2125
664
1200
383
2150
654
2147
666
2260
660
2033
687
1872
672
2175
651
2172
662
2255
550
2195
648
2215
652
2195
656
1489
682
2255
674
2035
531
2178
684
2288
666
2150
709
2040
647
2105
659
2172
664
2115
697
2088
644
2085
659
2125
651
2128
436
2132
641
2032
669
2090
666
2015
649
2078
677
2080
654
2082
660
2235
651
2100
618
2280
634
2185
665
2042
652
2203
553
2190
649
1980
566
2100
631
2148
477
2163
721
2348
687
2361
687
2223
671
2137
687
2039
586
2221
662
2233
659
1936
564
2246
687
1992
646
2100
466
2127
575
2205
674
2110
652
2215
654
2200
629
2342
673
2365
569
2153
618
2075
644
1732
542
2150
593
2084
697
2077
653
2245
687
2037
609
2273
642
1974
657
1271
370
2153
569
2075
641
1418
404
2080
563
2217
628
2222
662
2243
661
2258
684
2212
646
2133
656
2152
669
2055
657
2102
662
2195
656
1982
656
2080
659
2070
687
1962
632
2118
660
1989
669
2290
671
2120
654
2103
670
2037
669
1912
488
2010
625
2097
618
1937
717
2120
669
2205
641
2093
646
2055
639
1366
383
2188
584
2192
571
2207
677
2213
676
2270
496
2205
656
2107
695
1989
646
2030
649
1910
635
2125
604
1241
393
2138
634
2135
672
2077
643
2252
658
2014
659
2105
542
2044
637
2300
649
2085
687
2120
671
1972
676
2042
641
2104
666
2030
520
1473
424
2288
657
2001
667
1211
374
1848
563
1949
686
2253
651
2225
657
1970
657
2058
561
2015
670
2202
561
2175
370
2150
634
2191
676
1289
375
2015
549
1292
375
2012
527
2153
503
2107
437
2063
604
2083
661
1281
362
1957
646
1958
609
2115
489
2124
649
2014
677
1962
551
1997
684
2275
652
2072
659
2019
10211
2037
657
2010
651
2120
641
2413
657
2092
460
2150
679
1969
546
2196
664
2085
666
1301
378
2061
649
2084
641
1875
666
2331
647
2062
682
2005
599
2125
308
2025
654
2208
656
2363
654
2087
563
1616
644
1927
650
2015
660
2045
646
2351
488
1934
253
2142
666
2157
653
2035
559
2033
684
2145
646
2067
664
2160
711
2071
694
1312
385
2007
687
2070
661
2265
644
2270
646
2153
647
1479
429
2082
684
1924
674
2009
564
2087
542
2095
649
2175
656
2085
662
2022
662
2149
662
2032
664
2102
662
2115
626
2140
562
2035
679
2303
675
2142
649
2082
566
2097
549
2350
416
1957
664
1967
394
2241
671
1765
539
2115
663
2311
586
2093
578
2105
550
2078
555
2238
545
2185
543
2080
648
2188
664
2149
566
1207
386
2125
641
2132
701
1975
680
2396
691
2054
664
2135
674
2123
539
2215
488
2162
659
2300
674
2178
630
2280
626
2014
664
2139
657
1772
672
2135
658
1972
551
1661
439
2205
557
2107
654
2563
649
2128
564
2280
526
2137
666
2028
615
2260
581
2088
661
1123
363
1442
387
1985
667
2138
664
2150
684
2090
672
2242
504
2081
469
2230
507
1552
679
2045
662
2094
670
2102
669
2055
684
2092
684
1584
657
2160
656
1934
511
2060
657
1446
9562
1909
500
2278
669
1442
387
2045
702
2152
664
2062
684
2190
647
2170
444
2285
644
1399
477
1802
503
2047
649
1675
550
1521
654
2130
685
2023
664
2155
691
2065
666
1831
603
1907
525
1949
646
1842
573
1934
657
2253
659
2223
529
1606
694
2182
654
2150
656
2121
656
2095
663
2141
651
2152
623
1702
490
1419
674
2014
646
2098
592
2063
669
2245
597
2113
532
1962
702
2258
647
2107
666
2155
661
2152
689
2252
499
2067
696
2113
652
2055
648
2198
682
1941
439
2295
659
2275
536
2149
647
2258
677
1462
437
2169
645
2551
407
2268
651
2055
502
2179
657
2038
637
2268
551
1997
652
2341
659
2513
574
2185
684
2230
656
2065
659
2129
664
2072
550
1936
472
1579
431
2250
669
1426
387
2305
674
1954
737
2178
553
2067
656
2125
664
2498
574
2187
659
2233
659
2137
624
2173
10734
2195
647
2127
604
2240
672
2210
625
2007
651
1218
390
2165
654
2211
696
2183
435
2235
664
2331
551
2091
659
2097
672
2180
648
2456
657
2178
674
1518
666
1570
704
2195
549
2017
656
2085
669
2263
519
1423
432
2165
662
1314
393
2225
622
2050
634
2228
661
2150
699
2115
644
2171
460
2065
500
2172
664
1295
383
2135
643
2084
685
2108
544
2127
654
2179
669
2263
631
2168
652
2073
656
2514
398
2308
623
1853
548
2105
566
2021
557
2155
513
2208
661
2035
712
2125
671
2067
479
2230
661
1267
712
2135
676
2242
686
2075
654
1389
375
2092
651
2132
543
2185
665
2150
672
2386
644
2407
471
1827
679
2162
654
2272
672
2189
686
2153
672
2067
657
2175
565
2157
644
2029
649
2117
674
2125
674
2245
660
2278
659
1834
561
2163
661
2090
460
2177
630
2165
363
2242
654
2248
554
1320
391
2203
666
2217
676
2207
671
2120
687
2185
666
2000
641
2019
485
1385
694
1307
538
2142
732
2170
667
2064
529
2102
694
2139
671
2077
660
2032
694
2032
684
2248
667
2191
742
2185
657
1995
488
2078
656
2050
677
2222
651
2228
652
1915
397
2020
641
1474
386
2077
349
1964
549
2069
691
2027
674
2048
662
2127
673
1313
399
2112
549
2117
669
2280
667
2082
665
1565
657
2055
9880
2215
633
2408
674
1999
669
2050
672
2092
669
2022
499
2035
644
2225
727
1977
697
2245
677
1383
682
2233
661
1961
672
1935
661
2007
361
2368
644
2070
654
2034
568
2085
664
1982
470
2078
649
1930
589
1630
476
2028
620
2207
659
1974
684
2050
686
2410
654
1975
501
2363
497
2120
644
2058
664
2064
569
2070
657
2250
525
2439
656
2386
649
1999
660
2125
656
2135
654
2192
652
2010
669
1313
367
2134
651
2007
533
2133
644
2062
664
1779
667
2130
540
2112
659
1975
669
2064
644
2150
566
2272
587
2021
647
1527
611
2390
618
2084
659
2203
657
2173
661
2095
654
2100
661
2255
669
1977
684
2250
681
1887
662
2200
697
2134
657
2082
431
2133
690
2205
430
2290
564
2141
669
2007
622
2293
669
2155
649
2097
664
2067
630
2180
611
1591
627
2024
687
2029
676
2009
621
2024
677
2112
678
2055
555
1593
464
2190
689
1494
441
2185
731
1845
553
1661
657
2113
659
1984
542
2408
644
2225
657
1837
666
2055
574
2110
681
1967
654
1921
665
2087
664
2057
669
1989
523
2140
644
2005
620
2030
692
2054
656
2120
648
2094
542
2132
657
2070
672
2187
674
2200
659
1441
657
2132
555
1995
656
1279
631
2130
634
2105
699
2045
576
2112
657
2228
662
2057
681
2195
642
1931
501
2010
689
2110
504
2223
651
2137
643
2135
546
2168
565
1962
584
2097
661
2050
639
2074
664
2301
679
2153
546
2017
549
2125
619
1610
431
2270
672
2222
694
2247
437
2141
667
2235
654
2261
659
2235
666
1741
411
2238
365
2455
674
2213
652
1461
377
2088
548
1365
370
2147
642
2170
667
1666
531
1937
649
2020
555
2258
676
2110
373
2014
622
2108
644
2175
374
2257
674
2287
656
1599
665
2149
667
2236
682
2213
621
2235
553
1935
667
2208
649
1374
639
1800
415
1397
557
2193
669
1485
431
2042
673
2182
649
2313
662
2253
563
2278
679
2451
677
2185
667
2280
657
2243
556
2241
658
1553
674
2167
656
2190
649
2008
661
2153
644
2202
659
2293
666
1619
437
2143
486
2220
752
2293
641
2323
654
2242
659
2077
384
2057
666
2035
576
2130
649
2047
642
2179
692
2175
676
2165
652
2130
667
2205
674
2218
682
2240
641
2048
699
2215
553
2098
662
2117
488
2115
672
2157
650
2165
570
2238
660
2180
659
2010
656
2024
653
2211
649
1715
459
1386
684
1667
496
2355
634
2123
654
2257
616
2155
685
2265
657
2218
654
2097
689
2140
659
2202
563
2260
659
1428
499
2092
691
2300
643
1586
659
1947
641
1314
395
2082
657
2303
628
1605
664
2281
657
2353
649
2158
556
1972
687
2020
666
2178
657
2270
709
2225
648
2285
656
2273
584
2202
653
2337
631
2346
667
2052
674
2195
659
1962
674
1802
645
2514
672
2067
666
2415
679
1823
550
2355
436
2141
552
2175
652
2150
584
2165
652
2308
551
1580
664
2315
649
2055
654
2117
654
2172
592
2092
661
2416
641
2277
652
2135
670
2268
571
2135
659
1421
375
2130
393
2127
706
2098
642
2395
649
2125
659
2420
663
2245
664
2453
481
2290
692
1964
664
2173
664
2187
556
2077
664
1844
679
2115
664
2248
509
2133
667
2252
666
2127
562
2134
659
2215
545
2090
762
2198
656
1791
497
2029
523
1343
373
2127
566
2270
657
2128
691
1259
461
2192
646
2163
652
2303
644
2062
672
2129
654
2165
561
2182
475
2130
671
2092
657
2563
495
1457
659
2172
649
2177
664
2205
656
1987
671
2037
654
1578
435
2368
616
2112
654
2343
556
2252
657
2220
679
2178
568
1458
655
2197
680
2140
526
2102
662
2185
644
2215
666
2175
563
2236
434
2107
655
2205
572
2115
669
2051
657
2341
654
1995
657
2138
691
2068
662
2024
476
2070
644
2338
418
2298
561
2125
454
2262
664
2418
649
2293
573
1866
659
1779
661
2155
582
2035
664
2283
664
2138
551
2185
659
1372
667
2251
481
2298
9351
2193
668
2265
443
2301
539
2227
479
1990
479
2153
654
2222
546
2280
437
2260
647
2326
679
2332
533
1984
542
1605
448
2533
664
2125
596
2266
666
2315
634
2271
474
2252
623
2283
653
1552
416
1664
479
2034
656
1473
656
1718
483
2325
547
2265
682
2257
651
1370
395
1365
662
2360
672
2430
684
2422
644
2245
602
2318
438
2241
680
2276
667
2346
646
1457
384
2363
614
2335
381
2328
687
2243
591
2366
446
2379
428
2034
378
2185
652
2167
586
2410
657
2281
677
2255
659
2165
556
2611
589
2273
674
2333
669
1791
488
2293
432
2318
651
2205
677
2250
675
2560
666
2360
653
2541
652
2030
394
2158
659
2511
511
2396
551
1431
365
2241
447
2221
684
2303
669
1771
508
2245
489
2275
394
2245
514
2257
656
2488
666
2145
671
2140
546
2280
704
2305
434
2250
635
2475
651
2273
709
2323
652
2263
664
2210
644
2369
488
2217
442
1888
516
2310
367
2225
666
2335
606
2205
616
2205
655
2182
647
2358
664
2400
659
2185
674
2125
659
1259
371
2055
652
2160
672
2122
657
2052
634
2295
666
2128
567
2298
709
1903
9905
2178
625
1948
661
2434
665
2075
455
11517
667
2033
505
2201
667
2055
536
2075
454
2050
625
2123
662
2005
653
2265
772
2416
556
2002
670
2155
651
2117
662
2188
659
2078
672
2056
610
1935
644
1981
616
2173
596
2182
550
2023
641
2225
660
2107
677
2308
645
1912
654
2115
657
2072
677
2160
666
1321
450
2104
656
2200
687
2014
699
2133
645
2197
671
2067
644
2247
682
2054
572
2067
564
2195
512
2160
654
2004
637
2037
679
2160
656
1285
378
2305
679
2104
458
2092
671
2052
502
2115
654
1526
427
2150
641
2070
644
2225
672
2032
497
2307
664
2014
625
2057
659
2120
654
2129
667
2075
657
2122
551
1936
615
2067
442
2162
684
2060
656
2365
654
2229
667
2209
383
2107
674
2055
654
2223
9354
2179
668
2065
366
2323
631
2037
667
2193
651
1618
497
2129
667
2218
652
1997
694
2187
691
2095
531
2168
630
2002
634
2112
476
2048
679
