1881
666
1919
652
1498
664
1962
542
1592
635
1997
646
1881
664
1954
555
1866
654
1925
677
1894
656
1998
657
2067
446
1874
661
1964
652
1977
652
1928
664
1928
652
1907
8792
1083
366
1867
636
1866
657
1516
428
1866
561
1987
644
1879
533
1860
669
1904
669
2007
659
1581
511
1952
671
1240
444
1881
669
1892
656
1967
616
1578
364
1977
385
1875
648
1851
589
1925
651
1910
656
1178
654
1497
657
1907
657
1870
657
2009
495
1902
372
1995
646
1858
670
1867
634
1874
652
2065
657
1960
664
1935
649
2033
363
1867
647
2047
656
1982
662
2000
642
1875
521
1552
649
1964
657
1897
669
1979
666
1950
644
1867
654
2104
654
1929
659
1592
368
1936
672
1869
672
2048
652
1931
557
2125
669
1874
661
2014
667
1955
669
1719
550
1942
659
1960
684
1842
665
1982
568
1967
499
1464
651
1952
541
1952
654
1997
517
1827
644
1870
629
2057
646
1899
654
2012
669
1574
664
1917
466
1979
677
1951
671
1902
659
2032
652
2082
624
1881
501
1992
669
2175
602
2075
653
1985
649
2002
649
1983
641
2075
491
1957
657
2072
649
1982
679
2010
654
1942
553
1974
528
1999
476
1997
651
2002
639
2000
594
1941
661
1885
672
2032
646
1990
651
1542
468
1686
664
1151
671
1877
654
2070
649
1680
674
1929
660
1995
664
1925
637
1942
484
2072
476
1584
533
1953
689
1904
606
1618
652
2060
649
1912
594
1922
582
1910
642
1977
664
1927
656
1995
649
2000
654
1884
606
1937
565
1942
395
2062
647
1884
616
2015
685
1583
509
2067
652
2070
636
1245
386
1722
524
1990
656
2059
639
1909
662
1570
525
1115
362
1982
618
2213
595
1954
666
1897
650
1924
509
1967
546
1969
563
2031
671
2067
469
1502
518
1952
672
2162
629
1912
682
2007
536
2002
666
1574
649
2140
679
1949
662
2027
581
2135
650
1717
670
2466
688
2084
504
2115
553
1962
664
1924
658
1118
371
1904
413
1942
376
1869
641
1932
385
1973
643
2052
581
1982
371
2037
594
1797
666
1949
639
2030
608
1288
456
1942
642
1978
674
1942
654
1652
462
1852
659
2037
533
1932
644
1193
666
2070
626
1971
629
1927
602
2029
666
2097
647
2012
681
2035
646
1957
664
2045
660
2059
716
1874
676
2002
431
2082
664
1947
553
2095
657
1984
562
1935
667
2039
634
1744
474
1829
557
1999
642
2072
654
2004
671
1971
407
1964
632
1895
714
2040
512
1872
654
1959
573
2124
671
1985
644
2100
664
1640
656
1904
587
1990
364
1947
645
2005
656
2067
542
1975
553
1852
563
1652
663
1945
657
788
662
1768
551
1869
275
2365
641
2077
623
1967
674
1867
665
1920
377
1953
669
2045
684
1155
375
1969
690
1967
651
2276
604
1974
672
2280
656
1922
711
1587
661
2498
610
2173
616
2030
669
1871
662
2167
634
2002
671
2005
665
1917
502
1877
566
1825
544
1912
656
1927
656
1850
589
1644
659
1877
382
23093
543
2212
684
1553
548
2217
623
1637
547
1840
663
2110
641
1926
679
1470
421
1882
453
1560
615
2020
674
1965
699
1957
644
1513
415
2108
652
1749
551
1439
481
2120
664
1955
361
1120
402
2005
645
2128
659
2141
657
1656
527
2012
672
2143
646
2168
644
1970
518
2065
365
2253
589
2075
627
2059
389
2084
658
2135
551
2000
536
1970
674
1935
641
1984
647
1914
646
1080
378
1593
654
2120
656
2060
594
1875
672
2062
684
2007
684
2065
642
2037
451
1997
553
2147
666
1939
662
1971
659
1920
671
2145
429
2044
426
2057
674
2003
642
2030
670
2087
660
1895
656
2097
644
2060
674
1469
369
2050
648
2032
672
2015
629
2015
645
1859
657
1954
555
1925
639
2217
661
2190
593
1981
656
2107
674
2035
667
2182
649
1932
371
2168
684
1579
481
2195
649
2160
660
1937
649
2153
689
1974
662
1630
583
1877
643
2110
527
2021
622
1902
654
1974
669
1870
666
1990
621
2050
637
1945
668
2104
673
1904
650
2002
644
1602
651
2190
669
2062
609
1616
676
2064
424
1907
641
1969
659
1902
441
2152
571
1707
664
1957
524
1306
7208
1967
652
1982
673
2025
8973
1897
657
2183
669
1952
662
2067
653
2043
631
2070
667
1233
382
1892
659
1724
571
2083
667
1992
686
1589
652
2060
646
1712
659
1683
521
1988
674
1980
548
2112
589
2138
694
2079
659
2090
654
2205
622
2199
676
2070
674
1982
679
1919
644
2062
689
2025
694
2087
611
1977
669
1956
649
2010
669
2067
544
1597
550
1977
656
1915
632
2153
561
1973
647
1944
666
1866
649
2245
450
1809
533
2215
669
1798
548
1289
387
2027
553
1672
543
2067
574
1909
686
1675
388
1423
671
2069
579
2050
667
2107
487
2055
689
1977
529
2063
632
1149
369
1998
649
1940
644
2208
516
1894
671
1902
647
1867
509
1910
608
2100
637
2135
559
2245
656
2115
614
1948
672
2082
366
1987
608
2112
676
1525
466
1922
676
2083
581
2088
693
2002
690
2149
656
2107
669
2263
671
2107
647
2115
649
2291
649
2137
555
2158
568
2063
517
2198
667
1601
567
2070
651
2025
555
1967
722
2188
651
1877
672
2110
709
2140
626
1591
483
1977
657
2172
656
2182
665
2128
654
2007
632
2068
604
2034
669
2067
654
2150
544
2203
664
2245
649
2073
641
1992
699
2085
684
2100
572
2072
671
2080
646
2150
656
2090
648
2027
569
1985
594
2080
669
1755
580
1977
565
2012
661
2165
676
2105
647
2032
669
1942
586
2108
664
2127
652
2180
556
1105
378
1804
543
2065
608
2042
644
2098
648
2029
492
2383
684
1819
305
2243
647
2249
558
2060
629
1952
677
2229
656
2167
666
2100
571
2063
649
1195
372
2135
687
2142
644
1751
654
2000
639
2162
651
2090
644
1234
672
1970
656
2082
652
1917
654
1987
644
2149
646
2250
670
1977
654
2433
643
2010
684
1967
436
2179
644
2155
656
2233
646
2094
656
2017
528
1985
668
2251
606
2285
654
2258
655
2363
657
1987
654
2065
657
1957
657
1850
549
2175
347
1946
409
2149
9071
2187
661
2155
571
1333
654
2083
667
1982
654
2174
659
2127
647
2151
672
2118
664
2190
664
2017
672
2052
657
2045
649
2178
661
2027
656
2037
680
1422
405
2132
667
2261
680
2095
648
2097
654
1947
657
1576
551
2025
656
1987
376
1849
702
2053
693
1919
654
1904
666
1942
669
1977
659
2059
731
1668
504
2062
618
2167
682
2122
662
1836
653
2128
499
1983
667
2027
674
1892
634
1890
689
2023
368
1979
667
2055
549
2270
679
1902
656
1939
572
1897
657
2044
694
2015
489
2055
646
1859
659
1802
561
2140
679
1979
654
2050
659
2142
672
2002
676
2005
646
1864
677
2112
574
2094
523
1881
530
1274
682
1899
591
1947
659
1096
631
2059
672
1997
657
2002
667
1930
644
1955
644
2018
654
1937
661
1524
483
1934
684
2045
657
1967
652
1927
654
1802
560
1975
701
1901
636
2000
684
2039
651
2052
649
1501
503
1892
642
2085
672
1955
654
2044
682
1975
653
1874
675
1374
466
1160
407
2041
425
1147
681
2007
579
2135
599
2140
701
1968
647
2107
542
1995
659
1862
656
2143
662
1912
667
1875
674
1894
659
2012
679
1888
672
1965
662
1265
398
2015
578
2102
666
2291
657
2205
607
1953
669
1980
652
2082
677
1897
637
1889
656
1914
679
1985
615
2060
643
2027
644
1941
674
2005
661
1909
662
2004
667
2152
654
1859
671
2002
481
1929
647
2100
649
1962
660
2064
667
1925
689
2089
706
1950
670
2000
655
1706
664
1942
492
2037
580
1996
569
1990
448
1096
386
2055
647
1954
644
2039
700
1944
662
1928
622
2015
649
2210
652
2050
654
1992
649
2044
694
2040
656
2087
657
1924
664
2015
592
1694
618
2120
654
2057
662
1682
542
1937
654
1857
495
1962
676
2035
686
2012
679
1887
666
1982
576
2110
626
1896
644
2017
677
1957
572
1966
673
1869
670
1897
500
1922
656
1972
657
1962
691
2157
669
1880
642
1403
649
1930
632
2077
642
1929
672
2133
654
1990
649
2050
648
1922
567
2109
689
1929
674
2090
704
1929
650
1862
681
2148
669
1699
572
1947
653
2313
666
2225
642
1999
649
2090
661
2012
571
2092
671
1881
651
1787
634
1992
654
2029
659
1904
534
1842
658
2099
659
2208
637
2077
594
2004
662
2028
682
1917
694
2003
651
1082
427
1834
551
1863
557
2350
677
1973
652
2112
679
2040
658
1989
649
1734
702
2060
654
1867
666
1077
467
2065
644
1995
470
1980
541
1602
651
2100
569
1263
651
2038
654
1974
682
1743
488
1902
657
2095
651
1958
675
2067
524
2097
667
1985
639
1957
647
1937
666
2060
644
1996
669
1954
424
2139
677
1316
380
2025
656
1987
654
1917
661
1781
554
1885
659
2062
661
1922
571
1998
655
1972
662
1959
641
1778
551
2232
681
2000
661
1984
659
1932
579
2012
655
1977
656
2371
682
2052
659
1990
593
2107
649
2025
570
2145
642
1902
649
2093
666
2077
653
2025
656
1591
553
2075
694
2139
697
2002
672
1970
666
2022
370
2032
386
2068
677
1912
654
1991
649
1957
685
2024
664
2077
661
2110
656
2052
656
2027
572
1969
664
1957
657
2110
641
2145
372
2011
651
2165
587
1093
343
2085
662
2155
649
2145
550
2153
661
1880
656
1955
654
2217
692
1744
502
1967
679
2015
634
2020
664
2340
663
2020
644
1997
656
2065
602
2397
657
2079
672
2085
654
2090
437
1310
382
1997
672
2011
664
1998
651
1724
369
2123
646
1321
512
2102
651
2137
669
2158
535
2137
688
2033
662
2054
450
2032
548
1187
396
1982
707
1997
662
1536
438
1401
667
2028
639
2202
643
2138
602
2039
622
2043
593
2232
652
2030
654
2019
659
1227
383
2348
644
2045
556
1942
644
1142
661
2062
674
1975
374
2247
641
2195
557
1964
662
1896
666
1997
632
1695
492
2017
656
2007
672
1985
674
1802
618
1136
374
2135
647
2098
521
2062
624
1931
654
1811
631
2135
540
2092
666
2102
679
1994
692
2197
650
2033
603
1987
657
2114
677
1932
656
1997
636
2030
574
1939
659
2067
516
1867
657
1962
613
1939
502
2182
641
2085
667
2128
551
2250
651
2038
649
2035
653
2303
522
2139
662
1996
572
2025
661
2218
664
2115
674
2012
567
2105
646
2199
641
2115
659
2120
664
2337
538
2050
680
2255
626
2198
657
1940
657
1800
563
2069
661
2100
671
2092
661
2100
499
2280
672
1944
656
2040
673
1977
646
2103
664
2175
664
2017
669
2158
686
1929
559
1678
564
1730
580
2247
561
1808
546
2004
667
1867
656
2243
659
2067
659
2117
656
2118
467
1717
553
2075
652
2122
653
2095
666
2080
664
2017
682
1252
556
2048
664
2142
661
2072
631
2130
485
2243
434
2223
574
2130
649
2168
634
2054
672
2022
661
2230
612
2050
681
2022
674
1947
657
2140
669
2065
542
1936
657
2037
647
2013
643
2190
652
1918
649
2037
671
2087
543
1936
661
2060
667
1935
669
2336
667
2092
654
1902
649
2007
661
2002
651
1925
527
2029
627
1912
651
2195
658
1917
659
2089
593
1937
671
1997
669
2210
644
2085
691
2012
654
2092
620
1621
555
1757
558
2015
506
2345
656
2007
659
2137
656
2022
642
2027
661
2059
674
1877
654
2052
649
1580
516
1867
632
1989
659
1957
672
2120
607
1994
661
2007
661
2025
654
2111
669
2010
377
2109
659
1866
655
2175
701
1140
346
1977
580
2215
664
2263
453
1935
579
1869
644
2017
502
2119
581
2010
652
2087
654
1907
682
1979
676
2147
430
2316
584
2095
677
2107
551
1816
481
1949
642
1864
694
2017
652
2107
371
2065
662
2464
571
2095
677
1193
381
2097
654
2000
632
2020
436
1944
537
2030
654
2152
667
2099
677
1836
483
2225
324
1304
371
2017
645
1987
669
2065
631
2228
639
1287
372
2175
668
2035
682
1952
649
2296
659
2115
671
1972
576
2092
656
1927
671
2085
676
1910
653
1802
523
2127
642
2018
555
2150
651
2017
526
2163
672
1768
462
2085
569
1917
573
1970
659
2280
667
1372
664
2170
641
2078
515
1867
681
2014
649
2047
669
1800
681
1949
657
2045
407
2070
672
2108
606
2022
662
2213
666
2098
671
2080
493
2062
689
1205
390
1785
483
2132
653
2346
554
2153
659
2361
679
2053
701
1749
664
2110
669
2091
654
1982
653
1967
655
2230
604
1752
690
2299
560
2163
672
1251
381
2160
457
2095
671
2128
664
2350
675
2368
674
2088
670
2041
667
1741
564
2140
654
1245
383
2130
644
2137
647
2165
661
2211
657
2343
684
1919
672
2039
546
1997
684
1995
664
1688
542
1962
704
2197
674
2065
645
1950
674
1207
684
2195
649
1486
483
2107
655
1985
671
2280
653
2167
667
1947
616
2185
666
2060
649
1922
667
2107
664
2025
642
2005
674
1676
566
2097
527
2055
646
1565
497
1944
555
2183
662
2057
659
2093
662
2095
649
2052
707
1988
644
2165
644
2205
666
1159
376
2097
657
2201
634
1100
374
2045
611
2203
642
2032
641
2032
646
2048
688
2019
651
2044
529
2348
659
2067
663
1999
649
2153
662
1713
649
1452
657
2050
385
2190
657
2082
550
2037
652
2167
674
1990
666
2084
664
2205
666
2182
660
2042
663
2127
544
2050
678
2193
654
2150
674
2233
652
1977
654
1954
546
2064
545
2063
677
1849
586
2165
652
2092
654
2085
652
2070
662
2082
664
2095
573
1992
577
2045
561
2010
596
2267
651
2123
651
1506
419
2002
654
1918
641
2017
669
2178
631
2275
647
2045
509
2115
661
2213
609
2139
665
1840
547
2099
657
2238
664
1255
691
2020
674
2054
559
2160
657
2087
512
2280
443
2265
553
2215
687
2105
642
2548
564
2190
645
2024
682
2055
664
2248
467
2150
671
1830
654
2335
579
2167
652
2145
679
2143
469
2029
559
1923
651
2100
649
2108
558
1340
658
2132
660
1802
547
2014
642
2123
499
2208
660
1299
681
2024
652
2080
552
2188
564
2342
631
1846
643
2017
445
1727
521
2118
632
2298
709
2012
649
2142
694
2220
477
2323
521
2125
529
1508
654
2180
642
1059
283
2218
659
2281
671
2068
529
2210
649
2190
664
2147
561
1273
401
2125
654
1863
569
1994
669
2168
679
2097
674
2172
669
2229
680
2137
649
2127
631
2081
674
1999
455
1871
627
2193
647
2094
620
2120
657
2077
594
2368
664
2063
654
2143
674
1831
657
2012
661
1020
368
2030
656
2240
644
2195
662
2117
659
2153
514
2160
686
1907
573
2022
644
2297
546
2105
669
1350
378
2105
654
2219
654
2202
630
2122
707
2065
654
2099
692
2025
656
1773
654
2043
747
2019
552
2117
662
2132
642
1846
553
2163
9051
2340
481
2015
656
2029
521
1972
679
2069
616
1975
674
2140
644
2110
559
2090
531
1977
669
2005
616
1899
625
2165
663
1994
527
2115
512
1974
664
1525
488
2128
651
2069
541
1232
379
2030
654
2107
642
2090
672
2045
664
2062
667
2336
645
2400
662
2054
381
2095
539
1229
387
2113
677
1549
659
2044
660
2027
555
1783
667
1927
664
2037
686
2027
555
2230
629
2112
377
2011
689
2077
643
1984
669
2147
656
1932
659
2078
657
2052
644
2042
709
2005
656
1799
540
1920
623
1165
369
2052
674
2014
465
2042
683
1934
662
2000
650
1914
554
2320
656
2131
729
2205
641
1804
493
2140
669
1239
358
2052
530
2032
676
1860
666
2371
699
2088
474
2110
679
2351
606
1369
257
2109
671
1822
561
2313
655
1342
374
2045
681
1469
672
2145
662
2187
340
1954
667
2125
574
2010
674
2152
652
2225
674
1911
381
2160
657
2124
540
2125
654
1857
664
2022
511
2033
555
2122
516
2063
628
2193
623
2003
654
2137
670
2017
581
2087
666
2195
10370
2042
479
1990
484
2049
646
2486
659
2197
669
2277
747
2115
649
1892
654
1172
358
1990
670
2233
533
2198
656
2077
530
1987
644
2150
659
1516
523
2075
656
2081
657
1937
574
2014
674
2040
651
1992
643
2353
686
2031
522
1987
452
2471
656
2348
647
1905
552
2218
659
2099
647
2034
646
2050
654
2127
664
2032
528
2032
531
1953
661
1997
664
2014
668
1897
682
2055
661
2035
654
1909
659
2100
667
2077
621
2032
654
2125
632
2017
557
2351
671
1347
377
2180
656
2107
672
2064
652
2210
561
2068
672
1985
413
2002
672
2185
521
2097
668
2032
671
2108
661
2005
644
2113
551
2052
632
2045
696
2092
431
2208
505
2177
669
2010
659
1985
667
1927
549
2120
679
1964
664
2018
661
1865
664
2027
662
1284
382
2205
649
2004
662
2077
659
1879
9111
2023
689
2318
571
2488
651
2245
671
2280
690
2309
617
2203
642
2293
662
2332
626
1994
568
1581
365
2268
667
2044
503
2062
647
2210
631
2175
659
1977
657
1886
649
2112
641
2119
660
2004
654
2155
571
2110
677
2077
576
2252
525
2087
535
2097
654
2165
669
2075
682
1967
659
2040
664
2094
662
2226
656
2117
644
2223
666
2173
441
2195
664
2165
647
1970
649
2187
679
2085
654
2251
669
2114
645
2097
659
2179
573
2261
652
2280
357
2085
692
2064
674
2142
659
2014
662
2155
662
2287
626
2318
606
2137
654
2072
632
2160
647
2012
664
2058
650
1934
691
2122
656
1412
381
2022
677
2065
654
2198
642
1874
671
1997
654
2228
669
2145
649
2123
545
1819
569
2189
657
1994
645
1872
440
1853
659
1860
568
2320
675
2083
658
2048
661
2411
647
2007
659
2148
681
1409
446
2048
664
1816
616
2022
622
2208
667
2068
687
2293
664
1828
642
2017
672
2015
704
1952
659
2057
671
2092
669
2074
651
2028
659
2190
649
2180
659
2070
669
2115
659
2034
685
2102
663
2042
670
2020
674
1730
557
2148
657
1967
677
2040
659
2112
669
2022
652
2098
559
2191
657
2253
646
2043
653
2257
672
2215
647
2260
638
1267
681
2057
669
2147
649
2125
533
2230
647
2228
676
1962
667
2113
680
2017
661
2080
529
2080
558
1814
687
1940
663
2083
681
2055
663
2223
670
2004
496
1899
657
2115
642
1960
654
1359
654
2069
664
2181
561
2496
441
2062
647
1992
544
1957
642
1810
553
2059
642
2058
671
2005
657
2010
419
2163
677
2125
511
1074
641
2117
654
2032
664
2012
528
2158
672
2045
656
1940
435
2235
669
2112
463
2137
670
2140
642
2125
545
2192
664
1861
507
2092
659
2238
333
2062
679
2085
654
1891
587
2092
689
2411
659
2145
668
1909
586
2105
669
2067
657
2064
714
1862
672
1990
655
2227
657
2087
654
2200
667
1323
657
2057
662
2323
657
2120
571
2233
644
2232
677
1867
669
2082
474
2080
559
1882
659
2050
716
2042
553
1879
657
2159
659
2245
669
2348
657
2100
657
2218
375
2014
620
1982
674
2105
655
2122
662
2050
659
2112
637
2180
572
1656
628
1989
669
1898
568
2110
641
2120
669
1964
651
2000
681
2120
661
2085
670
2215
669
2255
466
2238
650
2246
674
2409
657
2127
664
1988
635
2037
674
2239
647
1959
661
2213
671
2188
669
2248
652
2047
629
2009
662
2190
432
2210
656
2240
657
2245
657
1941
661
2175
664
2322
644
2148
606
2325
659
2195
670
2285
656
2485
656
2049
656
2444
549
2220
670
2378
651
2113
621
2260
662
2165
661
2243
669
2140
660
2325
250
2169
689
2327
662
2265
655
2213
669
2273
659
2340
642
2258
677
2413
656
2430
657
1866
526
2255
649
2180
624
1490
394
2147
668
2382
311
2235
666
1406
374
2285
686
2420
659
2202
624
2360
666
2116
682
2355
666
2178
657
2353
681
2242
667
2385
672
2223
651
2305
679
2177
636
2290
659
2280
644
2297
667
2093
658
2280
664
2185
540
2290
666
2308
617
2260
657
2210
677
1764
467
2260
644
2205
660
1931
656
2285
511
2198
642
1539
501
2338
669
2180
644
2303
532
1825
512
1834
667
2353
661
2258
671
2285
662
2055
644
2298
666
2583
679
2267
682
2350
644
2320
674
2393
655
2162
589
2433
526
1572
449
1453
502
2245
657
2258
659
2210
668
2231
654
2417
662
2150
654
2281
682
2207
372
2178
661
2300
674
1296
578
2401
649
2117
677
2000
661
1889
666
2160
657
2148
674
2040
481
2323
671
1887
620
2007
651
2092
672
2012
654
1972
654
2010
679
2112
684
1904
591
2123
681
2123
662
1982
655
2017
704
2173
662
2049
519
1321
664
2232
680
2123
664
1862
664
2057
672
1904
663
1932
656
1984
667
2009
644
2168
657
2257
533
2208
662
2040
675
2030
654
1937
669
2150
503
2038
619
1897
662
1962
661
1604
504
1995
618
2011
565
2070
712
1969
558
2127
669
2165
546
1989
657
2147
643
1748
483
2078
654
2100
686
2030
627
2125
531
1939
659
2081
657
2208
677
2150
575
1958
623
2107
620
2152
669
2048
664
1840
672
2067
667
2082
639
2135
664
1974
654
2094
661
2101
649
2105
538
2200
657
2137
546
2125
621
2110
667
2203
479
1947
664
2040
674
2080
669
1960
490
1952
684
2118
661
2070
677
2003
652
2042
659
2069
680
2235
657
1959
644
2125
434
1987
682
2075
664
2074
618
2015
538
2027
664
2045
686
1431
401
2115
649
2100
646
2060
495
