1351
664
1874
664
1960
656
1972
621
1937
684
1910
684
1857
667
1911
667
1874
499
1864
565
1934
656
1895
642
1726
669
1880
671
1887
624
1907
561
1869
669
1866
644
1854
564
1046
361
1939
594
1985
667
1549
427
1915
569
1929
586
1937
548
1877
519
1676
637
1995
664
1497
531
1904
657
1303
427
1987
617
2053
467
1907
670
1964
657
1840
553
1877
533
1920
664
2028
649
1895
656
1950
368
1884
646
1920
674
2078
654
1949
642
1897
666
1855
654
1957
657
1874
669
1942
672
2285
657
1947
657
1855
589
1975
676
2042
644
2025
649
1920
657
1995
659
1806
667
1517
626
1967
667
1999
652
1957
674
2045
571
2012
661
2052
656
1902
677
1952
561
1960
641
1793
637
1892
634
1947
634
2037
656
1674
669
1895
721
1969
662
1929
656
1952
659
1932
687
1656
477
1904
664
2091
660
1960
547
1696
664
1907
659
1303
624
1835
383
1892
652
2055
598
2105
679
1976
539
1238
380
1884
657
1648
565
1955
675
1849
549
2090
629
2032
9724
1940
473
1726
577
2027
24185
1985
674
1932
659
2047
623
1922
572
1480
499
2092
689
2120
642
1987
669
1974
653
1522
669
2101
611
1972
470
1952
647
1957
584
1899
629
1944
451
1157
654
2137
666
1971
658
2050
681
1842
647
1331
376
1114
691
1892
649
2064
649
1990
644
1910
649
2102
642
1952
497
1518
372
1890
464
2092
642
1867
669
1758
680
2040
664
1887
659
2024
539
2003
681
1892
654
1957
663
1908
563
2062
647
1924
625
2115
674
1957
470
2050
659
2022
339
1974
646
1964
541
1907
602
1989
656
1219
371
1962
675
1987
712
1915
656
1626
599
1877
531
1118
362
1974
553
1982
689
1959
652
2040
652
1947
647
1675
657
1945
667
1987
647
2119
697
1967
659
1568
490
1992
649
1886
672
1984
659
2128
657
1990
666
2004
341
2032
643
2040
676
1977
652
2017
663
2130
644
2022
671
2037
642
1982
664
2107
642
1872
340
1489
644
1144
368
1972
674
2007
657
1960
654
1987
689
1997
376
2079
672
1909
649
1979
644
1336
523
1942
431
1920
620
2010
662
2002
641
1707
461
2062
528
2085
548
1994
656
1150
380
1965
641
1739
612
1704
596
2153
657
2022
651
1961
656
2010
625
2002
641
2097
657
2102
669
2040
669
2017
447
1564
497
2024
652
2032
671
2063
655
1972
543
2057
283
2007
532
2163
553
1954
649
2020
659
2030
684
1686
551
1984
649
1942
566
1657
509
2105
500
1086
356
2037
438
2015
9764
1554
634
1938
664
2187
521
1778
656
2115
656
2313
672
1992
672
1949
644
2072
676
2010
654
1660
562
1958
672
1989
669
1244
442
2037
662
1952
712
1897
664
1940
667
1992
373
1897
501
2037
641
1867
433
1957
632
1844
654
1889
684
2125
657
2105
659
1283
369
1848
689
1844
604
2026
550
2195
642
1308
364
1970
490
2029
553
1651
412
1950
678
1897
669
1925
630
2050
676
1980
667
1997
593
2137
659
1896
654
2313
657
1942
641
1902
526
2020
651
2017
547
1894
689
1952
664
2094
565
1899
681
1998
559
1905
649
1720
662
1922
612
1874
666
2057
676
2211
649
2124
633
1563
505
2015
597
1243
676
1404
466
2045
647
1914
657
1905
677
1993
539
2070
639
1977
657
1813
509
1461
509
2032
9307
2065
669
2035
689
1946
666
2004
667
2017
534
1857
669
2077
478
1942
652
2037
644
1924
649
1932
679
1874
531
2032
657
2102
681
1922
654
2067
669
2132
669
2208
643
2170
599
2329
689
2047
641
2020
597
1705
535
2220
682
1997
429
1988
647
1949
576
2191
666
2020
573
2115
674
1995
644
1974
667
2045
649
1472
369
2153
677
1952
667
2037
627
1930
661
1911
658
1970
652
1731
519
2225
661
1939
654
2135
676
1652
551
2132
8534
2005
655
1812
651
2257
591
2110
672
2165
644
2115
653
2170
473
1977
9651
1919
650
1930
649
2100
689
2047
563
2125
654
1892
657
1581
664
1929
669
1944
528
1563
551
1659
540
2042
651
1959
684
1994
631
1992
642
2069
654
1880
555
1667
664
1937
659
1972
648
1781
628
1360
427
2135
551
1957
631
2005
664
1950
559
1937
641
2020
320
1889
634
2050
669
1867
654
1949
539
2200
667
2050
659
1922
652
1993
664
2033
519
2165
693
2003
591
2019
554
2029
633
1940
689
1994
647
1957
667
2100
528
2082
621
2157
639
2055
686
2150
409
2055
667
2185
669
2085
654
1927
649
1852
666
1880
521
2177
644
2213
574
1618
656
2162
443
1967
687
1918
647
2034
686
2105
545
1944
647
1994
586
2080
519
1937
659
1754
664
1925
664
2072
654
1315
367
2085
431
1727
545
1261
355
1905
557
2047
526
2092
431
2013
666
2135
634
2014
659
2134
657
1972
583
2022
540
1981
666
1945
543
2045
671
2082
549
1785
567
1828
667
2260
649
1428
669
1942
624
1968
644
2072
628
2157
689
2055
649
2105
699
2070
654
2162
675
1905
654
2060
642
2096
657
2082
691
2000
656
2227
614
1892
579
1987
653
1962
647
1393
361
2175
657
2207
646
2207
631
2273
662
2012
669
2148
464
2123
601
2103
674
1982
477
2024
652
2007
642
1945
657
2074
692
1214
670
2155
642
1757
556
1884
696
2010
659
2160
649
2150
654
2118
305
2035
677
2125
651
2200
706
2112
651
2145
557
2157
661
2122
679
1962
674
2062
649
2072
662
2147
632
1997
667
2007
654
2298
680
2187
618
2200
644
2157
656
1217
672
1608
555
1595
617
2039
671
2205
657
2117
649
2035
666
1975
592
2092
642
2237
654
2165
660
1917
378
2191
525
2040
553
2002
662
1200
659
2057
505
2123
661
2193
344
2243
657
2097
649
2047
664
2090
569
2421
624
1867
659
2100
664
2060
528
1149
359
2152
587
1987
657
2014
674
2142
649
2201
674
1977
666
1184
368
1889
535
1650
657
1997
682
2089
611
2165
647
2092
679
2105
659
2217
659
2019
643
1967
440
1816
550
2293
647
2069
647
2335
654
2110
553
2265
601
2200
722
2295
653
2255
696
1360
384
1970
654
2298
656
2065
661
2280
669
1920
618
2129
669
2108
669
2075
659
2163
481
1238
371
2145
641
1980
657
2193
661
2082
676
2115
677
2137
606
2111
587
2138
654
2027
529
2030
644
2290
588
2169
643
2138
655
2443
689
2215
717
2127
670
2017
654
2052
607
2142
557
1555
531
1936
674
1957
642
2097
669
1949
652
1995
642
1887
659
1855
671
1910
657
2020
661
1862
674
1959
654
1929
695
1945
636
1973
642
2027
514
2040
603
2050
631
1851
656
1905
659
1111
381
1984
667
1638
555
1879
654
2142
692
2177
662
1939
666
1997
664
1976
682
2097
657
1864
649
2072
561
2007
667
1952
682
1909
667
2052
684
1961
664
2097
649
1955
649
2079
675
2125
646
2036
9715
1990
378
1990
714
1962
664
1945
370
1856
644
1950
642
2017
661
2040
657
1935
551
2015
644
1899
684
1978
671
1992
652
2057
644
2007
684
1928
641
1963
505
2028
654
1974
664
2040
667
1957
654
1907
654
2082
494
1850
9078
2000
656
1962
374
1778
630
1847
672
1982
658
1378
474
1924
643
2115
649
1624
362
2029
649
1962
658
2118
657
2138
667
1902
657
2032
659
1994
582
1967
677
2038
8793
1942
653
1887
654
1977
684
1937
657
1962
549
1915
377
1698
544
2253
709
2103
521
2087
568
1950
676
1982
642
2020
657
1977
667
1982
544
1997
660
1971
638
2012
656
1871
672
1950
585
2172
671
2018
659
1964
667
2195
644
2097
687
1947
481
2115
657
1902
659
2002
662
2023
614
1612
674
2090
637
2015
667
1967
642
1977
654
1887
491
1999
646
1991
657
2235
657
2020
389
2113
656
2058
669
2287
569
1949
671
2038
645
1954
659
2104
647
2055
616
1127
383
1835
691
2035
666
1919
610
1674
526
2043
641
1929
651
1720
551
1987
664
1974
561
2045
659
1952
670
1995
656
2067
646
1954
671
1674
544
1144
664
1995
659
1187
667
2087
383
1869
558
1957
589
2015
636
1924
557
1994
667
1939
576
2108
669
2019
652
2073
553
2185
642
1954
669
2000
674
1987
659
2068
574
2113
659
2120
684
1762
554
1930
648
1849
661
1917
666
1900
677
1875
672
1956
682
1922
666
1906
659
2037
559
2170
644
1851
646
1946
647
2067
553
1952
702
1664
666
1684
672
1977
562
2055
656
2050
627
1937
659
2012
535
2333
641
2117
559
2150
659
2054
649
1877
692
1962
529
1970
375
2004
657
2017
9327
1089
379
2020
579
2068
667
1973
596
1887
481
2079
642
1688
561
1982
656
1272
349
1994
685
2007
652
1934
583
2220
657
1985
556
1173
663
2079
509
1957
665
1731
500
2241
503
1905
664
2165
687
1503
533
1919
682
1977
642
2047
654
2013
541
1965
659
1922
644
1660
431
2029
538
1994
473
1882
664
2023
656
1929
572
1704
553
2093
555
1955
659
2093
654
1498
681
1935
674
1952
644
1838
669
2007
662
1959
644
1793
564
1894
659
2220
697
2130
666
2113
699
2034
644
2120
668
2047
667
1989
663
2160
662
2057
654
1971
681
2014
649
1944
641
1750
596
2087
653
2015
674
2065
649
2273
704
2063
426
2280
384
1643
507
2270
659
1954
652
2140
669
2125
654
2009
663
2142
641
2022
491
2145
657
1964
694
1758
542
1962
657
2192
340
2187
654
2047
549
2080
594
2090
667
2005
655
2205
669
2020
544
1879
656
2145
666
2137
659
1878
447
2168
647
2048
604
1505
494
1956
672
2253
647
1919
594
2045
646
2218
657
1929
656
2060
620
2029
429
2220
644
2155
659
2168
666
2143
669
2213
642
2045
659
1188
380
2000
626
2451
654
2062
656
2110
654
2107
654
2155
541
1383
368
1995
699
2178
624
2022
569
2163
656
1997
657
2114
644
2035
632
2123
603
2037
662
2034
644
2155
662
1942
553
1960
644
1202
382
1816
502
1990
603
2104
654
1212
375
2047
656
2057
656
2105
653
1988
572
2115
666
2117
671
2015
616
2298
568
2012
661
2065
655
2270
644
2067
583
2077
491
2228
644
2152
662
2157
643
1985
639
2098
664
2045
557
2155
650
2060
659
2213
656
2090
424
1950
654
1637
511
2040
641
1967
689
2112
510
2023
647
1972
542
2014
652
1977
656
2240
657
1980
681
1261
571
2157
631
1705
651
2050
644
2155
644
2127
661
1744
490
2157
637
2100
677
2090
653
1913
666
1972
593
2097
659
2072
653
2087
649
2069
704
2003
659
2100
682
2338
654
2057
659
2049
646
2109
644
1877
645
2108
652
1575
437
1997
562
2298
669
2045
652
1962
601
2162
662
1421
516
2040
653
2025
677
2077
661
1982
654
2069
656
2155
556
2125
447
2045
529
1975
672
1652
666
2099
646
2032
490
2118
688
2139
664
1844
679
2160
551
2105
668
2162
674
2067
672
2057
654
2032
553
2105
9046
2098
654
2057
686
2247
389
2203
654
2178
649
1975
544
2188
721
2115
674
2073
646
2098
661
2215
664
1960
647
1962
458
2108
672
2022
664
1837
587
2175
647
2192
643
2137
552
2037
506
1995
665
2210
654
1927
470
1900
620
2063
546
2002
654
2055
649
2193
564
2087
649
2047
556
2133
631
1593
682
1696
659
1897
654
2147
641
1957
674
1920
665
2033
661
2052
664
1919
684
1949
644
2239
654
1794
551
2042
646
2045
549
2045
531
2010
641
2119
660
1990
441
1355
358
2283
700
2082
632
2228
659
2153
650
1762
569
1986
672
1995
663
2020
627
2002
519
1957
546
1962
647
1908
672
2002
579
1866
377
2014
664
1896
665
2123
662
1113
589
1985
576
1996
646
2172
646
2271
634
2072
682
2127
679
2376
481
1931
554
2128
659
1989
657
2140
519
2132
674
2305
578
2227
702
2006
647
2033
641
1924
381
1958
672
2040
658
2085
672
1723
408
1152
369
2089
559
1318
676
1869
671
2278
608
2065
567
2025
667
1699
541
2008
667
2064
656
2062
549
2060
684
2100
354
1942
646
2157
644
2318
523
1997
663
1137
384
1972
551
2070
654
1776
459
1940
639
2155
658
2052
537
2004
563
2022
635
2124
669
1891
679
2134
668
2112
681
2318
641
2071
559
2017
534
1842
653
1897
579
2140
659
1879
679
1930
554
1930
445
2408
677
2135
662
2205
562
2218
679
2085
654
2098
660
2050
8783
1995
654
2167
666
2215
671
2200
656
2111
654
2113
9751
1844
513
2002
689
2024
656
2052
667
2085
562
2110
651
2088
676
2040
561
2252
631
1830
679
2103
641
2152
659
1992
658
1861
521
2115
662
2022
652
2168
672
2070
674
1967
658
1328
511
2423
540
2168
656
1814
654
1969
682
2218
677
2232
490
1945
659
2024
656
2107
652
2177
381
2120
646
2140
651
2075
589
2475
681
2110
644
2002
656
2005
657
1446
407
2138
662
1949
646
2014
555
2193
561
2145
691
1426
431
2010
672
2178
649
1467
669
2057
588
2121
623
2055
651
2182
671
1906
651
1904
654
2080
644
1972
667
1912
651
1902
657
2122
707
1652
568
2120
657
2165
669
1955
440
2028
667
2122
641
1932
554
2256
654
1992
657
2197
665
2035
586
2138
642
2132
669
1922
683
1818
474
1962
641
2072
657
2270
664
1620
491
1970
629
2119
644
2060
671
2170
662
2057
552
1945
678
2112
661
2049
654
1860
640
2268
649
2064
653
2090
372
2143
687
2188
656
2078
642
1397
438
2053
560
2097
674
2272
672
2092
641
2420
589
1929
667
1760
564
2232
662
1977
649
2033
634
2150
674
2110
670
1286
387
2027
586
2080
518
2007
679
2165
434
2092
687
2063
636
1775
481
2093
599
2120
684
1791
666
2103
684
2130
591
1884
452
2165
383
1937
653
1844
664
2225
654
2152
674
2005
574
2143
699
2087
647
2052
668
2072
651
1977
667
2019
681
2035
659
2443
370
2140
641
2093
553
2132
563
2092
654
2301
686
2231
572
2075
668
2175
642
1364
684
2158
656
2134
649
2263
692
2290
637
1857
431
2168
664
2135
514
2125
649
2201
452
2087
622
2049
631
2082
654
1886
650
2043
584
1997
664
2049
552
2069
704
2200
661
2147
516
2211
647
2020
9887
2105
639
2172
461
2102
659
2152
657
1844
551
2192
660
2042
654
2128
568
2148
623
2484
659
2125
589
2029
543
1923
501
2151
662
2155
670
2125
659
1154
316
2022
652
2420
574
2067
491
2165
661
2215
656
2049
641
1201
361
1578
516
2265
642
2145
647
2067
656
2240
650
2023
533
2225
657
2110
617
2140
656
2067
682
2129
656
2107
659
2159
701
2165
662
2118
576
1859
526
1581
467
1166
369
2104
656
2060
542
2187
647
1963
360
1939
653
2175
528
2145
619
1971
629
2085
625
2095
659
2200
671
2154
646
2050
669
2222
654
1287
669
2020
649
2318
655
2128
645
2151
679
2277
644
2067
649
2089
669
1554
503
1680
662
2005
657
2127
666
2222
647
2295
686
2045
686
1485
439
2293
632
2113
646
1930
642
1892
566
2057
654
2067
742
1922
594
1937
527
2245
652
2057
641
2023
601
2312
565
2045
661
2140
674
1242
372
2098
542
2070
657
1105
376
1927
616
2154
656
2010
674
2014
661
1972
686
1946
486
2233
684
2042
639
2125
373
2143
659
1245
375
2198
654
2023
669
2090
651
1702
535
2140
646
1425
483
2042
664
2060
575
2084
562
1492
9833
1957
614
1941
639
2007
666
2165
666
2005
656
2288
596
2050
661
2007
656
1955
651
1606
701
2044
664
1980
667
2110
654
1897
642
2019
8986
1980
671
1902
649
1967
641
2068
657
1929
674
2337
639
2141
636
2278
558
1908
662
2049
555
2275
669
2205
654
1603
472
2135
584
2150
674
2019
549
1031
652
2167
664
2112
574
2104
647
2145
544
1772
544
2085
552
2161
679
1465
361
2002
596
2218
659
2197
670
1947
666
1211
368
2112
644
2221
551
2267
644
1986
661
2050
596
2042
672
1859
559
2140
656
2023
699
2175
667
2100
657
1962
661
1992
529
1922
669
2247
592
2082
539
2125
470
1937
589
1830
540
1605
495
2037
649
1739
714
2030
651
1288
361
2162
644
1977
671
2107
674
2213
671
2070
645
2187
644
2109
659
2040
608
2213
679
2165
499
2020
654
2113
642
28040
653
2105
541
1990
681
1980
609
2215
619
2157
659
2068
646
2198
652
2070
659
1836
659
1915
670
2077
554
2055
662
1987
7882
1937
656
2047
613
2221
674
2065
586
1922
647
2082
662
1927
674
1889
676
1757
596
1926
681
2102
649
1986
674
1984
636
1266
401
2102
654
2089
619
2037
669
2125
657
2107
657
2077
565
1980
657
2015
561
1927
651
1538
692
2025
657
2070
642
2052
607
2147
687
2035
652
1899
646
2057
654
2245
681
1987
669
1852
654
1764
551
2108
642
1790
649
2145
551
2223
659
2152
671
1926
384
2382
557
2225
644
1559
449
2095
689
2047
667
2275
672
2260
651
2178
667
1849
543
2364
662
2285
667
2248
551
2195
538
2070
576
2004
670
2062
669
2075
644
2368
669
2270
514
2025
681
2015
645
1926
659
2121
670
2025
667
1545
523
2170
423
1808
445
2005
653
2070
662
2077
634
1017
642
2265
546
2243
682
2187
657
2157
620
2037
657
2169
656
1770
415
2268
663
2199
399
2025
653
2183
679
2139
654
2064
656
2150
528
2365
599
2045
671
2165
664
2188
484
2140
674
2123
372
2173
660
1722
577
2283
687
2045
565
2102
659
2163
659
2390
644
2175
651
2225
658
2325
659
1980
766
2266
612
2135
659
2012
546
1343
677
1998
549
2267
474
1889
536
1992
618
2131
580
939
538
1462
423
2115
654
2133
669
2207
644
2002
662
2084
540
2049
642
2084
669
2093
656
2215
551
2079
671
2062
656
2122
636
2008
664
2117
672
2089
661
2045
657
2253
654
2235
656
2034
689
2178
672
2007
657
2137
642
1428
8266
1902
654
2187
534
2062
659
2213
517
1595
512
1506
449
1784
664
1965
656
2127
652
1947
610
1952
664
1373
391
2160
667
2265
563
2103
415
2042
552
2058
664
1964
645
2258
658
2255
649
2193
656
2078
692
2396
553
2140
674
2167
667
2047
655
2005
687
2012
659
1920
654
2173
674
2413
662
2288
555
1922
654
1912
658
1951
664
2313
674
2225
514
2152
657
2015
8961
1942
672
1946
617
2347
651
2118
684
1644
644
2037
672
1958
659
1939
656
2077
656
2017
667
2127
569
2137
535
1856
498
2155
659
1971
662
2403
674
2198
659
1982
662
2092
419
2000
664
2049
670
2044
652
1952
589
1957
659
2050
479
2009
667
2054
667
2305
660
2250
664
2092
384
1984
649
1967
651
1837
679
1804
546
1457
489
2015
543
2203
644
2195
599
2042
689
2052
689
1992
444
2103
654
2002
667
2037
531
1866
646
1972
664
2093
684
2100
669
2305
524
2037
674
2024
656
2029
666
2185
677
2075
651
2481
682
1365
490
2223
652
1973
676
2115
669
1521
486
2125
649
2118
649
2060
657
2633
686
1945
681
2035
652
2172
669
2153
667
2028
535
2213
307
2065
652
2267
583
1341
644
2127
694
2039
676
2072
644
1293
357
2315
654
2159
682
2047
650
1985
657
1987
654
2160
458
2150
644
2168
649
2097
676
2159
594
2207
646
2243
656
1015
658
2230
642
2137
659
2072
671
2207
679
2290
669
2035
659
2073
374
2568
652
2230
664
2227
664
2263
654
2205
676
2270
644
2306
660
2405
639
2082
654
2203
585
2325
657
2115
647
2248
594
2267
657
2296
664
2268
674
2181
689
2280
668
2179
659
2249
662
2415
644
2165
657
2305
659
2180
651
2152
669
1974
253
2305
630
2439
666
2268
533
2137
641
2152
606
2180
671
2257
668
2263
652
1565
674
2282
650
2318
657
2211
647
2165
606
2094
676
1866
324
2212
664
1490
379
2290
642
2019
649
1868
550
2162
662
2280
687
2140
661
2343
654
2193
559
2280
684
2588
654
2277
665
2205
445
1950
565
2488
631
2316
662
2273
661
1769
513
2308
669
1874
555
2326
642
2456
625
2276
649
2197
656
2090
664
2423
652
2195
666
2147
654
2148
698
2218
672
2359
514
2533
648
2360
664
2212
659
1100
537
2318
644
2265
669
2296
651
2300
655
2345
664
2355
671
2245
563
2426
643
2331
644
2192
789
2248
672
2343
531
2478
542
2272
596
2305
647
2000
615
2169
641
2307
667
1934
656
2412
657
2250
656
2320
643
2281
376
2303
649
2070
662
2160
561
2181
611
2232
692
2022
654
2060
524
1922
539
2192
662
2151
699
2146
639
2055
541
2087
599
2002
668
1983
652
2051
657
1971
668
1912
643
1994
654
2300
646
1952
656
2075
670
2133
435
2182
647
2045
628
1206
345
2162
651
1982
644
2012
618
2024
632
1900
657
2052
632
1942
639
2150
650
1969
649
2135
661
1988
667
1972
652
2027
666
2032
651
2291
537
2072
515
1985
632
2007
669
2120
551
1489
656
2007
644
2175
664
2358
569
2143
537
1959
657
2095
676
1998
671
2080
659
2129
576
2060
654
2135
654
2055
555
2050
657
2144
669
2097
665
1791
652
2067
624
2130
671
1826
677
2082
644
1754
656
2117
668
1965
594
2090
689
2075
672
2137
414
2095
652
1927
616
2162
9598
1735
672
2386
654
2007
644
1579
494
2170
684
2188
429
2092
657
1862
642
2085
674
2429
662
2007
664
2058
652
2305
669
2095
677
2200
679
1920
650
1432
414
2050
656
2092
674
2025
608
1902
619
1914
662
1067
625
2017
443
2092
644
1834
300
1967
643
