1877
563
1914
654
1979
667
1994
697
1948
441
1892
657
1966
689
1915
684
1909
624
1105
366
1859
645
1854
672
1980
515
1904
657
1881
654
1872
654
1894
551
1855
665
1997
547
1879
681
1864
662
1877
654
1452
509
1914
654
1869
654
1889
528
1882
672
1472
468
1918
556
1553
686
1856
617
1516
674
1868
641
1995
642
1638
513
1778
436
1892
674
1967
479
1882
666
1992
659
1662
676
2120
673
1984
647
1892
363
1937
628
1590
654
1407
669
1977
644
1925
639
1871
639
1597
518
1646
619
1970
584
1900
662
1975
659
1882
8949
2007
644
1460
659
1925
663
1440
692
2082
674
1902
679
2012
667
1960
657
1425
497
2160
664
1994
632
1987
643
1949
654
1897
669
1952
654
1920
659
2067
654
1905
458
1937
561
1899
654
1640
496
1849
649
1656
664
1981
689
1999
662
2010
656
1854
550
1857
674
2015
646
1974
672
2017
664
2075
517
2005
641
1922
690
2045
476
1977
644
2153
652
2007
652
2027
669
1680
563
1979
667
1657
559
1897
546
1942
654
2030
629
1964
664
1937
624
1924
654
1954
667
1933
669
1737
497
2113
682
1899
632
1960
656
2095
694
1989
360
1652
684
1998
659
1970
644
1564
547
1676
607
1935
646
1892
572
1952
654
1542
551
1899
649
2080
646
2310
626
2008
644
2135
671
1952
542
1927
678
1826
443
1984
567
1937
668
2113
656
1592
496
2053
646
1872
659
2062
659
1979
659
1964
644
1674
582
1783
664
1781
642
2011
659
1957
428
1617
662
2027
671
2002
662
1945
659
1895
669
1879
668
1958
651
1995
647
1975
654
1915
553
1962
664
1950
664
1882
669
2112
636
1874
630
2025
518
2005
636
1949
358
1965
677
2060
641
1964
654
1962
666
2034
695
2027
664
2008
676
2022
682
2052
575
2024
555
1589
649
1872
569
1909
652
1163
392
1604
656
1897
561
1969
668
2170
664
1842
662
1986
652
1956
669
1982
649
2009
662
2069
673
2012
447
1871
654
1995
476
1856
477
1957
654
1924
646
2078
659
1977
669
2055
677
1954
574
2115
659
1340
389
2105
671
1967
450
2042
662
1989
551
1994
659
2070
644
2262
664
2052
676
2115
685
1904
652
2017
642
1882
651
1777
664
1784
584
2015
679
1902
656
2027
620
2127
664
2085
654
2040
507
1982
473
2052
656
2012
670
2153
651
1952
672
1969
662
1314
418
1984
692
2268
538
1814
613
2065
643
2140
664
1169
335
1959
674
1892
644
1908
611
1922
659
1952
664
1882
658
1939
661
2105
637
1985
549
1975
669
1939
669
1935
547
2027
654
2105
644
1899
564
1909
651
2062
647
2044
608
1994
626
2034
657
2019
658
1932
272
2193
674
2070
674
2007
650
1936
659
1828
382
1652
531
1892
659
1932
676
1892
712
1742
656
2000
669
2108
495
1987
662
1934
644
1911
672
2350
659
2218
642
2200
662
2067
672
2170
669
2074
667
1917
652
2031
665
1875
418
2094
642
2190
672
1922
656
2055
662
1910
622
1205
375
2213
479
2012
651
2070
682
2120
566
2095
546
2077
649
2181
651
1872
715
2020
653
1866
656
1969
612
2125
646
1899
604
1906
469
2022
664
2145
669
1955
667
2107
665
2000
661
2033
592
1993
629
2165
568
2150
664
2035
654
1682
548
1992
546
1886
676
2028
546
1934
664
2012
374
2072
624
1894
637
1910
612
1300
441
1955
654
1972
345
1905
647
1653
552
1899
656
1882
644
1930
646
1978
620
2055
674
1755
630
1762
652
2398
669
2002
536
2120
576
2087
612
1774
580
2140
589
2193
679
1905
632
1979
9684
1889
656
2101
697
2072
677
2005
644
2220
649
2187
566
1882
433
2101
672
2064
659
2032
642
2038
642
1880
654
2024
618
1950
674
1560
582
1582
687
1762
559
1902
664
2017
656
1993
647
1137
368
1918
534
1987
666
2042
644
2040
654
1987
656
2111
669
1997
642
1967
663
1216
362
1962
650
1962
669
1557
523
2129
659
1941
562
2195
649
1885
632
1876
662
1845
619
1972
574
2150
682
1997
659
2032
687
1837
551
1966
656
1932
672
1939
666
1899
567
2025
665
1332
444
1977
365
1901
654
2220
457
1969
652
2020
644
1104
387
2097
654
1910
654
1760
487
1880
628
1992
494
1944
656
2063
500
2185
646
2132
672
2155
637
2019
663
1894
656
2153
495
2032
605
2060
8549
1932
625
2054
664
1917
672
2027
667
1990
621
1991
653
1516
656
944
356
2180
645
2299
674
2295
666
2083
604
1974
656
2107
672
2078
658
2411
486
1722
476
1954
490
2393
664
1929
479
1994
642
1346
405
1940
672
2022
689
2072
664
2084
669
2002
697
1974
647
2073
659
2265
658
2051
672
2035
670
1819
553
1939
576
1964
508
1947
454
1876
674
2115
660
2180
669
2035
585
2035
656
1979
656
1696
553
1904
609
2032
662
1982
615
1892
554
1972
674
2152
666
1974
662
1949
666
2137
630
2112
645
2082
649
2143
667
2085
589
2047
659
2406
576
1954
661
1997
662
2170
481
1542
662
2253
677
2127
553
2042
661
2017
669
2052
644
1298
376
2032
681
2248
664
2202
674
2228
657
1781
672
2153
666
2098
658
2082
677
2010
9316
1570
513
1156
385
1978
511
2057
639
1750
668
2058
672
2190
583
2064
644
2033
657
1980
675
1781
531
2295
655
2099
649
1083
642
2279
631
2258
657
2160
648
1984
654
2059
392
2070
552
1894
659
1989
674
2260
506
2168
659
2115
661
2142
678
2210
649
2095
657
1777
488
1914
550
2015
568
2018
659
1837
661
1976
557
1997
674
1917
531
2123
621
2130
669
1544
477
2123
9136
2073
639
2168
647
2112
654
2123
656
2073
528
2190
551
2057
649
2150
669
2092
468
2052
631
2090
654
1778
543
2077
649
2087
701
2028
669
2090
656
2158
639
2180
649
2062
667
2080
455
1902
669
2178
648
1874
666
1957
650
2084
625
2112
666
2039
667
2099
686
2165
644
2165
508
2213
652
2065
644
1925
561
2170
677
1648
671
2141
657
2064
663
2172
609
1862
534
2153
671
2182
375
2130
669
2170
665
2267
659
1954
657
2266
677
2043
674
2002
656
1674
509
2015
556
2024
547
2072
576
2057
680
2200
557
2152
647
1367
374
2200
636
2109
654
2107
666
2178
657
2075
657
2193
649
2047
674
2160
657
1422
372
2059
620
1333
371
2245
656
2073
674
2162
667
2063
632
2017
656
2143
689
1954
676
2115
664
1987
674
1879
316
2072
647
2042
671
2017
641
1989
579
1995
661
1885
403
2011
659
1990
657
2067
656
1967
646
1949
657
1997
572
1995
667
1962
643
1849
639
1947
651
1939
359
1947
671
1907
572
1962
641
2060
682
2053
666
2067
662
2058
375
2013
696
1949
659
1949
661
1971
9198
1931
664
1906
642
1879
632
2240
680
2170
663
1944
644
1882
680
2092
686
1856
611
1910
563
1669
637
1900
555
2079
684
2047
658
1967
675
1951
669
1904
626
1115
368
1870
647
1990
570
1932
571
1934
646
1693
548
1946
654
1864
654
1905
688
2024
374
1997
549
1984
587
1995
656
1972
669
2055
544
1962
697
2000
669
1961
657
1874
659
1642
561
1224
369
2155
667
2009
661
2027
680
1841
646
2115
644
1999
657
1899
528
1970
639
1884
634
1977
8552
1945
644
2188
655
2251
674
1880
647
1979
679
2042
656
1990
689
1995
314
1964
649
1934
659
1894
553
1938
664
1169
367
1890
617
1920
652
2025
643
1640
331
1929
667
2010
688
1552
477
2112
660
2325
642
1932
639
2012
627
1862
672
2030
647
2057
566
1594
539
2044
620
1964
471
1907
582
2015
659
2028
641
1574
528
2069
692
1881
646
1503
504
1802
661
1864
667
1871
661
1959
674
1852
667
2103
656
2154
385
2045
384
2027
581
1952
676
1869
647
1932
669
1882
644
1959
657
2107
566
2128
659
1967
640
1874
679
2085
659
1944
659
2183
642
1914
649
1977
646
2094
626
1912
616
2198
671
2027
696
2035
643
2000
627
1934
654
2095
435
2042
670
1271
671
2092
663
2002
664
2172
659
1668
555
1597
531
2142
511
1654
541
2040
646
1814
449
1985
717
2040
672
1947
650
1967
584
2094
644
2012
672
1974
666
1892
654
1753
657
1544
496
1926
675
1607
501
2040
644
1946
669
1189
367
2072
543
1937
642
2050
669
1980
643
1846
659
2072
654
1872
654
2047
632
1608
684
1998
627
2133
669
1932
669
1553
641
1950
584
2103
669
1992
7674
1992
716
1965
564
2120
659
1960
662
2027
641
1597
476
1906
686
1902
657
1917
611
1950
666
2008
653
1209
645
2030
483
2031
585
2135
654
1690
470
1945
657
1922
441
1935
657
2288
651
2119
555
2175
664
2085
657
1941
659
2127
664
1924
559
1967
646
2059
566
1899
672
1916
627
1878
653
1990
684
2029
664
2201
649
2150
677
2055
655
1922
649
2198
666
1977
659
2152
689
2129
643
2095
690
1924
671
1986
662
2009
618
1530
383
2017
684
2037
540
2000
546
1927
672
2010
679
2145
664
1950
674
2150
587
2087
656
2157
639
1992
665
1789
532
1718
654
1728
521
1929
674
2270
558
2033
662
1720
559
1959
694
1947
565
1890
652
1068
380
1987
689
2210
669
2019
661
1951
658
2058
440
2182
645
2080
644
2107
679
1937
677
1739
9105
1975
664
2063
651
2122
644
2009
532
2055
662
1979
656
2042
679
2100
677
2168
10545
2093
487
2089
656
2105
672
1845
337
1912
657
2168
344
2075
662
2049
664
1877
654
2065
642
2102
664
2332
777
1441
441
1896
475
1982
644
1703
563
2193
671
1862
675
1859
655
2047
681
2127
642
2098
653
2059
9492
2039
622
1825
559
2100
618
2108
666
2029
704
2160
635
2069
572
2198
604
2172
642
2098
659
1242
595
2100
553
2112
557
2072
672
2009
642
2030
644
2235
649
1543
440
2061
659
2145
661
1743
542
2040
559
2285
684
2220
609
2167
662
2080
639
1995
666
2107
652
1964
572
2024
524
1975
572
2375
397
2022
657
2012
662
2049
528
2197
530
1682
656
1995
654
2250
627
1283
689
1740
565
2145
671
2120
639
2172
601
2067
662
2220
664
1895
652
2123
659
2030
662
2067
671
1950
572
1924
644
1997
661
2147
672
2042
654
2060
664
1925
654
2065
652
2195
374
1234
668
1899
711
2037
599
2081
626
2278
542
2025
470
2160
672
2271
659
1947
606
2110
647
2059
666
1974
656
2145
659
2065
656
2087
676
2198
677
2185
659
1872
587
1979
646
2112
644
2235
657
2033
547
1504
654
2085
649
2064
568
2142
651
1979
547
2097
580
1979
648
2163
662
2017
647
1570
684
1987
666
2180
553
2213
646
2143
661
2248
679
1935
604
2143
692
2117
673
2195
670
2192
673
1204
679
2175
561
2118
649
2050
645
1470
646
2293
657
2265
551
1880
641
2027
647
1844
646
2112
621
2032
669
1618
569
2107
493
1945
661
2115
654
2145
677
2155
536
1954
664
2033
671
2010
617
2025
656
2003
659
1955
642
2283
674
2335
647
2047
674
1972
601
2358
654
1977
643
2047
669
2065
665
2127
428
2080
645
2078
669
2027
644
2117
659
2052
630
2215
592
2135
516
1492
639
2185
656
1987
630
1472
666
1915
596
2075
648
2041
681
1920
656
1918
669
2014
651
2055
669
2030
651
2131
653
2147
556
2038
652
2039
644
2023
611
1637
553
2251
681
2030
466
2057
675
1764
559
1992
458
2012
669
2042
651
2034
556
2125
505
1679
707
2213
572
1735
662
1999
661
2102
659
2017
666
2035
676
2015
653
2075
555
2160
589
1942
432
1877
662
2055
643
1955
661
1983
659
2122
662
2029
674
2145
634
2093
656
1927
497
1973
654
2118
644
2068
657
2020
654
1664
567
1922
652
2225
414
2112
425
2091
641
2032
625
2062
677
2088
739
2092
656
2105
662
1980
649
2042
666
2160
656
1925
574
2080
661
2067
656
2180
478
2020
677
2143
659
1790
501
1922
596
1806
667
2082
672
2225
654
2102
676
1881
654
2023
666
2017
389
1926
669
2072
654
2330
682
2057
674
2207
639
1320
395
2353
647
1960
649
2077
645
2213
681
1925
697
2137
662
1999
665
2054
676
2015
657
1932
656
2165
674
1920
629
1940
505
2085
682
2142
557
2041
636
2010
528
2063
656
2182
662
1952
674
1998
493
2165
642
1952
578
2175
646
1937
644
2179
539
1959
875
2062
621
1985
674
2098
661
2090
592
2149
593
2030
664
2008
583
2109
659
2032
666
2215
642
2117
659
2263
669
1966
657
2348
561
2054
664
2050
445
1990
444
2208
644
2122
649
2062
581
2210
704
2049
592
1982
649
1443
445
1944
641
2033
662
2277
649
2065
657
2042
645
1984
705
2042
611
2060
656
1999
649
1431
661
2005
449
2109
632
1974
645
2002
650
2258
666
2318
639
2165
677
2208
670
2088
586
2117
682
2115
668
2145
663
2278
664
2183
662
2067
557
2137
679
2037
616
1963
654
1977
677
2105
641
1701
555
1704
555
2119
656
2060
494
1998
691
2165
666
2142
677
1912
672
2137
679
1967
663
1636
553
1990
662
2072
552
2095
9029
1122
664
1990
644
2023
651
1997
669
2077
657
2042
669
1897
583
1989
643
2120
660
2075
596
1994
674
1975
654
2083
658
1697
444
1656
618
2110
654
2114
652
1094
378
2057
696
2162
671
2185
657
1939
643
2370
562
2100
647
2047
639
2144
570
2068
651
2278
676
2067
628
2165
631
1377
442
2212
614
2040
671
2170
654
2157
651
1983
652
1997
667
2190
641
1974
388
2060
656
1628
560
1304
400
2103
671
2182
649
2082
699
2023
502
2165
641
2197
490
2263
600
2027
676
2153
652
2568
682
2205
679
2215
656
2125
654
2068
399
2225
655
2353
432
1977
664
2038
760
2148
664
2162
678
1237
387
2155
659
1606
520
2172
544
2019
613
2084
664
2005
662
2037
654
1993
674
2245
672
2137
654
2072
664
2044
662
1838
501
2105
656
2095
669
2120
660
2039
651
2182
616
2112
661
2160
664
2037
649
2155
652
2070
672
2258
651
2201
669
2190
659
2190
654
1950
653
2430
668
2105
521
2130
654
1798
368
2187
540
2210
661
1637
664
2027
659
2135
664
2030
647
2067
689
2082
555
2033
562
2255
652
1864
426
2038
438
2145
559
2408
651
1539
467
2090
652
1887
652
2225
677
2007
652
2132
694
1993
618
1601
469
1326
393
2415
647
2155
599
1393
416
1789
650
2142
657
2144
659
2418
586
2250
682
2042
542
2267
660
2070
551
2225
645
2047
654
2248
549
2082
664
1737
419
1209
669
2071
623
2037
682
2268
666
2157
652
2105
646
2097
481
2004
644
2198
677
2167
660
2054
656
2049
656
1251
393
2175
672
2148
649
2105
624
1995
692
1997
666
1964
571
2358
677
2012
649
2292
575
2082
548
2020
557
2125
656
2007
654
2094
694
1968
641
2070
648
2125
648
2147
662
2235
661
2007
542
2210
576
1907
659
2230
649
2085
659
1789
551
2165
662
2062
665
2112
667
2128
657
2040
661
2130
691
1643
521
2098
538
2255
661
1990
662
1886
687
2217
505
2120
684
2045
606
2181
567
1144
671
2310
656
1977
563
1972
669
1982
477
2107
641
1992
589
2009
656
2037
671
2025
657
2198
651
2062
670
1972
613
2133
654
2113
618
2135
540
2141
649
1920
629
2195
657
1957
652
2110
665
2037
679
2063
584
1585
563
1773
557
1962
674
2220
644
2007
654
2047
666
1958
674
1942
500
2145
670
2141
644
1220
382
2060
699
1972
644
1347
378
2037
694
2233
674
1939
656
2000
641
2085
674
2135
659
1952
559
2205
664
2062
641
1997
679
1653
422
2197
635
2125
739
1930
627
2092
647
1972
734
1797
596
2128
664
2027
443
2275
627
2120
547
2371
546
2093
662
2172
541
2135
664
1481
378
1980
644
2016
323
2123
511
1754
8269
2185
557
2278
674
1872
667
2175
657
2263
692
2117
659
2045
651
1999
604
1897
660
1712
643
1912
651
1941
645
1880
512
2095
641
2100
666
1990
666
1990
654
1842
667
2225
617
2225
657
2168
648
2211
534
1988
657
2035
661
1994
670
2050
642
2054
558
2402
481
2193
631
1989
654
2123
662
1982
687
2133
646
2167
649
2017
667
2057
622
2152
646
1992
659
2110
606
1954
672
2104
656
2110
553
1182
379
2172
704
2144
652
1995
689
2035
662
2053
654
2002
649
2188
672
1947
652
2018
651
2112
681
2047
656
2063
669
1957
687
2108
664
2045
657
2029
671
2105
699
2201
686
1997
553
2153
656
2288
671
1982
667
2053
675
2145
586
2129
501
1799
553
2075
672
2122
687
2143
678
2080
644
2038
644
2068
579
1909
654
2125
656
2070
669
2002
670
1621
661
1987
635
2035
664
1752
674
1830
647
2082
641
2047
518
2037
557
2238
357
2015
545
1261
367
2009
668
2183
647
2093
644
1216
340
2236
656
1492
646
2101
659
2054
646
1747
522
2183
489
2340
639
2171
654
2003
573
2596
664
2022
656
2090
644
2207
659
2057
665
2220
651
2102
669
2090
595
2180
689
1980
666
2375
659
1934
531
2115
669
1959
676
2010
563
1872
657
1305
370
2115
646
2125
652
2089
671
2107
638
1417
368
2102
666
1810
422
2130
664
2152
669
2195
638
2255
668
1955
660
2307
544
2142
651
1369
481
2074
674
1412
651
1927
654
2052
662
2383
676
2167
536
2225
701
1481
647
2237
647
2388
667
2135
682
1768
541
2069
499
1897
676
2112
626
2445
684
2283
649
2180
664
1800
557
2218
665
2137
657
2147
561
2190
644
1760
669
2080
654
1740
559
1097
358
2113
493
2087
620
1989
402
2180
659
2025
596
2236
561
2089
475
1734
645
2091
656
2035
642
2000
671
2309
562
2245
648
2092
644
2233
601
2458
627
2298
651
2205
665
2501
644
2101
620
2236
687
2110
651
2188
671
2115
591
2025
579
2152
661
1972
666
2077
659
1930
672
2122
541
2317
653
2025
654
2027
647
1957
657
2257
666
2145
644
1930
652
1968
664
2117
659
1244
381
2302
666
1868
649
2015
649
1949
656
2085
644
2073
484
2287
664
2102
662
2019
664
2313
644
2155
551
2211
656
2273
656
2025
684
2037
669
1564
443
1908
654
1912
586
2197
666
1806
563
2067
667
2005
625
2017
667
1902
657
2067
663
2065
659
2065
656
2062
671
1786
661
2198
567
2168
572
2167
654
1339
697
2088
671
2009
659
2080
651
1897
664
2142
659
1959
385
2320
711
2029
658
1902
656
1992
479
2143
666
2090
659
2052
655
2037
670
2215
681
2070
659
1940
630
1203
380
2276
336
1941
639
2061
627
2019
648
2120
658
2185
441
2125
659
1572
508
1967
604
2029
537
2017
682
2127
649
2062
659
2110
674
1971
657
1992
647
1927
687
2025
657
1816
647
2177
646
2143
371
1955
484
1948
684
2044
664
11343
666
2085
656
2230
579
2088
678
1368
651
2102
669
2327
9292
2408
521
2398
709
2092
528
2140
652
1111
698
2055
666
1839
665
2190
657
2030
561
2133
657
1947
655
2192
544
2315
543
2085
658
1960
471
1948
669
1897
641
2200
669
2381
596
2032
662
2192
560
2158
641
2133
651
2138
526
2015
664
2262
443
2275
662
2025
657
2376
666
2187
651
1977
661
2155
608
2097
667
2175
634
2302
609
2083
674
2179
657
1985
687
1977
665
2255
604
2228
566
1247
395
2331
624
2160
661
2223
649
2275
669
2157
677
2218
644
2291
699
2218
641
2268
521
2173
654
2147
506
2125
564
2255
9381
2306
420
2231
651
1997
644
2118
656
2090
581
2292
669
2270
694
2480
643
2261
669
2268
672
1789
531
2223
646
2273
656
2296
698
2295
681
2255
654
2100
657
2038
651
2127
654
2446
662
2356
644
2363
589
2270
533
2358
377
2143
509
2290
646
2337
761
2400
649
2293
667
2328
319
2333
660
2250
665
2346
574
2285
667
1690
525
2207
657
2301
654
2148
661
2177
664
2203
559
2493
634
2187
684
2223
553
2523
669
1685
656
2192
647
1803
516
2179
669
2250
661
2104
669
2363
513
2173
656
2122
659
2145
626
2057
652
2287
657
2200
654
2280
644
2351
634
2281
586
2425
649
2361
644
2170
700
1143
281
2291
655
2382
659
2315
435
2336
649
2135
636
2157
664
2350
671
2238
570
2323
675
2173
672
2172
686
2280
664
2140
657
2313
644
2504
656
2263
656
2175
670
2237
664
2260
659
2383
677
2446
662
2311
667
2129
553
2340
672
2075
667
1853
424
1724
657
2112
659
1951
672
2074
667
1967
669
1976
555
2063
677
2167
672
2025
513
2436
657
2132
656
1985
649
2182
667
1927
608
2040
667
1987
659
2130
509
1746
655
2302
664
2125
657
1652
543
1906
659
2057
654
2067
700
2055
676
1977
654
1937
637
2042
662
2050
664
1962
644
2040
651
2147
652
2142
654
2019
679
2410
667
2102
416
1947
656
2130
647
2032
629
2048
656
2069
664
1485
503
1724
561
1780
553
2082
637
2290
658
2192
684
2019
671
2141
557
1955
656
1987
616
1874
642
2187
732
2115
659
2090
685
2097
676
2095
659
2230
651
1734
526
2043
673
2107
696
2012
357
2195
657
2049
672
2055
666
2182
531
2153
623
1957
533
1017
665
1954
679
2102
664
2043
651
1985
528
2205
557
1970
651
2090
569
2053
497
2092
647
2070
644
2090
637
2005
576
1964
664
876
674
2035
519
2034
686
1764
464
2072
634
2249
645
1997
667
1912
661
2052
596
2088
372
2035
679
2040
662
1897
357
2050
655
1945
674
2069
667
1595
522
