1874
672
1557
634
1822
659
1915
584
1973
429
1856
9412
1867
659
1889
652
1522
671
1975
539
1857
659
1927
609
1057
526
1895
544
1859
654
1870
662
2009
631
1875
578
1740
671
1947
653
1872
441
1884
642
2050
429
1874
657
1884
667
1574
542
1876
553
1840
603
1892
641
1977
389
1889
647
1885
660
1842
665
1895
627
1939
553
1992
646
1876
659
1900
501
1872
571
1894
659
1581
555
1868
624
1935
666
1612
669
1929
625
1938
674
1967
453
1872
657
1788
618
1915
498
2045
648
1141
596
2020
591
1964
662
1964
642
1919
657
1975
661
1579
543
1547
654
1558
505
1995
444
2017
654
1899
659
1456
492
1904
622
1984
654
2105
664
1987
654
1638
551
1892
649
1872
668
1951
671
1982
651
1852
445
1887
564
1859
647
1537
654
1917
664
1930
664
1945
517
1971
673
2073
531
1680
672
1932
687
2267
631
2045
644
1997
651
2235
555
1970
636
2208
611
1955
430
1945
657
2055
692
2077
646
1705
673
2047
679
1987
652
1949
677
1879
644
1997
646
2059
662
1879
644
2380
657
1886
652
2024
661
1969
529
2009
514
2025
657
1944
674
1506
498
1954
664
1864
280
1945
649
1732
669
2077
668
1964
535
1892
705
2074
649
1983
609
1892
651
1862
553
866
650
1852
657
1834
674
1947
675
1524
507
2015
659
1636
522
1251
302
2042
669
2055
562
2002
664
1985
719
1874
657
1237
656
2050
670
1958
565
1962
669
1964
642
1911
666
2017
651
1947
677
2022
653
1934
675
2055
651
1987
654
1939
659
2000
661
2007
599
2017
592
1995
591
2007
675
1956
602
1988
376
2010
659
1912
608
2020
704
1927
621
1987
606
2042
687
2050
662
1950
670
1948
659
2090
654
1945
654
1922
672
1726
561
1982
659
1980
666
1984
654
2030
639
1978
654
1911
639
1930
682
2072
375
2000
684
2077
553
1728
666
2004
656
1954
665
1966
692
2082
679
1901
672
1985
664
1899
667
2028
654
1907
576
1535
679
2029
557
2017
561
1931
662
2293
660
1989
672
2130
677
1953
613
1992
649
2102
677
1924
654
1970
408
2001
656
2010
571
1967
672
1530
671
2079
556
2122
656
1882
669
2045
649
1970
651
1930
529
1984
647
1972
616
1955
641
1652
390
1924
606
1980
664
1939
666
2082
422
2007
488
1970
667
2067
657
2128
677
1849
676
2005
586
2075
659
1979
649
1975
644
1182
365
1992
675
1980
669
2010
350
2004
672
1997
647
1960
599
1917
667
1824
647
1880
599
1824
659
1472
476
2023
516
1872
649
1928
572
1934
654
1895
647
2053
657
1260
448
1944
651
2065
659
1977
644
1814
532
2001
569
1633
580
2002
364
1857
651
1892
447
1981
639
2100
664
1283
437
2123
533
1845
9221
1581
654
1980
634
1879
672
2027
579
2033
670
2065
642
1878
632
1942
604
2007
577
2134
656
2105
540
1999
569
947
649
1924
657
2105
9609
1901
647
1894
421
2022
646
2125
666
1974
515
1869
672
1874
649
1088
656
2080
557
1974
632
1987
646
1944
566
2047
659
2033
627
1678
668
1982
593
1882
589
1914
546
1961
646
2038
627
1981
637
1879
508
1982
669
1632
672
2063
613
1882
630
2147
641
2044
641
1973
642
2070
657
1789
560
2002
657
1463
451
2215
663
1745
615
1977
650
1889
649
2044
516
2058
662
1939
618
1925
654
2207
715
1415
437
1280
376
2173
652
1942
658
1979
643
1745
507
1867
622
1992
656
1912
667
1926
618
1982
696
1995
500
2316
554
2052
634
1970
664
2054
430
1990
473
1377
417
2052
668
1959
672
2065
648
2094
524
2140
553
2210
632
1952
553
1977
677
1678
530
2012
654
2140
666
1396
407
2157
654
2182
664
1999
649
2005
656
1955
646
1989
663
1964
644
1885
655
1925
625
1904
7742
2064
656
1906
553
2142
404
1906
664
1940
589
1957
702
1787
654
1947
668
2110
649
1985
649
1904
657
1889
754
1920
664
2167
659
2080
647
1990
659
2002
549
2065
547
2002
646
2075
649
2032
504
1908
647
2065
673
2059
618
1959
641
1897
659
1662
498
1985
629
2130
671
1323
446
1832
666
2052
655
2019
692
1344
344
2123
654
1876
316
1967
652
2237
677
1941
644
2059
674
1985
651
1960
681
2188
691
1963
662
2005
672
2220
653
2009
655
1607
494
1907
654
1957
659
1932
599
2062
630
1920
591
2017
647
1813
568
1912
694
1740
654
2079
681
2451
354
1714
565
1925
664
2150
646
2125
654
1947
696
1869
666
2053
652
2153
403
1882
574
1724
555
1945
667
1997
582
2318
640
1978
634
1675
566
1637
621
1186
394
1981
668
2084
651
2118
650
2190
666
1395
438
2027
669
2075
644
2208
631
2082
416
2190
603
2222
654
2132
9168
2137
647
2175
490
2092
521
2067
620
2223
709
2062
514
2007
701
2112
684
1986
677
1997
681
1934
674
2117
658
2145
516
1939
544
2045
669
2227
616
2193
661
2052
601
2205
569
2070
669
2117
632
1728
672
1897
641
1575
674
2030
659
2103
666
2183
619
1890
651
1912
659
1952
656
2243
382
2052
666
2170
662
2217
656
2000
536
2143
664
2112
565
1766
465
2248
657
2178
653
2052
684
2132
671
1261
367
2114
689
2012
374
2095
672
2115
538
2019
653
1995
674
2163
666
2169
563
2178
677
2137
662
2112
651
2120
8554
2042
672
1955
671
2074
669
2120
9091
2125
651
1995
659
1897
670
1880
659
2017
669
1892
691
2117
673
2125
651
2115
681
2038
550
2047
775
1363
426
2023
667
2117
663
1987
670
2220
649
1994
555
2059
672
2087
644
1519
477
2057
651
2171
657
2188
674
2028
654
2057
699
2147
569
2160
669
2135
646
2047
669
1990
570
2067
552
2127
662
1271
378
2210
659
1677
533
2095
646
2255
657
1293
664
2033
583
1979
655
2195
670
2052
646
2047
672
2035
659
2072
657
2173
679
1979
652
2155
577
2020
666
2087
659
2119
625
2198
637
2193
646
2115
641
2057
664
1747
557
2120
652
1187
438
2072
561
2180
637
2100
653
2160
331
2165
654
1903
649
2135
652
2030
692
2075
664
2102
609
2223
646
1924
635
2135
681
1947
551
2159
664
2027
605
2110
659
2183
621
2050
664
2102
752
2114
667
2223
624
2153
664
2112
671
2038
657
2015
657
1951
603
2072
381
1884
632
1760
425
2087
618
1988
604
2232
662
1959
651
2015
643
1960
669
2089
654
2157
644
2043
654
1880
630
2005
714
2027
664
1920
660
1970
667
1944
652
1576
514
2051
649
1971
686
2160
431
1892
573
2022
659
1858
615
1957
540
1894
656
1927
679
1905
694
1946
656
1895
686
2032
545
2099
679
2012
654
1781
540
1982
652
1889
669
1182
367
1842
551
1735
649
1619
569
1969
654
1957
674
1847
649
1905
659
2030
710
2052
658
2123
656
2393
629
2017
660
2022
666
2035
659
2047
677
2000
629
2030
654
2068
674
2030
712
2034
674
1867
362
1445
669
1834
667
2017
555
1954
672
2129
572
1182
529
1977
659
1348
426
1260
666
1733
507
1904
573
1960
657
2053
561
2060
656
1880
686
2123
508
2042
769
1924
669
2032
566
1201
378
1942
674
2125
612
2040
684
1973
699
1727
559
1992
629
1240
359
2067
666
2030
646
1905
684
1891
660
1964
657
1774
503
2054
632
1990
644
2045
669
1942
679
2077
674
1660
664
1872
541
1904
463
2052
686
2054
641
1949
685
1797
580
2047
659
1878
372
1906
684
2067
647
1950
685
2083
644
2075
657
2080
649
2017
659
1967
642
1980
706
2090
558
1676
644
1959
659
1952
677
1735
651
1907
677
1900
669
1882
613
1972
604
1933
662
1917
669
2029
676
1959
668
1909
657
1867
684
1963
594
2117
641
2062
379
1894
341
1922
538
2059
679
1926
702
1965
665
1870
644
1962
651
2118
647
1972
654
1904
657
1983
626
2124
671
1901
664
2023
597
2007
719
2015
662
2000
657
2132
664
1897
676
1980
677
1970
657
2057
689
1324
367
2035
652
1854
646
1922
366
1745
664
2085
641
1959
669
2030
562
1992
550
1875
658
1879
760
1781
570
1952
664
1999
672
2205
642
1907
673
1680
524
2132
667
1070
371
1861
655
1698
553
1969
656
1929
540
1934
641
2024
478
2012
664
1899
654
1881
654
2030
488
1778
486
2052
671
1578
651
1997
676
2107
544
1621
561
1911
556
2061
652
1646
672
1906
654
1994
692
1977
609
1904
642
1907
656
2000
547
1906
654
2075
655
1857
446
2040
664
1915
621
1964
662
2011
474
2037
645
1922
647
2016
635
1876
663
1907
659
1678
555
1987
559
1974
667
2007
641
2006
666
1997
446
2072
9479
1986
649
1563
403
2100
546
2032
661
2100
549
2202
641
1711
656
1954
697
1942
654
1975
664
2087
674
2037
659
2027
666
1584
471
2033
689
1721
571
2118
577
1414
664
1616
382
1540
499
2027
644
1934
672
2092
436
1622
553
2253
646
2107
606
2044
669
1930
592
1885
669
2045
649
1969
641
2015
667
2130
577
1987
597
2097
523
2047
699
1964
649
1657
495
2083
659
2098
697
2033
516
2062
656
2148
654
2331
675
2149
660
2012
541
2280
667
2125
644
1975
667
1969
657
2094
653
2007
659
2019
656
2047
441
2070
677
2211
667
1992
672
1884
644
1982
654
1915
649
2179
657
1925
555
2048
659
1974
674
2019
657
2128
651
2177
654
2083
368
2153
672
2084
664
2065
672
2221
406
2215
657
2155
371
1916
662
2022
649
1902
608
2044
664
2077
586
1838
416
1917
687
2178
488
2072
654
2097
661
1919
654
2005
547
2057
676
2193
691
2078
692
2047
697
2027
654
2127
569
2059
649
2150
639
1944
535
1989
682
2039
637
1960
657
2005
683
2002
669
2087
666
1980
667
2025
428
2172
599
1916
568
2043
657
1922
669
2215
659
2105
701
2273
659
2191
643
2075
564
2159
528
2293
657
2112
644
1994
662
1949
644
1969
531
1682
511
2010
684
2077
656
1994
503
2079
692
1995
669
1910
672
1711
564
2017
531
2165
657
1947
656
2228
519
2120
639
2007
504
1990
666
1915
622
1618
493
2150
669
2130
641
2195
539
2060
659
2063
662
2207
667
2018
656
2115
657
2163
644
1985
649
1777
661
2084
659
1925
584
1936
646
2105
583
1905
385
1764
573
1741
628
2118
677
2025
662
1861
617
1964
654
2275
664
2042
664
2112
651
2082
652
1976
672
1228
375
1922
634
1844
617
2105
656
2187
646
2152
654
1567
501
2107
662
2014
616
2138
486
2009
563
2062
644
2057
680
2322
565
2019
654
1914
667
2115
672
2130
650
2243
669
2075
659
1967
654
2077
662
1973
654
2067
449
2350
647
2034
661
2135
652
2104
644
2470
632
2083
599
1236
384
2280
555
2100
659
2047
459
2121
489
2060
649
2083
630
2120
524
2135
557
1910
660
2148
654
2169
669
2115
691
1484
580
2112
672
1954
645
2070
626
1764
563
2087
666
2070
532
1862
425
2138
653
2080
664
1919
644
2107
675
2075
649
2040
663
2058
677
2218
649
2130
659
2078
671
2012
661
1971
717
2215
644
1957
652
2195
581
2055
490
2050
672
2199
672
1942
644
2070
474
2169
681
2193
628
2104
654
1213
679
2068
657
2039
662
1321
656
2080
653
2426
699
1972
689
1954
561
2190
657
2087
513
2037
684
1920
553
858
245
1892
467
2090
667
2070
642
1901
9123
1920
555
1876
549
1987
674
1859
659
2002
669
2277
664
2017
543
1892
659
2118
658
1950
374
1837
656
2135
669
1939
499
1962
651
1947
654
2020
472
1995
666
1980
639
1990
571
2153
661
2118
677
1941
667
1959
676
2111
646
1894
694
1972
656
2000
686
2043
636
2127
662
2085
656
2055
656
1758
664
2220
428
2097
678
1881
666
2035
659
2068
636
2045
669
2248
678
2017
583
2014
656
2142
654
1939
643
1170
320
1951
666
2180
635
1982
660
2217
659
2067
644
2165
656
1872
476
2148
654
2249
652
2054
651
1988
684
1979
495
1940
654
1216
392
2037
659
2180
649
2191
659
2062
639
2020
729
1955
636
1924
646
1953
672
2135
644
2082
656
2233
657
1975
512
2007
677
1861
674
2150
659
1994
441
2128
565
2160
627
2162
659
2057
671
1962
642
2155
642
1617
647
1939
538
2077
689
2124
438
2031
656
1596
648
2297
515
2252
641
1969
654
2100
664
1919
665
2217
653
1741
553
1969
649
2192
584
2266
481
2215
613
2130
665
2213
665
2032
649
2275
541
1737
580
2135
659
1980
625
2052
659
2108
616
2053
665
2003
654
2120
657
1930
654
2103
657
2011
667
1629
554
1652
555
2125
654
2055
539
2100
656
2077
523
2029
677
2150
649
1996
674
2083
664
2010
674
2205
646
2107
641
2035
380
2100
550
2172
657
2117
686
2195
649
2090
689
2000
644
2160
667
2348
589
2190
649
2035
669
2232
636
2062
634
2160
644
1975
653
1399
672
2080
659
1771
659
2088
671
2075
655
2073
558
2062
641
2084
669
2019
502
1859
574
1947
656
1982
635
2064
644
2077
655
1987
636
2052
555
2151
651
2117
646
2020
630
1874
662
1839
532
1714
534
1846
557
2017
651
1656
563
1461
476
1994
665
2145
667
2025
674
2023
602
2095
659
2115
674
1584
460
2107
623
2007
629
2169
657
2130
734
1974
462
2002
644
1359
425
2087
659
2241
631
1597
502
2138
609
2090
656
2065
669
2025
677
2325
657
2171
659
2030
652
2107
513
2007
656
1884
646
2275
667
2022
665
2278
499
2037
661
2167
363
1895
541
1941
582
1275
392
2087
616
2139
656
1943
9064
2168
589
2175
669
2020
539
2047
586
2058
422
2050
536
2060
597
2200
646
2162
656
2110
656
2095
651
2009
620
2062
622
2165
652
2188
644
2047
559
2102
702
1982
376
1689
513
2035
637
2129
645
2185
670
2177
652
2080
659
2171
654
2060
644
2127
569
2032
671
2149
649
2124
632
2075
674
2105
661
2212
677
1957
570
2117
553
1801
669
2140
616
2037
662
2188
554
2112
629
2207
652
2050
681
2235
651
1577
447
2057
689
1195
377
2228
659
2200
9083
2084
634
1424
366
2201
656
2158
662
2231
662
1278
375
2044
652
2121
659
2064
680
2020
568
2345
652
2188
644
2210
487
2062
446
2110
661
2168
553
2042
684
2313
672
1945
651
2223
677
2471
662
2200
417
2168
379
2075
641
1294
342
2128
647
2093
652
2069
709
2155
644
2195
614
2203
627
2200
619
2220
656
2064
555
2085
664
2182
555
1882
570
2050
651
2057
655
2168
664
2313
654
2080
657
2135
647
2085
656
2358
435
2157
664
2138
672
1995
666
1981
641
1255
661
2067
626
1731
659
2113
606
2197
376
1959
664
2138
616
2075
678
2180
644
2080
667
1994
519
1830
492
2094
648
2115
576
2105
656
1982
577
2158
672
2401
662
2275
603
2010
631
1832
654
2063
684
1981
647
1975
678
2027
644
2175
574
2233
687
2210
662
1847
642
1995
697
1068
341
2098
644
2144
667
2127
651
2065
655
2010
669
1144
372
2145
642
2080
657
1907
672
1966
662
2125
664
2132
659
2255
661
2160
622
1293
423
2168
672
1974
671
2308
679
2138
659
2040
677
2064
732
1924
659
2265
625
2080
641
2159
641
2109
349
2075
649
1977
664
2033
643
2070
707
2147
692
1844
497
2125
579
1987
659
2027
690
2050
649
2095
551
1974
574
1880
584
1962
687
1974
635
2058
644
2092
573
1591
547
2140
496
2090
9743
1752
657
1127
360
1910
555
2057
653
1306
671
2030
639
2188
614
2073
658
1939
658
2185
641
1982
489
1952
632
2012
641
2197
662
2210
564
1661
539
2177
672
1212
396
2172
645
2175
674
2010
674
2137
616
1962
672
2112
565
2210
674
2102
669
2165
625
1856
553
2148
649
2070
666
1303
666
2177
661
2111
577
2055
654
1670
672
1248
402
2125
649
1419
446
2103
589
2069
656
2037
648
1583
659
2088
659
1379
412
2185
629
1967
519
2040
509
2050
574
2305
649
2390
548
2069
536
1956
651
2180
614
1770
511
2147
656
2131
657
2105
694
2089
639
2125
664
1470
450
1598
654
2017
692
1882
564
1999
676
2042
664
2057
670
2082
656
2236
694
1750
483
2195
674
2293
662
2069
646
2198
662
2093
656
2215
672
2187
682
1929
664
1200
662
2213
662
2115
727
2265
691
2165
651
2072
659
2090
654
1944
663
2019
656
2060
675
2115
609
1997
669
2207
644
2240
662
1990
667
2105
677
1817
551
2368
643
2102
676
2089
656
2025
641
2142
667
2060
553
1965
656
2192
471
2038
9186
2087
654
2038
674
2047
594
1977
671
2007
657
1950
618
2085
626
1934
673
1997
675
2230
569
2132
644
1351
439
2165
562
2093
659
2079
662
2137
651
2114
634
2145
571
2077
691
1979
661
2110
654
2238
377
1995
669
2012
554
2139
439
2107
363
2137
667
2295
662
2180
647
2017
681
2115
561
2180
640
2149
661
2200
672
1834
557
1607
551
2052
659
2395
652
2180
659
2090
659
2162
656
1952
662
2255
648
2313
657
1989
549
1994
594
1899
538
2137
538
2155
674
2097
542
2085
644
2058
581
2057
659
2099
666
2065
699
2068
699
2215
374
2142
692
2227
662
2203
660
2198
644
1810
495
2247
669
2253
549
1818
568
2097
662
1395
534
1257
12577
2275
664
2065
611
2072
627
2155
667
2133
657
2278
657
2218
664
2108
669
2187
561
2147
647
2072
591
2082
534
2140
684
1924
483
2279
671
2285
641
2185
687
1802
563
2250
702
2052
554
1880
542
2048
651
1998
659
2000
551
2012
659
2155
644
1890
656
2135
625
2030
661
1859
641
1715
441
2002
497
2145
672
2218
646
2052
677
2208
563
2125
677
2239
669
2232
587
1703
506
2102
669
1967
672
2042
659
2162
666
2122
669
2178
651
2207
622
2022
669
2084
665
2147
541
2009
649
2021
660
1939
642
2020
578
2090
677
2132
551
2065
657
2153
664
1942
657
2055
669
1614
651
2042
624
2125
561
2067
557
1974
511
2034
439
2125
662
2105
663
2070
651
1947
641
2130
378
1954
659
1788
667
2227
550
2054
665
2018
639
2132
654
2330
662
2138
646
2157
647
1960
667
2057
641
2042
659
2523
558
1858
655
2047
662
2170
656
2027
681
1964
667
1981
448
1969
656
2074
644
2180
614
1935
661
2217
652
2193
661
2128
654
1955
630
2112
618
1782
671
2060
644
1943
669
1995
669
2032
639
2027
681
2065
639
2020
672
2150
647
2017
664
1962
654
1675
511
2110
379
2070
521
1629
660
2100
513
2119
669
1574
430
1283
664
1979
672
1962
644
2020
666
2205
661
2115
435
1875
639
1430
504
1961
669
2145
659
2047
697
2271
659
1967
607
1756
399
2087
659
2082
649
2027
659
2203
9235
2168
659
1972
689
2155
661
1667
670
2075
661
2135
667
1987
669
2121
660
2145
700
1919
629
2084
382
2277
651
2323
679
2045
694
2120
637
2020
694
1937
551
1134
367
2049
570
2137
661
2180
671
2268
690
2062
679
2035
644
2125
647
2285
618
2012
656
1171
371
1954
694
2113
689
2107
669
2250
548
2209
664
1851
556
1926
517
1648
662
2333
662
2112
557
2175
646
2186
669
2281
639
2263
670
2188
468
2095
639
2100
674
2372
603
2195
654
2262
710
2037
606
2270
654
2072
661
2037
561
2335
644
1858
553
2129
301
2242
674
2263
674
2160
669
2140
659
2032
651
2185
654
2223
546
2306
669
2240
657
2293
536
2109
646
1980
557
2398
672
2158
662
2127
659
2378
656
2149
645
2032
669
2160
654
2037
667
1987
654
2351
656
2340
657
1886
519
2370
510
2345
517
2143
677
2208
664
2215
642
2305
666
1944
586
2363
644
2150
654
2175
660
1926
458
2656
365
2233
682
2268
614
2245
680
1915
560
2315
687
2370
636
1481
6842
2300
647
2289
672
2431
649
2125
669
2110
591
2195
644
2195
676
2193
672
2205
656
2109
639
2343
662
1972
620
2255
657
2276
654
1414
686
2255
631
2208
657
2022
639
2293
546
2212
643
2270
669
2141
641
2118
666
2185
509
2167
677
2303
712
2223
677
2336
659
2243
654
2167
461
2285
530
2208
659
1211
341
2285
657
2366
559
2286
646
1689
413
2528
661
2009
681
2181
526
2192
662
2178
681
2310
651
2260
669
2318
657
1884
560
2301
654
1984
567
2376
669
2293
619
2142
647
2566
634
2335
659
2145
657
2383
646
2281
669
2004
583
2060
666
2014
649
2137
672
2027
633
1985
562
2025
652
2148
650
2287
671
2123
621
2148
677
2242
642
1587
671
1214
659
2137
664
1954
641
2000
630
2050
647
2175
669
2120
639
2062
671
2022
651
1987
529
2017
656
1586
562
2095
647
2032
649
2055
645
2042
553
1935
669
2120
652
2005
665
2157
557
2230
666
2012
647
2047
649
2012
684
1990
656
2027
669
1916
672
2119
555
2205
684
2020
651
2085
556
1533
652
1951
679
2133
662
2048
655
2170
674
2077
654
1920
629
2120
670
2080
652
2045
656
2175
613
1877
666
2047
689
2060
644
1934
662
1982
661
2130
392
2193
681
2113
641
2077
656
2037
661
1156
348
2150
699
2120
681
2067
621
2070
666
2097
644
2083
377
2122
528
2079
571
2067
674
2122
438
1863
454
2105
661
2040
689
2172
517
2067
644
1995
453
2115
654
2035
579
2167
674
2123
669
2015
656
2112
639
2065
644
2117
529
2014
521
2053
671
2020
674
1945
625
2107
670
2130
652
2000
609
1849
649
1348
372
2130
642
1384
572
2070
658
2296
541
