2000
663
1930
551
1356
664
1881
614
1657
566
1977
641
1979
680
1939
662
1917
647
1882
672
1889
662
1955
654
1935
657
1511
672
1874
555
1870
657
1952
655
1872
659
1869
574
1521
661
1938
579
1874
656
2047
679
1917
586
1957
669
1567
545
1892
627
1066
362
1503
629
1896
674
2381
604
1864
663
1909
669
1909
686
1612
654
1907
657
1879
624
1957
556
1886
694
1890
702
1834
483
1924
653
2024
644
1954
641
1884
662
1910
644
1035
365
1892
657
1914
674
1859
662
2017
494
1939
677
2155
533
1970
561
1882
642
1940
524
1897
647
1947
664
1949
649
1884
528
1601
539
1897
649
1989
651
1929
599
2035
644
2049
652
2082
658
1957
591
1915
671
1977
667
1911
681
2042
694
1990
434
1321
451
2010
672
1991
656
1597
553
1915
684
1965
576
2122
651
1889
644
1901
671
1955
681
1739
666
2148
664
1984
672
2167
656
2015
666
1901
659
1934
547
1453
467
1924
654
2085
656
2123
557
2064
671
1642
513
1944
666
1992
564
1907
654
1303
681
1673
662
1948
544
2037
391
1864
672
2305
654
2098
608
1980
510
2070
697
1907
674
2002
561
2097
643
1977
659
2191
643
1990
672
2023
671
1972
639
2027
651
1975
664
1877
499
2032
644
1874
438
1987
686
2000
659
1631
543
1359
415
2063
409
1995
360
2000
519
1307
411
2075
437
2001
675
1834
511
1937
674
1977
685
1962
651
2050
644
1748
634
2080
657
1742
541
1867
689
2035
566
1916
365
1892
521
1855
637
2009
646
1887
551
1970
644
1916
641
1955
656
2040
554
1890
657
2007
495
1862
591
1963
652
1992
664
1902
696
1874
642
2150
662
2024
672
2052
661
1967
648
1960
671
1984
654
1852
669
1644
10454
1974
554
1924
672
2012
674
1954
661
1960
659
1869
684
1732
542
1955
669
1872
650
2182
651
2040
643
2021
652
2128
644
1942
645
2027
654
1719
657
1970
654
1872
353
1974
658
2022
692
1957
651
1957
638
1875
643
1973
579
1529
527
1982
734
1935
666
1960
8933
2045
433
1955
666
1992
528
1914
383
1944
576
1906
615
2053
646
2065
516
2017
656
2132
648
2047
654
1972
652
1989
548
1960
546
1914
656
1950
9040
2045
650
1984
516
1917
568
1945
624
1939
630
1560
459
2019
450
1859
654
1873
699
1627
465
2032
641
1899
689
1945
569
2050
536
1910
605
2035
664
2032
419
2014
641
1987
644
1872
662
2048
626
1849
674
2032
661
1915
672
1857
652
1917
672
1957
642
1947
666
1980
661
1712
487
1982
661
1638
641
2105
646
1889
656
2023
424
1905
648
1977
337
2042
669
2047
510
1834
666
1244
523
982
281
2042
565
1972
451
1952
563
1915
650
1870
655
1907
644
1904
669
2343
574
1935
559
1972
615
1834
657
1992
677
2161
679
1710
400
1949
647
1939
656
1959
446
2190
657
1644
659
1994
656
1517
671
2132
618
1601
672
1977
647
2005
669
2082
669
24534
667
2083
570
1877
643
1937
587
2080
672
1760
483
1977
664
1887
672
1710
451
1927
499
2082
649
1902
657
1967
555
1922
368
1511
478
1730
534
2195
674
1892
618
2097
543
2152
669
2087
677
2077
674
2005
537
2067
661
2069
677
2012
604
2115
654
2212
663
2131
664
2058
654
2173
656
1852
667
1578
583
1166
374
2030
656
2027
647
1152
375
1912
561
1593
539
1882
532
1967
634
2154
654
1915
641
1892
529
2012
636
1982
642
1871
546
1961
644
2047
654
2049
659
2000
654
2118
659
1997
664
2240
646
2064
651
2082
428
2017
689
1788
616
1939
669
2092
649
1852
555
2115
639
2003
644
1841
551
2083
637
1859
486
1902
661
2223
653
1921
430
2095
567
2022
371
1969
653
1977
671
1886
649
2007
664
1924
669
2117
581
1882
674
1980
665
2087
652
1730
567
2101
541
1661
664
2000
654
2012
657
2178
657
2117
656
1896
618
1949
674
1905
650
1657
447
1900
700
1952
567
1644
541
1499
487
1897
658
2038
649
1909
599
1949
678
1626
681
1947
304
2068
644
1935
672
1807
658
2057
644
2008
664
2067
645
1926
651
1940
667
2029
671
1865
439
2148
664
1987
9304
1993
639
1889
378
1965
642
2037
642
1973
584
2013
375
1898
674
1952
668
2160
664
2047
642
1887
654
1990
674
1892
644
2052
687
1920
657
1927
649
1977
672
2000
438
2115
544
1849
658
2055
511
2060
656
1950
659
2148
679
1164
6657
2125
664
2070
682
1817
548
2012
656
1981
662
1983
714
2113
657
2145
526
2082
666
1855
541
1980
667
1103
371
2020
657
1987
591
2027
657
1945
671
1990
669
1974
654
1957
679
2055
652
2261
536
2100
657
1665
568
2030
664
2112
666
2117
524
1942
665
1949
659
2063
534
1740
654
2009
625
2138
657
2140
669
2045
524
1882
675
1954
609
2057
523
1919
516
2022
574
2007
566
2135
568
1971
647
1999
689
2300
555
2215
626
2077
656
2067
649
2047
581
2148
679
1876
652
1732
548
2072
654
2190
646
2100
468
2115
649
2115
651
2241
676
1892
644
2158
654
2391
624
2105
657
2110
648
2275
652
2132
650
2268
618
2073
658
2235
654
1140
360
1870
644
1218
386
2052
672
2092
664
1884
654
2080
667
2168
434
2099
487
2078
677
2095
618
2092
656
2328
644
2118
662
2037
556
1968
550
2185
647
2223
594
2015
667
2033
664
1886
711
1586
541
2057
375
2032
655
2293
463
1151
657
2160
709
1607
657
2108
502
2197
672
2017
553
1447
502
1610
563
1952
659
1979
557
2237
672
1650
551
2075
659
1469
496
2103
671
2183
649
2188
558
1922
672
2091
463
1976
687
2104
682
2011
672
1952
670
2140
654
1618
644
2138
645
1869
659
2055
632
2345
677
2119
541
1151
385
2099
674
2002
705
2052
649
2279
647
1955
655
1604
677
2085
566
2178
672
2075
644
2122
439
2092
652
1902
696
2097
569
1816
465
2162
670
1949
659
2150
549
2175
398
2123
664
2145
679
2040
672
2012
659
2073
672
2187
429
1077
362
2017
631
1430
666
2065
672
2220
652
2161
345
1947
616
2145
654
2200
664
2083
656
2220
667
2226
682
2104
386
1639
515
1992
662
1194
382
2293
654
2104
669
2132
655
2183
664
2048
639
2142
644
2085
540
2155
669
1539
471
2130
672
2235
434
1946
627
1766
697
1910
652
2181
644
2064
666
2087
344
2227
662
2172
647
2089
687
1919
8797
1950
679
1999
662
1994
662
2077
514
1950
659
2108
548
1990
656
1982
702
2100
385
1864
669
1887
676
2017
627
1482
495
1977
635
1674
571
2012
654
1844
656
1942
671
2017
679
1882
672
2132
682
1975
672
1955
688
1862
671
2012
664
1962
651
2032
560
2042
654
1952
557
1914
646
1975
655
2110
564
1913
669
1975
647
1870
653
1937
666
2037
657
1950
632
2195
620
1984
553
1974
669
1897
553
1955
656
1595
491
1995
631
1865
671
2053
652
2030
361
1961
677
1912
698
2038
657
1999
652
2005
650
1957
378
2015
658
1558
524
1627
551
2057
654
1862
659
2001
657
1788
642
1949
556
1959
614
1627
649
1901
511
2285
644
1997
664
1861
644
2027
526
2039
664
1900
654
1706
487
1869
443
2112
664
2055
656
2030
637
2045
676
1498
434
2110
589
1230
356
1989
651
1953
620
2065
647
1945
681
1900
644
1448
486
1952
518
1902
542
2015
532
1945
664
2105
672
2139
664
1915
686
1902
672
1931
668
1847
649
1932
551
2127
699
1540
657
1997
643
1282
367
1922
669
1889
664
1677
495
1907
659
1870
642
1944
644
2029
669
1992
647
1950
636
2008
652
2054
366
2040
657
2007
662
1965
649
2047
657
1972
651
1935
657
1570
667
2052
672
2018
651
2070
482
1909
669
1937
656
1877
592
2040
671
2185
466
1962
647
2368
656
2170
584
1958
616
1882
669
1947
669
2050
658
1995
656
1957
642
1930
649
2027
601
1872
9201
2022
654
1215
355
1919
594
1963
651
2027
656
1997
656
1327
445
1995
562
1865
391
2029
642
2028
667
2189
671
2095
669
1884
632
1932
526
1970
644
1914
643
2114
742
1926
662
2040
677
1621
662
2125
655
2057
646
1979
631
2075
674
1962
704
1982
724
1992
632
2035
656
2035
557
1904
677
2123
649
1915
553
2075
542
1981
681
1977
699
1874
662
1957
669
1871
660
2095
478
2065
661
2075
563
1574
568
2047
576
1967
657
2093
419
1958
657
2052
677
1932
646
1977
656
2000
597
2009
657
1870
662
1989
648
2105
657
2115
689
2127
680
1900
664
2025
660
2062
553
1995
553
2000
692
1952
567
2030
672
1962
624
1953
666
1623
542
2005
644
1546
663
2092
674
1952
559
2117
669
1867
544
1980
641
1537
518
2042
649
2060
649
2042
647
2127
485
1979
666
1576
687
2087
661
2005
662
2040
654
1979
593
2192
470
2077
658
2050
507
2032
644
1909
546
1600
692
1927
674
2037
662
2064
669
1952
541
2175
657
1927
606
1267
380
1880
655
1984
649
1989
642
2027
662
2099
659
1954
657
2165
679
2053
644
2065
653
1954
589
2110
566
1945
677
1940
594
2150
651
2037
665
2253
654
1932
546
1907
659
2062
658
1952
549
1937
649
2024
663
2187
535
1975
439
2042
664
2158
644
2108
523
2556
660
1995
644
2125
656
2077
651
2014
507
2054
669
2055
694
1728
547
1989
664
1935
659
1999
674
2049
664
2045
664
1975
659
2045
506
1942
662
2050
323
2119
653
2124
664
2077
667
1989
704
2094
672
2005
543
1885
702
1906
476
2020
538
2192
652
2118
691
1170
413
1717
671
1875
679
2007
656
2072
669
1952
644
2238
684
1753
551
2117
507
2029
551
2403
642
2012
661
2154
692
2235
573
2346
573
2135
647
2108
604
2171
656
2108
667
2060
566
2080
677
1825
545
2347
488
2273
692
2120
657
2275
546
1282
609
2165
566
2167
667
2226
666
1686
521
2090
624
2052
543
2169
642
1972
544
2112
644
1972
454
2195
649
2165
570
2165
583
2131
644
2042
535
1985
643
1847
657
2055
656
2173
653
2017
644
2042
627
2037
676
2000
549
1939
669
1972
704
2058
666
2078
662
2092
651
2129
646
1751
452
2095
654
1644
647
2010
647
2085
651
1859
669
1950
659
2040
669
1950
657
2082
563
2114
543
1255
661
2107
682
1977
654
2005
582
2080
691
2262
544
2142
551
2092
552
2142
371
2082
583
1974
661
2162
519
2042
513
2108
655
2007
672
2017
661
2406
579
1975
580
2202
643
2143
651
2042
616
2069
624
2089
666
2210
644
2125
540
2205
639
2253
449
2228
664
2027
692
1983
644
2208
664
2283
655
2107
581
2038
669
2055
632
2027
661
2366
676
2095
664
2087
654
2092
667
2092
669
2013
674
2213
694
1965
661
1998
592
2064
644
1871
547
2045
485
2183
534
1661
536
2132
577
2105
679
2042
681
1716
493
1219
320
2108
631
2024
576
2085
642
2072
672
2012
659
2040
633
1975
657
2123
687
2075
649
2200
656
2075
656
1674
502
2035
552
2142
631
1984
672
2042
550
2080
671
1959
599
2010
684
2040
666
2135
527
1350
582
2050
654
2120
676
1983
659
1820
559
2162
676
1954
699
1977
671
2098
661
2060
557
2010
643
1237
642
1934
654
1972
686
2078
677
1612
543
1917
677
1972
664
2080
689
2069
436
1648
479
1864
565
2027
648
2064
509
2087
657
1877
547
1904
559
2213
661
1999
653
1954
656
2083
652
1967
654
1660
511
2099
641
2090
540
1889
543
2057
666
2042
510
2093
665
1931
566
1980
604
2158
481
1975
681
2127
644
2119
692
2073
439
1935
689
2099
679
1976
646
1967
669
1969
662
2232
662
1877
662
2143
458
2077
657
1987
659
1975
652
2135
599
1998
446
2037
446
2075
632
1917
581
1973
560
2296
657
2145
669
2110
532
2363
657
1590
569
2057
547
1974
663
2367
648
2161
623
2064
370
2032
613
2055
651
1995
577
1611
475
2143
675
1982
669
2011
672
2105
656
2082
661
2187
367
2035
532
2185
656
1612
549
1443
406
1972
322
2039
680
1899
679
2105
642
2045
535
2155
618
2050
603
1842
661
1215
373
1085
582
2054
532
1973
577
1535
659
2122
657
2079
659
1917
649
1690
674
2042
644
2060
647
1592
662
2045
669
2032
505
2125
674
2072
669
2378
514
2233
644
1997
669
2060
557
1969
582
2099
552
2050
591
2047
644
2085
589
1992
504
2137
336
2132
652
1425
436
2195
696
2301
667
2100
685
2152
649
2183
669
2110
559
1880
659
2077
669
1895
654
2209
666
2083
677
2500
629
2152
655
2082
669
2067
656
2083
641
2085
642
1937
641
2047
671
1983
639
2000
646
2220
441
2022
661
2080
612
2067
662
2082
662
2152
672
1203
654
2090
644
1942
647
2398
667
2055
659
1943
500
1979
644
2222
566
2127
555
2055
664
2296
659
1977
657
1787
555
1951
658
2010
632
2120
644
2222
649
2022
655
2142
651
2270
644
2280
646
1922
553
2148
651
2127
647
1959
661
1959
649
2143
497
1992
657
1955
637
2110
627
2141
620
1704
502
2092
555
2135
649
1951
669
2090
579
1263
381
1944
659
1870
653
2097
614
1730
492
2102
657
2191
649
2105
636
2015
655
2082
657
2110
520
1777
553
1999
654
2002
654
2037
644
1892
662
2155
644
2080
707
2055
674
2014
613
2042
616
2025
669
2093
627
1984
686
2082
671
2117
662
1929
659
2040
642
2205
646
1942
654
2263
651
1407
629
1942
654
2083
649
1996
662
2037
647
2074
672
2296
546
1154
655
1662
535
2115
674
2135
419
2040
644
1561
474
2310
654
2175
613
1950
658
1910
539
2248
569
2233
654
1551
367
2155
661
2157
650
1998
649
2097
666
2085
549
1592
500
2117
469
2157
657
2135
549
1565
495
2115
659
2072
599
2107
670
1965
704
1656
674
2037
654
2160
664
2070
672
2138
644
2495
451
2155
659
2115
684
1210
358
2295
632
1311
380
2130
665
1667
659
2034
374
1029
661
2175
564
2014
641
1326
395
2163
641
2037
672
2297
674
2033
649
2172
657
2117
651
2293
551
2017
539
2100
669
1984
674
2240
663
2120
684
2065
371
2275
659
2070
684
2155
652
2107
642
2122
654
2004
659
2052
654
2085
429
2140
651
2042
664
2185
622
2135
672
2054
644
2293
662
2160
656
1811
427
2170
664
2761
568
2059
659
2157
641
2130
669
1840
563
2034
654
2145
669
2500
647
2027
520
1988
677
2069
662
2067
647
1758
587
2093
690
2069
656
2178
661
2095
644
1952
652
1939
677
1282
656
1413
677
1583
661
2127
644
1734
551
1965
641
2383
649
2080
654
2185
682
2159
568
2097
658
2151
9060
2122
671
2022
641
2057
664
2160
659
2255
657
2027
576
2037
666
2327
629
2053
666
2022
649
2611
664
2073
682
2147
646
2127
523
2245
644
1977
661
2181
654
1960
641
2135
686
2007
662
2089
569
2150
682
2145
541
2075
644
2155
658
2149
700
2129
642
2281
628
2110
651
2077
648
2235
662
2078
362
1897
671
2052
568
1768
550
2032
664
2055
690
2142
641
2228
317
2075
541
2039
556
1652
659
2113
677
1889
639
1945
551
2035
653
2129
644
2120
656
2114
669
2082
667
2060
656
2059
642
2220
674
2097
661
2173
526
2150
646
1947
669
2165
646
2107
659
1990
614
2223
609
1983
662
2082
567
2037
681
2228
559
1715
492
1875
657
1897
646
2027
682
2050
646
2007
625
1885
655
2049
659
1992
664
2127
704
2009
687
2032
647
2202
648
1844
551
2107
682
2035
641
1874
686
2140
589
1912
642
2273
559
2159
644
1925
662
2208
700
1981
677
1282
376
2227
672
2170
672
1992
649
2152
669
2182
649
2175
647
2322
639
2172
589
2198
573
2062
663
2210
499
1947
655
2147
646
2230
666
1947
656
2070
410
1994
669
2055
374
2163
681
2119
338
2037
641
2261
674
2119
668
2113
647
2353
558
2140
368
1816
314
2029
677
1954
624
2100
654
1905
564
2057
651
1644
729
2072
655
2075
527
2072
467
2600
661
2093
664
2040
584
2092
681
1945
652
1764
662
2044
658
1952
654
2029
679
2095
565
2072
687
1401
436
1985
646
2308
659
2048
674
2073
664
2010
559
1985
645
2103
641
2007
9800
2027
659
1995
672
2153
649
1987
420
2260
665
2243
679
2063
652
2104
649
1859
540
2168
650
2007
597
1760
452
2067
517
1952
628
2117
632
2152
620
1975
634
1689
649
2092
623
2115
649
2125
659
1852
641
1972
375
1907
682
2287
500
2065
424
2068
644
1505
619
1997
559
2143
626
2032
663
1991
664
2097
641
1910
675
2115
677
1967
576
2240
667
2040
662
1885
599
1935
657
2095
656
1693
654
2095
671
2215
649
2118
530
1397
445
1965
679
1227
381
1862
652
1698
520
1148
321
2170
656
2045
654
2311
376
1337
589
2293
669
2032
661
2079
659
1948
665
1937
669
2024
651
2151
660
2200
565
2143
657
2165
644
2231
664
2105
659
2299
589
2193
684
1830
551
2017
664
2247
667
2078
597
2107
695
2270
664
2112
545
2104
667
1949
659
1925
667
2005
619
2027
8620
2050
674
1922
641
2067
677
2456
676
1487
374
2207
655
2088
661
2170
651
1163
363
2330
553
2152
681
2133
575
2245
483
2143
653
2120
645
2085
654
2057
653
2260
641
2228
379
2157
532
2125
672
2265
666
2195
641
2080
604
2107
657
2039
674
2215
585
2205
339
1820
654
1849
553
2093
654
2054
664
2065
678
1163
363
1760
498
2032
664
2123
659
2132
667
2052
676
2120
651
1665
667
1914
546
2321
616
2052
671
2020
560
2195
679
2082
549
2027
404
2077
679
2142
676
1999
382
2020
669
2155
671
2258
657
2202
624
2030
644
2020
657
1684
557
2127
636
2071
637
2039
712
2067
687
2044
666
2042
569
1890
641
2133
654
2033
690
2168
559
2147
478
2087
618
2109
664
2063
714
2112
657
2092
664
2019
644
2012
666
2014
546
1919
642
1992
659
2025
659
2048
607
1927
667
2175
668
2235
544
1980
654
2047
657
2235
664
1353
487
1768
664
2149
524
1291
662
1373
373
2132
646
2253
674
2002
663
2243
571
2039
672
2153
686
2183
659
2230
597
1994
656
1422
383
2143
632
1879
651
1960
561
2042
510
2207
644
2173
562
2074
666
2125
657
2048
660
1891
461
1952
649
1632
674
1997
644
2075
641
2122
674
2090
677
2137
661
1967
666
2143
664
2100
658
1987
692
2205
672
2135
657
2053
667
10335
646
2057
9754
2059
666
2000
669
2021
646
2002
571
2050
679
2005
450
2232
637
2152
662
2123
531
2193
666
2009
669
2007
677
1956
657
2172
551
2077
437
2089
646
2085
682
2032
662
2021
492
2132
654
1972
657
2150
587
2130
666
1821
647
2007
659
2097
651
2114
654
2032
657
2019
483
1296
651
2097
646
2152
681
1992
662
2230
572
1979
641
2125
514
2287
664
1921
669
2078
514
2198
654
2215
609
2170
641
2027
664
2058
650
2353
491
2025
527
2202
648
2170
649
2383
644
2027
654
1965
659
1939
634
2089
694
2177
657
2193
664
2089
671
2238
656
2133
642
1995
674
2017
649
2022
645
2082
655
1532
644
1947
634
2218
697
1927
568
2153
626
2298
641
2231
642
2200
679
2215
634
1179
382
2015
659
1702
437
2227
656
2054
577
2030
672
1385
394
2559
629
2017
667
1334
351
2113
381
2211
455
2192
674
1406
391
2313
494
2420
657
2136
557
2303
579
2205
523
2172
24632
2305
644
2252
657
2215
649
2149
671
2208
667
2356
654
2208
674
2326
672
2128
672
2231
611
2140
669
2415
657
2365
657
2328
695
2223
666
2285
676
2182
682
2293
649
2227
651
2180
662
2291
674
2337
669
2094
545
2371
671
2061
684
2285
644
2275
654
2198
647
2258
669
2208
576
2331
657
2270
664
2168
586
2245
725
2338
657
2300
521
2262
538
2280
365
2295
614
2173
664
2248
618
2253
541
2031
554
2320
649
1341
385
2195
665
2361
709
2450
679
2180
500
2265
652
1851
12373
2087
667
2143
474
2320
664
2330
662
2290
651
2098
704
2370
647
2191
563
2465
662
2228
641
2322
642
2311
664
2160
654
2217
656
2468
656
2275
674
2265
539
2218
677
2213
651
2175
416
2258
654
2190
650
2305
654
2245
603
2210
641
2275
666
2330
666
2390
669
2476
582
2130
659
2240
665
2312
378
2335
651
1232
331
2264
644
2084
647
2075
667
1301
431
2013
544
2122
669
1962
717
2127
629
2090
576
2282
509
2047
647
2109
659
2087
519
1992
644
2033
216
1997
591
2029
624
2125
672
1994
644
1952
664
1872
667
1686
498
1690
418
1987
654
2029
651
2057
664
1960
661
2024
657
2051
643
2122
669
1992
648
1980
587
2060
647
1980
667
2060
677
2179
653
2087
514
2143
657
1970
649
2017
690
1964
672
2080
562
2122
664
1868
674
2085
656
2073
661
1874
667
1952
659
2094
692
1969
568
2032
641
2047
499
2250
652
2013
652
2325
632
1899
654
2000
662
1999
637
2135
639
2160
657
2147
7822
2125
657
2120
678
2140
656
2055
676
1930
667
2013
544
2246
686
2060
649
1940
572
1485
475
1896
652
1764
565
2115
682
2140
566
1305
406
1136
684
2118
646
2133
653
2165
670
2059
490
2107
671
2132
674
2062
659
2017
488
2057
586
2091
654
2097
649
2004
641
2112
652
1960
654
2040
656
2097
649
1838
671
2091
662
2009
664
2102
525
1957
662
2085
672
1881
664
2122
656
1879
707
2020
654
2052
671
