1922
659
2012
644
1912
569
1356
661
2020
654
1884
534
1957
702
1889
656
1322
432
1884
656
1886
644
921
644
1992
666
1069
374
1894
656
1951
579
1849
470
1995
644
1984
642
1922
495
1769
627
1872
652
1917
699
1862
591
1872
682
1915
9148
1919
672
1445
497
1894
644
1983
372
2223
584
1896
10065
1895
559
1867
671
1862
667
2012
661
1902
525
2043
584
1886
332
1847
536
2014
662
1972
641
2045
563
1623
649
1206
376
1497
651
2042
656
1879
669
1971
451
1942
740
1508
9660
1889
684
2004
654
2022
658
1665
617
1892
565
2075
666
1872
666
1904
649
1999
516
1882
662
1884
642
1054
351
1927
599
2355
661
1642
441
1957
654
1705
551
1117
666
1094
375
1975
644
2155
657
1951
661
1959
584
1970
662
1975
658
1349
684
1311
369
1962
659
1995
659
1979
669
1856
613
2000
443
1935
661
1901
672
1982
664
1687
497
2045
596
1572
666
1847
641
2085
675
1974
533
1442
502
2052
597
2037
540
1952
441
1930
674
2022
677
2018
656
1104
382
2019
546
1969
544
1905
647
1957
642
2115
649
1934
669
1945
666
1894
9195
1607
651
1942
509
1926
551
1990
615
2039
648
1944
616
2007
662
1452
653
1924
551
1912
651
2277
578
1981
664
1306
420
1857
563
2009
660
1969
625
2085
652
2112
561
2062
357
2022
654
1982
421
1990
644
2052
689
1610
536
2050
654
2278
642
1699
549
1917
659
2037
493
2004
682
1947
634
1887
644
1491
677
2110
659
1947
661
1905
662
1955
659
1975
391
1612
631
2067
660
1854
385
1947
664
2012
670
1902
584
1912
649
1909
565
1907
565
1972
653
1939
667
1862
599
1950
589
2054
652
1947
647
1606
685
2025
650
2099
676
1117
657
2039
652
1970
661
1936
439
1997
684
2055
682
1152
377
1897
657
1993
651
2215
656
2095
654
1929
607
2047
664
2040
642
1837
662
1847
580
2002
664
1970
657
1979
552
1972
643
1857
669
1892
604
1869
614
1937
669
1954
659
1662
551
1921
654
1974
672
1879
679
1923
676
1426
374
1899
679
2040
649
1994
652
2038
544
2005
649
1934
657
1962
9051
1940
589
2027
476
1688
547
1967
674
1912
654
2027
535
2007
524
2097
657
1664
546
1997
538
1972
622
2057
644
2018
653
2057
664
1947
660
1969
654
1141
641
2058
697
1518
508
1937
670
2033
667
2012
555
1331
352
1353
649
2092
651
2060
463
1985
623
1952
643
2062
586
1840
618
1866
591
2090
658
1948
8955
2012
654
1546
531
1870
581
2085
567
2010
659
1900
656
1945
662
1942
469
1922
672
1959
726
1899
631
1947
646
2000
664
2058
483
2059
636
1967
632
1965
679
1615
513
2008
336
1884
647
2085
674
1977
618
1949
649
1927
629
1190
657
1874
676
1269
292
1995
646
2065
696
2070
666
1964
543
1997
641
1168
341
2010
649
2157
672
2273
654
1325
657
1863
615
1975
641
1128
369
2010
546
2040
654
1987
656
1977
651
1854
666
1894
672
1766
563
2055
671
1985
667
1931
676
2133
666
1970
637
1869
671
2052
559
1977
644
1964
660
2063
567
2047
639
1992
654
1942
661
1945
641
2088
669
1985
585
2142
382
2075
651
1975
667
1726
540
2360
553
2062
657
2103
670
2079
682
2037
594
2120
671
1726
386
2165
652
1975
662
2025
662
2108
581
1969
671
2240
662
1902
659
1892
385
1603
662
1997
667
2010
651
1967
666
1877
669
2015
682
1850
656
2065
653
2050
671
2047
657
1389
436
2032
646
2047
553
2095
677
2115
664
1310
437
2095
684
1874
556
1928
654
2072
644
2012
528
2035
674
1192
672
1748
657
2167
652
1584
568
1632
671
2197
649
2053
671
2080
667
2170
665
1882
462
1859
664
1909
654
1924
646
1844
533
2042
672
1929
642
1976
684
1964
434
1929
646
1587
438
2090
697
1887
655
2005
647
2162
672
1940
668
2065
625
1658
544
1894
566
1980
674
2102
610
2235
666
1962
619
1925
669
1945
562
1977
558
1980
509
1907
656
1722
666
1957
669
2222
649
2012
647
1929
667
1912
664
1562
661
1522
518
2047
679
1944
677
1947
659
1982
671
2145
659
1990
639
1954
323
2017
671
2010
644
1954
652
1920
664
1264
442
2092
694
1985
651
2063
591
2050
669
1184
391
2080
526
1758
667
1978
656
2047
661
2157
667
2107
653
2004
646
2188
654
2065
676
1922
597
1589
659
2007
649
2163
658
2005
644
2298
681
1684
563
2145
642
2034
672
1911
627
1933
659
1964
644
2062
340
2125
565
1889
661
2047
661
1984
644
2017
664
2117
656
2059
667
2072
551
1949
657
2050
584
1966
656
2112
553
1967
661
2088
671
1940
582
2090
661
2037
669
2092
554
2025
553
2206
666
1937
569
2094
694
2233
682
2311
676
2073
466
1985
644
2012
657
2077
682
1756
602
2090
384
1935
477
2150
378
2155
408
1892
664
1902
537
1917
644
2188
555
1788
513
2001
651
2205
647
1710
639
1900
687
1887
649
2094
654
2080
654
2064
671
2265
646
2139
672
1887
695
1967
669
2231
694
2132
657
2208
677
2178
644
2105
656
2213
714
2163
8958
2108
641
2139
669
2047
663
1228
386
2102
373
2004
599
1952
651
1968
642
2191
479
2095
655
1934
679
2120
662
2004
514
2218
654
2158
687
2140
642
2047
653
2195
679
2145
646
2134
652
2155
644
1949
667
2135
576
1417
503
2115
634
1962
666
1987
564
2082
565
2195
649
2161
662
2182
652
2060
676
2065
657
2100
677
1967
662
1975
683
2058
641
2118
644
2175
672
1980
659
2073
653
2125
664
2059
669
2135
649
2125
649
2165
624
1966
507
1679
671
1202
355
1762
551
1921
647
1979
564
2012
668
2065
544
2192
676
2039
661
1984
657
1950
675
1926
668
1987
669
1947
492
2293
654
2159
664
2217
674
1967
9146
2085
664
2240
672
1286
671
2122
651
2015
656
2057
582
2143
666
1817
565
2175
591
2155
621
2213
645
1329
361
2042
554
1986
553
2175
656
2102
657
2177
533
2060
519
2038
629
2108
670
2137
666
2120
664
2032
644
2057
370
2042
551
2042
659
1483
484
1372
400
2216
658
2167
534
1589
513
2097
654
2188
507
2102
475
2080
445
1051
677
2210
647
2102
692
2000
654
2135
445
1315
390
2095
670
1318
378
1925
653
2032
651
1711
661
2069
644
2100
618
2108
678
1990
672
2112
657
1816
604
1982
563
1891
674
2045
613
1985
576
1860
674
1950
631
2025
606
1920
644
1957
659
1571
529
1935
507
1852
608
1889
656
1997
646
1885
657
1840
555
1912
641
2206
662
2017
671
1909
684
1942
658
1952
531
2007
667
1934
670
2002
656
2327
654
1922
655
1949
652
1965
654
1664
540
2075
672
2060
438
1882
655
2047
672
2052
692
1597
618
1452
519
2097
666
1699
544
2037
561
1884
562
1959
552
2019
664
2030
627
35368
597
2024
659
1973
667
1944
692
1997
644
1984
522
1915
639
1950
657
2027
591
1890
614
2078
655
1934
744
1892
661
2027
654
1929
656
2181
665
2085
636
2022
604
1716
610
1837
559
1295
447
2065
677
1840
666
1945
664
1937
655
1654
664
1957
641
2085
666
2062
623
1850
536
2138
679
2135
659
2030
657
1975
663
1945
656
1328
671
1897
671
2122
649
2075
652
1950
651
1902
662
2075
644
1856
646
1952
667
1951
596
1895
659
1997
664
2002
664
1984
657
1970
679
814
547
1240
398
1835
541
1718
541
1144
384
2024
630
2032
656
1877
656
2040
642
2035
664
2007
667
2102
512
2113
649
2035
680
1954
666
1594
553
1884
645
1560
553
1941
596
2173
639
2057
657
1904
664
2007
667
1915
664
2012
609
1965
664
1490
539
1838
637
1106
376
1496
462
1864
657
1982
664
1920
666
1852
664
1884
643
1855
687
2054
646
1961
616
1982
644
1950
659
1994
669
2150
714
1995
659
2030
679
2070
669
2009
682
1708
657
1407
428
1873
428
1989
465
1140
652
1954
643
2099
669
2084
620
2093
632
1865
654
2089
671
1937
656
1916
661
2075
594
1185
642
1857
657
2080
652
1965
674
2025
646
1958
661
1065
389
1650
547
1599
567
2092
644
2005
653
1905
664
2127
656
1989
679
1972
671
1977
654
2027
557
1917
666
2070
697
1909
659
1957
669
1874
372
1992
641
1999
671
1935
656
1960
684
2127
546
1857
549
1882
540
2047
669
1960
666
924
544
1964
9041
1953
669
2012
656
1940
664
1197
457
1980
634
2128
642
2002
644
1744
649
2078
642
2050
655
1891
523
1998
528
2133
642
1889
606
2065
8158
1951
649
1840
563
1869
662
1985
641
1991
485
1762
664
2040
667
2216
543
1872
649
2075
684
2055
669
2020
637
1887
623
2012
689
2118
656
2025
654
1225
674
1969
628
1869
564
2047
516
2067
699
2167
660
1950
666
1997
691
1902
439
1865
664
2167
564
2072
656
1981
672
2032
679
1872
668
1635
548
2151
696
1576
659
2115
686
1678
553
2097
676
1743
555
1979
535
2073
661
1717
563
1795
555
2152
643
1764
445
2060
499
2045
661
1955
687
2085
659
1952
644
2112
671
1926
559
2017
680
2032
669
2150
689
2040
584
1907
666
2188
669
2100
646
1997
647
1929
655
1966
669
1862
689
1652
634
1995
659
2080
652
2102
674
1979
661
2145
649
1764
449
1987
658
2223
649
2015
671
2340
9381
2393
656
1780
667
2242
592
2052
659
1732
522
2396
652
2090
572
1227
382
2158
662
2180
666
1726
9401
2115
654
2072
667
2137
654
2107
741
2005
676
1987
654
2145
657
2010
662
1903
667
2133
667
2099
644
2230
649
2175
544
1962
694
1914
562
2015
534
2183
667
1143
328
2135
669
2048
448
2158
677
2154
427
2072
679
2035
666
2118
667
2083
657
2027
631
1990
676
2108
664
1992
644
1385
366
2165
657
2085
656
2238
671
1957
657
2079
739
2185
563
1997
659
1787
639
1866
666
1785
481
2097
659
2024
9653
1622
568
2062
651
2001
659
2251
712
2118
647
1741
539
1891
707
1916
649
2068
657
2027
669
1999
672
2094
553
1974
658
2080
382
1921
648
2070
679
2193
649
2000
644
2059
649
1940
665
2165
651
2120
654
2163
659
1969
657
2057
671
1902
642
2110
657
2035
578
1966
644
2050
577
1937
543
2072
659
2032
652
1942
632
1826
658
2103
662
2090
628
2067
686
2110
649
2059
647
1944
686
1961
667
2120
666
2082
644
1954
641
2125
683
1740
670
2045
647
1994
647
2313
670
2072
667
2068
671
1971
377
2095
672
2050
687
2137
642
1853
473
2017
655
1995
676
2092
562
2223
677
2223
644
2082
662
2127
569
2127
642
2039
634
1409
450
1945
669
2030
702
2018
654
2047
598
2175
636
2097
530
2268
646
2129
627
2067
657
1961
513
1796
672
2093
672
2019
549
2031
669
2052
542
2049
707
1964
664
2073
669
2225
682
2057
431
2045
667
1265
577
2222
649
1975
574
2075
657
2134
699
1972
560
2047
649
2108
662
2175
662
1128
684
2107
656
1936
604
2431
574
2421
385
1987
574
1927
677
1929
664
2089
674
2070
677
2103
548
2128
662
2137
630
1884
589
1995
679
2031
659
1947
381
2027
476
1965
654
2155
649
2143
647
1943
661
2122
619
2005
661
2117
667
1965
627
2042
656
2170
664
2021
684
2354
679
1949
623
2122
625
1652
664
2235
664
2125
667
1974
657
2168
626
2326
662
1970
562
1929
669
2024
536
2040
457
1982
656
2097
488
1830
505
2019
546
2045
662
1982
544
1999
548
1962
555
1957
591
1687
582
1916
571
1955
664
2122
657
2178
642
2087
667
1996
661
1954
657
2087
611
2283
656
2029
662
1224
560
2093
663
2065
563
1993
657
2024
377
1630
547
1894
449
2189
606
1944
438
1978
649
2072
691
2125
626
1739
548
2035
649
1990
661
1952
694
1997
492
2007
654
2030
647
2047
679
2080
596
1200
351
2033
636
2120
645
2370
658
2075
509
2140
688
1957
646
1218
374
1795
644
2088
629
2307
654
2090
551
2034
644
2122
677
2210
651
1163
671
2180
565
1944
660
2030
565
2080
656
1884
661
2032
662
1906
668
2024
583
2030
656
1962
667
2054
649
1686
684
2097
654
1950
659
2048
654
2010
646
2062
661
2038
666
1995
676
1875
652
2037
521
2122
657
2182
669
2012
615
1576
502
2195
659
2105
644
1410
428
1990
542
2062
669
1917
656
2112
526
1935
653
2044
674
2000
646
2097
655
2285
661
1974
650
2078
707
2124
657
1992
559
2108
666
2037
666
2062
576
2074
478
2003
647
2132
651
2087
681
2155
662
2223
531
2275
658
2037
560
2093
671
1892
558
1997
661
1957
507
2075
649
2406
428
2057
660
1644
701
1987
661
1818
649
2120
666
2310
656
1920
656
2032
490
2034
639
2004
646
1827
522
2133
679
2245
692
1874
553
2170
660
2165
667
1612
662
1984
661
2082
556
2102
563
2022
646
2060
654
1972
561
1999
656
2248
492
1882
629
2117
653
2121
653
2077
659
2009
702
1872
446
1884
664
1177
664
2180
657
1962
653
2227
698
2273
557
1994
657
2275
657
2035
667
1959
641
2112
669
1869
652
2135
632
2014
659
2023
654
2212
671
2040
656
2017
662
1924
659
2074
649
2090
597
2131
667
1939
677
2147
657
2027
377
2002
646
2145
649
1957
424
1907
515
2168
438
2050
664
2158
639
2115
341
1844
592
2027
671
1593
499
1985
689
2020
655
1949
679
1964
474
1975
525
2118
656
1980
613
2095
689
1362
663
2033
654
2231
667
1882
549
2205
636
2095
664
2077
669
2223
646
2107
587
2117
669
1872
567
2050
649
2069
657
2135
517
2216
684
1897
652
2283
671
2167
545
2178
666
2433
657
2197
647
2185
645
2105
651
2014
9091
2042
661
2210
669
1904
671
2074
676
1939
656
2456
659
2198
656
1246
666
2157
688
2144
644
1324
664
2080
642
2511
674
2266
682
2030
691
2125
579
2052
642
2050
669
2013
660
2205
659
2215
664
2105
644
1760
553
2117
669
2112
652
2002
629
2037
621
2228
658
2163
654
2027
577
2031
672
2180
659
1965
712
2202
667
2033
656
2308
664
2155
671
1875
476
2085
667
2069
563
2298
577
2102
604
2199
654
2277
682
2090
637
2178
574
2079
671
2065
656
2102
636
2152
664
2083
651
1927
566
2195
651
2230
666
2158
659
1969
7985
2315
657
2040
647
2075
510
2024
665
2034
659
1998
661
2027
647
2260
667
1997
654
2115
657
2130
660
2140
672
1845
517
2275
646
1950
504
2313
649
2060
668
2085
632
2014
646
2278
362
2201
652
1511
687
2100
664
2080
656
2102
659
2138
657
2185
687
2050
676
2206
499
2230
656
2153
649
2039
657
2296
654
2148
667
2009
578
2165
606
1624
649
2012
584
2187
674
1975
659
2010
672
1934
463
1954
654
2110
624
1753
665
2147
667
1871
641
2005
651
1203
486
2092
679
1940
659
1713
551
2107
644
2280
662
2102
658
1690
483
1889
692
2093
646
1979
543
1969
644
2102
651
1422
646
2082
674
2059
548
2075
641
1981
652
2310
657
1710
547
2060
661
2101
694
2040
656
1778
518
2118
521
2063
659
1640
553
2112
677
2067
663
1974
351
1942
662
1162
385
2008
651
1944
671
2200
641
2045
652
2132
640
2044
620
2155
652
2111
671
1951
674
2055
656
2137
540
1766
540
2172
651
2009
632
1998
654
1668
408
2132
651
2015
649
1987
634
1897
566
2192
628
1952
642
2010
662
2085
644
2044
654
2007
448
2067
669
2115
511
2007
641
1802
553
1923
694
1696
469
1736
570
2060
539
1939
642
2315
677
2248
647
1992
687
2256
644
2235
656
2133
672
2030
366
1447
486
2236
648
1869
643
2093
543
2270
492
1655
659
2024
662
2095
664
2117
496
1735
562
2082
632
2213
559
2079
387
1994
536
2033
556
2085
644
2077
682
2130
661
1892
642
2062
576
2127
642
2142
661
2210
652
2119
656
2313
651
2068
659
2047
654
2134
684
2013
551
1864
562
1877
606
2055
647
2203
442
2133
669
2098
664
2175
674
2027
658
2072
696
1983
673
1975
552
2030
523
2145
646
2188
642
2190
539
1675
566
2115
664
2079
557
2165
642
2115
679
1980
657
2100
667
2053
664
2127
669
2148
659
2037
649
2079
651
2058
657
2077
687
2110
674
2199
664
1990
9144
2007
664
2042
656
1867
659
2127
579
1823
376
2340
655
2007
659
1937
648
1887
664
2085
627
2000
653
2133
627
1942
659
2117
528
1997
659
2115
656
1673
516
1938
684
2055
644
2133
657
2057
675
2118
691
2130
651
1924
517
2003
656
1987
664
2084
649
1951
631
2017
654
1419
499
2107
652
2222
661
1804
536
2085
679
2007
628
2121
644
2028
664
2145
654
2010
669
1452
563
2075
671
1957
596
2102
637
2012
534
2035
644
1997
651
2142
669
2220
644
2102
543
2155
659
2162
646
1985
669
1974
544
2087
644
2160
652
2228
649
2283
596
2373
658
2203
437
2311
654
2270
642
2295
331
2113
657
2130
475
2110
654
2102
626
2034
642
2011
500
1692
535
1986
659
2002
517
2090
666
2043
664
2034
634
2098
444
2007
641
2087
616
2233
674
2223
369
2172
656
2115
497
2025
653
2201
711
2218
654
2092
579
2111
694
2291
551
2123
627
1994
656
2145
659
2213
661
2117
649
2315
656
1965
567
2391
669
2232
656
1745
674
2323
656
2290
663
2105
676
2102
680
1704
428
2140
690
2282
676
2289
570
1767
536
2133
649
2365
559
2263
676
2152
554
1942
659
1727
471
1974
656
2060
641
1982
671
1743
561
2240
641
2183
9532
1980
671
1957
669
2065
644
2029
661
2113
616
2125
674
1997
665
2205
614
2195
650
2403
576
2107
678
1949
662
1279
373
2103
646
2027
652
1001
644
2233
641
2080
609
1750
561
2258
641
2124
659
2143
653
2024
664
2375
634
1220
392
2056
694
2185
669
2037
701
2090
576
2050
652
2135
659
2315
669
2127
672
1980
436
2055
682
1902
657
2147
684
2278
571
2205
647
2250
649
2182
669
2052
677
2047
659
1070
371
1811
641
1406
402
2293
692
2221
420
2256
659
2170
672
2083
654
2308
487
2122
639
2122
667
2143
656
2153
665
2297
679
2253
514
2100
659
2075
668
2068
540
2165
566
2022
657
1908
644
2058
657
1433
405
2133
654
1516
414
2052
647
1778
667
2103
671
1982
649
2225
652
2203
541
1989
737
2090
378
2370
652
2039
676
2075
667
2303
663
2043
614
1937
679
2150
664
2071
661
2067
656
2438
660
1978
656
2072
641
1732
689
1278
667
2123
657
2152
7601
2211
677
2082
559
1642
501
2062
626
2024
576
2170
669
1980
666
2095
662
1967
696
1967
630
2120
678
2045
647
1963
657
2293
661
1999
668
2037
637
1557
667
2202
671
2067
634
2077
641
2165
404
2125
669
1922
654
1698
490
2135
677
2148
659
2245
656
2218
661
2113
656
1991
660
2163
646
2090
673
2671
694
2005
657
2068
652
2077
659
2040
654
1787
637
2276
656
2221
644
2267
662
2157
652
2291
671
2040
687
2053
668
1427
657
2017
661
1975
557
2055
704
2084
656
1597
528
2097
581
2495
651
2326
649
2045
661
2095
644
2102
654
2461
667
2235
655
2205
567
2258
669
2155
651
2260
646
1912
543
1992
655
1973
662
2143
654
2155
649
2170
686
2178
525
2079
533
2247
649
2257
569
2191
657
2137
375
2308
604
2247
659
2272
381
2232
658
2225
656
2280
524
1983
558
2311
681
2157
674
2148
654
2361
661
2399
489
2155
654
2287
666
2183
657
2370
662
2216
628
2193
657
2606
672
2197
649
2358
584
2275
649
2188
654
2177
437
2206
445
2183
651
1929
553
2340
646
2195
659
2271
641
2302
555
2230
664
2363
649
2144
659
2569
644
2238
637
2283
659
2298
652
2275
659
2651
664
2302
687
2516
654
2184
659
2218
657
2190
493
1985
411
2205
529
2285
656
2293
657
2578
667
2108
535
2300
513
1435
396
2293
671
2333
652
2172
635
2211
664
1769
435
1914
489
2300
656
2170
469
2225
576
2220
714
2188
636
1876
504
2285
719
2306
549
2438
644
1816
649
2172
657
2122
654
2217
644
2333
662
2182
656
2250
667
2239
671
2268
664
2208
669
2350
429
2195
507
2289
644
2205
657
2243
606
2291
657
2356
634
2343
664
2263
559
2346
376
2315
672
2228
666
2326
664
2120
642
2225
649
2395
644
2209
666
2062
656
2128
664
2148
679
2202
548
2102
8637
2063
659
2258
597
2325
647
2085
653
2058
662
2155
661
2027
554
1992
486
2114
628
2017
661
1916
594
2102
675
2017
539
1904
687
2253
662
2110
664
1955
701
1892
641
1360
557
2281
649
1609
496
2168
669
2052
556
2012
677
1851
647
2256
657
2009
659
2030
603
2123
656
2199
684
1639
445
1912
667
2065
669
1991
655
1939
654
2152
662
1451
475
1965
672
1818
667
2020
646
2050
642
2193
651
1902
559
2099
660
1945
649
2012
682
2010
622
2140
672
2083
674
1932
509
2160
646
1899
661
2014
615
1965
562
2069
617
2147
757
2113
662
2014
617
2064
667
2125
652
2053
669
2315
675
2203
545
2072
671
2125
9136
1978
629
2120
661
2100
671
2178
631
2163
538
1293
385
2145
674
2090
664
2100
666
2022
704
2118
584
2083
656
2062
682
2210
568
2077
664
2093
669
2218
665
1957
702
2085
562
1999
669
2005
523
1872
689
2062
671
2148
686
2007
664
2125
669
2093
662
2055
523
2037
666
2000
652
1992
563
2202
671
