1949
649
1550
459
1570
556
1917
633
1900
568
1884
545
1995
684
1570
666
1984
444
1173
467
1897
641
1502
520
2097
679
1101
393
1572
542
1982
466
1137
350
2025
644
2017
661
1900
502
1892
681
1956
661
1947
544
1950
652
2057
652
1869
556
1869
669
1504
513
1950
649
1566
674
1964
9485
1892
649
1857
656
1884
649
2303
689
1892
671
1965
582
1819
644
1909
629
1894
681
1912
642
1890
689
1049
527
2039
563
2038
669
1947
644
2020
649
1869
656
1877
443
1930
561
1962
654
1992
654
1833
632
1942
654
1894
654
1956
657
1931
669
1268
433
1844
667
1961
659
1972
664
1961
385
1834
340
1884
629
1920
670
1907
658
1825
674
1842
640
1984
654
1057
365
1910
654
2022
652
1904
657
1874
656
1917
667
2037
675
2049
454
2022
666
1929
674
1989
656
2014
641
1957
659
1962
436
2100
651
2044
581
1432
478
1742
535
1969
667
1955
724
1949
651
2007
674
1859
662
1947
594
1844
669
1884
665
1939
441
2017
7846
1909
654
1979
560
1977
647
1880
618
1966
696
1869
667
1904
651
1921
476
1754
615
1927
564
2112
669
1713
659
1957
666
1852
559
1962
669
1950
657
2047
655
1917
649
1453
671
1889
644
2022
380
2075
586
1531
513
2032
430
2000
586
1664
674
2012
632
2017
664
1984
535
1138
378
1942
510
1925
379
2047
644
2002
651
1947
664
1924
652
2062
655
1889
672
2028
421
2038
608
1586
504
1459
622
2085
604
1993
662
1982
676
1964
669
1987
659
1718
655
1869
667
1435
9131
2002
667
1722
516
1980
652
1666
553
1864
694
1920
641
1852
664
1508
456
2055
669
2015
641
2012
667
1960
662
1904
612
1937
669
2025
654
1952
646
2024
637
1879
596
1959
674
1852
671
1425
481
1924
669
2002
547
1932
447
1967
652
2132
646
1964
657
1947
614
2229
662
1924
661
1957
652
1656
549
1576
654
1980
664
1951
677
2010
441
1129
361
1865
448
1740
553
1989
675
1902
669
2035
657
1968
416
1892
644
1892
679
1942
661
1974
674
1820
364
1942
654
1935
551
2007
699
1978
642
1947
546
1937
655
2020
652
1891
9063
1992
674
1866
669
1884
672
2298
702
1962
521
2015
656
2067
657
1859
506
1970
631
1855
669
2093
642
1682
564
2055
480
1658
510
2052
649
1994
653
1581
553
1462
499
2040
656
1952
644
2035
539
1980
457
1897
339
1896
652
1912
647
2005
616
2008
591
2032
661
1990
674
2006
662
1959
649
1962
555
2052
659
2069
542
1922
485
1869
632
1990
567
2069
662
1854
664
1977
659
1963
679
1961
654
2017
679
2019
646
1731
518
2013
630
1997
649
1952
669
1899
642
1585
523
2042
373
1778
627
2010
662
1879
659
2027
662
1969
596
1997
566
2049
674
889
278
1902
654
2000
561
2095
654
1862
664
2104
656
2040
589
2050
666
2000
699
2516
646
2145
578
2035
686
2015
654
1889
331
1877
648
1808
470
2030
652
1935
643
1910
670
1877
524
1944
669
1764
579
1967
677
1920
613
1992
587
1927
639
2237
664
1992
641
1887
507
2018
657
2073
654
1980
641
2018
656
1792
565
2113
654
2431
689
2163
615
2029
376
2147
657
2017
666
2072
672
2077
676
2168
656
2018
654
1852
565
1927
547
2122
644
1912
679
1519
513
1902
647
1221
382
1975
648
2084
664
1754
656
2012
8965
1965
366
2050
649
1897
526
1614
547
2130
555
1874
646
1932
664
1589
445
1967
636
1935
566
2080
672
2082
691
2065
644
2007
659
2145
657
1946
661
1766
476
1977
662
2262
667
1694
464
2077
431
2155
543
1969
657
2227
675
1823
662
2388
656
1900
569
2082
673
2122
649
2034
704
1969
652
2213
676
1467
547
1591
659
1849
8843
1942
8922
1964
521
2255
667
1959
677
2120
671
1949
660
1970
665
1962
638
1997
636
2022
538
2155
662
1902
669
1980
671
1924
526
1969
674
1955
659
1859
579
1970
667
2074
671
1990
539
1970
647
1927
669
1865
679
1934
512
1590
671
2191
647
2108
674
2029
658
2039
664
1922
693
1899
664
1361
405
1974
534
2015
686
1968
649
1952
557
2025
564
2018
642
2180
611
1932
656
1927
655
1982
651
1977
523
1566
670
1955
451
1784
568
2127
654
2012
569
1986
632
1932
644
2188
643
1667
621
2167
659
2023
659
1954
660
2131
674
1988
669
2080
634
1762
622
1740
561
1565
669
1940
646
2107
550
2115
641
2338
657
2062
662
2155
499
2133
536
1169
402
2027
656
2120
645
1089
671
2042
552
1882
651
2052
662
1973
689
1889
659
2055
536
1128
387
1963
564
1947
644
1917
677
1834
667
2085
647
1451
352
2000
639
2361
659
2303
644
1899
659
2379
439
1972
659
1958
669
2190
683
2085
644
2160
671
2017
667
1670
521
2080
657
1997
670
2045
659
1894
644
1927
651
1954
539
2160
679
2103
667
2122
660
1949
661
2030
679
2157
587
1937
525
2100
689
2130
670
2263
614
1952
637
1972
652
2075
717
1171
376
2140
659
2247
657
1962
532
1954
654
1927
656
2080
652
2154
584
2095
667
2251
668
2235
659
2205
651
2030
8354
1984
662
2031
384
2059
617
1959
669
2057
333
2065
578
2027
672
1902
642
2052
549
1745
402
2044
742
1912
558
2085
552
2137
657
2202
564
2107
679
2245
682
2220
563
2047
644
2111
608
1937
659
2148
656
2012
691
1872
604
2012
656
1924
667
2123
621
1932
664
2171
652
2062
679
2168
657
2063
674
2049
659
2087
641
1892
674
1884
672
2075
656
2047
659
2195
679
1932
664
1980
669
2120
674
2074
661
2110
571
2123
669
2147
689
1954
529
2122
671
1876
657
1992
576
1961
632
2168
636
2160
646
1932
667
2084
644
2097
652
1749
550
1947
659
2082
644
1881
554
2107
631
2237
659
1940
669
2270
656
2087
676
1842
656
2155
657
1987
659
2030
667
2143
729
1964
552
2188
656
1667
537
2265
656
1937
614
2087
539
1299
656
2181
663
2170
682
2077
654
2230
667
2190
696
2158
549
2268
687
2067
657
2213
559
2026
672
1757
559
1987
672
2069
661
2105
667
2170
483
2139
359
2157
556
2273
522
1869
659
2050
583
2027
697
2125
637
2197
440
2047
657
1678
658
2129
657
2117
642
1969
677
2195
634
2150
679
2268
369
2055
689
2107
656
2070
649
2050
684
2075
659
2175
664
1949
529
2100
654
1940
630
1924
672
2195
618
1979
654
1992
629
2092
664
1864
659
1885
681
2017
628
1997
642
2065
551
1856
641
1987
622
1477
431
2025
647
1931
671
1972
637
2002
701
2140
634
1962
670
1897
672
1602
570
1690
654
1932
678
1967
669
1934
664
1940
667
2095
649
2047
667
2015
664
1545
654
1962
457
1982
672
1892
656
1925
675
1902
635
1919
671
1952
507
2208
644
2088
669
2075
570
1942
664
1885
638
1941
583
1955
665
2328
646
2032
657
2020
627
1959
672
1994
657
1646
647
1596
551
1919
669
1864
653
1954
431
1997
649
1892
656
1856
651
1909
689
1994
664
1902
672
2009
559
2047
649
1937
662
2169
662
2042
649
1553
632
2047
666
1977
526
1977
662
1615
557
2185
669
2000
669
2017
469
2110
647
2205
654
1955
652
1855
658
1676
649
2175
665
1892
616
2090
659
2055
654
1909
647
1910
669
2022
686
2013
629
2140
650
2015
473
1950
647
2035
669
1967
671
2007
699
1942
662
1890
7858
1932
547
1207
397
1889
639
2001
674
1905
318
1904
709
1952
654
2032
652
1959
644
2300
597
2018
672
1977
644
1290
674
2052
653
1637
575
1032
366
1989
669
2020
659
1974
654
1393
430
1552
438
1919
645
2097
677
2178
660
2001
656
1949
682
1532
664
1869
662
1921
532
1992
657
1979
769
2043
669
1965
623
1897
554
2022
709
2007
651
2032
661
1917
649
1854
661
1859
662
2052
594
2057
654
1922
664
1964
441
1370
472
2045
607
1884
687
2140
491
2022
555
1973
587
1965
642
1970
644
1957
671
2132
672
1915
689
1835
662
1969
664
2025
699
1936
672
2025
671
1985
657
1914
664
1910
545
1994
661
1726
463
1922
591
2032
671
1884
672
1915
664
1907
657
2100
674
2039
661
1959
641
1927
664
1849
641
1906
657
2285
654
1972
500
2152
662
1927
663
1912
513
2005
343
1899
666
2101
671
2083
655
1906
657
1654
571
1940
672
1989
435
2097
671
1902
657
2025
525
2009
634
1902
544
1960
674
1891
642
1231
361
1949
657
2007
659
2083
652
2037
687
1604
493
2000
446
1884
669
1892
646
2029
659
2091
649
1894
543
1826
557
2074
642
1930
656
2003
656
2070
691
1498
547
2159
674
1971
677
1987
443
2007
577
1995
671
2045
654
2142
642
1987
674
1961
697
1845
679
1955
669
1979
468
1985
656
2188
664
2198
671
1979
642
1967
657
2123
584
1990
651
1937
704
2290
473
1907
667
2165
656
2087
551
1102
382
1972
490
2064
669
2040
489
1961
661
1887
578
1969
671
1249
443
2132
662
2010
674
2037
682
1967
518
2127
672
2042
487
1997
654
2015
667
1997
655
2195
705
2108
654
1952
676
1964
654
2042
664
2075
661
1997
653
2448
681
1951
646
1962
551
1933
646
1974
659
2228
671
1977
660
1919
659
2082
664
1758
666
1937
666
2149
684
2509
658
1949
667
2044
634
2230
659
1929
687
1948
618
2122
544
2115
659
2067
662
1714
582
2002
666
2007
586
2085
659
2019
609
1897
554
2075
657
2228
650
1927
682
2049
691
2130
654
2048
581
2052
661
1949
672
1619
677
2030
671
2148
672
2045
659
1750
662
1945
677
1937
9606
1735
657
2051
721
2250
654
2052
672
2099
525
2077
677
2032
654
2120
644
2167
686
2132
469
1846
508
2209
673
2250
660
2175
674
1964
652
1962
646
1880
630
1844
660
2205
659
2170
642
2090
651
2180
612
2297
649
2123
582
2035
647
2045
667
2168
551
2007
644
2088
513
2030
644
2002
641
1975
643
2027
531
2249
654
2125
531
2127
654
2052
662
2120
606
2296
667
2167
689
2398
652
1999
676
2175
570
2153
674
1275
380
1899
460
2037
668
2057
529
2115
662
2015
654
1997
666
2082
658
2029
672
2110
659
2115
684
2054
9349
2072
654
1941
620
2039
664
1964
667
1704
566
2079
689
2080
642
1980
664
2032
669
2037
659
2210
661
1856
545
2133
666
1997
671
1899
666
1932
697
2013
669
2068
553
2198
662
1980
629
2145
669
1690
666
2020
626
2005
644
2247
631
2058
661
2117
665
1917
385
2130
557
2035
654
2027
656
2178
489
2071
666
1635
671
2195
673
2125
662
1616
665
2014
667
1956
672
2177
641
1960
672
2087
696
1841
649
2090
666
2055
647
2199
671
2080
664
1808
7768
2173
566
2065
614
2077
642
1942
644
1750
553
2145
642
2114
647
2288
676
2135
562
2087
526
2065
641
2120
656
2148
664
1711
564
2114
672
1941
667
2210
674
2095
671
1985
664
2518
661
2018
657
1997
670
2128
655
2153
644
1922
602
2241
625
2373
661
2119
565
1905
378
2017
661
1992
673
1980
662
2090
669
1990
686
2187
455
2075
649
2025
673
1980
657
1905
586
2195
639
2117
629
2007
472
2002
655
2082
634
1939
669
2013
662
2142
639
2162
654
2278
662
1994
618
1899
657
1962
617
2228
652
1948
676
1304
430
2177
655
2007
636
2057
672
1964
546
1993
572
2095
674
2133
665
2047
658
2142
699
1989
566
1965
437
2060
677
1197
375
2255
509
2087
674
1840
477
1987
657
2030
458
1909
662
2165
551
1796
544
1601
525
1917
660
1982
663
2087
644
2128
465
2160
684
1965
684
2207
679
1977
669
2092
442
2097
377
1876
563
1792
574
1690
565
2051
386
1942
657
2390
517
2005
657
2117
639
2164
664
2039
9410
2180
504
2108
669
2035
656
2075
661
2462
669
1980
664
1965
649
2087
654
2283
549
2019
572
1859
669
2005
669
2017
674
2112
564
1975
592
2185
664
2068
621
2198
709
1941
563
1922
514
2115
659
2025
667
2145
659
2243
668
2157
477
1997
646
1952
673
2132
639
2135
695
1887
699
1840
664
2241
621
2091
669
1877
620
1201
664
2115
646
2107
674
2045
671
2393
677
2010
654
2157
642
2228
674
1997
687
2153
682
2072
656
1733
684
1522
527
2029
487
1669
549
1849
563
1922
652
2042
656
1939
654
2187
644
2202
508
2133
644
2024
563
2142
665
2080
557
1982
669
2004
667
2228
692
2115
667
1787
674
1995
547
2107
676
2055
664
2097
475
1877
555
2017
547
2094
467
2160
652
2003
630
1999
654
2175
668
1932
557
2390
10184
2080
656
2102
661
1959
541
2112
651
2105
534
2039
654
2155
394
2150
641
2004
654
1685
543
2162
551
2075
664
2178
519
1595
654
1696
543
2173
692
1969
652
2040
670
2049
684
2138
642
1930
671
2167
682
2102
659
1967
669
2011
666
2014
692
1959
620
1959
569
2245
659
1932
669
1925
656
2138
655
2127
672
1984
674
2000
556
2093
542
2122
687
2052
596
2009
556
2065
649
1983
682
1701
437
2055
676
2098
619
1977
661
1952
652
2160
641
1929
574
1661
445
2085
654
1869
672
2205
531
1602
519
2149
697
2248
652
2228
662
1960
654
2015
687
1947
662
2241
641
1977
667
2105
654
2009
670
1807
542
1597
499
2062
664
2097
654
2017
657
2099
656
2090
424
1930
654
1909
593
2060
657
2130
668
1887
667
1942
662
1962
655
1957
641
2077
567
2027
665
2057
651
1987
551
2168
649
1953
620
1772
666
2115
672
2120
707
2014
549
2125
661
2187
642
2132
656
2108
644
2007
563
2053
676
2080
671
2035
613
2122
589
2070
662
1448
437
2185
656
2163
506
2127
584
1957
536
2104
664
2085
679
2177
570
1909
652
2182
593
1640
507
2172
644
1985
664
2080
649
948
654
1364
674
2048
671
1970
613
2113
669
2095
526
2315
654
2152
674
2068
664
2205
383
2085
625
1997
648
2054
692
2113
664
1960
656
1798
659
2088
563
1934
679
2117
652
2015
639
2057
702
2139
670
2029
651
2049
555
2040
646
2125
633
2094
689
2125
652
2025
311
2255
659
2068
658
1919
337
1932
669
2172
556
2140
509
2155
652
2248
585
2205
657
2085
672
2115
568
1897
677
2122
662
2230
661
2182
669
2010
649
2097
624
2238
654
2178
661
2406
656
1950
664
1945
654
1972
667
2183
654
2097
646
2138
641
1947
669
2180
637
1831
648
2142
673
2137
679
2105
642
1834
582
2070
539
1631
648
2060
620
2195
631
2063
732
2115
657
2099
677
2205
654
2037
663
1453
424
1286
385
2064
8840
2080
659
2020
652
2028
625
2195
671
2135
654
2110
696
2251
656
2129
656
2127
656
2033
669
2109
632
2180
471
2015
657
1955
687
1405
383
1950
509
2057
640
2042
621
2004
576
1910
674
2078
670
2027
564
1891
625
2160
644
1292
377
2346
523
1968
644
1997
638
2047
378
2105
654
1947
642
2064
535
1962
651
2108
659
1718
566
2177
661
2401
664
2280
445
2155
430
1934
656
2115
8805
1986
512
2203
662
1997
662
1225
445
2087
661
2035
677
2048
647
1957
616
2095
653
1618
541
2147
591
2057
662
2070
651
2077
674
1183
362
2233
659
1962
653
1977
667
2037
667
2037
656
1817
543
1864
8760
1933
657
2157
656
2130
659
2065
627
2097
664
1942
664
2113
535
2110
642
1354
402
2268
644
1952
677
2062
458
2038
650
1742
507
1995
654
2118
638
2067
676
1949
386
2168
604
2071
652
1806
557
2085
639
1907
484
2053
644
1915
621
1889
470
2105
678
1891
656
1992
662
1969
651
1957
648
2079
538
1979
581
2141
651
1985
376
2121
649
2240
486
1930
662
2163
620
2245
594
2312
561
2120
649
1970
655
2192
538
1361
557
2055
641
2163
712
1786
553
2055
657
2147
615
2132
668
2037
666
2190
647
2022
664
1632
704
2069
656
1886
667
2255
510
2087
659
1902
471
2147
669
2102
644
2010
602
1993
672
2085
660
1897
656
2313
545
2109
478
2263
652
1994
656
1488
659
2040
654
2130
662
2037
652
2059
689
1726
8303
2211
667
1766
596
2193
526
2107
644
2145
656
2267
669
2005
670
2129
650
2088
657
1997
682
2027
641
2077
661
2085
649
2163
618
2017
677
1931
614
2105
642
2205
647
1861
552
2127
553
2020
659
1892
681
10933
654
2189
687
1267
344
1975
661
1977
561
2420
646
2095
679
2082
774
1915
652
1984
732
2047
647
1987
656
2153
559
1937
657
2063
662
1904
657
2418
646
2048
606
2014
490
2171
676
1762
566
1657
550
1976
649
2040
641
2089
694
1932
457
1667
475
1855
648
2188
659
2092
679
2248
651
1992
654
2085
662
1572
472
2127
649
1868
466
2035
586
1676
550
1872
544
2060
664
2025
649
1343
694
2188
649
2120
667
1980
687
1650
555
1833
659
2245
697
2152
667
2102
660
2034
651
2110
510
2102
692
2167
671
2241
663
2250
650
2231
438
2313
652
2093
677
2062
674
2241
656
2112
689
2047
662
2023
581
2185
669
2005
664
1987
652
1982
677
2065
567
1879
561
2105
654
2064
655
1753
623
2212
660
1316
377
2175
669
2255
374
2336
677
1992
490
1900
672
2213
9394
2296
666
2320
641
1646
370
2037
571
2170
527
2217
674
2067
647
2155
669
2117
647
2275
559
2200
664
2241
654
1955
647
2147
661
2293
684
2378
674
2172
674
2015
657
2333
704
2360
666
2180
674
2213
646
2135
516
2431
649
1943
560
2170
556
2105
665
2049
669
2108
679
2030
644
2162
666
1975
709
2118
636
2013
677
1405
669
2158
658
2059
644
1557
378
2067
517
2070
664
1513
689
2057
686
2230
672
2278
662
2155
661
2178
324
1982
669
1239
378
1935
670
2029
528
2160
546
1807
681
2039
666
2195
636
2137
674
2095
531
2072
649
2002
686
2152
667
2137
382
2105
581
2042
677
2167
684
2031
530
1828
669
2121
641
2057
651
2027
657
1954
415
2040
642
1914
672
2201
669
2310
676
2163
669
2121
621
1957
664
2005
634
1914
671
1157
391
2275
669
1339
390
2275
630
2277
643
2098
656
2365
656
2233
659
2022
702
2071
656
2048
581
2119
627
2230
636
2117
672
2028
644
2190
644
2145
672
2083
669
2010
722
1869
647
2290
669
1846
664
2063
634
2232
552
1471
412
2113
582
1979
659
2045
671
1972
661
1974
656
1980
567
2087
669
2122
383
2456
674
2125
629
2167
654
2097
644
1927
654
2159
654
2135
616
1344
670
2117
671
2258
651
1985
646
2189
672
2009
676
1651
445
1682
674
1840
551
2188
487
2215
566
1952
662
2057
672
2235
568
2082
672
2015
651
1879
656
2012
572
2022
642
2107
679
2037
666
2200
654
1530
652
2107
649
2095
649
1990
644
2060
669
2015
521
2135
647
2049
657
1219
394
2143
664
2017
647
2205
652
2173
589
2135
644
2305
647
2232
549
1995
672
2057
548
2019
652
2050
455
2110
657
2080
662
2163
657
2553
380
2093
555
2093
651
2164
529
2273
646
2112
662
1975
644
2012
709
2145
656
2352
652
1939
612
2070
661
2375
689
2130
641
1759
535
2169
483
2122
654
1997
631
1994
649
2042
647
2300
674
2506
654
2055
644
2108
654
2238
659
2175
567
2158
661
2132
669
1972
644
2007
576
2170
672
2159
584
1341
372
2195
645
2292
664
2288
666
2147
674
2145
657
2268
334
2279
669
2357
651
2268
658
2378
616
2295
647
2045
549
2180
594
2290
657
2393
662
2275
669
2280
654
2155
644
2062
642
2255
669
2335
656
2315
669
2233
615
2213
657
2281
661
2218
652
2333
664
2253
677
2442
650
2132
651
2358
417
2223
692
2325
386
2387
649
2305
669
2260
645
2250
677
2202
495
2325
661
2271
669
1349
436
2336
520
2282
667
2341
594
2160
654
2463
580
2160
679
2411
649
2273
543
2255
654
2231
681
2538
669
2220
659
2303
626
2230
489
2315
647
2445
662
1989
674
2175
382
2488
649
2297
649
2283
682
2405
667
2050
443
1314
366
2180
656
1852
319
2217
688
2318
644
2268
495
2178
648
2260
624
2536
667
2119
651
2177
659
2132
664
2177
667
2260
698
2393
656
2459
655
2312
524
2265
532
2419
684
2235
654
2219
670
2325
656
2261
662
2135
669
2321
579
2233
662
2142
539
2205
676
2325
545
2328
378
2335
654
2283
576
2288
714
2225
644
1888
538
2270
659
2465
572
2316
657
2110
694
2130
672
2113
652
2195
601
2180
671
2107
629
2220
665
2049
557
2120
668
2157
661
2055
654
2005
740
2097
599
1675
500
1929
575
1872
672
2125
523
2072
614
2144
659
1847
594
2067
654
1500
649
2092
682
2072
644
2139
636
2037
664
2020
649
2058
667
1983
671
1860
542
2313
646
2058
444
1882
561
2157
701
1975
525
2117
659
2052
668
2169
519
2112
649
2347
528
1128
369
2175
653
2079
408
2242
533
2142
643
2105
659
2060
667
2145
647
2037
655
2235
644
2079
676
2132
646
1999
639
1982
641
2123
664
2160
668
1891
615
2000
602
2082
658
2163
652
2205
685
2013
674
2115
666
2323
687
2042
649
2175
22674
2094
564
1829
555
2045
662
2062
642
2030
595
2017
662
2303
664
2044
546
1227
362
2065
667
2020
625
2038
659
2095
657
2205
641
2191
664
2118
649
1338
386
2103
654
2145
656
2012
656
2047
691
1792
577
2037
441
2197
654
2097
704
2017
608
2103
651
1852
625
1970
675
2122
654
1567
505
1712
664
1990
654
2152
656
2280
662
