2007
677
1884
9081
1860
666
1872
784
1915
670
1947
555
1824
521
1902
682
1887
432
1921
669
1914
669
1937
657
1890
669
1884
363
1914
659
1957
644
1934
652
1959
700
1906
646
1899
664
1957
645
1062
571
1884
659
1964
661
1977
651
1964
656
1860
671
1570
491
1963
638
1594
543
2010
669
1864
674
1849
644
2009
654
1434
495
1901
555
1884
551
1939
627
2022
672
1919
689
1947
587
1897
549
1915
363
1889
664
2119
641
1897
674
1977
649
1889
672
1874
642
1851
658
1441
428
1914
621
2017
659
1934
667
2082
672
1947
669
1861
666
1892
647
2005
671
1992
647
1907
651
1932
373
2117
671
1947
619
1967
656
1899
656
1886
639
2210
589
1965
676
1997
654
1972
646
1950
564
1154
384
2207
642
1922
661
2017
644
1992
655
2038
657
1944
672
1914
659
1817
541
2053
637
1979
671
2032
651
1969
634
1935
671
1904
670
1677
538
1636
545
1952
657
1990
654
1686
547
1894
652
2015
656
2062
656
1984
616
2067
673
2072
536
1946
644
1293
386
2034
632
1910
674
2039
672
2015
646
2043
473
1988
684
1043
364
1956
601
1939
672
2037
620
1972
565
2240
649
1957
654
2098
699
2178
672
1398
467
1937
670
1880
659
1982
667
1962
641
1912
441
2067
559
1936
632
1938
622
2087
661
1214
664
1251
362
2093
669
1975
659
1938
672
1939
669
1983
686
2007
654
2002
641
2039
657
1992
676
2039
684
1967
623
1493
524
1970
658
2017
603
1586
656
1857
648
2037
634
2010
654
1992
676
1977
664
1839
662
1648
512
2025
649
2004
537
1574
667
2038
651
1892
616
1564
386
1962
654
1950
669
1889
613
2132
579
1890
597
1977
667
2100
679
1945
612
1990
662
1922
432
1740
557
1970
659
1977
659
1957
529
2057
672
1942
669
1957
647
1952
654
2042
664
2090
647
2107
585
2025
651
1952
657
1656
559
2037
644
2040
659
1566
546
1935
621
1862
385
2040
674
1889
646
1908
521
1894
667
2023
677
1849
649
1981
667
1970
644
1884
666
2005
674
2005
516
1867
566
1918
656
1675
662
1877
549
2103
647
2012
659
1433
622
1977
641
1647
492
1967
646
2018
536
2067
447
2287
648
2077
666
1513
496
1932
549
2000
606
1980
644
2037
656
1882
636
1987
564
1491
679
1837
670
1914
509
1975
668
1949
669
1917
670
1901
616
1972
603
1842
654
2014
375
1931
704
2042
682
2005
668
1942
627
1995
536
1902
614
1962
535
2220
664
1954
659
1999
664
2110
586
1565
559
1977
632
1982
657
1975
671
1939
523
1899
656
1872
649
1906
659
1946
659
2050
654
1626
526
2097
607
2027
9238
1932
670
2175
670
2015
650
1922
384
1900
654
2157
659
1819
367
1999
551
1970
409
1115
357
1668
570
892
659
1634
7932
2112
479
2179
621
1877
541
2129
674
1804
642
2041
654
2000
581
1955
592
2160
663
1927
645
2018
639
1950
368
1977
369
2185
553
2275
656
1899
659
1965
697
1964
461
1972
656
1990
568
1827
659
2137
656
1985
624
1957
687
1882
662
2027
672
2024
644
1882
651
1857
651
1929
578
2025
653
1660
568
2117
646
1982
667
1925
667
1190
383
2029
629
1957
549
2292
647
1940
636
2042
461
1987
674
1386
452
2137
557
1636
487
1982
380
1915
479
1539
664
2040
372
1964
628
1982
672
2015
666
1929
597
1972
644
1987
576
1864
623
1901
659
1979
672
1896
553
1305
592
1955
579
1935
694
1942
669
1777
572
2032
541
2155
671
1974
691
1962
657
2085
663
2152
652
1897
667
1904
675
2252
631
2308
513
1942
656
1812
564
1802
719
2115
659
2067
656
1920
601
1816
667
2171
552
1994
646
2132
641
2102
679
1869
702
1888
654
1949
629
2278
642
1899
671
1892
657
2007
682
1891
661
1924
662
1121
378
2017
563
1954
629
2248
667
2248
661
1949
667
1936
553
2064
661
1907
696
1899
658
1911
681
2068
672
2075
557
1978
511
1922
541
1902
651
2077
652
2064
656
1035
362
2058
714
1955
616
1956
657
1987
665
1869
649
2056
620
1353
356
1544
540
2089
614
1931
649
1934
687
1902
655
2125
644
1085
375
1842
556
2039
657
1949
544
1982
669
1974
647
1980
440
2024
642
2013
652
1650
555
2080
551
1983
634
2255
667
1646
631
2107
659
2110
643
2127
672
2065
637
2075
654
1632
505
1988
615
2047
651
1890
544
2014
671
1964
390
2130
690
2147
681
2063
674
2125
639
1597
510
1924
383
2000
671
1972
662
1965
697
1964
529
2283
652
1902
689
1929
520
1934
647
2175
676
1990
674
1668
557
1902
604
2061
670
1975
672
1512
659
1299
561
2152
709
1974
654
2221
659
1879
649
11329
534
1927
658
2032
664
1982
530
1779
655
2053
672
1709
498
2097
519
2145
532
2120
524
2017
632
2047
657
2082
717
1917
597
2175
651
2183
611
1967
667
2013
654
1758
550
1565
472
2182
676
2150
649
2163
679
1705
636
2097
683
2062
671
2062
643
1190
654
2037
671
2153
660
1672
551
1967
654
2052
644
2143
637
2183
613
2173
666
1582
471
2240
639
2113
664
2250
655
2079
637
2438
379
1939
649
1984
659
1987
669
2072
552
1988
576
1899
657
1591
414
2105
521
2306
651
1994
647
2225
637
1945
659
1604
430
2138
567
2063
654
2033
657
2162
642
2127
659
2075
666
2117
648
2075
657
1896
646
2120
665
2027
655
2155
604
2113
669
1964
647
2183
9126
2180
669
2195
615
2085
669
2037
659
1927
667
1977
655
1650
526
2080
646
2020
652
1864
656
1986
579
2177
642
2268
644
2345
646
2242
692
2024
667
2047
568
2179
693
953
684
1354
386
2045
664
2152
674
2312
661
2173
691
2175
644
2069
649
1082
687
1922
644
2038
669
1920
644
2128
669
2138
624
2088
644
2115
549
2478
669
2058
667
2040
649
2162
656
2005
658
1476
490
1929
599
2230
661
2028
506
2200
668
2007
660
2247
674
2041
659
2110
656
2158
661
2202
655
2072
669
2133
660
2110
649
2104
644
2257
659
2057
654
2290
689
1987
540
2157
657
2028
544
2130
654
2092
652
2241
493
2129
651
2242
513
1894
467
2152
659
1907
577
2055
651
2092
431
2120
652
1680
555
2178
677
2258
649
2195
656
2117
656
2117
650
1260
368
1955
521
2147
559
2113
686
2155
656
2170
667
1914
475
2007
689
2032
694
1945
657
1927
654
1857
620
2103
620
2068
555
2057
662
1982
554
1962
663
2075
675
1902
644
2037
671
1854
653
1849
617
1280
542
2080
646
1626
657
1909
632
1964
654
2045
649
1910
682
1980
604
2148
639
1876
671
1949
664
1904
664
1967
659
1577
523
2000
662
1975
625
1891
666
2037
657
1972
431
1711
537
2009
657
2047
627
1824
669
1945
671
1897
554
1975
645
1977
697
2147
547
1950
609
2099
671
1963
637
1957
671
1987
662
2027
666
1947
655
2027
694
1922
649
2030
515
1974
722
1840
566
1458
474
1914
657
2114
540
1977
659
1767
564
1895
564
2132
662
2077
657
2065
644
2030
646
1982
647
1963
561
1874
561
2132
670
1844
591
1895
657
1889
656
1978
543
1919
674
1832
561
1566
445
1987
546
2180
689
2019
714
2042
657
2047
679
2000
649
2063
509
2200
687
1809
559
2025
614
1884
662
1783
686
1950
674
1997
646
1892
568
2058
656
2087
483
1971
647
2280
667
1972
660
1934
649
2000
686
2007
647
1644
614
1937
567
2083
6805
1866
654
1924
661
2007
669
1947
672
2040
644
2052
664
2027
664
1990
651
2084
652
1987
553
1128
564
2090
662
1919
657
2110
659
1382
431
2010
473
1932
659
1878
671
1962
661
2072
677
2022
661
1942
659
2022
677
2030
553
2075
672
1877
704
1998
543
1964
651
1752
672
2047
677
1886
657
2072
648
1862
688
1584
542
1985
662
1947
528
2028
652
1947
634
1874
381
1732
410
1869
651
2163
651
1444
463
1882
551
1907
668
1857
664
2037
661
1994
677
1899
654
1760
542
1862
657
2075
644
1443
371
2030
664
1915
672
1876
657
1428
651
1950
661
2150
554
2037
534
1879
642
1947
649
1957
655
2072
636
2010
654
1997
664
1614
543
1914
676
1978
661
1704
614
1982
666
1994
669
1897
604
1960
671
2105
659
2052
576
2057
375
2117
579
2039
677
2037
641
1962
651
2255
645
2009
596
1896
586
1950
671
1892
672
1959
568
1866
656
2183
604
1934
672
1971
659
1929
500
2145
656
2055
669
2132
672
1922
698
1415
463
1965
647
2100
562
1590
523
2020
656
2005
551
1957
662
2015
652
2093
662
1999
641
1947
659
1975
676
1993
675
2122
644
1965
644
1997
494
1962
571
1897
710
1992
574
2112
647
1482
478
1905
548
1942
619
2090
679
2050
661
1773
492
2022
654
2015
574
1901
651
1830
664
2082
652
2097
644
1994
659
2017
570
2067
657
2002
662
2072
689
2125
689
2047
500
2133
661
1363
439
1964
657
1882
684
1967
677
2043
390
1975
647
2040
654
1259
624
1995
674
2077
687
2080
470
2023
604
1276
377
2010
623
2167
649
1997
661
1138
651
2049
654
2019
677
2029
644
1502
431
1924
602
1567
671
2082
541
2182
642
2042
672
2143
514
2107
646
2048
565
2017
671
2110
662
2062
627
2108
687
2092
672
2025
654
2067
655
2165
661
1946
669
1755
672
2067
530
2215
662
2148
648
2022
606
2178
667
2222
652
1751
546
2012
661
2044
565
1938
663
1952
526
2133
697
2085
656
2088
571
2127
546
2040
657
1966
652
2045
483
1909
669
2185
641
2064
576
2024
654
1966
594
1711
565
1994
666
2049
621
2065
589
2060
573
1997
659
1874
444
2095
654
2130
670
1640
576
1978
652
2143
527
2130
647
2110
641
2060
656
2160
644
1954
586
2007
528
2220
659
2220
646
2100
567
2137
661
2453
674
1937
611
1952
364
2083
651
2034
662
2004
563
2157
599
2175
659
1634
679
2057
647
1884
646
1575
566
2107
620
2152
579
2084
657
2157
669
2044
649
1975
644
1970
642
2042
660
2200
711
2097
669
1925
681
2055
667
2077
575
2155
686
2021
637
2248
553
2121
562
2027
649
1975
644
2057
629
2065
669
1972
667
2084
684
2032
642
2148
684
2044
524
2147
644
1974
604
1910
575
2017
656
1875
651
1972
550
1722
479
1733
480
2050
654
1945
639
2133
666
1864
641
1999
642
2129
669
2082
646
1989
677
1994
694
2060
647
2367
658
2033
649
2195
647
2213
534
2007
642
1947
654
2132
373
1895
504
2045
655
1962
739
2012
485
1939
659
2013
671
2325
662
2077
662
2245
699
1889
551
2050
661
2057
687
2137
657
2035
647
2255
657
2027
669
1944
658
2181
549
1679
680
2060
654
2155
664
2127
625
2123
642
2065
675
1690
571
2238
651
2118
659
2150
660
2005
676
2165
672
2023
689
2038
687
2220
664
2158
654
2168
555
2077
607
1982
679
2084
659
2110
649
2022
659
2023
684
2038
690
2228
654
2255
675
2175
556
2122
561
2192
664
1546
535
2085
656
2283
657
2028
678
2025
709
2033
674
1568
502
2037
664
2067
654
2087
695
1952
659
2120
667
2100
669
2150
737
2155
406
2065
659
2002
512
1806
656
2040
667
2085
639
1857
569
2005
645
1826
493
2120
569
1995
664
1962
664
1989
676
1982
675
1990
662
2075
652
1962
692
2065
571
2235
656
2045
651
1235
446
2065
684
1992
626
1869
648
2090
446
2092
632
1150
369
1909
655
1939
657
1952
619
1892
630
2007
445
2125
674
2128
512
1796
538
1949
675
2007
651
2043
601
2055
577
1988
692
2025
694
1967
676
1698
399
2022
511
2017
669
2040
709
2028
671
2132
609
2102
504
2133
667
2132
679
2020
523
1912
677
2130
498
2178
669
1775
681
2233
644
1982
629
1873
646
2389
671
2002
629
1412
461
2033
659
2130
672
2235
676
2130
657
2045
669
1755
566
1972
653
2057
548
2075
662
2190
682
2044
434
1849
669
2075
654
2058
587
2089
674
2012
669
1430
492
2080
666
2027
689
2013
669
1992
642
2170
559
2044
654
2062
671
2070
694
2100
656
2047
617
2012
666
2030
677
2139
662
2125
647
2085
667
2286
657
2069
674
1987
654
2069
642
1964
697
1999
632
2078
641
1842
657
1892
521
2105
644
2189
677
1917
686
2012
666
2123
636
2518
656
2195
524
1783
576
2141
644
2127
666
2059
659
2092
551
1774
561
1984
690
2014
429
2111
647
1867
652
2195
540
2035
646
2215
561
2052
551
1682
564
2057
551
1611
474
2421
649
2069
672
2205
664
2165
561
2102
647
2013
639
1964
669
2062
538
2150
666
2208
677
2150
642
1679
664
2400
528
2167
642
2133
675
1400
653
2388
682
2080
694
2022
525
2095
507
1676
595
2483
729
2142
649
1942
645
2060
654
2285
684
2003
611
1982
654
2115
649
1977
634
2122
667
2148
664
1997
656
1925
677
1914
649
1690
677
2007
604
2230
693
1932
596
2179
589
1615
414
2083
670
1749
616
1787
347
1902
477
1975
669
2134
690
2057
657
2004
679
2062
651
1764
560
2083
664
1764
490
2030
528
1578
437
2009
645
2032
654
2140
579
1949
646
2162
676
2012
649
2014
666
2155
697
2060
649
1972
677
2095
644
2049
596
1372
669
2105
553
2175
659
1922
499
1974
564
2125
671
2115
669
2060
659
2152
498
2010
529
2085
656
2037
661
2130
696
1884
657
1955
654
2005
596
2203
452
2101
674
2082
659
2035
654
1890
553
2443
567
2138
639
2189
9051
2189
535
2137
707
1677
427
1902
560
2125
669
1867
483
2049
660
2114
599
2158
668
2245
652
2030
664
2087
517
2177
659
2155
438
2065
554
2052
651
2197
651
2048
662
2105
657
2155
644
2351
659
1697
749
2113
657
1917
672
2037
659
2022
662
2145
667
2225
642
2102
658
2218
672
2190
524
2213
558
2075
454
2153
655
1922
511
2039
641
2228
659
2118
652
2065
659
2053
587
1960
657
1762
603
1880
671
2318
527
2316
643
1992
664
1751
643
2075
641
2162
679
2167
641
1919
677
2021
651
2159
671
1997
641
2207
684
1879
340
2155
727
2027
672
1793
657
2097
639
2195
571
2202
669
2007
664
2165
654
2135
686
2099
654
2120
669
2218
633
1962
644
2158
544
2340
667
1608
544
2037
587
2125
618
1697
475
2123
669
2109
632
2065
536
1966
524
2233
659
2085
583
2124
672
2167
670
2265
647
2042
626
2139
616
2017
9426
2069
637
2085
553
2128
672
2262
687
2225
659
2132
671
1965
621
2157
675
2025
441
2047
659
2273
657
2099
649
2195
333
2119
653
2200
652
1977
644
2188
664
2215
652
2044
690
1712
551
2201
652
2145
651
1587
692
1965
628
1984
425
2281
8879
2024
659
2110
661
2295
674
2057
669
1914
556
2062
665
2177
651
1985
667
2128
654
1952
504
1794
451
2022
687
1142
373
2155
591
2218
644
2065
634
1994
702
2038
641
2102
649
2119
669
1910
672
1889
649
2110
586
2023
688
2075
669
2092
8958
1954
651
2080
662
2222
657
2228
569
2081
652
2022
663
2065
656
1967
659
1947
559
2130
555
2318
661
1824
653
1952
672
2109
654
1945
644
2112
478
2243
692
2068
513
2240
425
2034
674
2062
644
2044
434
1954
649
2047
652
1633
589
2087
677
2128
647
2030
625
2122
591
2108
665
1206
663
2147
623
2017
651
2075
639
2140
642
1950
667
2103
689
2107
659
2017
669
1844
666
2057
618
1922
493
1929
297
2043
644
1954
648
2238
646
1859
648
1178
626
1874
439
1439
450
2034
589
2042
656
1771
681
2105
669
1877
654
2052
647
2080
555
2220
531
2032
638
2225
579
2085
644
2087
616
2007
667
2065
574
2085
547
2235
659
2077
666
2140
657
2002
629
1994
669
1942
667
2071
9259
2270
320
2047
664
2129
641
2010
687
2193
641
2192
674
2057
664
2313
646
2180
641
2050
690
2115
654
1957
584
2210
503
2158
566
2032
706
1195
661
2113
652
2098
654
1962
470
1977
644
2178
376
2175
662
2122
646
2179
659
2027
644
1501
651
2135
664
2038
492
1995
543
1925
659
2177
672
1954
660
2009
677
2049
657
2055
672
2155
672
2151
659
2083
661
1892
625
2032
561
2053
662
1612
667
2016
612
2010
482
2107
692
2115
658
2065
644
2255
656
2017
721
2085
662
2065
714
1658
664
2230
652
1067
359
2225
659
1867
554
2130
649
2071
663
2021
538
1978
667
2120
649
1928
641
2290
652
2080
533
2183
642
1967
644
2108
519
2069
617
2118
644
1549
494
2035
676
2033
652
1969
629
1994
647
2077
664
1987
684
2025
649
1962
540
2045
636
2088
644
2069
660
2043
669
2207
671
1249
450
1802
555
2095
476
2296
649
2163
430
1985
552
2030
616
2115
651
1977
658
2022
686
2112
660
2020
646
1975
662
2133
686
2060
671
2083
659
2347
671
2095
648
2027
657
2059
664
2273
643
2335
649
2285
681
2163
647
2606
719
2288
663
2135
633
1110
296
2143
495
2080
641
2025
659
2162
561
2110
569
1859
553
2020
632
2032
673
2033
687
2007
606
2023
661
2070
671
1673
647
1662
531
2020
694
2155
627
1216
656
2158
669
1884
439
2080
667
1891
584
2183
562
2112
567
1471
644
1726
525
2055
386
2270
654
2132
651
1942
661
2132
656
2327
581
2386
642
2090
667
2468
519
2175
629
2233
652
2187
654
2252
675
1997
542
2200
659
2193
644
2025
661
2098
669
2243
647
2275
650
2305
556
2140
520
2242
470
2118
703
2090
659
2078
664
2140
669
2055
674
2110
549
1651
561
2050
446
2042
682
2082
567
2250
677
2228
669
2119
511
2160
641
1987
649
2113
657
2047
594
2310
670
1382
11872
2090
676
2130
362
1714
550
2025
644
2090
553
2050
667
1987
670
2112
672
2054
627
2243
504
2183
655
2123
654
2163
639
2054
375
2108
365
1915
661
2060
651
2140
669
2240
704
2132
692
2372
651
2122
654
2002
444
2108
519
2037
674
1965
669
2185
672
2186
659
1671
625
2137
524
1980
640
2047
672
2053
599
2280
648
2148
664
2233
661
2060
476
2222
647
2449
427
2272
649
2009
661
1920
623
1867
684
2238
671
2245
644
2225
657
2167
654
2110
682
1979
648
2143
662
1965
671
2065
655
2168
659
2130
542
2105
701
2220
657
2088
659
2027
631
2145
719
1975
681
2075
8705
2117
641
2178
676
2095
654
2180
350
2346
642
2230
574
2075
657
2045
656
2042
664
2127
657
1919
664
2152
665
2145
606
2113
657
2027
654
2012
671
1942
624
1279
385
1989
676
2162
647
2081
383
1446
559
1934
657
2133
660
1617
581
1994
8380
1820
551
2037
670
2055
681
2132
646
2009
657
1912
439
2100
650
1416
636
1912
664
2015
669
1332
412
2050
666
2105
654
2087
674
1288
375
1999
372
1987
618
1944
667
2276
652
2163
662
2043
649
2158
656
2225
682
2072
676
2137
664
2068
654
2273
654
1950
656
2142
651
2095
642
2323
616
1919
664
2242
641
2570
589
2117
681
2163
662
2105
625
1897
654
2514
679
2202
628
2105
631
2195
651
2225
650
2127
654
1666
536
2110
652
2042
671
2138
646
2015
659
2145
659
2266
654
2323
649
2030
656
1989
644
2197
664
2165
657
2186
510
2100
562
2069
602
2310
659
2175
657
2117
480
1317
319
2225
673
2423
663
2461
476
2237
662
2181
671
2401
643
2333
657
2238
702
2281
661
2315
656
2077
652
2205
684
1805
445
2117
664
1410
398
2288
621
2209
662
2095
699
1848
674
2353
579
2366
661
1474
669
2438
644
2332
674
2271
582
2180
675
2058
646
2471
649
2338
679
2335
656
2187
659
2239
659
2285
677
2106
613
2265
752
2265
667
2230
661
2223
596
2300
646
2443
670
1320
368
2544
459
2185
667
2127
579
2177
706
2272
433
2047
672
1935
686
2340
647
2253
650
2144
414
2451
671
2266
645
2325
651
2215
681
2218
686
2251
524
2135
652
2187
364
2272
549
2190
667
2275
570
2240
425
2583
436
2230
387
2153
656
2064
644
2230
649
2376
647
1781
502
2063
699
2185
669
2280
656
2215
659
2238
647
1287
654
2153
651
2165
660
2383
641
2330
644
2376
523
2223
669
2439
669
2100
656
2320
662
2355
664
2252
662
1299
382
2201
666
1849
537
2258
548
2252
645
2237
664
2128
391
2252
689
2132
507
2290
668
2173
684
2177
664
1685
474
1878
470
2017
511
2038
677
2207
669
2107
644
2155
647
1922
675
2295
672
2473
672
2009
575
2153
530
2044
679
2027
672
2029
664
2288
375
1872
684
1991
507
1915
658
2080
594
2190
642
2115
692
2068
451
2157
643
1972
650
2047
657
2132
677
1987
677
1181
395
1924
657
1947
655
2210
657
2047
622
2383
672
1833
628
2182
649
2107
534
2160
631
2065
601
2095
642
2040
681
2265
644
2548
679
2190
371
1880
669
1592
483
2108
565
2012
676
2325
662
2083
669
2210
672
1934
671
2230
656
2047
676
2132
658
1992
646
2159
667
1975
685
2077
654
2027
529
2107
679
1975
662
1929
475
2253
761
1857
563
2105
651
2030
661
1611
477
2007
668
2205
588
2045
674
2040
669
2258
652
2182
528
2122
675
1225
381
2062
676
1314
373
1947
671
1886
623
2093
596
2043
654
2160
681
2230
684
2366
675
1932
461
1943
664
2105
647
2000
646
2368
672
1972
646
1394
462
2110
671
2168
516
2110
556
1741
657
2049
618
1689
525
1977
539
1921
500
1997
656
1917
524
1975
663
1887
672
