2075
667
1960
674
1972
642
1884
606
2062
556
2012
674
1940
674
1620
577
1992
672
1977
667
1869
679
1982
654
1899
656
1930
649
1593
534
1922
657
2000
648
1925
654
1658
669
1892
647
2057
654
1850
381
2070
634
1051
388
1912
436
1937
647
1872
301
1914
672
1854
672
2060
567
1743
689
1932
701
1922
666
1885
659
1914
701
1969
659
1400
421
1842
652
1235
383
1929
648
1947
656
2019
633
1503
517
1830
662
2060
639
1905
672
1992
659
1957
657
1924
649
1982
664
2039
667
1905
679
1954
566
1992
651
1892
664
2010
653
2030
666
1985
652
1957
669
1620
664
1653
642
1950
684
1980
669
2085
649
1929
671
2002
649
1939
645
1882
652
1936
597
2034
611
2073
670
1954
607
1865
377
1909
669
2077
676
2032
669
1887
596
1919
596
1927
659
1537
518
1992
649
1581
570
2245
8903
2045
691
1994
684
1952
665
1286
437
1694
650
1839
541
1900
666
2060
674
1972
669
1917
551
1137
412
1974
654
1982
652
2093
649
1492
466
2017
642
1960
681
1179
629
2045
657
1635
659
2024
722
2043
666
1974
616
1902
381
1096
669
1982
631
1904
654
1934
573
1862
657
1989
434
1924
644
1924
551
2004
672
1924
659
2092
651
1577
668
1979
666
1997
644
2010
310
1959
652
2045
604
1970
677
1138
649
1166
363
1900
652
1645
578
1902
604
1915
648
2012
649
1907
679
1869
657
1967
566
2037
699
2135
649
1960
647
1902
9168
2050
666
1972
647
1887
644
2082
639
1955
516
2035
666
1966
644
1957
545
1874
664
1962
504
1945
639
2052
669
2037
672
2110
654
1994
644
2001
649
1947
664
2015
669
2039
652
2085
674
2020
654
2085
660
2080
672
2040
384
1925
587
1960
660
2020
579
1982
664
1987
656
2032
547
2009
672
1940
606
1972
664
1959
658
2007
669
1973
677
2097
499
1954
631
1947
651
1588
507
2002
670
1159
377
1541
521
1984
642
1982
684
1911
653
2077
649
1887
581
2052
649
2053
667
1992
647
2080
692
1982
662
1872
667
2012
656
1847
549
1922
686
1191
657
2025
637
1442
411
2255
651
2040
677
1414
624
1949
659
1962
676
2037
667
1957
558
2055
549
1859
651
1878
627
2020
436
1994
691
1947
644
1919
659
2152
641
1576
672
1965
621
1940
646
1877
667
2097
679
2085
662
2057
547
2034
664
2008
661
2082
618
1959
641
2074
553
1582
565
1945
620
1902
667
2063
679
1933
646
1772
656
1911
592
1964
602
1912
651
2042
564
1937
694
1912
657
1512
479
1874
659
1051
367
1867
684
1972
543
1902
651
1970
644
1880
651
1957
644
1949
552
1942
565
2065
619
1212
661
1751
479
1879
553
1914
381
2000
677
1652
469
1939
659
1995
671
1917
574
1889
656
2054
599
1942
599
2187
539
2162
649
2212
677
1867
649
1987
654
2105
659
2115
644
2058
656
2085
659
1726
567
2069
671
1228
389
1598
388
1897
363
2068
564
2028
641
2072
665
2055
657
1885
634
1925
591
2095
569
1869
542
1962
670
2117
657
1872
692
2015
650
1788
669
1627
553
2027
666
1690
449
1837
644
2087
677
2125
542
2102
621
2132
654
1956
696
2045
360
1643
651
1947
540
2058
654
2003
644
2113
634
2044
642
1594
654
2092
646
2145
669
1924
692
1914
536
1669
492
2007
657
1939
667
1927
671
2075
659
1954
669
2015
662
2261
541
2004
653
1882
666
1952
669
1949
634
1962
431
2059
656
2022
411
1879
647
2157
689
1708
555
2077
652
2054
354
2075
556
2059
649
1972
660
2060
559
1956
403
1960
676
1925
654
1385
376
1813
672
1969
652
2032
639
1891
614
2019
546
2138
651
2109
553
2087
677
2044
663
1955
657
1877
524
1604
542
2067
674
1985
553
1648
520
1999
670
1869
654
1972
666
1714
661
2052
375
2004
659
1999
567
2080
731
2060
651
2057
657
1885
659
1970
625
2000
659
1975
637
1956
682
2020
657
1974
659
2088
564
2008
644
2022
649
1910
618
1900
606
1101
359
1828
657
1402
654
2062
642
1971
655
1967
614
1867
659
2082
672
1892
669
2012
634
2009
654
1586
547
2200
531
2057
664
1940
280
1977
699
2007
656
1929
674
2020
665
2045
641
2054
699
2122
649
2218
642
1719
521
2133
656
2017
642
2265
656
1977
659
2032
652
2039
649
1912
682
2023
644
2042
669
1323
667
1937
642
1828
547
2120
671
1573
594
2132
649
2107
670
2175
682
1747
545
2090
656
1553
538
2007
388
2073
645
2039
644
2118
649
2047
616
1956
659
1616
528
2135
546
2042
644
2025
657
1917
665
1995
644
1954
632
1989
587
1864
674
2000
739
2210
674
1866
614
2029
664
2052
684
1728
664
2108
608
1656
549
2020
657
1755
578
2080
656
2291
658
1578
502
1880
521
1974
622
1892
474
2105
476
1992
664
1459
485
2100
528
2125
655
2157
519
2022
672
1534
534
2100
687
1803
409
1955
671
2167
594
2130
679
2095
646
1962
665
1877
426
2087
646
2077
662
2077
675
2133
671
2100
515
1973
666
1980
641
2195
672
2275
667
2100
669
2082
659
2100
652
2142
662
2170
671
2179
652
2002
368
2017
637
1937
659
1892
664
1974
641
2215
637
1907
654
2129
532
1960
448
1955
664
2005
641
2150
623
2162
425
2202
659
2005
674
1908
599
2113
661
2215
642
2278
534
1152
390
2100
646
1665
547
2070
677
2100
545
2055
661
2045
661
1920
659
2072
618
1919
681
2047
641
1943
648
1997
654
2137
677
1174
403
2015
651
1967
654
2119
655
2257
671
2069
659
2021
667
2055
669
2147
654
2053
672
1859
647
2282
667
1942
654
1848
646
944
679
1887
659
2168
651
1771
499
2077
646
2123
659
1576
7847
2145
664
1999
389
1594
424
2127
681
2235
657
2107
654
2078
630
1954
657
2175
631
2203
644
2110
654
2087
674
1967
642
2025
657
1972
9656
1942
553
2095
607
2157
684
2148
661
1980
649
1808
659
2049
659
2060
594
2101
656
2165
576
2246
659
2193
584
2205
686
2125
657
2110
657
2065
647
2147
663
2005
669
2037
699
2200
634
1849
546
1289
579
2152
657
2145
707
2152
649
2045
661
2110
664
2122
672
2080
529
2011
428
2009
664
1767
546
2210
681
2069
660
1930
674
1918
606
2208
654
1221
372
2124
544
2129
659
2165
671
2223
648
2047
647
2087
627
2167
609
1891
479
1860
669
1961
667
1988
670
1980
609
2110
689
1859
652
1972
651
2005
561
1952
657
1846
657
1885
669
2017
676
1902
608
1980
689
2003
659
1702
500
1114
382
2090
665
2012
655
1922
532
2007
674
1909
662
2071
629
2003
624
1912
501
2000
659
2002
664
1764
567
1950
657
1869
661
1937
644
1954
659
1957
678
1985
657
2072
681
1947
636
1889
430
1935
356
1989
641
2079
641
1953
555
2085
686
1203
382
1882
669
2037
642
2002
649
2030
672
1604
524
2025
645
2067
652
1545
492
1914
432
1929
659
1945
541
1710
552
2185
563
2005
568
1997
632
1902
625
2058
674
2017
664
1864
669
2019
669
1907
669
1899
651
1877
442
1897
646
1987
653
1964
652
2004
665
1907
698
1972
642
1937
724
1877
406
1516
411
2027
659
1753
598
2009
534
1969
649
2122
669
2037
670
2039
647
2097
651
2032
659
1980
652
2206
616
2029
692
1942
714
2050
567
2097
666
2085
670
2065
654
1762
543
2061
669
2043
684
2135
674
1980
664
2015
669
1924
597
1698
655
2014
537
1964
646
1944
656
2002
657
2015
657
1874
651
2027
659
1927
654
1892
662
1957
564
2132
551
2125
678
2170
657
2003
659
1929
657
2027
657
1872
606
1864
659
2047
652
1897
536
2002
694
1694
553
2030
582
2143
659
1880
599
1925
684
1982
647
2085
657
2063
659
2018
657
1987
669
2215
642
1927
672
2048
671
1979
711
2017
609
1949
654
1943
623
1971
431
1032
363
1987
671
1703
657
1962
666
1631
540
1938
672
1894
661
2010
714
1636
657
1990
647
2029
629
2087
659
2140
641
1482
336
2004
648
1878
669
2075
681
1910
560
2105
569
1990
592
1701
567
1890
669
1599
562
2039
646
1982
664
2077
699
1764
640
2099
644
1609
435
2092
662
1931
670
2097
643
1915
549
2140
677
2050
724
1734
685
2060
670
2140
672
2047
634
2078
664
2250
647
2120
661
1987
642
2067
542
1999
555
1939
669
2004
657
1966
687
2010
543
2007
667
2155
677
1937
671
1957
469
2004
659
2027
644
2015
682
1904
666
1926
433
1145
384
1995
666
1988
699
2175
657
2105
654
1932
669
1934
549
2410
534
1942
670
2048
649
1612
684
1892
695
2012
644
2018
710
2080
656
1944
654
1955
667
2127
654
1983
564
2037
654
2092
9206
1907
9048
1985
672
1593
490
1977
643
2362
659
1993
553
1934
657
1969
702
2030
667
1923
677
1635
572
2122
669
1575
607
1952
548
2048
659
1967
656
2080
722
1910
672
1980
454
2037
664
1152
400
1853
661
1882
601
1984
659
1945
649
1937
676
2230
679
1854
690
1997
444
1293
403
2040
646
2001
669
2034
672
2135
702
1990
669
2228
657
2067
647
2333
581
1348
415
2085
667
2002
554
1964
546
2027
649
2117
690
2000
657
1966
669
2080
644
1924
671
1813
562
2200
486
2057
689
1930
662
1881
664
1760
340
2044
657
2205
656
2122
644
2092
694
2100
689
2035
647
2097
646
1932
661
2123
650
2032
521
1536
492
2231
678
2158
586
2145
660
1980
677
2081
480
2070
662
2002
659
2103
691
2115
656
1987
659
2057
565
1902
667
2037
524
1794
558
2231
548
2346
666
2211
616
1977
656
2130
656
2185
649
2039
679
2035
465
1980
657
2015
564
2035
542
2130
674
2355
657
2105
647
2027
647
2003
689
1959
649
1949
642
1938
615
2080
674
2075
652
2077
531
1960
691
2119
659
1954
616
1214
377
1952
649
2060
664
2416
595
2057
678
1385
669
2068
647
2037
664
2132
434
2130
525
2165
518
2100
681
2177
654
2137
677
2100
644
1522
572
2230
594
2145
651
1969
692
2160
610
2032
669
1904
657
1898
571
2014
686
1929
599
2463
687
1898
644
2060
657
2115
649
1963
643
2120
654
1974
648
2042
591
2032
664
1964
621
2055
651
1942
654
2028
559
1945
641
2001
647
2053
613
1967
553
2220
572
2027
664
1957
657
2107
652
1973
559
2070
664
1995
633
1948
604
2007
656
2190
654
2085
656
2195
662
2110
669
2012
659
1986
654
2075
670
2044
644
2092
651
2065
544
2090
667
2062
670
2125
677
2052
651
2150
671
2163
659
1417
373
2059
658
2220
676
2085
652
2143
641
2034
656
2193
672
2132
600
2366
660
2039
666
2052
674
2014
649
1942
669
1938
671
2230
658
2095
635
2179
646
2015
657
2223
557
2040
661
1980
662
1461
618
2167
555
1999
667
2263
650
1576
508
2340
664
2133
676
1712
654
2145
699
1887
669
1226
386
2042
642
2140
661
2017
657
2222
681
2128
646
2075
669
2266
669
2275
654
1962
716
2105
670
2015
596
2027
671
1970
686
1602
447
1977
541
1556
501
2220
555
2170
654
2271
644
2153
566
2094
666
1957
651
2065
677
2072
476
2012
654
1678
664
2049
585
1990
557
2039
506
2042
667
2073
662
2145
655
2122
679
1863
639
1237
353
2022
687
1965
411
2110
644
2140
9249
1974
646
2114
644
2290
659
1847
651
1692
463
1950
664
1586
441
2055
646
2012
467
2015
669
2102
687
2052
641
1831
651
2134
676
1936
684
1912
652
2037
645
2015
641
2032
8851
2100
652
2123
556
2064
687
1962
512
1982
559
1932
681
2062
553
2062
661
2115
701
1955
659
2111
530
2308
687
1942
663
2103
530
2070
674
2158
669
2243
657
1918
681
2044
671
1310
364
2348
661
2143
692
2017
661
2133
684
2120
657
2115
527
2017
654
2145
666
1686
465
2067
652
2040
721
1936
613
1977
551
2015
616
1969
690
1717
551
2050
693
2220
390
2069
666
34943
664
2002
680
2070
655
2095
554
2130
499
2185
661
2190
599
2192
644
2034
667
2065
657
1749
663
2171
669
1992
656
1925
675
2133
651
2211
669
2192
284
1894
467
2125
661
1898
651
1825
662
1984
672
2147
559
1959
667
1642
688
2107
646
2050
643
2119
649
1867
543
2215
672
1967
632
1499
500
2128
659
2072
666
2129
651
2170
660
2157
666
2127
644
2140
646
2065
654
2040
657
2285
695
1764
461
1578
664
1898
654
2132
484
2215
677
2022
687
1824
445
2200
564
1925
655
2000
543
1549
634
2019
656
2240
652
2142
644
1778
668
2032
662
2004
493
2138
656
2135
595
1750
540
2150
662
1276
669
2005
659
1701
553
2338
699
2288
654
2017
368
2195
666
2195
571
2069
9557
2078
662
1756
459
2207
546
1967
656
2140
662
2150
674
1770
672
1917
534
2065
652
2350
545
2012
660
2090
659
2117
656
1884
514
2005
669
2001
686
2182
660
2020
654
1987
642
2110
644
2044
667
2178
671
2107
676
2020
507
2039
595
1393
372
2155
659
2009
651
2197
702
1982
679
2053
654
2042
551
1911
674
1502
558
1874
674
2216
431
2080
609
1952
661
1880
565
1461
497
2075
667
1581
430
2158
637
1912
628
2105
627
2188
654
2137
612
2132
656
1390
416
1969
581
2190
672
1892
642
1576
349
2201
656
2112
664
2273
662
2122
661
2113
665
2229
674
1719
477
2054
641
1096
671
2215
644
1940
430
2080
694
1972
661
1230
672
2135
657
2121
657
1637
461
2083
654
2148
665
1965
537
2075
651
2175
649
2210
666
2168
635
2181
562
1314
372
2137
656
1794
668
2150
550
2237
656
2047
620
2251
697
2193
677
2263
661
2014
661
2050
657
2168
679
1944
644
2203
571
2070
649
2175
477
2192
639
2148
698
2155
661
2040
669
2020
651
2057
650
1695
471
2183
650
2022
667
2090
669
2235
677
2225
662
2045
659
1828
597
2088
677
1990
694
2019
654
2127
632
2074
656
2105
571
2045
652
2035
576
2200
486
2243
656
1975
684
1642
659
2050
581
1278
386
2033
656
2114
670
1950
654
2119
672
2145
637
2137
674
2037
680
1107
361
1314
667
2097
667
1960
633
2068
658
2030
634
2022
674
2175
659
2107
652
1973
669
2379
604
2042
537
2130
666
2057
641
2049
621
2095
659
1462
399
1984
654
2175
667
2133
671
1213
513
2047
543
1893
635
2406
544
2162
667
2233
654
2155
646
1752
553
2404
659
2067
646
2148
647
2032
559
1954
654
2127
651
2413
644
2018
669
2011
609
2298
629
1157
644
2074
642
2210
674
2062
680
2055
662
1793
669
1622
511
1990
644
2140
657
2133
686
1854
692
2102
669
1974
709
2040
649
2168
641
1952
691
2073
497
2072
652
1944
646
2511
644
2019
659
1599
428
2263
531
1699
547
2082
649
2110
646
2220
671
2038
679
1188
376
2059
679
1944
659
2253
691
1967
652
2090
591
2401
657
2162
659
2027
666
2295
656
1253
380
2017
579
2035
554
1997
669
1796
663
2033
649
2053
584
2120
654
2059
651
1746
577
1929
551
2085
689
2017
549
2043
654
1992
495
2032
659
2238
671
2122
641
2087
653
2319
316
2082
644
2217
450
2141
667
1964
658
2047
482
1761
618
1940
651
1376
438
2242
646
2039
662
1212
566
2160
647
2050
616
1974
699
2109
511
2113
435
1183
654
1919
543
1902
656
2205
648
1995
664
1774
649
1602
526
1862
436
1984
641
2028
649
2050
578
1691
634
2009
596
1937
646
2207
632
2107
667
1974
674
1927
707
2068
654
2145
646
1955
639
2045
648
1981
646
1804
551
1969
667
1965
621
2002
571
2042
551
1952
644
2213
664
2123
658
2039
433
2042
514
2107
671
2056
618
1822
475
2125
657
2125
654
2067
641
1864
652
2034
662
2355
666
1744
549
2060
651
2170
654
2318
23396
2018
656
1975
666
2082
576
2160
687
2072
664
2044
654
2316
488
2050
663
2007
650
2125
611
1989
628
2088
657
2070
642
2178
579
1957
503
1948
668
2190
510
2101
654
1795
546
2177
644
1695
555
1642
481
2052
627
2260
679
2222
694
2339
659
1593
476
2173
657
1975
659
1393
442
1941
609
1987
614
2187
672
1982
669
1925
644
1984
604
1247
667
2067
664
2102
542
2193
652
2107
661
2137
644
2175
664
2290
644
1956
648
1839
646
2030
659
1876
656
2235
671
1186
622
2107
664
1261
7959
2175
656
2105
672
2097
657
1268
661
2035
654
1962
654
2039
671
1972
639
2172
681
2080
654
2413
582
2122
604
1452
659
1526
477
2063
619
2152
644
2110
641
2170
557
2087
651
1964
652
1915
621
2094
608
1945
616
2070
674
2050
664
2125
684
1726
546
2183
654
1385
429
1937
680
2100
657
2059
569
2170
561
2220
659
2107
664
2220
676
1944
671
2035
679
1940
644
2152
582
2115
636
2300
542
1988
613
2295
667
1650
661
2158
677
1642
502
2288
629
1800
661
2117
667
2267
513
2185
596
1797
523
2130
679
2155
659
2222
679
2092
654
2060
667
1537
446
2062
544
2131
666
2288
669
2025
659
2037
631
1854
666
1998
623
2162
507
2065
687
2205
651
1293
382
1870
565
2285
374
2072
646
1283
368
1872
667
2165
664
2306
696
2148
681
1419
674
2218
651
2065
392
1366
358
2097
659
2238
644
1897
671
2230
666
2075
599
2167
669
2025
687
2223
672
2313
666
2293
652
2115
682
2105
667
2122
543
2051
656
2123
684
998
427
2165
675
2173
646
2253
674
2122
625
2047
526
2004
315
2095
656
2075
650
2170
666
1731
557
1955
481
2245
641
2120
654
2020
582
2277
557
2225
657
1948
540
1990
513
2007
669
1840
651
2082
629
2235
637
2205
674
2095
378
2135
677
1970
649
2092
639
1997
644
2215
661
1897
657
2287
9487
1985
669
2210
669
2092
674
2280
676
2219
664
2112
654
2025
650
2100
679
2085
636
2065
649
1874
664
2062
565
2115
657
2262
663
2147
648
2037
659
2240
671
2095
650
2084
630
2148
714
2242
686
2121
502
1627
474
2002
661
2000
674
2110
568
2185
675
1381
363
2202
639
2192
677
2230
644
1980
410
1873
523
2112
667
2210
611
1794
563
2068
672
2057
9663
2157
644
1870
665
2187
651
2112
639
2185
649
1530
470
2035
716
2138
642
2085
566
1988
646
2378
669
2130
666
2135
675
2080
625
2085
702
2198
649
2145
641
2157
659
2057
652
2135
486
2265
651
2074
679
2105
624
1164
370
2130
667
2053
565
1730
542
1226
676
1975
469
1802
669
2138
621
1578
487
2087
620
2119
376
2135
681
2085
674
2200
659
2130
576
2097
659
1977
672
2217
489
2010
664
2205
561
2017
654
2231
469
2040
677
1952
659
2007
453
2078
680
1589
664
1999
659
2102
672
2052
664
1957
666
1542
479
2087
672
1167
375
2017
373
2142
679
1880
656
1646
662
2488
548
2140
655
2290
657
2207
514
2047
674
2137
674
2055
664
2082
599
2100
657
2208
627
2014
656
2257
657
2138
692
2107
641
2242
654
2426
644
1959
649
2160
689
1967
641
2429
634
2152
654
2185
717
1950
641
2049
649
2135
641
2124
531
2055
679
2085
657
2012
656
2015
659
2052
664
2476
672
2301
621
2082
644
2198
652
2591
647
2213
665
2436
704
2057
692
2027
653
2007
659
2260
671
1755
565
2060
647
2223
661
2380
656
2270
658
2386
649
2187
674
2445
534
2215
686
2172
519
2183
681
2293
676
2425
560
2205
669
2265
394
2199
543
1993
625
2208
658
2341
671
2185
654
2075
639
2318
652
2144
641
1283
667
2124
9041
2353
676
2360
538
2330
667
2162
659
2247
667
2266
649
2376
647
1836
553
2249
528
2055
508
1864
667
2278
656
2205
666
2358
601
2173
541
2025
649
2341
674
2045
370
1429
384
2246
474
2215
562
2227
659
1844
513
1443
391
2150
661
2287
654
2142
621
1489
12889
2601
677
2418
651
2280
631
2153
623
2195
622
1396
394
2290
656
2188
669
2257
657
2223
649
2500
682
2245
661
2263
657
2189
315
2368
652
2209
653
2103
651
2247
566
2152
411
2082
471
2149
526
2162
664
2358
654
2331
654
1362
672
2197
642
2128
647
2504
682
2371
657
2094
654
2215
601
1448
377
1705
425
2283
679
2373
657
2193
631
2212
382
2233
652
2268
678
2190
673
2350
631
2236
388
2072
372
2358
678
2218
480
2303
672
1940
697
2313
666
2242
672
2190
561
2293
639
2082
614
2054
664
2028
644
2107
669
2074
649
1816
509
2198
714
1867
553
2511
644
2092
664
2040
434
2010
656
2094
378
2093
555
2223
669
2052
671
2027
651
2065
698
2280
659
2060
668
1977
649
1731
681
2248
559
2079
672
2092
644
1317
392
2488
560
1403
466
2418
672
1896
648
1978
526
2115
656
2115
657
2222
662
1964
661
1863
550
2139
646
2140
676
2087
655
1855
664
2110
359
1728
561
1990
493
1987
647
2156
553
2134
679
2062
656
1563
476
2110
700
2014
656
2478
661
2052
667
2093
657
1833
636
1980
657
2125
654
2010
659
2058
644
1772
487
2155
546
2169
676
2170
662
2017
664
2074
652
2108
476
2169
629
2175
418
2213
650
1938
618
2128
662
2102
652
2032
646
1613
405
2175
664
2147
372
2098
644
2027
654
2212
513
2182
674
2008
644
2021
633
2175
642
1988
661
1944
519
1958
687
2039
661
2143
654
2072
659
1950
524
2049
663
22325
656
2147
666
1975
413
2090
671
1975
674
2064
555
1967
670
1914
656
2060
572
2014
443
2052
632
