1917
667
2029
686
1865
489
1979
647
1859
677
1879
669
1966
656
1846
564
2100
448
1975
656
1967
644
1907
704
1953
674
2009
695
1890
642
1967
668
1992
686
2052
677
2012
651
1919
686
1766
627
1950
479
1899
649
1829
368
2087
657
1907
446
1839
320
1927
692
1899
666
2017
576
2122
644
1920
632
1884
567
1997
657
1483
488
1912
689
2012
482
1945
671
2002
371
1910
559
1887
560
1610
557
1974
656
1884
651
1794
549
1997
560
1851
666
1869
662
1877
649
1882
629
1917
624
1897
641
1962
565
2022
642
1866
661
1972
644
1975
649
1920
687
1925
664
1859
646
1947
689
2018
581
1984
551
2010
567
2050
742
1545
490
2060
630
1872
682
1955
677
2062
649
1984
659
2057
618
1965
672
1927
652
1977
554
1690
561
2148
669
1885
624
1994
679
1780
624
1867
636
1890
374
1866
669
1957
606
1949
646
1897
649
1595
669
2012
652
1932
671
1857
513
1877
644
1953
659
1984
677
1859
342
1927
654
1937
669
2252
645
1899
548
2105
654
1934
672
1907
308
1975
556
1146
360
1972
406
1852
661
1894
644
1964
362
2083
669
1684
656
1879
547
1658
563
1897
649
1771
697
1197
367
2062
666
1982
652
1892
653
1735
649
1978
451
1907
649
1136
654
1977
672
2027
666
1972
608
1985
461
1870
543
1937
656
1977
669
1718
544
2028
657
1877
641
1951
567
1856
657
1867
543
1907
670
1818
689
2040
706
1982
654
2083
667
1612
541
1950
659
2037
625
1920
674
1964
9344
1701
615
2082
659
2213
643
1969
500
1972
664
1677
481
2133
654
1986
674
1909
668
1882
657
2250
620
2012
627
2020
664
2040
674
1684
481
2023
663
2107
676
1080
542
1880
616
1987
644
1912
704
1960
589
1972
692
2075
661
1975
656
1930
553
2047
646
1471
525
1967
661
1770
561
2125
698
1811
693
2063
646
1207
374
1478
496
1862
672
1231
386
2009
378
1837
658
1877
639
1902
589
2045
654
2094
661
2067
659
1912
664
1968
664
1992
654
1606
465
2067
656
2059
654
1965
589
1912
672
2065
680
1884
652
1975
617
1917
671
1948
654
2062
691
1967
672
2009
657
1942
565
1108
662
1929
424
1989
649
1884
628
1934
450
1896
609
1970
653
2012
662
2039
651
1630
661
2000
659
1967
659
1984
641
1975
688
1983
664
2098
646
2020
500
1959
672
1997
654
1977
644
2027
642
1916
670
1544
674
1932
661
1122
385
1972
574
2002
662
1859
499
1874
667
2037
666
1987
505
1629
637
2032
659
1901
674
1970
660
1902
330
1952
618
1980
687
1915
672
1578
500
1955
649
1967
687
2005
669
2000
549
2004
661
1942
365
1885
576
1995
621
2082
381
1945
665
1902
642
1965
555
1737
475
1995
645
1993
661
2059
409
1950
624
2049
659
2107
664
1922
659
1884
8981
2102
594
1949
660
2009
644
1939
668
2102
641
2092
642
2039
667
1955
379
2037
350
1967
662
1992
657
2003
677
1932
625
1854
531
1955
654
1859
656
1785
572
2002
531
1945
670
1952
684
2050
654
1832
468
1925
556
1887
684
1922
667
1872
644
1919
653
2201
665
2130
498
2069
699
2017
458
2005
604
1222
378
2143
707
2127
651
2050
566
2167
654
2000
563
1970
677
2133
654
2240
656
2037
679
1984
654
2077
654
1959
652
2158
658
2045
651
1934
668
1952
653
1899
656
1889
657
1885
532
1980
656
2002
677
2019
581
1321
666
1919
656
1942
625
1965
711
1659
456
2054
468
2120
631
2072
615
2115
411
2120
681
2000
677
2072
579
2064
505
2077
707
1671
561
1950
644
2070
379
1982
654
1532
376
2027
587
2027
588
2065
437
2127
664
2233
650
2079
652
2310
549
2115
679
2055
597
1583
504
1950
554
1904
674
1993
663
1208
380
2027
670
1937
563
2070
637
1084
368
1842
544
2080
694
1972
655
2205
674
2017
653
1949
672
1959
652
2010
679
2002
458
1877
340
2100
674
2074
662
2140
652
1892
654
1902
558
1944
665
1886
533
1932
373
1705
681
1969
690
2062
651
1999
654
1300
634
1944
565
2117
672
1864
668
1979
667
1945
653
1970
554
2148
529
1520
664
1178
649
2035
679
1962
652
1922
651
1762
689
2411
689
1887
662
1842
657
1832
517
1984
539
2153
674
2030
670
2092
646
1955
642
1752
656
1932
662
2080
645
2010
552
2075
691
1378
405
1987
662
1724
672
2068
649
2147
664
1894
541
2110
645
2118
677
1760
671
1980
667
1940
634
1889
374
1689
641
2120
655
1964
8826
2149
671
1945
664
1875
604
1995
669
1932
669
2007
659
1980
661
1904
669
1776
563
2085
661
2035
659
1952
668
2007
561
1995
666
1925
630
2082
641
1985
647
1939
672
1945
547
1690
555
2077
694
2055
668
2124
597
2223
680
2054
730
2025
652
1420
439
1751
553
2027
625
1850
599
2075
553
2105
657
2057
570
1428
469
2142
667
2130
494
2142
487
2162
682
2315
654
2290
656
2222
627
1932
646
1942
583
2097
659
1738
653
2030
620
1858
490
2133
647
2037
647
2040
659
2293
647
2178
677
1982
645
2190
691
2165
642
2198
654
2020
654
2193
641
2117
382
2167
657
1949
667
1999
649
2048
644
2138
657
1995
594
2177
651
2241
608
2137
642
1966
674
2067
645
2128
646
2115
579
2192
653
2010
588
1929
667
2109
658
2197
539
2089
669
2120
644
2140
637
1921
662
2160
671
1917
652
2118
662
1980
679
2054
659
2070
566
2100
690
2147
628
2180
646
1987
672
1876
353
1979
649
1969
699
2104
653
2213
626
2157
658
1714
559
2117
659
2132
661
2127
656
2016
609
2215
656
2125
739
2200
642
2012
679
1929
474
2157
689
1845
485
2225
550
2045
661
1412
486
2132
652
2042
390
1959
655
2127
698
2125
639
1950
644
2122
626
2062
657
2253
657
2168
664
2155
654
2073
654
2097
661
2040
664
2107
648
1914
667
2074
579
2078
620
2077
656
1994
542
1865
702
2114
559
2170
698
2145
659
2170
642
2217
607
2150
656
2092
647
2127
609
2117
656
2047
682
2079
674
2057
670
2052
549
2158
637
1840
540
2203
672
2125
659
2118
677
1903
574
1819
545
1977
643
1508
656
2290
622
2040
680
2236
651
1221
6695
2103
655
1848
559
2160
661
2125
677
2000
654
1386
370
2064
661
2155
658
2105
654
2112
669
2225
649
2035
670
2202
656
2453
502
2170
672
1315
666
1922
571
2069
654
1259
661
1444
667
1642
517
2035
627
1867
654
1989
644
1889
656
1902
659
1610
560
1959
642
1944
661
2029
666
1104
359
2100
657
2105
665
1570
495
2112
656
1982
555
2112
641
2055
674
1964
331
1968
659
1917
647
1947
535
1624
469
2099
634
2045
687
1972
669
1796
636
1888
692
2047
642
2068
595
1997
632
2191
649
1901
669
1947
648
1882
486
1987
642
2014
643
2145
662
1933
541
2022
561
1989
373
1752
630
1594
441
2084
642
2085
671
1323
462
1937
542
1560
566
1907
662
2177
546
2077
661
2108
699
1897
669
1960
549
1980
616
1929
549
1947
643
1898
659
1892
664
2062
664
1981
638
2032
676
2042
667
1977
702
2085
644
1092
390
1853
692
2163
495
2015
654
1979
646
1706
622
2080
522
1826
566
2045
644
2215
637
2058
660
2073
662
1980
687
1882
657
2072
621
2045
644
1970
654
1973
530
1832
644
2077
672
1995
666
1705
656
2132
567
1593
399
1778
570
2029
553
2010
656
1884
669
2002
641
1942
652
1855
641
1927
656
1467
489
1870
649
1882
671
1837
666
1582
661
2039
646
2175
651
1987
669
1899
654
2125
684
1795
551
2027
656
1956
677
1905
543
1884
644
2138
367
1969
542
1852
634
1987
657
1949
667
1705
563
1888
678
1904
632
2097
636
2019
656
2027
495
2007
654
1730
571
2143
656
2099
659
1858
629
1864
601
2102
538
1922
670
1743
475
1526
444
2189
478
1930
661
2103
666
2027
664
1983
599
1875
661
2093
656
1985
632
1969
618
1952
584
2065
653
1889
642
2083
642
1970
374
2029
566
2145
603
1939
602
1982
671
1947
436
1894
653
2008
671
2088
658
1880
513
1997
554
1762
654
2207
661
1593
557
2067
564
2023
654
2118
595
2091
694
1939
657
1870
549
2170
669
2077
574
2034
656
1956
649
2095
664
2080
667
2072
666
1474
431
1898
654
2042
672
2195
578
1954
669
1972
674
2090
664
1900
596
2039
679
1907
659
2839
674
1934
691
1964
699
1932
614
1994
659
1954
652
1924
651
1922
429
2035
382
2111
656
1932
667
2132
642
2102
657
2014
664
1882
659
2112
715
1872
596
1962
645
2058
646
1944
674
1890
662
1917
627
1997
669
2040
591
2050
655
1850
411
1955
651
2293
682
1937
677
1590
515
2292
666
1867
591
1879
526
2097
662
1950
609
1952
646
2024
555
1954
682
1912
689
2020
625
1658
639
1857
667
1962
662
1900
664
1929
721
1793
568
2044
681
2048
378
2150
551
1494
380
1990
623
1959
442
2022
649
2009
684
1914
714
2052
672
2138
656
1970
681
1275
649
2034
566
2055
654
2215
681
1994
651
1967
644
2123
679
2152
659
1967
649
2115
363
1977
621
1962
547
1965
671
2082
669
2037
679
2097
597
1864
654
1965
689
1922
664
1078
8921
2185
455
2085
652
2129
674
2062
664
2072
368
2010
657
1957
644
2047
672
1974
657
2393
621
2002
620
2130
653
2042
657
2097
641
2070
513
2080
485
2013
584
2153
606
2033
644
2060
654
2125
657
2080
624
2148
672
2091
452
1981
669
2077
679
2441
443
2024
662
1969
660
2070
631
1646
563
2032
659
2210
654
2062
668
1976
651
2260
659
2195
527
1706
362
2063
516
2019
531
2092
658
2062
644
2195
656
2137
660
2002
531
2070
521
1990
699
2042
657
2027
551
1944
671
2205
540
2010
672
2247
646
2100
641
1999
657
2135
308
2022
647
1965
553
2055
654
1834
656
1126
386
2082
664
2062
645
1508
559
1987
679
2185
488
2015
679
2073
644
1934
685
1855
674
2162
541
2172
679
2095
637
2055
677
2037
671
2115
659
2097
647
2032
666
1720
563
2132
659
1804
568
1748
652
2083
679
2061
671
2173
651
2002
656
1940
656
2311
679
1927
613
2120
565
1895
589
2145
649
2202
565
2137
665
1898
644
2003
654
2045
451
2235
583
1868
642
1927
672
2059
675
2109
659
2097
641
2215
686
2043
669
1735
449
2155
669
2012
625
2205
644
2197
676
2102
648
1909
664
2162
677
2107
659
2019
677
2200
494
2009
664
1981
664
2268
692
2009
602
2145
664
2085
657
1970
658
2232
699
2285
707
2125
609
2085
526
2198
679
2217
657
1358
550
2153
672
1982
679
2102
692
2090
631
2075
671
2085
656
2133
589
2087
690
2185
667
2095
669
1800
483
2102
543
2148
569
2390
665
2045
649
2024
611
2209
677
1993
571
2012
659
2034
639
2108
644
2160
652
2082
629
2075
358
1865
574
2115
664
1911
654
2128
667
1935
660
2155
659
2087
634
2063
539
2170
646
2043
642
1979
391
2305
657
2117
662
1113
659
2049
686
1800
566
2102
574
2132
660
2170
657
2388
646
2195
667
2057
626
2040
677
2059
477
2040
673
1914
656
2155
646
1864
674
1897
552
1884
596
2085
670
2040
669
2145
679
1894
661
2093
381
1939
676
2007
666
2042
675
2075
695
2127
676
1871
660
1980
656
2075
571
2103
639
2085
649
1048
368
1872
654
1947
654
2039
654
2123
506
1947
641
1959
670
2047
672
2057
538
2107
647
1890
581
1909
542
1934
639
2000
667
1582
638
2047
669
1935
672
2022
654
2130
622
1962
672
1960
655
1532
456
1997
659
2045
694
2079
674
2127
539
1961
501
1535
651
2050
607
1979
688
1999
644
2002
513
1669
671
2256
656
2115
677
1967
444
2022
667
2035
654
1842
550
1808
469
2002
664
2075
642
2145
508
2157
628
1919
551
2077
553
2168
508
1882
563
2022
556
2015
674
2165
542
2148
657
1294
382
2187
559
2047
657
1958
603
2150
514
2142
652
2080
624
1884
568
2054
644
2014
647
2122
676
2112
649
2119
659
2053
649
2141
663
2142
527
2045
652
2047
478
2085
481
2030
538
2067
661
2085
654
1992
667
1927
636
1970
661
2099
657
2165
644
1859
654
1648
416
2275
651
1997
620
2020
656
2155
706
1686
563
2208
569
2253
697
1969
654
2097
674
2070
570
2185
654
2081
654
1943
545
2203
672
1992
662
2069
529
1171
363
2072
656
2165
646
2157
678
2533
649
2050
644
2048
661
2193
670
1975
652
2042
651
2170
651
1764
523
2187
700
2097
654
2241
674
2083
664
2028
630
2070
656
2007
642
2109
644
2025
509
2515
654
2202
669
1912
353
2376
584
2255
651
1985
654
2275
649
1960
651
1992
676
2035
648
1974
674
2336
654
1994
679
2110
669
2168
644
2153
681
2381
647
1925
674
2058
669
1971
516
2093
552
1867
626
1769
696
2037
644
1642
479
1483
507
1997
634
2047
617
2090
641
1969
488
2175
667
2190
651
2027
652
2057
659
1937
684
2062
690
2062
654
1226
392
2030
655
2255
649
2030
654
2060
649
2155
647
2037
559
1963
437
1975
696
1929
664
2045
659
2140
652
1989
522
1922
657
1988
704
2173
571
1942
601
2047
651
2040
651
2145
672
1547
451
1368
674
2090
669
1838
323
2030
672
2135
654
1959
674
1728
566
2130
561
2130
649
1894
647
2000
584
2058
561
1964
684
2068
664
2083
659
2007
595
1967
621
2030
651
2137
654
1839
647
2032
483
2048
727
2113
667
1943
597
2192
436
1989
555
1216
642
1774
540
2035
659
2155
656
2157
639
1354
390
2138
654
2160
642
2095
599
2057
651
2202
673
2025
644
2080
667
1962
542
2000
651
2169
667
2145
651
2095
669
1977
657
2338
644
2030
677
2139
531
1953
664
1949
646
2102
636
2110
475
2494
666
2259
552
2085
392
1889
613
2108
657
2133
669
1987
659
2035
415
2012
659
1992
477
2190
656
2127
674
2165
671
2017
644
2353
654
2095
659
2255
525
2185
692
2020
656
2062
654
2047
669
2050
695
2009
653
1980
662
2035
641
2034
674
1756
475
2157
643
2060
672
2050
669
2142
670
2080
529
2131
659
2079
564
2095
647
2185
709
2090
666
1985
565
2075
430
2305
540
2330
551
2215
652
2074
661
2097
632
2215
674
2127
669
1927
669
2000
609
2107
673
2295
652
2059
661
2070
624
2064
656
2182
653
2102
657
2083
671
2092
689
2004
540
1909
674
1925
649
2015
674
2192
569
2120
674
2227
672
2092
569
2115
624
2058
669
2037
629
1361
395
2081
669
2258
543
2140
707
2145
543
2027
654
2130
662
2215
656
2065
652
2245
681
2002
674
2243
664
1889
556
1970
653
2123
644
1922
669
1831
388
2132
9494
2099
606
1928
659
2029
702
2090
401
2140
641
2045
639
2121
667
2118
671
1944
551
2115
664
1784
539
1893
512
1924
646
2052
651
1892
667
1555
402
2171
658
1707
582
2180
669
2040
664
1985
659
2216
634
2069
699
2130
653
1987
654
2064
641
1991
656
1980
644
2368
672
2140
652
2122
566
2195
599
1364
411
1989
654
2037
645
2238
669
1389
696
1977
654
2008
666
2075
709
1977
659
1945
654
1969
661
1719
651
1767
674
1949
552
2040
644
2110
652
1929
659
1932
620
2065
634
1975
644
1646
552
1992
667
2181
701
1902
662
2170
684
2035
647
1904
672
2165
701
2137
644
2167
657
1935
659
2077
642
2022
659
2105
606
2052
684
1939
674
1118
358
2137
652
2159
656
1974
672
1939
654
2005
651
1926
657
1932
656
2120
644
2215
519
2025
533
1588
642
1997
668
1912
666
1867
661
1823
516
1986
690
2185
543
2170
692
2024
666
1834
672
2041
654
1244
668
2201
657
1806
679
2065
347
2037
664
2187
525
1549
472
2218
647
2040
667
1804
666
2010
659
1949
656
1952
672
2067
655
2061
647
1872
666
2441
659
2110
654
1160
404
2129
672
2111
537
1958
551
2027
568
2093
490
2170
659
1941
545
2057
672
2098
555
2021
664
2137
606
2135
468
1535
443
2147
644
2185
678
2172
659
2053
671
1907
662
2002
19620
2049
661
1972
730
1990
652
1955
641
1997
667
2248
652
2117
682
1957
617
2111
477
2085
652
1759
560
2290
684
1272
619
2097
654
2042
649
2049
550
1990
489
2193
577
1128
363
2084
662
1992
652
2143
664
2015
620
2029
664
1984
674
1632
634
2038
657
2030
697
2034
681
2053
649
2089
684
1934
657
2000
613
2058
667
2143
492
1838
654
2037
656
2205
639
1947
528
2137
659
1869
662
2072
706
1940
666
2070
644
2108
646
1998
511
1684
555
2071
580
2080
709
925
286
2004
664
2052
674
2152
445
2143
484
2014
641
2057
657
2306
674
2177
554
1975
677
2266
644
2014
459
2243
661
2112
657
2165
669
2077
651
2072
673
2286
629
2002
685
2280
687
2030
626
2122
594
2208
677
2178
671
2158
629
2272
697
2092
517
2265
673
2054
569
1980
663
2122
591
2161
660
1926
649
1981
553
1985
666
2045
679
2015
606
1720
561
2100
646
2053
679
2012
511
2181
374
2039
445
2150
493
2200
667
1940
660
1902
620
2153
661
2253
654
2013
649
2135
657
2267
657
2062
644
2142
391
2190
654
2093
649
2155
641
2218
667
2128
657
2092
625
2275
687
2282
670
2178
656
2163
659
2091
617
1964
657
2122
671
2152
657
1772
624
1855
553
2105
659
2042
662
2075
494
2320
702
1642
431
2044
382
2093
679
2004
674
2103
669
2313
553
2150
661
2149
642
1950
652
2060
555
2059
687
2200
659
2005
554
2027
669
2097
671
2047
641
2165
507
2143
664
2273
652
2139
377
2097
684
1884
571
2095
500
2063
672
2029
515
2035
657
1877
659
1746
555
2057
659
2117
619
2368
662
2055
701
2450
674
2145
503
1840
492
2097
697
2082
672
2050
645
2058
500
1944
669
2325
648
2283
645
2140
657
1967
668
1984
657
2265
665
2142
666
2361
639
2072
501
2252
599
2000
642
2110
650
2089
649
2170
661
2205
360
2266
624
2060
707
2305
647
2132
521
2153
656
1987
552
1969
653
2052
671
1997
666
1887
659
2229
654
2193
647
2035
510
2170
654
2107
674
2100
662
2052
674
2119
654
2082
543
1884
671
2172
658
2175
644
2023
657
2037
639
2155
672
1768
674
2077
669
2137
9699
2380
592
1940
659
2175
644
2591
652
2190
652
2138
659
2074
564
2092
654
2094
616
10404
664
2014
539
2035
652
2152
684
1942
667
1454
629
2183
329
2373
669
1842
664
2093
644
1610
685
2024
656
2057
669
2170
563
2050
445
2170
662
1957
664
2087
657
1973
674
2262
663
2077
649
2142
656
1950
655
1975
582
1989
667
1825
664
2200
651
2024
670
2139
659
2191
372
2110
643
1726
565
2087
644
2160
644
2027
584
2058
653
2296
581
2240
694
2190
670
1726
540
1821
566
2300
531
2118
651
2060
647
2128
659
2183
651
2007
657
2107
669
1922
667
2245
664
1962
669
2134
614
1932
672
2100
526
2271
676
1912
455
1889
621
2165
660
2218
656
2119
676
2022
661
2163
657
2125
657
2084
548
2090
656
2237
558
2232
668
2185
654
2077
655
2536
656
2416
669
1829
691
1949
672
2342
632
2040
656
2172
661
2063
644
2140
659
2340
690
2335
669
2323
648
2193
678
2205
662
2325
699
2165
662
2303
616
2288
671
1515
370
2408
636
2335
679
2232
691
2292
541
2378
654
2248
661
2300
675
2145
674
2143
565
2288
507
2143
654
2271
534
2308
650
2215
684
2079
670
2295
657
2141
669
2684
673
2045
637
2242
647
2103
670
2323
584
2245
666
2272
585
2313
658
2251
656
2289
658
2217
664
2225
664
2390
637
1756
551
1372
652
2327
529
1751
399
2252
656
2241
570
1382
393
2169
648
2235
521
2413
652
2521
521
2205
663
2288
661
2047
675
2208
652
2278
661
1561
371
2060
654
2077
691
2460
674
2067
681
2323
650
2233
661
2187
661
1438
692
2205
632
2104
672
2225
679
2280
669
2564
652
2095
527
2286
632
2128
657
2303
664
2388
609
2295
656
2198
676
2167
670
2353
662
2323
646
2351
521
2148
500
1243
361
2290
360
1686
531
2335
668
2273
664
2225
382
1919
657
2208
656
2271
655
2433
654
2120
692
1274
391
2242
675
2330
585
2170
659
2085
657
2308
651
2283
656
2441
669
2203
694
2209
652
1654
553
2277
689
2078
639
1984
613
2198
667
1950
551
1945
674
2307
657
1585
654
1527
497
2187
666
2079
333
2111
671
2097
626
2025
653
2048
657
1369
646
2300
666
1917
606
2005
669
1865
651
2187
707
2375
671
2082
647
1932
646
2027
589
1887
664
2132
675
2123
656
1994
630
1975
649
2085
666
2040
622
2093
664
1954
694
1778
517
1977
687
2193
652
1886
634
2034
637
1897
671
1533
441
2102
652
2034
662
2090
666
2047
579
2092
655
2077
654
2077
654
2038
647
2017
662
2003
666
2283
635
2044
679
2157
577
2020
671
2088
679
2159
538
2045
656
2239
618
2130
654
2039
662
2077
650
2040
657
1960
667
2247
640
2095
657
2168
646
2170
672
2063
673
2148
649
2130
376
2190
644
1228
367
2034
657
2093
659
2074
644
2212
694
2306
694
2092
654
2093
629
1985
459
1962
674
2010
661
2027
689
2135
654
2147
662
2099
520
2041
652
1962
659
2048
578
1957
644
2089
654
1953
747
2152
527
2153
694
2095
672
2055
655
1932
647
1927
616
