1942
657
1929
533
1722
501
2002
679
1882
649
1869
477
1997
692
1887
674
1884
647
1896
450
1951
587
1944
404
2060
620
1960
646
1995
651
2097
644
1889
622
1441
657
1964
647
1862
654
1644
553
1891
701
1872
671
1854
662
2127
646
1954
644
1919
469
1866
672
1882
694
1872
669
1885
669
1935
400
1118
353
1871
674
2077
659
1942
441
1964
657
1799
629
1860
355
1957
661
1990
619
2112
670
1897
654
1890
483
1919
626
1970
664
1887
643
2020
697
1962
657
1324
448
1974
644
1922
659
1874
654
1972
657
1592
554
1614
627
1902
478
1862
677
1944
643
1603
649
1994
489
1872
667
2017
634
1142
654
1921
552
1875
659
1120
380
1874
664
1942
629
2008
662
1895
553
1915
438
1908
652
1372
498
1966
586
1797
669
1972
684
1597
525
1483
535
1928
642
1902
664
2062
667
1564
429
1116
379
1937
632
2024
652
981
644
1624
528
2080
656
1995
644
1972
652
2004
659
2072
688
1905
553
1485
626
2067
651
1638
494
2083
697
2032
661
1987
654
1945
674
2077
654
2034
659
2007
709
2060
441
2040
505
2092
534
1985
656
2075
651
1576
535
2027
677
1884
654
1960
681
1907
664
1614
515
1920
667
1968
682
2042
662
2057
474
1964
553
1882
656
1862
642
1912
657
1942
563
1967
446
1944
376
1974
662
1652
673
1947
556
2015
657
2039
687
1960
516
2142
757
2060
531
1987
443
1935
661
1979
657
1892
684
1997
661
1583
649
1940
648
1381
471
2157
502
1872
696
2078
647
2095
676
1984
399
2000
641
2052
651
2057
597
2005
659
1652
9713
1847
630
1972
664
1610
565
1995
672
1972
538
1901
623
2022
561
1940
671
1941
671
1491
628
1874
674
2052
626
1979
658
1467
659
1980
651
2005
672
2112
578
1882
657
2060
606
1977
666
1889
661
1958
440
1077
359
2110
488
2038
666
2054
677
1992
664
2090
659
2135
667
1718
542
2003
662
1992
657
2020
609
2004
659
2038
661
1648
565
2173
675
2055
667
2064
669
1911
667
2015
566
2034
651
1956
659
1997
533
1737
467
1163
644
2038
642
2074
649
1875
381
2030
670
2027
657
1985
659
1963
475
1927
599
1962
668
1947
675
2138
652
2012
664
1992
561
1904
576
1999
553
1990
689
1987
641
1340
391
2182
661
1970
652
1967
659
1977
666
1859
662
2034
656
1899
651
1968
652
2072
660
1897
563
2017
677
1245
409
2129
654
1927
499
1487
503
2024
642
1845
604
1980
559
2094
649
1864
483
1719
676
1895
669
1675
549
2029
644
1619
300
1969
657
2019
700
1872
661
1957
676
1446
444
1949
615
1914
692
1884
553
2083
551
1967
647
1935
694
2087
666
23181
646
2027
658
1964
574
2065
499
1837
576
1917
657
1927
561
1999
664
2013
627
2220
661
1897
587
1337
361
1965
646
1837
661
1997
618
2113
631
1818
625
1506
426
1666
512
2024
569
2059
641
1814
669
1958
559
2172
651
2122
518
2104
654
1497
446
1677
668
1276
435
2138
669
2104
644
1967
652
1897
457
1964
561
1667
664
1950
642
1912
661
1892
657
2005
564
1909
657
2019
652
1965
667
1972
687
1959
554
2070
664
2050
654
1695
553
1992
649
1967
672
1892
682
1958
613
2014
551
1807
652
2039
641
1947
651
2113
642
1977
558
1912
653
1752
674
1948
654
2140
574
1925
652
1960
682
1690
634
1992
619
1872
669
1999
664
1842
619
2029
656
1904
551
1143
391
1935
643
2315
282
1982
664
2117
674
1998
343
1969
644
2055
646
2063
446
2172
669
1888
606
2052
369
2311
672
2200
554
2115
599
1882
659
2263
657
2090
671
2042
666
2053
677
1910
680
2024
663
2034
664
2037
674
2161
540
1942
629
1510
503
1935
659
2077
655
1962
320
1483
644
1975
666
1967
671
1937
10354
2085
362
2035
657
2027
642
1949
577
2159
599
2280
669
1957
667
2043
664
1959
689
1381
459
1905
660
1882
552
2130
694
2072
656
2012
644
1867
664
2014
649
1932
550
2015
651
2022
652
2060
667
2073
614
1984
463
2220
657
2045
684
2140
656
2017
641
1894
684
1872
684
1982
643
1329
565
2078
591
2032
643
2142
661
2027
643
1871
551
1940
667
1932
667
1313
577
1266
373
1016
543
2629
647
2150
670
1969
646
1970
694
1974
649
2055
431
1912
396
2035
536
1191
364
1985
641
1404
669
1754
500
1982
663
1912
582
2047
671
2027
662
2328
539
2127
641
2087
646
2155
647
2037
566
1862
657
1947
644
2002
545
2064
665
2072
629
1965
669
2053
669
2019
677
1876
546
2147
664
2047
659
1909
372
2040
670
2053
662
1686
539
1930
702
2147
667
2198
553
2045
664
2090
644
2127
644
2137
672
2147
654
1929
654
2250
674
1914
674
2083
652
2018
368
2193
656
2287
659
1957
651
2010
665
1965
659
2168
644
1826
469
2022
674
1861
666
1756
667
2030
654
1313
428
2322
669
1706
522
2093
577
1961
551
2087
659
2121
679
2075
631
2047
671
2069
669
2218
644
1959
624
1322
371
2245
629
2007
657
2085
538
2137
672
1708
561
2142
661
2024
536
2190
649
2293
679
2235
581
1223
372
2185
646
1854
664
1967
653
2075
646
2025
553
2037
659
2117
647
2180
445
2228
691
2042
599
2040
634
2079
523
2286
645
2125
661
2098
655
1291
392
2075
629
2190
642
2265
563
2019
684
2045
659
1885
641
1882
672
2050
658
2033
656
1912
584
2084
647
2140
597
1884
618
1830
530
2135
662
2148
665
2027
606
1982
377
2019
675
2075
655
2017
663
1670
517
1824
666
1967
481
2145
664
2113
466
2195
551
2165
384
2099
669
2054
649
2047
692
1989
679
2168
704
2180
676
2169
634
2167
656
2082
592
1908
674
2057
646
2123
676
2065
658
2157
667
1889
655
2082
659
2165
691
2150
672
2030
677
2219
671
2055
566
2065
652
2088
651
2100
656
2014
651
2261
649
2200
663
2080
681
1752
525
1812
516
2055
370
2114
644
1969
705
2054
678
2068
664
2099
649
1232
381
2143
674
2027
634
2102
306
2107
656
2125
652
2015
619
2117
554
1800
654
2050
656
2130
538
2168
563
2205
629
2178
679
2055
657
2025
506
2148
661
2100
616
2151
657
2383
657
2024
675
2075
656
2201
669
1464
420
2014
649
2240
641
1966
9631
2266
684
2122
656
2147
569
2032
654
2142
654
1640
664
2182
525
2222
651
2130
661
1917
672
1989
656
1670
544
1660
533
1579
527
2007
697
2034
642
1955
664
2005
664
1168
675
1944
657
2005
631
2278
656
2037
666
1581
557
2019
657
1910
669
1997
657
1155
340
2125
403
1413
411
1868
656
1895
659
1870
677
1954
682
1882
620
2023
639
2137
662
2130
672
2012
670
1849
606
1969
664
1947
656
2239
646
1178
696
1922
624
2001
654
2020
649
2115
671
2155
669
2065
657
2052
504
1977
649
2051
662
2047
667
1997
683
2140
654
2115
641
1994
454
1920
555
1885
539
1977
654
2110
659
2064
652
2039
669
2165
619
2049
668
2198
608
1867
671
1975
641
1545
515
1887
679
2120
654
1957
664
2027
669
2055
681
1958
564
1947
669
1969
656
1960
642
2088
656
2044
646
1887
696
1977
608
1636
557
1738
670
1939
382
1947
594
2005
286
2067
666
1964
652
2032
661
1981
652
1591
561
1987
641
1946
669
2256
657
1932
542
2042
654
2002
664
1896
649
1993
622
2098
561
2017
672
1923
562
11135
531
1741
508
1864
555
1899
646
1829
366
1908
664
1759
664
1942
647
1977
656
1972
490
1931
674
1958
652
2128
649
2065
636
1974
681
2044
651
1932
692
1955
681
2057
664
1922
576
2032
645
2060
657
1935
689
2052
637
1974
657
1934
661
2017
664
1711
479
1872
680
1982
462
2065
548
2085
662
2025
576
1947
661
1937
707
1973
674
1867
584
1852
561
1320
440
1618
469
1921
659
2030
674
1469
502
1911
649
1925
657
1995
689
1957
662
2130
579
1988
652
2215
666
1977
686
1090
388
1955
536
2025
672
2082
687
2125
706
1886
656
1980
662
1892
526
1360
659
1967
644
2050
657
2034
659
1980
702
1976
649
1945
669
1939
667
2045
657
2102
704
2025
699
1939
649
1990
657
2025
649
2027
659
2102
641
2042
540
1986
679
2022
654
1180
648
1984
556
2027
555
2129
661
2047
654
2130
654
2127
667
2128
575
1960
646
2133
602
1927
593
1946
472
1957
631
2060
652
1856
669
2073
644
2009
634
1947
659
2049
564
1947
656
1877
662
1992
648
1940
656
2017
652
1932
682
1694
506
2002
659
2119
644
1950
547
2050
659
1873
641
2098
644
2014
646
2095
593
1990
666
1937
669
1955
652
2030
631
1182
375
1989
657
1971
606
1998
674
1885
666
1947
531
2120
661
1914
671
1904
634
2039
656
1923
694
2055
654
1886
482
2117
660
1813
452
2063
662
1217
365
1740
644
1987
680
2112
644
1783
636
1917
655
1950
404
1842
669
1854
579
2245
660
1980
568
2037
662
1969
664
1964
649
1956
671
2055
374
2225
664
1842
659
2112
669
1863
540
1912
667
1916
566
1966
614
2191
658
2033
647
2091
642
2138
659
1962
642
2107
699
2002
734
1666
682
1884
500
1987
676
2130
606
2030
385
1937
657
2159
644
2072
657
2010
554
2145
500
1919
664
2063
644
1924
620
2080
544
1624
557
2014
599
2073
654
1920
603
2137
657
1847
666
2288
687
2065
644
2110
451
1793
460
1952
657
2325
641
2125
659
2127
533
2027
553
2172
642
1804
672
2060
645
1989
654
2045
669
1962
579
2034
674
1924
656
1744
653
1657
523
2035
654
2142
666
2065
388
2067
694
1846
531
1979
676
2021
555
2033
669
1590
674
1909
657
2037
540
1974
576
1231
381
2123
644
2057
664
1774
563
2061
674
2100
641
1777
660
2147
655
2155
599
2197
579
2100
656
1996
546
2192
673
2113
656
2195
689
2135
531
1606
577
2172
664
2080
646
2150
674
2025
634
2070
651
2069
579
1794
519
1979
672
1874
665
1678
647
2045
651
1692
514
2138
684
2208
659
2057
651
2070
645
1995
361
1927
644
2100
699
1992
548
2082
647
2080
659
2032
669
2117
651
2070
546
2160
646
2029
646
1212
381
2113
651
2185
669
2010
524
2055
684
2007
499
1524
512
1720
559
2087
586
2017
554
2080
632
1236
376
1464
396
2135
654
2333
646
1872
722
1970
569
1999
503
2017
667
2069
662
2069
684
2112
497
2052
671
1734
437
2124
652
2082
671
2089
671
2235
656
2030
476
2072
654
2153
659
1995
582
2135
666
2242
661
2033
609
2328
682
2296
8615
2008
646
2197
644
2040
657
2208
662
2039
534
2095
700
1939
659
2009
654
2125
651
2040
531
1802
559
2090
672
1804
662
2070
666
2230
657
2130
642
2177
528
2138
656
1939
564
2133
642
2093
559
1962
642
2015
676
1937
462
1907
539
1929
590
2062
649
2092
507
2000
670
2185
669
2023
629
1698
672
2105
644
2045
534
1888
629
2178
664
2015
540
2057
606
2129
691
2047
675
2243
661
2007
657
1860
557
2057
674
1991
660
2127
648
2002
516
2128
551
1967
664
2175
591
2072
669
2098
572
2075
686
2225
652
2137
656
2145
653
2082
649
2038
629
2110
659
2045
684
1370
418
2030
659
1794
654
1248
382
1748
661
1967
662
2095
699
2050
652
1992
594
2361
659
1952
647
2084
649
1947
659
1987
639
1987
651
2263
631
2138
656
2188
679
1664
551
2020
669
1629
543
2142
647
1919
649
2047
676
1957
526
2145
587
1904
667
1927
569
1731
553
1929
587
1945
661
2123
671
1953
681
1985
613
1990
570
2050
669
2029
649
1982
666
1947
672
2197
681
2190
657
2008
663
2135
555
2012
707
2160
697
1952
616
2038
651
2448
682
2102
632
1975
665
2142
662
2083
649
2062
656
1879
561
2113
642
2130
501
2205
609
1965
572
2105
680
2022
649
1967
651
2225
666
2132
584
1858
529
2050
569
1668
689
2180
690
1990
602
2088
367
1925
637
2039
677
2059
688
2135
648
2175
674
1891
666
2137
650
1964
669
1949
627
1917
667
2022
698
2007
628
2198
643
1997
668
2190
660
2283
657
2090
662
2193
659
1899
644
1155
620
2144
656
2037
641
2145
669
1877
654
2080
681
2281
374
1982
656
2133
667
2032
672
2202
551
2047
644
1994
646
2082
657
1947
626
2055
649
1885
657
1774
549
2187
669
2257
525
1753
623
2281
655
2032
717
2002
641
2027
657
2258
609
1791
541
2273
736
2090
644
2290
504
1468
507
1982
666
2045
672
2245
661
2145
383
2104
662
1377
438
2138
659
2155
689
2168
647
2055
636
2170
517
1866
441
2105
534
2296
567
2047
549
2158
641
2047
648
1664
510
2243
666
2175
626
2054
628
2125
594
2168
553
2271
652
2117
654
1944
656
2107
541
2207
582
1977
659
2145
649
1749
8365
2074
671
2022
439
2070
669
2015
687
2112
606
2403
654
1982
531
2135
672
2022
615
2117
666
1969
655
1952
368
1861
656
1962
669
2130
666
2109
644
2042
566
1279
347
2318
642
1273
385
1558
651
2009
639
1950
672
1884
664
1974
601
2251
649
2082
644
2143
507
1804
463
2037
694
2027
644
2065
664
2090
499
1983
661
2044
657
2078
547
2020
654
2220
576
2102
603
2247
686
2007
649
2060
657
2055
644
2082
642
2173
664
1579
488
2110
618
2198
673
1260
374
2055
642
2102
542
2373
671
2038
669
2360
654
1529
478
1499
438
2077
616
2125
675
2398
426
2066
609
2078
659
2047
664
1421
480
2203
673
2020
549
2175
604
2127
675
2366
664
2275
649
2130
652
1992
507
2105
525
2050
665
2425
661
2307
652
1508
437
1405
376
2393
408
2192
667
1764
551
2119
662
2262
661
2134
639
1980
656
2040
669
1895
657
2142
649
2140
656
2197
667
1201
356
2145
551
1982
565
2230
519
2181
706
1849
544
1950
425
2102
665
1985
438
2328
699
2451
667
2095
654
1564
687
2238
554
2027
569
2256
650
2250
661
2095
662
2102
667
2022
651
2203
671
1710
538
1929
671
1954
647
2185
668
2012
670
2528
551
2152
516
2142
644
2093
654
2215
667
2142
663
1191
352
2010
544
2113
630
2167
664
2192
667
2217
659
2000
659
2103
661
2205
613
2256
663
2122
649
2147
682
2330
471
2201
652
2215
651
1974
508
2050
689
2261
533
2178
589
2501
659
2045
665
1969
642
1523
597
2265
559
2072
650
2073
641
2110
625
2060
690
2087
667
1301
412
2068
676
2115
654
1965
558
2068
647
2057
565
2007
667
1597
669
2225
517
2431
667
2047
656
2278
675
2120
9141
2175
706
2175
654
1792
578
1810
565
2030
669
2125
654
2067
677
2343
659
2083
661
1837
656
2028
459
1916
611
2135
649
2152
559
2105
535
2112
564
1972
659
2070
553
1955
662
2047
654
1665
562
2065
579
1231
374
2055
661
2165
563
2043
365
2208
657
2110
646
2000
681
1918
659
2057
662
2163
452
2030
642
1220
358
2057
524
2054
692
1272
669
2210
691
1962
654
2137
596
2185
689
1940
702
2080
563
2147
655
1964
699
1992
649
2073
649
1989
666
2097
654
1648
551
2065
684
1191
391
2323
652
2417
483
2044
679
2317
674
2059
654
1171
392
2187
659
2035
666
2055
668
2082
661
1738
666
2109
483
2135
683
2095
656
2060
669
2163
649
1977
531
2080
626
2195
669
1952
659
1726
661
2033
654
1807
496
1936
669
2103
721
1969
388
2185
702
2265
554
2018
654
1256
401
2215
649
1924
657
1992
591
2001
647
2185
655
2005
689
1995
443
1921
662
2531
592
2288
629
2148
661
2065
674
1929
622
1283
671
2004
649
2140
647
2062
689
1974
652
2080
664
2053
543
2288
9013
2175
449
2017
646
2043
546
2052
654
1960
651
2213
666
2215
666
2049
647
2069
691
2168
646
1844
566
2085
644
1491
485
1877
684
2047
651
2130
677
2050
676
2092
664
1884
380
2040
669
2027
704
2017
572
1982
589
2050
694
2162
548
2032
642
2133
380
2128
669
2163
669
2173
651
2222
637
2045
654
1546
684
2070
660
2080
649
1904
606
2223
558
1995
608
2237
649
2007
659
2027
664
2007
671
1932
648
2196
536
2078
659
1861
644
2117
682
1891
657
1997
612
2127
659
1697
659
2133
652
2044
674
2110
646
1741
539
1977
381
1291
654
2011
692
1684
513
2491
664
1975
664
1974
663
1903
618
2122
669
2127
666
2114
574
1904
563
2100
519
1659
649
1774
639
1466
405
2113
649
2221
644
1258
370
2050
694
2193
658
2360
9091
2160
496
2125
682
2041
656
2067
674
2078
477
2157
671
2030
530
2085
679
1465
370
1885
438
2198
616
2047
669
1135
367
2038
686
1917
618
2027
655
1986
636
2032
654
1982
658
1879
408
1286
412
2133
645
2152
686
2023
660
2025
651
2067
649
1456
445
1779
679
2285
664
2018
644
1371
649
2132
673
2110
457
2222
684
2218
674
2420
654
2405
371
2343
644
2218
672
1983
516
2205
604
2000
659
2147
645
2005
647
2143
656
2000
649
2030
666
2022
657
2083
620
1909
681
1914
495
2172
548
2080
656
2243
644
2027
553
2030
667
1552
671
2155
667
2100
674
2144
639
2278
606
2067
639
2263
654
1445
447
2325
689
1925
536
2068
682
2139
662
2082
644
2092
564
2090
496
2266
669
2248
632
2110
666
2185
662
2151
483
2195
671
2203
642
2047
639
2193
684
2187
644
2202
656
2468
697
2456
642
2218
642
2180
679
2182
660
2376
368
1787
659
2172
363
2085
470
2065
670
2155
9243
2147
536
1994
646
2027
680
2169
591
2072
646
1989
650
2175
581
2120
647
1945
662
2195
681
2007
671
2025
509
1798
566
1987
664
1972
657
1668
496
1967
659
2203
669
1952
651
1796
519
1999
617
2253
652
2145
679
2283
607
2049
646
2137
659
2075
671
2220
672
2042
651
1250
339
2092
567
2133
584
2348
8948
2107
367
1967
656
2155
682
2025
649
1985
669
2102
654
1927
536
2095
664
2246
644
2118
662
2148
689
2092
608
2080
653
2103
674
2000
676
2112
646
2087
532
2245
557
2368
651
2222
679
2262
664
2132
591
2187
399
2057
659
1909
646
2092
672
1944
664
2125
555
2197
676
2408
679
1987
523
2095
657
2026
634
2210
707
2142
679
2085
626
2183
682
2210
537
2127
682
2097
654
1995
669
2155
671
2039
658
2112
646
2027
647
2027
554
2125
656
2250
431
2246
376
1882
667
2087
659
2148
649
2067
704
2040
646
1849
667
2100
659
2053
664
2115
657
1621
407
2012
669
2241
667
2028
654
2037
677
1702
722
2085
531
2102
588
2032
659
2085
566
2150
699
2060
553
2110
667
2052
681
2057
576
1220
678
1854
659
2261
671
2017
646
2125
669
2121
656
2077
659
2199
657
2078
669
2015
667
2013
580
2020
577
2035
667
2253
712
2150
614
2057
347
2050
641
2285
671
2195
692
2163
704
2100
630
1914
525
2054
657
2202
679
2142
549
2153
621
2077
659
2030
648
2402
365
1467
383
2072
650
2147
539
1694
676
2143
639
2252
684
2153
556
1692
553
2105
654
1388
428
2090
641
2105
649
2140
646
2202
628
2108
699
1972
648
2153
507
2197
648
2460
581
2120
656
1730
438
2117
679
2250
649
1696
440
1268
377
2118
546
2107
649
2035
598
2265
670
2158
648
2418
654
2484
625
2067
672
2298
664
2222
669
1376
398
2213
692
1746
469
2496
676
2285
666
2068
679
2270
675
2270
481
2402
375
2247
659
1385
596
1283
363
2133
655
2162
647
2401
611
2506
667
2258
574
2238
669
2416
622
2243
526
2323
671
2153
646
1410
361
2085
662
2237
654
2115
684
2232
656
2260
662
2441
591
2230
656
2205
671
2238
686
2370
664
2202
652
2278
421
2330
674
1471
363
2172
625
2208
669
2365
669
2421
489
2288
568
2255
662
2240
662
2190
670
2339
653
2278
654
2127
672
2375
631
2280
646
2205
627
2267
676
2197
540
2212
659
2045
694
2174
7518
2178
654
2243
686
1801
529
2197
639
2193
650
2157
625
2290
431
2310
659
2237
561
1362
382
2423
535
2228
649
2408
654
2230
554
2373
657
2127
660
2270
654
2370
641
2345
669
2218
676
2257
596
2255
664
2228
681
2238
621
2245
664
2293
627
2464
656
2398
613
2196
656
2281
656
2263
659
2205
507
2208
386
1714
666
2359
679
2043
552
2092
601
2504
654
1998
646
2215
645
1292
542
2030
661
2185
661
2067
690
2102
697
2000
649
2366
637
2208
648
1994
659
2202
709
1967
644
2203
644
2203
651
2210
651
1877
664
1553
654
2037
571
2180
625
2167
654
2074
669
1951
552
2034
510
1297
443
1955
625
2273
422
1967
654
2113
657
2060
662
2063
547
1964
654
2034
671
1970
503
2203
661
2087
654
2118
649
2096
684
2463
676
2198
666
2050
603
1337
672
2039
664
2057
671
2072
536
2108
654
2175
690
1969
652
2077
667
2182
668
1940
672
2291
664
2200
456
2049
591
2190
664
2115
679
2215
656
2009
657
2423
656
1989
654
2230
367
2071
654
2147
558
2092
671
1227
365
2107
629
1668
659
2074
644
2133
687
2127
551
2083
641
2043
651
1937
667
2165
684
2119
509
2173
656
1819
666
2044
567
2157
682
1971
672
2049
663
1964
654
2101
664
1750
657
2285
637
1942
671
1969
657
1999
651
2170
657
1998
659
2150
529
2080
606
2280
679
2024
649
2040
554
1937
644
2112
669
2097
687
1942
684
2067
597
2182
646
1970
587
2079
657
