1862
667
1854
542
1927
654
1867
654
1944
671
1889
672
1525
619
1999
642
1922
656
1900
662
1887
666
1900
654
2017
654
2000
614
1979
641
1915
650
1924
500
1947
656
1862
670
1884
699
2107
679
1929
438
1897
654
2010
386
1920
652
1985
649
1882
659
1586
494
1905
662
1894
621
1919
674
1889
654
1920
651
1869
669
1934
659
1936
661
1941
669
1885
704
1890
673
1985
679
1875
669
2007
664
1954
578
1989
632
1960
674
1771
639
1889
667
1915
584
1964
428
1892
501
1880
659
2065
692
1919
657
2020
658
1931
667
2012
510
1907
667
1954
662
1944
659
1890
654
1859
669
1455
664
1757
666
2029
616
1922
657
1862
669
1947
652
1987
654
1947
686
1874
667
1907
664
1935
7451
1582
552
1882
749
1874
603
1980
383
1867
677
1944
669
1877
644
1732
544
1406
487
1965
415
2012
506
1957
689
1373
462
1577
682
2057
674
1579
668
1879
385
1961
359
2089
662
1185
599
2075
671
2037
661
2092
659
2057
749
2055
672
2020
656
1688
551
2003
624
1942
357
1919
711
1951
654
1871
661
2129
640
1901
659
1964
687
1661
664
2050
681
1967
656
1465
484
1919
649
2045
671
1153
522
1882
411
1994
666
1907
574
1896
630
1969
652
2059
654
1995
363
2012
542
2060
679
1920
613
1656
636
2055
642
1897
584
1925
696
2070
671
2027
679
2081
676
1989
690
1936
645
1989
656
1984
657
2110
641
1992
614
1925
662
1819
571
2085
656
2010
674
1895
663
2095
644
1927
656
1931
662
1504
675
2027
650
1925
652
1942
669
1970
633
1975
669
1977
647
1912
568
1972
569
2210
691
1982
652
1952
576
1859
625
2015
598
1969
644
2030
583
2074
652
1518
392
2115
682
1985
393
1917
664
1945
667
1309
427
2155
319
2007
672
2025
657
1625
499
2008
618
1982
686
1756
553
1967
656
1917
654
2067
647
2012
647
1997
671
1513
491
1957
666
1955
667
1945
659
2063
651
1975
674
2169
684
2117
663
1942
541
1997
671
2368
654
1942
666
2065
672
2012
470
2020
578
1944
662
1967
667
1965
549
2032
604
1988
662
2155
689
1860
645
1867
666
1965
660
2105
657
2019
677
1960
650
1532
507
1984
659
2155
643
1952
656
1831
646
2125
642
1955
661
1955
684
2014
654
2017
608
1954
666
1967
674
2000
646
1869
378
2129
671
1899
644
1978
462
2037
619
1979
647
2057
646
2037
672
2165
664
1886
685
1972
656
1973
665
1869
641
1757
493
1952
686
1937
629
2035
644
1787
618
1955
707
1995
9146
1962
654
2053
678
2090
675
1914
691
1992
664
2003
662
1927
559
1949
666
1869
671
2047
669
1987
644
1963
542
2009
671
1983
656
2020
565
2049
647
1867
602
2005
699
2034
9296
1991
646
1273
446
1382
435
1952
648
2137
672
2219
669
1762
457
2005
672
2037
644
2068
629
2017
547
1735
541
1123
371
1909
664
1987
563
1914
376
1594
664
2022
493
1884
664
1426
374
2022
654
2090
392
2220
659
2077
519
1980
517
1219
441
2190
562
1982
652
1679
684
2007
671
1968
689
1989
686
2064
666
1980
670
1955
678
2012
664
1976
656
2079
677
2000
661
2077
666
1949
659
1934
657
2007
674
1954
548
2335
662
2095
380
2104
664
1998
672
2202
664
1414
470
2062
656
2129
679
2250
666
2072
649
1924
642
1995
656
1960
629
1092
390
1960
552
1877
644
1930
632
2017
646
1598
568
1509
533
1902
684
1537
674
2010
644
2087
684
1618
543
1750
654
1962
672
2075
661
2148
651
2062
664
2200
658
2002
657
1977
667
2195
526
2508
679
2045
672
2112
368
2120
659
2060
637
2019
654
1947
664
2042
669
2115
641
2000
659
1930
675
2152
381
2037
682
2157
664
1942
674
1889
541
1990
644
2385
656
2112
664
1861
563
1952
549
2030
525
1527
535
2102
620
1821
485
2134
649
2012
652
2035
543
1882
679
1960
678
1846
372
1965
644
1331
395
2038
569
2032
502
1944
457
1963
611
2007
677
1954
652
2050
8777
1976
661
2002
474
2147
658
1916
655
2069
669
1628
525
1570
666
1967
661
1960
661
1572
543
2087
508
2178
644
1972
616
1959
642
1905
644
1852
551
2100
687
2175
692
2012
644
1950
512
1926
654
2153
639
1962
632
2132
573
1940
654
1661
671
1292
362
1962
643
2035
662
1997
607
2015
651
2195
669
2059
666
1736
577
2055
656
2353
642
2163
574
2074
629
1844
561
2165
573
2141
506
1882
552
2025
671
1974
468
2050
631
1533
453
1929
561
1733
666
2157
652
2195
654
2250
677
1822
686
1967
672
2017
599
2181
563
1967
664
1872
541
1970
652
2418
562
2012
9302
2059
582
2170
642
2003
670
2070
647
2185
654
1984
672
2265
483
2139
662
2165
659
1796
429
2123
674
2027
704
1955
654
1972
563
1898
659
2092
637
2160
657
2165
654
2113
646
1965
641
1577
659
2002
636
2233
642
2027
667
2198
647
2087
654
2165
641
2009
644
1960
654
2240
657
2340
666
2042
471
2200
659
2047
606
1958
659
2077
676
2235
667
2077
433
2213
659
2123
671
2115
667
2083
647
2245
649
2182
667
2007
582
2130
652
2163
662
2172
593
1872
629
2003
599
2029
663
2125
543
2350
624
1884
654
1995
679
2170
646
2120
669
2133
659
2105
536
1667
553
2220
548
2131
651
2188
657
2205
674
2137
647
1992
528
2037
656
1876
646
2007
660
2027
427
1915
677
2240
659
2073
649
2265
9306
1959
561
1541
516
1939
569
2070
659
2091
697
2052
680
1879
671
2187
663
1965
646
1939
675
2112
660
2153
663
2087
471
2270
679
2050
682
1862
669
2207
639
1315
443
2057
654
2121
626
2095
654
2277
667
1950
634
2040
641
2135
669
1812
609
1994
516
2149
621
2238
649
2130
659
2065
657
1892
671
2165
657
2122
662
2170
651
2130
335
2168
646
1985
654
1925
642
1982
366
2179
684
1736
674
2077
519
2017
668
2085
417
2027
641
2117
384
1338
381
2120
664
2220
671
2220
644
2148
655
2062
611
2159
362
1269
401
2127
657
2230
628
2105
687
1992
659
1851
557
2278
662
1855
551
2059
670
1280
373
2124
638
1997
652
2015
657
2085
684
2175
545
2097
664
2077
674
2082
662
2125
589
2112
672
2065
679
1692
594
2042
676
1817
573
1439
383
2059
644
1964
656
2197
676
1912
661
2025
374
2012
657
1940
659
2143
669
2145
670
2052
656
1926
682
1879
641
2050
428
1943
654
1997
566
1962
644
2091
654
1246
646
1579
656
1870
654
1958
641
1148
674
1953
557
1900
526
1787
548
2040
525
2010
689
1624
412
2015
651
2100
664
2265
390
1957
667
1944
553
2065
744
1885
669
2022
669
2163
661
2067
586
1091
369
2072
662
1922
644
2000
644
1987
659
2029
654
1979
664
1855
531
1944
618
2059
652
2035
657
2097
649
2092
704
2067
654
1932
672
1977
631
2085
654
1146
374
1842
601
2124
661
2012
659
1930
661
2105
565
1975
644
1709
662
1897
589
1657
460
1995
672
1927
647
2082
637
1920
682
1909
657
1864
644
1899
659
1868
588
2027
677
1981
617
1937
672
2161
687
2112
655
2060
645
1994
661
1910
544
2059
671
1912
674
1947
662
1897
649
1867
659
2179
604
2150
644
1585
460
2122
481
1974
656
2124
656
1957
553
1997
643
2079
565
1849
647
2024
651
1897
671
2010
662
2057
9107
1894
664
1161
364
1892
445
1889
636
2012
653
2127
667
2072
644
2002
660
2052
644
2017
692
2000
661
1955
663
2007
657
1954
652
2084
654
1885
672
2047
671
2007
661
1864
502
1908
620
2115
660
1872
672
1940
656
1957
642
2090
646
2066
632
1961
658
1881
574
1922
659
1979
677
1896
375
1905
644
1939
679
1997
674
1987
646
1153
9530
1907
624
2017
657
1952
659
2080
660
1939
644
2095
644
1917
538
2047
660
2032
656
1180
352
2128
667
2037
647
1910
672
2075
516
1942
651
1916
657
2080
634
1920
654
2099
674
2085
659
2102
637
2052
657
1894
562
1897
646
2072
483
1957
641
2032
656
1847
659
2035
648
2090
619
1923
655
2282
644
2012
669
1959
612
1980
659
1929
672
1884
682
1650
672
1875
654
1597
683
1879
674
2017
657
1925
676
1987
678
1703
529
1980
652
1852
660
2020
652
1882
642
1929
558
1247
473
2122
674
1475
493
1930
661
1900
657
2012
656
1452
526
1086
356
2247
674
1864
657
1985
676
1977
672
1882
483
2069
650
2095
509
1939
661
1897
441
1859
654
2090
669
1932
584
2072
659
2017
596
2085
373
1949
692
1565
512
2047
667
2025
641
2005
642
1730
591
1579
510
2183
639
1664
557
2125
539
2020
651
1974
654
1511
657
2058
519
2082
620
2050
654
1684
516
1740
552
2015
629
1904
667
2008
669
1858
624
2060
661
1238
380
1909
654
1902
568
1974
669
2030
642
2007
677
2137
581
2060
659
1962
654
2065
656
1292
570
2020
449
2105
656
1236
381
2025
676
2032
662
2107
666
2063
654
2057
644
2112
662
2077
661
1992
566
1729
11677
2120
662
2115
368
2029
641
2024
671
2115
644
2089
664
2030
682
1972
639
2077
485
1995
669
2058
541
2113
659
2040
667
2100
622
2025
645
1741
563
2005
675
1994
689
2295
644
1874
642
1907
649
1882
550
2060
383
2065
647
2167
481
2069
669
2104
672
2035
657
2100
398
1949
644
2070
644
1942
663
2179
669
2170
403
1980
649
1132
373
2030
654
1884
672
1967
668
2162
542
1892
677
2027
639
2069
654
2044
667
1959
597
1959
671
1952
641
2055
656
2115
691
2080
684
2025
326
2019
684
2182
574
2030
552
1974
547
2104
692
2110
361
2293
618
2040
557
2215
647
1997
664
2212
659
2007
651
2053
556
1985
644
2022
662
1929
577
1907
620
1875
682
1225
385
1399
389
2175
671
2102
654
2322
517
2118
644
1997
566
1889
553
2110
656
1645
676
2144
672
2067
536
1992
642
1949
642
2228
657
2007
669
2138
658
2147
620
2063
654
1895
481
1670
547
1868
479
2002
643
2014
427
2140
607
2074
674
1972
691
1969
543
2101
624
2007
644
2045
664
2178
644
1961
656
2108
644
2104
661
2024
669
2100
657
1884
656
2017
559
2027
656
1928
641
1607
691
2103
680
2102
641
1907
667
2105
706
1718
468
1952
684
2120
641
1910
651
1997
671
1990
547
2065
654
1894
666
2052
679
2142
9050
2120
656
2408
641
2203
666
2030
685
2007
659
2170
644
2092
661
2145
662
2120
644
2048
674
2112
679
2075
502
2027
671
2150
414
2117
671
2260
669
2052
679
2095
596
2238
657
2031
627
2257
652
2210
679
2077
652
1684
569
1777
642
2070
691
1950
652
2088
663
1993
665
2115
546
2077
692
2000
679
2112
404
2047
679
2223
653
2105
564
2048
644
2255
686
2040
644
2057
644
2160
681
1907
644
2025
676
2208
647
2014
546
2037
652
2032
385
2073
672
1675
631
1952
684
1998
388
2171
661
2135
654
1993
664
2088
639
2075
649
2140
563
2149
659
1975
684
2083
548
2059
434
2205
676
2160
379
2002
567
2111
662
1936
566
2075
659
1728
340
2042
659
2055
546
2035
678
2059
646
1922
668
2059
623
2003
659
1882
684
2027
647
2030
644
2085
654
2052
623
2084
654
2108
611
2077
669
2020
676
2015
647
2024
556
1994
656
1943
664
2070
651
1934
376
1995
652
2055
704
2030
526
2004
666
1777
678
2262
627
2040
594
1932
674
1959
671
1766
527
2260
666
1266
581
2052
645
2003
643
2155
677
2055
644
1266
382
1899
651
1973
586
2125
503
1938
661
1978
553
1533
305
1985
663
1910
667
1859
395
2047
689
2190
618
2268
576
2014
666
2068
666
2077
11636
2002
657
1962
671
2005
379
2118
667
1978
667
2122
449
2181
654
1999
671
1972
452
2068
666
2173
656
2202
664
2167
641
2047
677
2080
646
2045
8565
2182
677
2228
642
2050
669
1999
685
2122
550
1842
641
2280
659
1682
429
2080
645
1462
471
2097
498
2287
555
2094
648
2011
677
2082
568
1972
666
2153
702
2140
644
2123
555
2112
633
2023
682
2192
662
2159
654
2133
477
2105
572
2052
658
2018
667
2165
656
2160
654
1858
9045
2092
450
2087
661
2035
651
2020
702
2160
559
1762
661
2075
659
2072
641
2162
642
2079
473
2042
656
2022
570
2022
656
2098
644
2163
676
2260
646
2045
649
1994
508
2163
664
2078
533
2130
666
2147
654
1968
476
2080
501
2408
566
2108
694
1838
561
1985
677
2341
664
2050
662
2130
659
2017
654
2095
529
2236
592
2320
674
2187
676
2179
551
1645
672
1890
591
2070
494
2236
670
2143
647
2390
647
2163
677
1701
397
2049
644
2067
544
2122
654
2300
616
2029
672
1597
692
2144
665
2063
493
2172
594
1878
544
2014
659
2173
548
2245
684
1268
659
1863
555
2157
605
2009
649
1832
669
1990
655
2062
669
1837
671
2211
576
1972
478
2197
669
2100
649
2102
706
2032
639
1960
661
2140
604
2110
674
2045
672
2019
656
2039
531
2045
691
1973
697
2145
662
2133
637
2085
639
2227
694
2102
657
2094
667
1982
579
2139
646
1319
412
1451
661
1997
659
1148
375
2039
657
2035
668
2120
671
2020
676
2162
656
2320
726
1147
377
1914
641
1896
561
2171
669
2255
380
1103
377
2243
661
2150
644
2140
656
2039
621
2145
664
2165
649
2125
664
2047
669
1947
631
2007
643
2228
620
2107
660
2064
555
1962
642
2127
650
2056
627
2032
591
2137
669
2303
573
2345
704
2183
641
1910
676
1905
557
2047
629
1907
587
2130
669
2118
689
1787
545
2055
647
2229
664
2255
672
2273
536
2242
436
2021
644
2165
654
2280
477
2112
620
2027
597
2105
654
1730
542
1929
654
1566
415
2205
659
2262
649
2117
647
2232
643
2290
678
2138
677
2240
687
2248
576
2180
539
2024
656
2140
655
1989
679
2219
641
2177
618
2207
650
2280
644
2044
530
2069
644
2225
468
2119
654
2250
642
2085
667
2105
689
2095
647
1962
669
2117
654
2052
425
2111
648
2072
667
1997
682
2192
647
2183
704
2087
679
2097
666
2245
649
2310
657
2233
666
2095
657
2077
666
2218
656
2265
673
2157
674
2120
660
2305
668
2024
418
2113
659
2152
651
1998
568
1974
644
2002
661
2032
665
1571
463
2190
517
1959
372
1804
597
2138
667
2215
664
2170
669
2378
660
1955
623
2142
574
1773
443
2078
669
1940
556
2065
639
1949
657
2153
616
2155
669
1997
679
2280
608
2205
654
2260
661
2155
549
2175
572
2015
384
2100
669
2248
641
2243
583
2283
649
2089
656
1435
661
2256
684
2134
528
1942
672
1859
547
2002
667
2055
488
2195
641
1985
664
2180
650
2120
653
1907
395
2101
667
1879
654
1656
671
2105
556
2009
719
2022
667
2052
659
2215
642
1887
606
1987
654
2085
674
2112
660
2025
669
2110
487
2047
661
2210
684
1995
654
1975
631
1995
545
2090
663
2195
679
1975
642
2073
669
2104
646
2114
651
2080
699
2153
555
2037
689
2082
646
2027
657
2155
627
2065
654
2223
674
1453
439
1248
391
2536
657
2157
664
2018
660
2220
629
1524
664
1969
9345
2045
664
2070
657
2024
644
2128
657
1987
669
2155
555
1992
631
1359
438
1576
648
2155
634
2105
641
1985
661
2034
664
2118
552
2152
679
1942
661
1960
667
2082
664
2083
706
2110
668
1869
619
1950
661
2054
645
1238
357
2040
659
1098
646
2037
555
2145
624
2037
604
2084
662
1904
689
2010
654
2473
656
2115
654
2017
646
1962
661
2225
641
2200
537
2072
496
2165
596
2145
380
2070
696
2060
642
1853
584
2017
679
2258
727
1969
649
2159
649
2065
669
1945
455
2160
659
2104
712
1946
300
2095
654
2097
631
2145
659
1770
547
2100
554
2185
558
2145
659
2054
616
2069
542
2085
661
2029
371
1944
485
1724
499
1958
677
2009
664
2228
9299
2002
665
1962
677
1141
386
2328
674
1954
657
2133
666
1204
378
2028
666
2005
672
2067
674
2057
571
2162
471
2168
479
2238
694
2175
543
2052
665
2155
536
1872
644
1972
644
2067
674
2177
634
2115
651
2195
642
2272
644
1959
649
1972
491
2090
616
2057
694
1565
644
2353
674
2155
696
2009
315
2065
656
1655
475
1980
644
2049
608
2067
626
2040
652
1357
409
2062
676
1947
666
1304
363
2099
649
2027
660
2067
386
2012
646
1994
667
2082
644
2062
641
2225
551
1280
362
2145
654
2122
644
2082
659
2065
672
1769
599
2333
687
2128
349
2010
704
2078
553
2064
649
2084
407
1917
657
1975
538
2212
666
1961
583
1995
656
2037
572
2143
659
1985
687
1950
527
2059
664
2029
597
2020
657
2141
691
2330
656
1982
672
2088
662
1994
555
1445
403
1507
658
2300
525
2014
659
2047
445
1970
675
2260
554
2143
679
2135
650
2200
628
1122
385
2233
662
2491
654
2429
562
2160
665
1227
379
2023
620
2124
626
2207
659
1210
687
2031
649
1872
669
2251
651
1968
656
1944
646
2148
370
1904
656
2032
561
2007
683
2185
305
1871
698
2215
672
2318
684
1937
674
2067
657
2365
659
2151
590
2177
551
2248
672
2315
704
2228
647
2015
644
1982
669
2064
657
2153
654
2266
561
2167
670
2089
657
2311
639
2157
619
2295
654
2064
652
2030
647
2198
654
2107
574
2212
644
2080
653
2187
659
1915
559
2203
623
2167
682
2269
629
2295
511
2122
666
2071
659
2185
642
2245
657
1979
654
2165
611
2160
707
1974
668
1825
654
2107
645
2387
454
2132
559
2170
587
2047
643
2128
667
1177
355
2203
659
2195
656
2291
561
2283
671
1742
704
1965
662
2075
685
1819
417
2312
654
2290
663
2122
676
2297
659
2323
520
2092
599
2175
457
2004
636
2097
644
1509
360
1912
567
2073
554
1942
471
1950
574
2047
662
2271
474
1934
541
2050
652
1965
9379
2009
657
2301
694
2163
669
2285
651
2112
644
1964
666
2150
561
1711
529
2298
672
2060
659
2242
501
1987
656
2175
532
2305
656
2310
666
2030
659
2228
551
1271
667
1952
521
2175
651
2203
644
1959
675
2118
659
1957
553
1448
680
2057
631
1947
488
2022
654
2040
652
1877
661
2336
631
2054
671
2052
532
2012
644
2047
644
2077
724
2107
657
1764
659
2178
657
1697
488
2486
671
2215
649
2004
651
2062
555
1944
651
2205
666
2210
657
1924
645
2037
647
2055
564
2193
679
2060
677
2202
652
1294
677
1294
406
2055
564
1241
371
2077
707
2119
677
1977
645
1904
652
2075
571
2019
632
2035
654
2002
414
2035
609
1900
621
2131
680
2212
691
2238
659
2119
656
2185
686
2024
672
2215
639
2049
664
2087
657
2062
669
1992
657
1907
586
1942
531
1914
646
2245
651
1455
447
2102
664
2160
435
2203
676
2045
666
1876
499
1474
444
2087
671
1997
654
1988
644
2121
382
1878
561
2063
533
2255
656
2295
569
1940
654
2123
661
2200
645
2125
503
2298
657
2185
428
1988
662
2107
674
2148
641
2070
652
2102
521
1975
668
2265
659
2093
659
2132
654
2223
664
1467
409
2406
689
2120
560
2238
721
2125
581
2318
649
2473
622
1942
672
1890
669
1999
641
2127
662
2152
668
1972
669
2195
646
2360
667
2177
667
2259
627
2258
615
2375
521
2191
543
2315
646
2311
659
2178
662
2123
659
2063
540
2283
662
2243
689
2193
664
2465
555
2369
664
2399
561
2348
620
2245
598
2308
652
2257
669
2348
433
2513
472
2173
597
2102
594
2250
657
2303
661
2427
651
2157
657
2256
661
2283
332
2360
644
2043
662
2471
656
2211
658
2257
568
2133
657
2327
651
2373
659
2250
642
2353
654
2215
676
2388
682
2328
692
2190
686
2169
672
2343
667
2255
653
1974
664
2478
654
2151
618
2142
403
2293
428
2308
656
1735
490
2280
679
2376
521
2213
644
2247
659
2283
671
1958
471
2426
608
2475
654
2466
382
2245
651
2055
672
2070
660
2250
657
1979
651
2503
652
2223
687
1711
468
2165
659
2243
646
2205
666
2212
652
2189
618
2311
664
1929
683
2318
660
2135
666
2098
649
2205
521
2156
672
2308
689
2341
719
2200
652
2423
667
2261
657
2309
669
2195
661
1343
367
2288
367
2348
641
2345
561
2152
662
1159
377
2179
661
2189
681
2300
679
2041
686
2097
672
2107
667
2002
661
2062
510
1934
672
1785
555
2361
631
2105
674
2195
554
2010
642
2043
514
2010
657
2004
613
2068
679
1919
593
1679
606
2015
654
1861
641
1296
375
2055
492
2242
664
2013
661
2145
704
2122
652
2112
646
1867
664
1894
677
2275
595
2189
700
2102
632
2009
651
1934
672
2107
665
2281
9246
1984
672
2152
566
2160
657
2102
556
1939
562
1952
656
2132
681
1922
654
2240
435
2131
654
2130
644
2070
687
1993
599
2271
666
2173
666
2223
559
2217
681
2072
671
2092
574
2142
500
2011
515
2012
661
2082
672
2113
666
1808
661
2417
657
2030
525
2083
511
2007
669
2105
675
2137
684
1939
647
2160
649
2020
654
2229
659
2207
503
2087
506
2077
672
2069
654
2120
672
2100
669
2075
651
2123
671
2108
702
2021
670
2215
594
1997
642
1892
642
2092
674
2142
657
2301
656
2093
505
1221
375
2255
676
1257
541
2017
536
2045
664
1934
568
2052
654
1962
665
2039
553
2029
674
2137
668
2017
664
2009
432
1892
671
2067
549
