2005
656
1997
467
1934
661
1859
656
1942
649
1844
655
1839
446
2024
423
1515
513
2090
654
1965
652
1865
679
1115
639
1862
669
1877
605
1093
367
1939
659
1934
644
1887
680
1974
669
1932
578
1861
627
1897
670
1650
548
1957
632
1940
661
1906
494
1925
643
1904
571
2019
659
794
666
1895
656
1999
368
1855
660
1129
404
1680
6838
1523
576
2024
609
1579
305
1897
669
1418
443
1905
319
1887
650
1915
689
1875
664
2015
644
1892
333
1970
689
1839
8855
2288
699
1885
569
1895
609
2012
657
1917
674
1857
696
1917
659
1850
553
1671
551
1989
642
1887
663
1964
543
2091
641
1902
672
1596
533
1949
669
1969
674
1927
662
1980
496
1210
391
2030
656
1867
613
1857
657
2025
447
1979
659
1947
663
1849
9098
1925
549
1964
622
2063
639
1857
634
1977
652
2020
476
2133
622
1992
368
2003
654
2100
8655
2000
656
1821
659
2052
653
2035
620
1952
667
2189
674
1719
490
1958
671
1915
666
1995
642
1942
485
2017
656
1572
656
2000
569
2033
664
1050
359
1485
662
1205
671
1931
448
1974
672
1517
659
1894
561
1974
660
1942
629
1997
473
1980
654
2080
649
1947
540
1976
509
1940
523
2038
657
1706
571
1917
662
2049
681
1934
669
1934
649
1601
657
1997
657
1982
529
1590
548
1917
584
1771
649
1834
515
2008
641
1876
626
1952
670
2063
652
1947
515
1872
431
1982
670
2034
659
2038
641
1932
471
1890
656
2010
647
1983
652
1412
558
1995
577
1934
672
1417
667
2358
503
1945
714
2065
574
1979
639
2037
646
1952
688
1795
476
1942
672
2017
662
2007
497
2028
687
1590
563
1995
642
1994
674
1902
606
2008
659
1834
669
2067
679
1959
695
1927
702
1947
657
1927
654
1996
501
1854
654
2004
536
2148
669
1989
644
1962
521
1942
369
1889
667
2085
383
2025
648
2047
653
1917
654
1637
676
1874
578
1954
642
1987
659
1934
556
2002
681
2055
642
2069
647
1957
672
1967
679
1926
694
1992
666
1136
374
2017
648
2085
497
1899
652
1958
657
1516
515
1875
641
1879
654
2015
662
2005
667
2005
647
1919
670
1874
644
2045
654
1942
659
2000
674
1563
488
2045
631
2062
574
1650
622
1718
663
2225
666
1912
662
1950
682
1975
652
1914
694
2068
666
1864
684
1992
662
2121
495
1048
381
1983
616
1121
342
1917
641
1884
546
2025
9612
2032
657
1975
652
1969
504
1927
659
1939
651
2122
377
1872
604
1997
659
1216
381
1895
646
1934
467
1854
655
1697
525
1932
661
1128
644
2038
659
1972
461
2072
646
2060
657
1627
555
1875
548
1990
660
1879
652
1879
536
2222
652
2080
644
1912
667
1992
670
2045
672
1947
637
1955
560
1899
669
1886
649
1726
517
1990
650
1962
681
2083
688
1884
550
1995
672
2034
672
2250
646
2185
654
2005
649
2002
714
1917
669
2057
664
1852
576
1902
559
1802
654
1826
445
2118
695
2103
650
1874
645
1947
680
2157
672
2163
659
1955
642
1875
646
1139
6238
1957
649
1892
667
1879
679
1955
644
1922
556
1887
659
2022
664
1876
672
1866
642
2050
669
2042
438
2044
659
2097
636
2087
654
2067
664
1244
380
2030
692
1965
397
1699
666
1954
620
2045
657
1962
657
1839
669
1540
500
2089
644
2072
561
1939
553
1957
381
1716
490
2173
659
1602
540
1857
664
2012
645
1884
674
1937
657
1890
569
1917
654
1997
665
1109
683
1960
661
2037
644
1969
380
1958
622
1978
591
2105
644
2045
570
1988
662
2000
663
1894
637
1720
551
2165
686
1908
664
1994
659
1392
551
1627
453
2094
654
1919
656
1629
649
2075
681
2057
654
1998
671
1541
520
2023
512
2268
659
2002
588
1824
380
1874
636
1987
644
1950
657
2002
657
1919
677
1882
639
2212
669
1925
566
1612
642
1972
659
2168
652
2032
572
1992
656
1917
479
1163
641
2040
641
2103
611
2456
637
2210
657
2073
314
1777
509
1909
674
1859
649
1915
667
2030
504
1105
367
1651
661
1997
662
1930
485
1652
553
2037
666
1955
664
1952
667
1890
656
2009
635
2140
514
2009
657
1897
674
1947
677
1952
655
2000
675
1930
644
1947
618
2100
664
1967
664
2532
781
2107
644
2017
649
1776
616
2014
661
1914
661
1985
395
1915
609
1993
659
2057
634
1439
429
1907
675
2000
586
2027
654
1961
666
2132
684
2098
646
2366
664
1533
641
2147
654
2160
671
1970
654
2035
666
1686
669
2047
668
2042
669
2015
579
1871
639
1922
666
2052
664
1706
549
1887
644
1967
374
2007
652
1364
395
1869
660
2117
696
2011
689
2085
540
2138
634
1955
562
2077
634
1647
641
2105
651
2039
644
1922
662
2118
521
1949
641
1942
672
2105
623
2069
611
2077
672
2112
513
1982
632
1976
661
2009
680
2083
586
2130
557
2167
639
1967
657
1459
424
2155
645
2027
429
2095
675
2069
574
2060
667
2125
656
1950
627
1899
656
2022
649
2042
674
1977
655
2220
383
2130
667
1997
644
2165
655
2055
665
2243
659
2042
672
2172
25879
2080
651
2147
662
2190
649
2149
674
2248
649
2009
510
2033
659
1652
614
2012
647
1992
671
2043
661
2108
656
2230
694
1936
654
2054
655
2064
627
2193
587
2120
669
2049
669
2135
373
2150
669
1915
657
2137
566
2120
569
2107
714
2040
651
2014
659
2052
661
1496
488
1673
646
2105
659
2323
692
2002
627
2235
519
1680
564
1967
654
1921
669
1423
657
2039
651
2019
669
2067
659
1701
540
2053
659
1211
387
2142
644
2109
707
2258
674
1890
553
1985
671
2175
654
1747
666
2215
662
2024
691
2063
654
2145
599
2137
662
1555
494
2067
697
2108
644
2073
656
2411
549
1891
676
2059
687
2058
553
2190
667
1965
644
2139
681
2045
642
2137
667
2147
547
1975
561
2022
632
1842
671
1950
694
2045
656
2255
629
2208
649
2090
675
2082
656
2112
9424
2034
666
2142
502
2192
659
2158
571
1969
667
2118
679
2000
647
2102
594
2112
654
2125
657
2087
538
2190
659
2157
557
2210
666
2105
684
2107
612
2165
672
2190
654
1962
585
2004
623
2147
684
2020
656
1984
644
2012
671
2167
658
2200
646
2210
656
1641
415
2160
649
1626
664
2130
669
2037
648
2067
657
2090
668
2205
642
2060
653
2087
9053
2175
614
2031
613
2032
687
1887
609
1990
676
1902
369
1648
672
1986
677
2060
657
1955
528
1970
642
1870
669
1919
657
1851
642
1955
679
2002
649
1852
719
1929
661
2115
657
2088
647
1855
589
1902
676
1086
451
1884
656
2035
564
2034
375
2004
672
1967
666
1840
657
1992
654
2065
8485
1947
656
1904
654
1905
669
1823
663
1907
660
2058
581
1144
378
1946
632
1939
653
2112
654
1970
662
1910
627
1787
509
2009
687
2191
651
1977
659
2007
661
1931
659
2104
662
2007
668
2311
674
1955
714
1939
540
1625
641
1557
512
2110
657
1914
659
2042
642
2008
587
2185
549
1932
692
2044
609
1987
673
2023
666
1864
688
1902
645
1115
362
1912
622
1959
684
2032
642
2031
581
1930
657
1889
690
1970
664
1275
429
1994
611
2075
619
1602
661
1867
472
2080
659
1373
448
1922
669
2009
656
1545
618
2029
659
1950
654
1854
664
2080
618
1957
659
2041
8393
1834
670
1882
654
1897
648
1854
684
1979
678
1939
657
2162
649
1880
656
1866
651
1975
790
2013
675
1264
375
1927
656
1930
676
1920
659
1912
667
1579
513
1977
669
2154
668
2037
649
2010
672
1854
339
1997
649
2034
571
2022
704
2118
633
1927
573
1947
599
1975
644
1988
662
1907
657
1958
644
2113
679
2049
664
2075
663
1952
669
2033
385
1343
389
2000
9264
2037
659
1892
505
1912
649
1741
553
1950
659
1954
641
2145
659
1975
561
2292
654
2170
687
2201
479
2145
621
2012
659
1777
662
2053
523
1279
380
2092
652
2030
656
1413
599
1982
380
1982
571
1965
681
2040
644
1932
581
2128
686
1859
662
1982
669
1345
398
1857
656
1990
382
1992
651
1975
674
2011
664
2043
630
2062
644
1988
669
2073
662
1980
657
2035
644
1599
563
2002
394
2103
657
2101
568
1990
700
1504
615
1884
682
1952
615
1897
637
1937
667
2013
617
1949
641
1854
700
1923
617
2393
659
1091
596
2017
643
2057
666
2082
657
1897
641
1964
435
1942
682
1982
664
1861
646
2002
641
1995
647
1899
656
2125
541
1914
666
1886
657
1872
664
2148
569
1969
654
1962
531
2060
686
1910
567
1930
9073
1532
421
2069
675
1906
649
1959
697
2213
685
1893
637
2053
665
2040
635
1957
631
1954
649
2115
669
1906
709
2028
664
2155
654
1869
654
1952
666
1940
627
1963
704
1849
669
1907
682
2040
654
2173
643
1879
672
1907
667
2038
513
2094
556
1949
624
1992
640
1773
574
1872
659
1950
669
1946
641
1979
682
2020
557
1978
654
1754
657
2000
652
2032
644
1944
700
2010
504
2182
667
1964
679
2029
707
1965
622
1986
657
1925
669
1997
662
2075
626
2092
657
2045
664
2029
641
2002
639
2183
626
2110
644
1744
479
1997
672
2027
661
1920
664
1962
513
2068
672
2272
651
2153
676
2055
647
1907
549
2045
663
2009
707
1926
684
2047
613
1831
555
2055
669
1889
559
1601
535
2140
604
2040
632
2197
654
1235
380
2063
654
2072
679
2340
652
2147
647
2087
551
1807
553
2022
657
2063
637
2326
619
2093
661
1718
556
1912
657
1517
659
1920
641
1527
521
1997
646
2052
667
2405
608
2062
649
1989
567
2067
589
2052
593
2065
526
2118
597
2022
647
2230
687
2020
664
2163
659
2072
689
1943
655
1286
365
1892
611
2268
644
2032
516
2089
557
2065
649
2148
656
2059
664
2099
536
2257
642
2201
624
2218
615
2162
619
2084
659
1948
11049
1211
388
2118
644
1879
661
2102
649
1972
581
2017
581
2108
657
1497
672
1749
485
2120
654
1869
644
1962
659
1995
659
2137
536
2050
679
2008
646
1969
572
1990
390
2192
690
2132
642
2008
670
1934
672
1959
644
2033
719
2123
646
1764
565
2005
643
2225
645
2089
659
2004
547
2082
672
1879
657
1959
664
1939
630
2065
498
1864
654
2115
657
1912
669
2025
682
1854
664
1942
656
1987
661
1970
671
2148
699
2090
565
2122
556
2010
561
2122
646
1940
644
2018
659
2150
563
1198
376
2139
701
2085
644
2232
576
1939
657
2103
549
2197
632
2112
562
2110
652
1967
580
1716
707
2055
657
2138
661
1967
674
2125
677
2243
587
2042
664
2152
551
2152
664
2203
688
2072
624
2175
620
2075
557
2097
669
1871
568
2247
572
1937
557
2040
572
2167
664
2238
686
2072
565
1974
618
2130
702
2230
653
1808
692
2040
579
2215
662
2127
620
1952
609
2127
563
1290
383
1741
659
1912
597
2138
644
1956
659
1263
529
2145
652
2030
656
1945
646
2356
648
2060
649
2028
681
2383
659
2117
672
1949
579
1743
561
1925
666
1987
649
1711
566
2210
646
1964
574
2150
614
2093
562
2310
659
2315
651
2168
671
2566
448
2200
644
2004
641
2049
649
1914
670
2120
657
1984
644
1944
667
1475
483
2107
654
1675
583
1954
694
1583
542
1925
621
2083
647
2099
652
1935
692
2010
674
2135
534
2070
654
1995
601
1994
427
2012
654
2197
654
1927
669
2192
664
2024
669
1932
671
1658
537
1944
644
1960
692
2072
676
2069
657
1739
566
1914
529
1899
671
2132
676
2027
548
2038
666
1912
591
2087
516
2034
644
1942
662
2055
692
2025
667
1882
331
2153
683
2095
637
1311
436
1982
654
2205
576
2043
657
2022
656
1990
679
2175
574
2121
469
2039
651
2077
669
2155
450
2010
644
2203
641
2160
687
2095
659
1562
334
2037
661
2075
470
2217
659
2025
644
1974
547
2039
669
2188
642
2112
408
2150
671
2198
591
1944
556
1871
549
1992
669
1997
664
1904
666
2110
642
2152
609
2107
656
1867
611
2105
374
1983
659
2043
679
2152
654
2137
656
2197
547
2092
671
1581
553
1962
629
2015
644
1902
559
2022
654
1964
620
2069
461
1751
581
1800
570
1865
487
1705
667
2108
450
2060
649
2060
664
1758
563
1796
542
2140
659
2070
656
2084
644
2097
565
2032
664
2168
535
2343
612
1732
528
2148
631
2165
664
1610
664
2125
338
1863
618
1992
666
1416
428
2150
9641
2057
631
2009
662
2117
659
2135
649
1997
657
2333
656
2025
659
2055
646
2102
380
1992
655
2022
701
1845
671
2010
559
2260
667
2091
656
2099
563
2122
668
1916
668
2275
539
2158
661
2143
661
1757
419
1545
369
2418
674
1952
381
1804
506
2210
689
1911
8386
2010
659
1997
659
2131
558
2212
511
1666
551
2130
671
2082
645
1980
716
2125
662
1952
664
2065
674
1159
692
2049
661
2000
656
1874
656
2057
652
2015
617
2059
657
2104
659
1869
666
1995
660
1969
559
1997
302
1964
645
2097
671
1924
342
1891
648
1865
643
1512
536
2148
687
2012
652
2191
642
1964
644
2233
667
2010
669
2040
561
2175
664
1447
443
2163
664
2021
652
2182
659
2092
662
2032
656
1904
655
2021
608
2073
649
2202
662
2047
662
2013
9609
2052
654
2100
554
1351
380
2022
575
2093
634
2128
667
1932
666
1321
422
1919
626
1990
641
1962
654
2277
659
2037
576
1941
651
2023
547
2067
676
2222
678
2033
699
2072
548
1979
664
1959
660
2075
497
1929
694
2371
684
2055
641
1985
630
2110
669
1954
542
1602
389
2132
531
1830
561
1692
475
2085
659
2250
648
1349
596
2115
502
2115
552
2193
692
1979
657
2080
672
2027
679
2133
662
2110
665
2022
575
2155
649
2090
656
2097
662
2305
652
2081
671
2057
632
2197
661
2060
639
1703
565
2087
306
1984
656
2115
494
2032
555
2228
656
2195
688
2159
697
2045
481
2082
566
2103
661
1987
659
2133
656
2175
529
2183
643
2010
652
2191
664
2162
662
2285
657
2145
654
1992
468
2226
637
2183
661
2044
669
2060
715
2145
644
2095
556
2361
627
1978
677
2105
661
2195
676
2185
649
2165
586
2062
674
2062
645
1726
521
2466
637
2085
555
2042
654
2117
643
2350
491
2232
664
2207
531
2037
648
2042
648
2420
644
1718
559
2255
465
1975
654
1251
9282
2128
656
2105
677
2062
651
2122
634
2030
652
2112
694
2128
526
2215
679
1712
517
2293
548
1745
343
1955
659
2119
646
2187
676
2061
668
2118
656
2004
451
2065
642
2378
619
2193
661
2087
662
2030
641
1614
677
1989
661
2102
555
2196
657
2002
667
2119
646
2115
668
1966
654
2132
654
1865
659
2035
656
2070
659
2100
652
2062
622
1994
659
2108
644
2009
649
2058
659
2022
642
1899
702
1064
390
2113
609
2037
659
2070
568
1464
651
1950
437
2074
637
1949
657
2054
639
2092
644
1967
556
1322
387
2009
555
2295
641
1971
606
1897
669
2014
545
2051
656
2118
692
1937
654
2173
584
2222
661
1822
544
2090
685
1947
649
1982
661
1378
457
1445
371
2063
679
2032
637
1313
424
2103
651
1977
661
2135
664
2069
661
2190
250
1840
649
2060
654
1887
669
2062
642
1917
669
1973
669
2074
652
2085
650
2130
572
1950
569
2030
374
1962
655
2050
676
1905
702
2092
659
1225
661
1952
671
1958
599
2077
647
1918
493
2025
654
2145
647
1908
370
1832
328
2237
654
2295
637
1994
651
1993
656
1840
654
1953
611
2055
568
2069
666
2275
639
1957
608
2161
608
2027
656
2175
666
2052
659
2007
689
2198
657
2077
372
1957
639
1266
381
2057
287
2210
641
2175
449
2027
650
1960
669
2092
641
2113
638
2161
676
2243
634
2094
554
1954
656
2118
664
2043
671
2010
655
2027
657
2007
662
2022
640
2253
664
1775
594
2222
671
2020
606
1975
682
2000
664
2197
659
2099
674
1513
705
1788
550
1772
666
1967
661
2005
644
2079
701
1724
656
2055
692
2033
675
2019
644
2158
531
2195
712
2055
672
2054
656
2190
656
2095
672
1990
507
2015
596
1694
516
1989
679
2105
669
1949
654
2112
644
2083
647
1921
606
2063
651
1990
672
2138
629
1860
573
2055
659
2236
326
2218
649
2069
669
2108
657
2080
539
2067
654
2062
659
2105
681
1281
13168
1960
634
2063
674
2129
653
2067
657
1882
666
2060
545
1727
629
2087
641
2038
676
2002
671
2055
677
1226
343
1990
689
2092
665
2190
654
1980
646
1802
676
2032
697
2080
644
2035
686
2005
659
1887
626
2002
509
1985
657
2112
692
2119
642
2221
682
2030
375
1964
688
1989
657
2084
544
1586
650
2112
657
2047
641
1945
561
1963
644
2217
794
2177
664
1985
644
2145
661
2034
502
1969
672
2175
596
2092
643
1290
397
1937
659
2012
702
2315
664
2320
589
2120
584
2087
679
2273
626
2245
661
1490
447
2232
545
2029
648
2468
654
2273
682
2002
440
2160
674
2099
649
1202
362
1904
655
2211
606
1854
677
2075
659
2211
612
2088
559
2216
707
2080
561
2032
666
2122
673
2313
521
2047
652
1877
549
1977
630
2029
689
2233
507
1475
617
2150
487
3064
538
2054
459
2085
621
2080
651
2293
643
2278
676
2175
661
2007
510
2115
549
2145
646
2178
679
2303
573
2453
652
2075
654
2117
672
2390
641
2240
652
1720
437
2301
662
2198
654
2069
641
2105
659
2135
478
1958
663
2035
375
2002
568
2005
681
2315
657
1914
641
1927
648
2178
656
2133
644
2105
651
2002
576
2074
526
2105
604
2095
659
2105
656
2161
667
2042
651
2308
666
2123
671
2025
656
1191
382
2052
666
1999
667
1929
652
2092
448
1714
579
2123
645
2092
660
2223
649
2029
694
2133
659
2201
612
2037
443
2093
433
2040
672
1887
629
2157
709
2213
654
2009
288
1989
679
2230
664
2190
672
2040
654
1919
659
2075
662
2135
649
2132
651
1840
9064
1992
650
2238
639
2095
654
2315
649
2242
660
2115
447
2248
671
2223
649
33692
671
2245
665
2205
659
2088
666
2085
666
2383
579
2258
642
2258
642
2070
644
2101
651
2020
652
2198
655
2014
601
1855
546
2245
672
2062
634
2095
644
2158
676
2248
676
2173
679
1178
378
1954
662
2105
521
2117
604
2072
657
2072
647
2243
634
2010
656
2182
662
2112
661
1965
317
1962
582
1932
439
2075
646
1793
519
2129
626
2055
607
1154
387
2110
657
2172
670
2145
651
1899
709
2120
657
2243
606
2107
652
2014
674
1996
659
2001
654
2037
670
2042
674
1992
642
2012
656
1925
535
2028
637
2192
536
2115
664
1960
618
1788
559
2178
514
2415
573
1916
656
2145
586
2105
666
2042
664
2087
664
2042
606
2132
587
1945
614
1954
647
2112
644
2133
360
2215
672
2290
667
2295
659
2310
667
2261
652
2243
661
2290
545
2092
654
1852
661
2098
644
1967
659
1952
672
1850
377
2260
374
2134
609
2167
581
2017
657
2117
662
2246
658
2123
669
1950
679
1505
446
2032
648
2007
664
2415
637
1925
672
2205
656
2080
644
2122
604
2099
672
1992
651
2115
601
2374
646
1541
433
2140
659
2293
656
2353
662
1969
662
2045
642
2187
643
2240
672
2137
651
2140
677
2421
646
2263
687
2187
408
2205
653
2190
656
1954
308
2235
686
2128
606
2210
669
2173
531
2025
669
1333
665
2305
662
2297
618
2291
655
2193
654
1325
370
2020
658
2259
657
2293
677
2310
649
2243
672
2221
542
2275
657
2227
661
2232
667
1426
383
1819
649
2275
666
2163
669
2376
651
2398
571
2343
553
2181
644
2265
657
2345
378
2298
450
2350
651
2288
664
2313
652
2228
659
2276
644
2315
671
2162
516
2125
549
2243
622
2338
662
2345
661
2385
579
2300
553
2241
517
2338
534
2149
653
2345
561
2228
675
2167
669
2318
692
1284
382
2451
667
2085
669
1945
553
2145
664
2333
672
2275
647
2187
672
2152
641
2067
672
2088
526
2255
649
2072
611
2295
363
2188
688
1826
634
2283
659
2486
652
2348
548
2443
552
2245
642
2302
662
1381
369
2242
452
2223
662
2280
652
2115
504
2107
664
2024
607
2356
662
2318
411
2363
473
2225
677
2145
698
2325
664
2178
589
2356
652
2095
644
2338
671
2245
667
1962
653
2208
657
2195
649
2065
632
1982
656
1997
601
1259
374
1992
657
2275
578
2010
666
2083
685
2280
662
2095
518
2210
644
2118
644
2145
559
2044
674
1363
649
1927
668
1927
558
2114
499
2055
422
2057
541
2025
525
2152
674
1990
694
1314
664
2120
666
2227
504
1977
669
2343
649
2102
649
1977
661
1925
670
2012
656
1901
594
2024
659
1945
677
2142
667
2180
656
2017
654
2082
639
1847
667
2080
398
2122
401
2067
659
1924
656
1949
666
2202
580
1909
674
2057
545
2060
700
1948
664
2091
674
1945
671
2100
415
1983
613
2119
700
2110
656
2200
649
2266
619
2183
697
2012
660
1950
581
2079
692
2047
410
2113
657
2115
666
2095
632
2077
644
2047
661
2100
662
2107
646
1987
671
1977
665
2210
626
2095
632
2188
671
1297
412
2200
667
1745
682
1716
447
2045
667
2112
618
2065
642
1932
656
1960
586
1887
651
2004
669
1911
511
2107
661
1649
544
2183
649
2000
649
2047
747
2130
662
2007
616
2014
666
2014
650
2072
644
2017
657
2117
358
2150
659
1964
639
2032
662
