1877
652
1947
626
1955
677
1832
671
1610
553
1860
524
1412
324
1887
657
1922
669
1840
686
1965
613
1934
553
1858
320
1950
570
1892
653
1952
667
1884
652
1453
662
1967
647
1901
654
1847
581
1894
657
1924
674
1839
561
1962
669
1884
663
1885
655
1884
645
1930
644
1925
547
1801
559
1038
702
1410
490
1871
649
1185
395
1867
438
1497
569
2029
642
1047
352
1944
684
1892
441
1331
672
1894
666
1977
656
1882
649
1989
514
1599
559
1870
644
1975
709
1857
440
1881
697
1978
651
1948
651
1747
679
1839
661
1439
503
1937
570
2002
662
1987
646
1950
661
1958
642
2145
709
2278
712
1989
544
1974
671
1927
539
1959
689
1667
597
1846
331
1967
680
1826
660
1936
634
1997
682
2073
666
1966
667
2073
706
1144
664
1914
671
1889
684
1990
664
1855
674
1867
474
2029
664
1984
351
1922
651
1925
669
1910
671
1990
650
2104
671
2035
679
2032
671
2005
672
2020
532
1935
656
1895
692
2005
644
1879
468
1869
654
1892
534
1488
479
1981
482
1926
659
2233
679
1092
373
1108
369
1877
659
1661
515
1862
556
1945
538
1563
533
2226
701
1942
551
1977
649
1937
654
1937
551
1930
599
1922
664
1717
667
1934
661
1979
687
2007
707
1897
674
1852
697
1882
652
2475
368
1937
664
1916
661
2017
664
1498
700
2012
643
1909
460
2037
674
1889
672
2032
664
2024
664
1950
562
1922
657
2022
536
1939
646
1899
659
1997
637
888
663
1525
651
2050
644
1974
677
1876
579
1296
441
1930
659
1919
553
1909
654
1815
524
1924
664
2048
671
2004
669
2023
632
1680
694
2022
644
1992
566
1965
656
1877
641
1954
671
1945
553
2011
308
1854
651
2154
374
2112
527
2067
656
1956
661
1965
578
1919
560
1657
623
2030
677
2004
676
2040
671
2132
654
1997
644
1922
682
2050
481
1987
631
1998
656
2042
704
2128
644
1821
678
2017
664
1335
651
2017
679
2017
661
1899
562
1862
656
1939
644
1962
510
1965
659
1930
387
1768
541
1827
654
1678
679
1927
642
1650
549
1961
669
2007
652
1924
666
2117
654
2039
649
1854
632
2067
676
1995
656
1844
639
2034
576
1882
672
2360
666
2062
634
2075
654
2010
667
2009
654
1959
649
1962
672
2038
684
1844
628
1932
667
1957
651
1990
654
2691
664
1093
376
2012
644
1980
654
1836
9021
1975
664
2037
674
1982
659
1955
634
1953
611
1942
652
1803
505
2010
667
1964
699
2105
667
1087
367
1821
669
1917
654
1872
654
1932
561
1932
546
1884
656
2027
642
1912
563
2756
666
1937
569
2017
577
2007
616
2043
546
2050
659
1882
535
1665
555
2020
674
1924
654
2022
652
2005
642
1967
654
1869
572
1088
395
1904
422
1939
664
1631
564
1930
684
2048
654
1724
659
1437
671
1967
674
1274
377
2029
654
1907
657
1701
553
1900
658
1634
581
1992
654
1841
629
2132
726
2077
491
1867
443
1854
445
1964
659
1927
672
1789
549
2496
654
1980
641
1887
649
2017
360
2121
656
1987
657
2034
654
2020
672
1987
661
2027
672
2045
652
2040
706
1909
654
2029
556
1954
682
2014
662
1980
637
1791
519
2007
475
1199
384
1748
563
1997
667
1871
664
2050
448
1945
681
2067
654
2007
644
1997
359
2072
695
2160
622
1960
659
1208
379
1875
679
1917
657
1866
675
1980
661
1947
524
1844
667
1405
455
1947
524
1829
669
2135
662
1215
355
1922
647
2083
591
1875
679
1969
553
2105
540
2088
692
2129
579
1950
649
2060
679
1837
668
1929
669
2127
652
1980
661
2100
9294
2171
596
2421
639
2065
665
2004
664
1616
664
1942
540
1980
644
1939
654
1872
669
1613
516
1099
381
1566
555
1948
377
1931
651
1979
643
2002
636
1884
654
1138
343
1926
8883
1917
660
1914
669
1770
676
1160
388
1786
662
1671
530
2230
657
1896
695
1954
371
1960
625
1690
637
2080
551
1937
644
1928
669
2288
649
1939
669
1909
651
1935
546
1816
517
1892
366
1861
657
1905
657
1985
666
2040
513
2134
662
1994
652
2112
646
1880
677
2005
656
1806
622
2145
661
1890
672
2225
649
1882
657
2047
659
1754
659
1909
655
1874
493
1882
688
2481
663
1276
646
2185
674
2034
674
1618
522
1878
563
1606
388
1936
641
2003
702
2173
664
1252
403
1973
651
1920
672
1989
551
1616
654
1990
661
2150
656
1219
364
2073
656
2094
652
1987
659
1915
671
2100
668
2051
659
1891
651
2079
503
1987
666
1161
378
1973
659
1937
667
1772
479
1985
672
1888
657
2100
679
1257
672
1904
666
1416
674
2023
714
1232
375
1990
620
1703
676
2200
454
2161
649
2057
645
2092
659
1949
526
2014
392
2014
684
2010
661
2047
669
2119
558
2102
657
2039
529
1987
656
2020
677
2020
578
2042
549
2058
504
2117
557
2037
644
1934
639
2138
667
1987
657
2093
611
1955
654
2140
659
2183
689
2078
677
2085
674
1844
551
1952
659
1970
639
2040
654
2120
656
1935
659
2082
641
1909
669
2029
656
2192
659
2037
669
2019
656
2133
571
2103
528
1795
507
2072
671
2062
655
1953
674
1759
621
2039
644
2169
654
2134
644
1659
670
2077
677
1918
684
1977
674
1882
649
2105
572
2188
667
2170
629
1972
656
2198
644
2158
674
2012
618
2093
603
1926
671
1227
382
2022
647
2060
574
1980
666
2147
662
1272
561
2197
599
2112
611
2207
529
2127
553
1992
644
1737
460
1472
477
1935
674
1970
707
2047
646
1659
677
2127
651
1799
330
2080
671
2120
642
2178
641
1901
673
2095
660
2087
654
2077
669
2167
672
1701
553
1872
666
2403
664
2235
659
2130
664
1937
671
2080
639
2093
620
2042
656
2060
555
1658
661
2085
551
2085
634
2097
664
1976
677
1997
657
2059
689
2100
551
2054
656
1998
637
1954
584
2015
656
2090
644
1864
666
2130
612
2039
674
2060
654
2009
671
1957
699
2050
667
2092
387
2188
680
2007
692
2262
553
1789
491
2045
618
2195
666
2177
653
1895
673
2270
655
2111
472
2195
656
2170
644
2113
675
2067
670
2168
596
1645
450
2155
8898
2102
664
2175
629
2155
563
2000
669
2155
574
2170
672
2085
657
1945
657
1972
660
2163
656
1302
378
2200
659
1959
609
2000
644
2222
646
2104
649
2037
641
2158
677
2262
637
2082
661
1927
608
1909
617
1929
652
2050
672
1930
674
1989
657
1923
664
1982
652
1572
557
1879
577
1937
657
1436
467
1897
494
2015
654
1985
652
2078
513
1955
672
2007
562
1869
659
1157
658
2037
659
1957
591
2085
645
1891
691
1942
659
1897
651
1360
487
1992
661
2060
656
1849
662
1955
667
2022
653
1987
657
1956
642
1961
646
2050
647
1914
656
2179
604
1879
690
1964
643
2004
8655
1955
684
2043
686
1989
644
1664
687
1867
621
1866
659
2313
659
2065
655
2010
634
1946
666
1903
467
1375
461
1897
661
1967
652
1852
679
1994
649
1848
644
2042
619
1955
555
1927
651
1867
624
1967
686
1947
655
1961
322
1965
654
2054
679
2035
646
1967
635
1950
669
1997
524
2005
671
1967
652
2057
561
1897
669
1937
604
1872
654
1957
687
1958
667
1971
598
2298
555
2050
659
2057
646
1944
666
2085
654
1844
654
1694
669
2399
661
1882
682
1826
652
1974
679
1604
572
1851
561
2040
586
2085
659
1854
672
2060
694
2029
657
1985
659
1944
656
1934
654
2077
671
1995
664
2218
661
1942
528
1962
654
1924
583
1680
443
2075
657
1932
373
2017
657
1894
625
1696
553
1964
683
1647
529
2025
629
1937
653
1925
664
1427
490
1927
618
1907
549
1621
582
2041
676
1745
606
1280
439
1992
687
1364
674
2025
657
1703
676
1864
672
2428
649
1995
682
2418
646
1877
557
2278
657
2523
671
2115
689
1697
671
2115
671
2067
556
2132
664
2002
666
2107
385
2045
647
1960
562
2014
611
1934
638
1859
548
1925
689
1774
546
2058
664
2296
654
2052
656
2007
548
1870
673
1550
664
1958
636
2143
656
1884
660
1957
693
1952
652
1644
479
1991
671
2085
641
2179
579
1887
642
1969
646
1942
621
1887
551
1877
704
1900
675
1905
603
2072
629
1990
656
2073
512
1947
659
1959
747
1892
653
2000
572
1912
448
1985
531
1147
389
2083
659
1710
646
2054
659
1834
654
2133
466
1864
658
2007
646
1967
654
2130
644
1997
660
2050
647
1882
657
1884
659
1957
662
2084
534
1862
432
1944
657
2158
668
1974
534
1960
697
2000
641
1879
577
2085
649
1955
661
2183
662
1958
660
2064
639
1925
649
1924
655
1935
594
2070
652
1944
557
2022
654
2032
644
2047
654
2033
657
2105
660
2002
691
2147
665
1994
655
2093
629
1905
657
2027
644
1962
670
1977
672
2053
657
1937
657
1997
634
2115
654
1997
671
1887
696
2165
661
2037
674
1909
674
1912
671
1939
644
2110
677
1591
540
1964
565
1929
573
2122
654
2157
631
2100
671
2045
644
2040
664
2153
579
1616
673
2079
659
2159
666
2328
662
2006
664
1644
446
1992
664
2035
659
1997
666
2105
504
2072
587
2150
656
1989
626
2025
543
1774
565
2185
684
2117
664
2085
521
2127
532
1929
666
2107
620
2083
671
2064
686
2064
654
1997
655
2127
644
1934
654
1934
664
2067
657
2058
667
2050
668
1792
580
1683
546
1979
654
2165
639
2020
661
2025
662
1854
666
1977
644
1919
464
1814
568
1984
692
2052
569
1286
646
1997
666
2079
531
2030
553
1838
664
2115
620
2088
663
2097
669
2102
659
1947
664
2092
669
2088
675
1987
661
1999
646
2277
649
2040
654
2125
563
2080
375
2013
666
1947
649
1967
619
2129
498
1897
554
1926
672
2153
649
2445
666
2095
649
2277
629
1248
363
1929
512
2198
656
2103
657
1997
614
2082
551
1465
470
1941
644
1479
439
1243
398
1977
646
2091
644
2000
654
2029
636
2047
654
2225
650
1995
667
2138
677
2115
511
2160
518
1994
667
1714
563
2331
664
1990
654
2006
669
2039
606
2022
664
1965
652
1990
667
1180
372
1796
609
1999
505
1939
615
2135
659
1927
531
2072
659
2114
734
2027
656
2085
583
2047
470
1960
659
1612
510
2030
673
1961
629
1987
589
1902
650
2000
647
1867
560
1825
663
2075
656
1680
547
1956
671
2024
659
2157
656
2180
640
1938
543
2198
372
1947
657
2135
541
2120
632
2188
685
1910
533
2080
599
2103
659
1223
381
1548
483
2054
667
1957
648
1940
701
1977
659
2175
647
2078
669
1980
651
2062
657
2034
661
2035
654
2002
684
1726
694
2113
651
2061
642
2123
573
1626
526
2077
659
2117
592
2034
661
2053
478
1917
606
2142
617
1965
657
2158
675
2109
646
2032
642
2085
657
2172
657
2082
659
1952
559
2089
689
2230
659
2300
644
2092
567
2035
661
2027
639
2238
706
2177
661
2068
641
2107
672
2097
664
2183
707
2117
652
2067
659
2027
644
2140
565
2097
644
2010
559
2148
541
2028
674
2002
483
2132
656
2044
654
2037
668
2065
676
2022
666
2714
676
2173
657
2055
643
1910
551
2037
669
2015
671
1939
609
1989
669
2042
563
1919
622
1899
649
2009
389
1887
644
2025
656
1979
669
2115
664
1957
644
1994
660
2048
557
1962
662
2012
679
1433
553
2065
682
2155
649
1874
656
1977
655
2072
658
2070
672
1954
654
2165
651
1987
685
1082
398
2007
657
1915
682
1882
695
2040
488
2072
664
2110
672
1994
559
2023
513
1849
562
1912
667
1897
650
2173
641
1851
666
1106
355
2010
339
2159
623
1946
615
1929
654
2260
656
1930
672
2168
667
1948
665
2030
461
2213
553
1980
656
1859
560
2030
680
2097
644
2035
669
2005
651
2155
643
2118
416
1661
651
1831
574
2088
664
2042
652
2343
687
2090
644
2035
518
2060
669
2290
689
2125
659
2127
659
1892
485
2002
644
1984
659
1867
656
1984
657
2245
676
2140
642
2063
671
1221
382
1939
642
1310
365
1979
562
2110
646
2081
707
2278
679
2045
536
2022
491
1722
641
2097
559
2148
663
1957
631
2002
667
2138
490
2005
659
1798
525
1644
659
2002
504
1997
688
2205
672
2105
677
2020
564
1845
555
2020
664
1995
647
2068
561
2032
674
2033
669
2109
581
2113
639
2092
662
2132
578
2127
651
2085
341
2019
670
1977
666
2085
557
2090
509
2163
569
2025
684
2094
649
1198
714
2145
501
1957
649
2065
684
2013
654
2381
674
2060
654
2150
664
2242
511
2135
535
1990
630
2053
561
1880
659
2042
596
2142
641
2005
644
2103
579
2173
687
1878
467
1220
614
2152
674
2052
373
1965
572
2093
682
2097
599
1941
662
1944
659
2160
661
2054
669
2070
682
1757
483
2050
648
2030
666
2087
671
2152
644
1896
551
1656
516
1925
655
1866
606
2139
646
1989
657
2122
427
1979
675
2162
664
2057
670
1834
672
2105
529
2222
679
2050
662
2067
559
2047
651
2127
672
1101
373
2070
639
2210
659
1708
484
2078
654
2015
647
2098
555
1438
524
2122
618
2125
659
1386
365
2087
664
1764
551
2081
632
2270
654
2088
669
2188
551
2072
596
2048
729
2215
654
2145
656
1974
479
2077
631
2042
659
1181
413
1734
533
1907
666
2165
654
2054
712
2037
694
2157
620
1954
672
2150
664
1867
664
1500
9324
2185
664
2110
515
2087
523
2102
643
1868
691
1972
662
2111
656
2235
551
1914
671
2155
666
1972
664
2205
717
2203
512
2064
687
1383
373
2223
651
2468
652
2027
661
1621
481
2090
669
2130
647
2161
8960
1870
465
2132
684
1486
462
2215
652
2065
588
2099
506
2072
659
2181
662
2003
656
2048
639
2070
655
2389
665
2207
551
2039
664
2119
666
2032
684
2178
659
2125
672
1241
395
2235
558
2215
509
1707
559
2125
672
1960
541
2070
461
2147
667
2130
666
2077
665
1808
591
2103
651
2283
559
2032
508
2017
711
2257
677
2009
644
2130
667
2225
666
1193
682
2137
537
2017
657
2235
659
1975
666
2125
494
2468
569
2132
659
1997
669
2100
677
2097
571
2137
641
2250
9305
2125
656
2085
655
2211
643
2339
550
2150
649
2147
657
2035
666
2283
488
1191
373
2172
469
2142
654
2122
653
1182
315
2197
657
2310
674
2005
574
2042
657
1473
669
2171
551
2102
711
2133
676
2157
649
2042
651
2117
429
2137
659
1086
365
1849
568
2082
372
1741
659
2190
649
2085
625
2139
666
1987
654
1383
428
2014
684
2278
692
2032
674
2120
8785
1858
500
2165
665
2039
659
1661
585
2110
540
2015
671
2140
644
2145
678
2137
657
2005
651
1944
682
2014
669
2050
649
1349
395
2275
436
2073
662
1226
377
2114
631
1997
538
2045
667
2057
656
2085
654
2090
680
2095
576
2057
554
1971
655
2035
644
2162
656
1920
652
2197
669
2117
632
1984
505
2155
657
2040
607
2043
671
1988
618
1733
553
2062
612
1932
661
1659
674
1922
652
2089
659
2057
663
2049
684
2105
661
1726
574
1922
661
1437
377
2088
372
2050
649
2035
686
2085
674
2048
642
1984
672
2077
674
2059
684
1974
641
1927
665
2037
666
2020
664
1677
664
2017
686
2158
646
1985
632
2139
552
2059
551
2009
551
2117
476
1970
656
2035
674
1987
641
1944
652
1119
355
2040
652
1291
366
2092
664
1960
677
2045
653
1975
652
1068
387
1547
383
2073
644
2411
603
2030
654
2050
674
1982
661
1972
543
2055
483
2142
644
2403
709
2145
551
2308
547
2044
647
2117
664
2042
648
2047
542
1887
669
2306
651
2123
541
1766
465
1160
304
1832
676
1877
558
1952
672
2082
661
2108
646
2042
632
2152
659
2228
670
1896
694
1957
637
1950
682
1776
561
2009
654
2039
446
1734
545
2145
664
2080
651
2014
749
2064
504
1973
575
1772
587
1999
671
2122
662
2040
589
2158
682
2014
634
1907
658
1902
659
2185
553
2180
689
2133
702
2180
692
1962
677
2100
657
1929
667
2030
679
2027
664
1944
656
2215
670
2080
660
2020
569
1937
661
2058
549
2102
641
2042
662
2010
717
2125
691
1902
642
1975
651
2034
664
2063
475
2054
646
2063
627
1989
637
2125
666
2027
704
2152
646
2095
659
2005
677
2175
684
2075
671
2015
669
1885
685
2239
649
1684
525
2009
659
1975
638
2085
654
2054
647
1977
654
1980
496
1972
649
2050
669
2062
671
2091
382
2080
677
1984
622
1880
618
2060
656
2175
662
2070
655
2260
707
2042
467
2104
669
1900
524
2175
681
1905
542
1557
495
2067
333
2390
624
2090
364
1960
609
1962
652
2058
682
2038
572
2122
647
1990
651
2098
650
2004
641
2055
679
1912
641
2150
544
1864
684
1864
657
2175
682
2044
635
2108
674
1317
372
2005
657
1988
649
2177
646
2140
654
2426
672
2142
645
2288
599
2298
672
1529
396
1686
576
2147
663
2147
654
1975
657
2014
646
2042
634
2012
666
1947
649
2022
625
1978
653
2079
639
2132
677
2152
431
2024
649
2123
9359
2052
659
2113
9012
2060
662
2160
683
2262
644
2040
670
2009
659
2172
671
2165
671
2104
481
2375
672
2243
632
2078
656
2007
9265
2073
651
2097
654
2270
559
2269
682
1939
505
2123
622
2205
681
2158
662
1566
441
2205
652
1744
526
1987
674
2117
654
2147
372
2063
476
2095
736
1967
669
2010
701
2197
656
2030
669
2340
654
1736
696
2198
677
1888
654
2168
675
1975
627
2095
654
2157
661
2087
686
1922
670
2100
669
1986
546
2348
649
2172
589
1967
675
2172
592
2083
507
2185
671
2075
552
2183
583
1954
381
1906
658
2102
652
1970
649
2215
654
2072
637
2150
662
2100
656
2110
664
2167
644
2208
672
2047
645
1386
649
1844
447
2032
659
1126
321
2010
485
2235
654
2079
386
1372
375
2308
679
2062
659
2035
659
2082
714
1902
664
2082
657
2007
662
2235
551
1995
646
2313
659
2122
649
1989
656
2230
644
2155
440
2122
647
2115
657
2182
674
2182
659
2291
638
2124
9234
2070
557
2055
674
2097
682
2064
651
2170
642
2113
621
2213
634
1686
656
2057
666
2147
536
2173
666
1726
480
2078
647
2075
652
2160
649
2200
680
2193
661
2063
666
2235
554
2074
657
1924
623
2030
646
2070
659
2117
665
2283
649
1842
558
2004
384
2097
682
1991
674
1991
611
1684
521
2047
642
2110
667
2180
670
2078
694
2082
669
2072
674
2032
606
2100
670
2052
654
2034
656
2112
656
2278
649
1469
426
1230
669
2162
665
2436
657
2010
687
2005
660
2158
644
1969
661
2122
668
2118
709
2123
652
2007
662
1999
657
2052
572
2043
657
2077
652
2047
537
1834
424
2067
657
2127
539
1932
614
2110
643
2321
361
1971
375
2263
630
2105
666
2185
657
2242
652
1960
656
1995
666
2112
526
2181
553
1967
584
2135
672
2080
657
2022
664
1279
385
2265
9296
1316
639
2135
639
2150
676
2052
654
2197
544
2328
651
2025
669
1596
499
1642
451
2147
659
2015
657
2067
658
1982
646
2366
649
2135
652
1711
488
1797
674
1858
608
2182
654
1512
456
1421
416
2288
664
2238
656
2148
674
1872
659
1990
669
2044
679
1969
663
1749
530
2286
651
2241
666
2343
481
2167
651
2210
668
1224
381
2107
659
2118
654
2253
674
2135
659
2315
696
2047
672
2163
629
2195
502
2389
662
1935
563
1317
398
2115
647
1988
671
2305
659
2255
664
2321
664
2315
666
2182
634
2245
704
2147
649
2263
365
2188
664
2310
618
2218
674
2125
701
2183
505
2283
661
2163
657
1325
371
2270
646
2408
661
2265
667
1826
651
1900
567
2205
549
2156
667
2175
669
1882
485
2187
659
2107
540
1900
634
2376
694
2249
637
2321
659
2221
681
2240
521
2488
659
2270
659
1804
519
2442
692
2150
462
2030
379
2110
654
2182
699
1994
695
2163
9555
2268
576
2237
651
2205
662
2281
687
2009
644
2165
672
2175
661
2189
675
2280
366
2413
669
2190
669
2083
646
2212
654
1988
671
2195
545
2272
661
2257
651
2303
637
1389
387
2107
501
2521
561
2290
669
1651
467
2398
687
2205
669
2493
417
2117
536
2491
670
2213
654
2207
682
2349
521
2283
586
2028
631
2295
644
2278
662
2175
644
2183
666
2187
637
2164
657
1664
568
1690
719
2094
362
2228
644
1920
594
2045
676
2007
637
2207
672
2023
463
2250
657
2293
644
2165
664
1754
651
1977
657
2040
644
1995
657
1932
662
2125
647
2118
682
2100
646
1960
626
1987
677
1307
666
2078
667
1316
387
2040
652
2098
662
1667
669
2012
511
1964
656
1220
448
2002
662
1548
429
1964
666
2215
566
2040
664
2072
657
2062
587
2138
661
1962
676
1491
469
2037
572
2017
670
2050
8996
1992
684
1835
630
2169
669
1982
652
2108
654
2100
638
2043
686
2160
680
2120
620
2039
669
2009
624
2229
648
2057
672
1941
652
1925
644
2027
550
2012
649
2128
643
2002
657
2042
635
2067
659
2137
652
2050
642
2082
656
1939
682
2073
672
1999
551
2212
527
1874
657
2165
654
1263
381
2142
659
2057
657
2082
659
2002
657
2122
656
2075
657
1986
671
2054
662
2075
656
1927
641
1411
575
1940
654
1970
682
1724
647
1869
667
2014
657
2092
652
2035
649
1814
666
2097
496
2028
654
2030
657
1242
350
1954
682
2104
654
1922
657
