1869
634
1962
669
2035
662
1952
641
1859
662
1829
655
1907
659
1832
399
1864
656
2012
656
1862
646
1927
605
1856
654
1895
674
2118
641
1877
674
1438
681
2031
700
1962
659
1809
538
1950
652
1940
558
1934
438
1847
521
1889
666
1912
669
1917
646
1859
651
1929
676
1934
662
1985
505
2047
362
2000
659
1900
662
1834
656
2122
655
1119
381
1889
649
1974
569
1416
676
1904
657
1926
619
2098
659
1364
515
1892
497
1836
535
1861
454
2039
657
2010
644
1935
671
2095
503
1890
647
1874
667
1930
652
1937
348
2052
662
1368
483
1361
433
1872
651
1975
662
1919
654
1977
661
1984
652
1959
665
1941
615
1618
542
1997
656
1967
646
1937
377
1900
676
1903
647
1974
661
1573
495
1927
662
2002
672
2148
654
1863
641
1900
494
1985
528
1957
671
1885
574
2063
479
1972
675
2010
654
2120
586
1406
435
1972
674
1979
649
1867
649
1650
671
2065
672
2055
676
2113
674
1983
684
1243
436
1967
672
1852
671
1997
654
2040
669
1430
543
1669
647
1952
697
1953
641
1125
363
1105
368
1952
569
1531
667
1897
674
2045
317
1950
323
1419
622
1962
659
2028
441
1551
490
1944
667
2009
692
1868
546
1572
601
1882
622
2098
692
2004
673
1542
526
1940
523
1927
722
1958
357
1932
592
2035
652
2052
641
1934
551
2118
658
1857
506
2050
639
1599
656
1930
677
2060
656
1642
504
1916
646
2202
662
1942
480
1972
356
2073
646
2045
659
1578
521
1852
656
1975
656
1992
538
2042
456
1917
668
1730
546
2027
685
1924
684
2020
654
1982
667
1862
667
1965
652
1985
657
1975
664
1979
495
2020
657
2207
654
1972
9209
1068
366
1952
669
1726
410
2037
632
2062
618
1959
655
2080
511
1982
558
1860
631
1881
577
1657
553
1950
694
2085
661
1932
668
2025
649
1930
596
1968
679
2229
666
2002
594
1987
671
2109
649
1942
609
1932
411
2020
657
1994
654
1952
660
1849
648
1877
667
1900
666
1937
646
1937
657
1875
636
2077
371
1964
653
1945
612
1842
651
1985
654
1928
656
1992
670
1959
654
1927
674
1990
689
1874
649
1867
647
1955
652
1845
682
2017
671
2005
672
2064
669
2044
553
1949
560
2055
654
1985
642
2095
444
2045
661
1934
654
1757
657
1962
671
2039
656
1967
659
2418
721
1935
642
1955
651
1397
373
2220
659
1861
714
2063
676
2064
676
1191
390
1997
649
1376
481
1877
664
1747
661
1997
669
1049
551
1977
620
1962
654
1989
555
1974
536
1676
692
1642
667
1854
664
2130
659
1602
543
2072
714
1927
662
2080
664
1941
668
2048
664
1865
654
1852
677
1902
559
1651
660
1837
551
1879
647
1978
371
2262
672
2082
666
1351
383
1930
660
1909
664
2105
557
1936
671
1565
677
1576
669
1650
565
2112
664
1915
374
2175
659
1885
664
1527
669
1892
620
2040
653
1930
661
1887
682
2120
553
1964
656
1630
674
1892
669
1988
664
1189
384
1704
557
2285
609
2040
646
1914
675
2009
557
1924
632
1959
652
1889
724
1889
635
1980
667
1972
679
2020
671
1970
661
1960
513
2117
659
2130
545
1939
535
2260
646
1166
661
2007
669
2152
641
1434
649
1992
656
1932
671
1957
674
1952
625
2012
671
1904
639
1041
351
1267
399
2029
9496
1844
564
1356
352
2193
665
1882
673
1940
671
1629
550
1819
669
1912
719
1968
656
1882
664
1945
642
1884
669
1940
599
1977
672
2059
654
2115
694
2027
559
2012
621
2048
656
2155
687
1947
664
2098
579
2035
668
2102
453
2085
431
2213
466
1965
625
1995
626
2105
666
1466
486
1910
686
2058
669
2072
576
2020
695
1580
672
1917
666
2052
646
1902
667
1639
656
1854
672
2115
664
2007
674
1869
657
1956
649
2032
521
2002
654
1867
663
1126
668
2167
656
2253
662
2122
657
2090
634
1944
661
1954
660
1914
646
1872
657
1743
570
2020
564
1722
506
1970
682
1842
646
1886
676
1851
659
1562
637
1967
565
1120
367
2017
513
1985
651
2073
641
2110
649
1957
508
1584
536
1929
683
2013
659
2022
695
1665
504
1859
645
1879
615
1857
649
1859
656
1899
654
1872
664
1942
644
2113
644
1957
378
2052
649
1193
392
2127
647
2012
659
1944
672
1668
563
2130
674
1940
620
2012
533
2029
646
2052
661
2082
661
2211
644
2085
654
1963
569
1957
548
2105
657
2118
660
2030
654
1743
526
2125
644
2019
671
2097
555
2087
641
2141
654
1992
667
2112
584
2100
483
1916
559
2122
676
1726
659
1610
675
1917
666
2067
656
2113
654
2087
644
1952
661
1861
674
1892
9051
2017
521
1835
676
1271
361
1984
654
1891
620
2014
467
1937
660
2153
554
1206
378
2024
639
2105
587
2090
549
1990
682
1945
566
2129
524
1599
565
1880
624
2218
652
1953
584
2085
8371
2117
679
2015
665
2228
657
2190
586
2175
699
2007
657
2048
659
2175
659
1907
654
2070
634
2014
656
1676
548
1890
654
1740
681
1904
674
1947
654
2040
541
2195
662
2138
653
2075
644
2135
658
2037
675
1997
667
2188
676
2213
696
2100
662
2010
634
2155
642
2038
548
2175
655
1755
566
2102
587
1796
552
2095
656
1881
553
1905
356
2100
659
2250
646
2213
659
2042
676
1960
702
2054
672
2113
642
2263
563
2052
652
2132
654
2032
669
2052
712
1975
659
1934
669
1684
687
2089
699
2187
651
1972
664
2300
646
1942
665
1934
664
1945
701
1554
661
2185
659
2193
654
2063
664
1303
669
1937
637
2213
604
2296
654
2099
666
2055
656
2233
664
2115
683
1929
669
2025
637
2118
361
2021
503
2043
664
2022
669
2140
649
1348
426
2026
564
1752
563
2043
591
2077
572
2155
652
2117
651
2035
674
2017
682
2085
663
2103
448
2210
651
1949
646
2216
659
2007
672
1273
369
1987
655
1990
630
2160
657
2023
652
2338
624
2207
654
2125
579
2075
558
1790
541
2175
654
2092
618
2061
587
2222
654
1812
578
2300
659
2162
737
2042
562
2078
554
2082
618
1737
551
2142
677
2062
654
1663
373
2167
445
2150
501
2143
654
1912
571
2017
660
2140
606
2094
552
1945
549
2107
8732
2148
672
2167
682
2080
655
2008
682
1882
618
1976
656
2099
392
1954
636
1992
664
2250
639
2183
642
2168
662
1680
525
2030
672
2055
595
2047
522
1959
664
1969
377
1260
682
2225
584
1858
652
1856
669
1942
656
1987
651
1914
649
1944
604
1830
628
1735
674
1981
663
1982
672
1583
480
1651
658
1872
692
1842
372
1912
561
1989
654
1962
664
1901
666
1962
654
1902
679
1272
460
2100
544
1898
628
2040
404
1849
679
2087
666
2105
629
2010
666
1339
461
1882
664
2045
687
1894
642
1945
679
1924
492
2158
649
2075
591
2002
636
1867
574
1950
659
2040
664
2052
563
1929
586
1947
646
1629
472
1985
671
1973
543
1889
541
1878
676
2145
641
1711
646
1889
658
1929
632
1967
543
1887
654
1902
669
1977
645
2063
510
1934
670
2040
679
1942
674
1895
647
1929
651
2022
384
1889
656
1962
652
1902
680
1817
548
1980
644
1979
667
1811
552
1419
448
2087
652
1939
686
2082
694
1678
575
1932
702
1870
649
1892
646
1904
697
1693
523
1872
671
2052
657
2029
581
2007
602
2165
649
1925
674
2120
636
1880
669
1902
697
1859
679
1967
666
1944
647
1867
732
1811
629
1924
561
1954
652
1955
697
2024
677
1997
657
2030
652
1590
501
1992
672
1994
684
1988
627
1949
487
1979
658
1929
657
1877
705
1618
557
1879
639
1937
571
1967
686
1982
659
1935
659
1995
677
1856
667
2167
659
1646
557
2115
377
2039
672
1949
620
1676
563
2192
674
1868
606
1864
665
2325
622
2207
665
1961
615
2014
644
1850
666
1940
632
1872
528
1844
669
1661
567
1522
480
2140
669
1884
641
1072
369
1867
655
1955
664
1402
457
2070
638
2080
535
1991
570
2019
647
2003
684
1920
669
1966
656
1967
679
1973
677
1643
646
2050
641
2002
565
1623
563
2027
652
2000
648
1946
671
1924
669
1865
678
2353
648
1640
565
1944
592
1947
714
1994
667
2153
666
1924
669
2057
658
2020
610
1937
661
1916
562
1620
553
2173
581
2105
549
2153
699
1956
664
2087
644
2049
591
2029
602
1879
652
1916
661
2002
668
1695
540
2196
656
1980
653
1513
510
2206
704
2010
665
1844
659
2082
662
2080
667
1223
381
2150
697
2155
646
1939
659
1983
644
1296
459
2142
555
1817
555
2062
653
2037
702
2039
666
2129
654
2045
659
1690
671
1960
671
2002
665
1997
661
1930
579
1952
669
2103
659
2004
664
2070
666
1985
608
1965
647
2009
656
2084
670
2030
694
1719
654
1947
652
2145
666
2015
641
1379
704
1519
504
2049
559
2032
654
2015
659
1886
636
1967
687
2049
672
1959
655
2062
650
1948
639
1937
672
1987
659
1885
629
1871
508
2061
664
2067
657
2273
658
2027
634
2097
623
2185
656
1914
641
2010
662
1920
489
2013
649
2305
696
2173
660
1979
650
2288
674
2065
641
2078
536
2223
644
2112
659
1969
654
2203
642
2095
662
2080
679
1209
380
2077
677
2082
689
1929
664
2002
667
2257
642
1771
661
1569
401
2045
574
1967
667
1886
651
2163
654
2147
674
1260
375
2048
646
2123
572
1669
654
1810
655
1899
669
2024
652
2005
672
2185
655
1932
561
2057
562
2068
670
2109
662
1724
671
2002
515
1993
661
2065
647
2185
696
2145
654
2090
662
1859
674
2187
472
2075
643
1625
555
2102
544
2035
397
1980
656
2185
552
2031
654
2017
661
2315
694
2027
662
2097
651
2022
669
1964
646
1792
664
2027
654
1751
656
1997
607
2052
561
2195
667
2320
641
2147
647
2185
666
2103
707
2078
536
2085
645
2073
666
1859
659
2252
649
1877
669
2040
669
2135
709
1999
657
2087
644
2270
644
1103
667
2027
658
2053
545
1785
551
1959
669
2052
665
2062
642
2080
644
2022
564
2277
537
2148
655
1965
667
2025
682
1934
694
2090
627
1940
664
1889
566
1972
692
2014
629
2143
642
2078
558
1980
664
1977
609
2215
681
2295
603
1950
668
1899
519
1884
631
2075
612
2068
667
2165
652
2080
676
2092
649
1979
658
2000
649
2130
643
2140
644
2248
604
1952
638
1929
663
2068
664
2062
652
2254
634
2098
634
2235
669
2039
666
2229
659
1806
557
2265
661
2027
662
1994
569
1760
481
2112
659
2005
609
2080
647
2152
752
2215
667
1832
541
2250
682
2203
634
2140
559
2020
634
2004
529
1435
508
1756
556
2153
647
2100
669
2183
669
2085
456
2104
591
2113
495
2037
671
2097
680
1583
661
1994
668
2141
641
1974
672
1998
662
2024
557
2153
704
2253
669
1574
570
2100
654
2088
649
2110
647
1335
388
1960
651
1909
664
2020
666
2093
669
2077
642
2037
533
1959
687
2095
644
2047
644
2015
654
2061
628
2068
659
2107
672
1942
489
1994
664
1732
667
1837
646
2045
576
2261
553
2075
665
2093
646
2358
681
2052
666
1368
694
2298
565
1968
654
2014
646
1930
654
1927
657
2020
657
2032
715
1975
569
2065
659
2060
654
1940
549
1837
454
1982
559
2013
724
2067
674
2052
612
2177
643
1964
651
1925
654
2094
656
2010
636
2108
649
1954
656
1937
677
1949
644
2065
661
2141
681
1840
552
2083
604
2127
651
1731
561
1995
315
1982
661
1900
627
1940
627
2139
661
2043
644
1677
451
2104
658
1978
365
2090
647
2035
707
1977
684
1959
670
1726
564
2012
378
1967
654
2115
661
1844
566
2055
515
1884
19361
1856
663
2062
667
2200
517
2052
669
1926
559
2020
672
2406
556
2097
649
1945
644
2112
381
2070
531
1982
667
1926
658
2128
596
2015
561
2055
662
1603
531
1935
566
1932
576
2031
677
2010
671
2129
674
1985
653
2074
547
1967
617
2030
656
2040
674
2123
666
2052
651
2115
563
2058
679
2014
641
2162
389
1950
646
1924
661
1967
647
2052
689
2135
673
1975
651
2155
526
2102
659
2040
677
2107
669
2458
641
2024
586
1992
652
1647
438
2080
666
2039
665
1982
516
1942
523
2326
660
2089
659
1985
554
2014
665
2034
649
1915
644
2078
670
2055
496
2013
606
2062
669
1901
674
2167
684
2003
649
2049
641
2262
645
2010
369
2108
662
1990
645
2115
684
1937
661
1922
557
1904
668
2075
599
1848
670
1871
661
1965
664
2107
641
1245
438
1987
357
2097
654
2200
682
2079
652
2303
663
1885
626
2085
689
2050
691
2112
664
2122
666
2000
639
2132
645
2085
656
2232
659
2017
327
2242
496
2002
576
2111
654
2082
656
2127
676
1981
607
2052
661
2094
513
1238
378
1972
641
2079
657
2373
706
1947
674
1724
560
1118
651
2034
533
1621
522
2045
625
2135
642
2042
679
2017
621
2075
629
2105
557
2012
663
1922
566
2120
513
2195
657
2117
502
2168
666
2025
559
2002
561
1992
657
2107
667
1115
278
1869
659
1092
664
2099
654
1690
644
2175
649
1686
520
2185
671
2034
664
2198
647
1575
477
2117
676
2169
647
1211
393
2108
533
1732
548
2200
659
1926
612
2135
574
1959
567
2067
654
2213
674
2050
662
2256
659
2135
659
2074
631
2087
656
2009
651
2014
651
2090
564
2032
681
1974
415
1983
671
2325
669
2052
641
2105
676
2030
672
2247
629
2099
615
2092
669
1764
657
2015
667
2034
464
1910
567
2123
654
2122
669
2128
657
2241
584
2094
672
2267
569
2125
529
2165
650
1410
654
1953
664
1864
656
2229
671
2371
659
2175
555
1956
667
1222
609
2095
674
2103
465
2190
670
2471
659
2099
651
2073
659
2193
638
2159
588
2062
681
2280
664
2134
502
2225
485
2055
443
2245
574
1934
709
2060
671
1733
663
2088
434
1722
641
2077
566
2155
661
2057
537
2027
521
2261
661
1915
558
2227
652
1992
669
2183
654
2128
649
2356
434
2022
641
2018
664
2165
656
2007
619
1740
489
2108
658
1965
664
2165
667
1974
569
2107
669
2067
649
1987
472
2193
515
2078
612
2112
680
2052
684
1995
710
2044
657
1792
549
2281
656
2154
679
2115
624
2101
657
2122
677
2160
649
2190
576
2232
637
2138
642
1019
317
2110
651
2131
668
1952
657
2140
592
2203
670
1879
563
2208
661
2143
526
2378
577
2235
662
1939
664
2007
571
1605
669
2078
559
2038
659
2165
661
2225
656
2293
484
2258
562
2183
646
1972
671
2080
664
2035
601
2253
649
2152
691
2323
651
2064
542
2160
482
2187
523
1954
659
2155
623
1919
655
2098
667
1871
533
2010
653
2052
687
2037
684
2198
566
1941
674
2027
657
2138
566
1927
701
2136
525
1982
649
2091
643
1987
659
2072
651
2140
646
1269
438
2155
656
2168
668
2047
672
2062
644
1941
644
1992
584
2393
670
1840
560
1669
656
2002
526
1917
656
1487
515
1780
566
2004
649
1887
684
2027
664
1874
557
2058
613
2047
671
1359
437
2140
661
1202
572
2175
514
1201
368
1215
348
2005
589
2117
647
2030
559
2078
677
1944
563
1980
666
2010
669
1139
401
2178
664
2005
663
2050
649
1353
667
2087
669
2021
620
2107
647
1957
642
1974
574
1977
669
1983
666
1642
509
2035
541
1872
661
2108
644
2047
641
1954
544
1871
659
2032
671
1989
662
2013
659
2072
541
2135
652
1150
407
1958
656
2033
664
1964
656
1979
667
2107
652
1232
448
1925
659
1997
530
1634
674
2138
689
1836
659
2208
643
2100
496
2021
610
2060
646
2155
649
1850
560
1927
654
1972
687
1119
288
2065
659
1401
375
1942
641
1768
671
2099
650
2042
641
1890
551
1477
667
2030
667
2165
527
2017
636
2130
654
1987
375
2291
507
2231
649
2130
669
2088
652
1992
662
2092
664
2067
646
1922
654
2052
659
1970
679
1915
672
1994
673
2022
687
1856
608
2173
687
2034
664
2078
659
2000
669
2110
701
1954
691
1960
654
1932
689
2009
669
1967
659
2139
669
2073
669
2102
656
1954
656
2045
684
2077
686
2105
632
2172
647
2027
662
2114
664
2144
659
1959
672
1970
562
2048
729
1962
656
1967
691
1945
656
2085
677
1992
644
2028
648
1952
651
2042
651
1896
336
1785
634
1912
689
2051
665
2024
543
1907
556
2190
624
1960
666
2047
656
1945
664
1580
677
2064
549
1929
552
2073
676
2038
684
1934
647
2007
677
2100
662
1749
493
1997
670
2072
562
1952
669
2258
676
1821
552
2048
654
2102
679
1910
682
1934
657
1992
646
2152
385
2070
643
2288
679
1156
382
2045
672
1927
664
2138
662
2027
481
2107
644
1922
362
2075
644
1980
666
2040
664
2119
659
2047
652
2057
579
2052
639
1930
656
2107
645
2233
626
2067
665
1917
516
2162
674
2025
649
2315
709
1956
553
2155
651
2270
654
2338
646
2050
430
2137
551
2172
597
2107
647
1987
625
2157
654
2193
645
2062
674
2075
661
2486
684
2183
654
2195
686
1825
559
2002
548
1980
656
2027
442
2073
674
954
553
2256
707
2125
656
1994
671
2027
681
2118
671
2171
622
1287
386
2162
667
2103
681
2123
652
1987
659
2060
659
2027
644
2203
657
2095
514
2195
646
2095
656
2318
669
2215
624
2458
403
2170
661
2055
664
2228
649
2077
651
2127
669
2107
661
2205
652
2265
644
2006
641
2197
697
1895
659
2092
669
2130
652
2160
679
2065
672
2215
727
2068
669
2062
643
2173
625
1816
573
1922
477
2120
649
2110
551
2107
618
2220
653
2059
658
2047
513
2048
627
2009
443
2238
659
2042
655
1199
666
1989
665
2205
646
2110
647
2383
289
1330
654
2139
679
2097
658
2095
661
2080
514
2021
669
1937
637
1187
654
2287
646
1879
674
1370
369
1959
654
2208
677
2050
659
2143
649
2168
547
2161
654
1896
657
2135
685
2030
663
2081
540
1929
664
2305
579
1997
570
1960
573
2145
651
1974
689
2062
661
1783
546
2295
543
2149
657
2222
649
2305
571
2160
593
2155
657
2118
644
2102
644
2208
664
2058
667
1697
441
2182
667
1278
666
1829
448
1726
543
2135
596
2111
654
2165
673
2445
667
1449
473
2336
642
2108
667
2047
609
2175
677
2232
548
2228
661
2080
669
1912
512
2335
656
1990
645
2052
661
1493
362
1296
435
2003
696
2019
662
2118
649
2092
662
2009
427
2496
674
2075
522
2148
657
2018
414
2172
502
2177
659
1822
654
2108
642
2268
644
1628
653
2159
448
2143
652
2160
662
1972
643
2024
664
1755
483
1238
682
1284
592
2185
659
2155
661
2055
564
1980
682
2070
597
2034
666
2163
661
2145
702
2270
659
2110
699
2090
643
1984
561
1501
499
2207
687
2175
654
1306
398
2318
666
2162
657
2225
656
2050
664
2201
483
1618
656
2326
644
2067
664
2265
676
1649
656
2028
667
2022
638
2075
604
2102
676
2233
666
1391
676
2050
384
1759
620
2112
563
2193
555
1816
655
1884
514
1995
656
2072
661
1860
623
2000
669
2117
669
1949
659
1215
371
2007
587
2148
642
2328
672
2262
664
2068
653
2132
656
1443
649
2223
659
2077
505
2148
661
2060
657
2111
694
2203
666
2023
674
2148
654
2273
641
1587
435
2246
532
2127
659
2100
442
1407
371
2253
423
2373
621
2290
476
2157
672
2115
651
2265
662
2678
549
2266
674
2188
660
2482
620
2260
391
2032
523
2003
621
2245
617
2340
669
2212
659
2286
8781
1355
380
2195
672
2310
642
1501
397
2641
653
2170
654
2190
682
2238
683
2315
655
2155
454
2531
726
2310
672
2221
649
2546
664
2035
618
2023
654
2173
657
2258
370
2223
637
2363
566
2103
645
2123
672
2152
516
2363
663
2220
512
2392
657
2601
620
2197
684
2210
652
2042
554
2361
559
2262
498
2418
657
2303
656
2203
642
2282
649
2237
541
2168
652
2333
664
2248
583
2225
664
2433
642
2255
657
2167
632
2135
669
2083
667
2538
649
2330
641
2375
664
2162
654
2180
678
2105
647
2167
666
2142
586
2225
664
2363
666
1703
438
1430
669
2197
704
2202
666
2323
539
2248
647
2223
644
2283
647
2118
501
2503
651
2242
664
2323
672
2245
669
2270
645
2252
666
2229
685
2488
636
2175
677
2125
652
2240
672
2268
367
2235
659
2182
651
2055
667
2240
719
2002
498
1141
369
2123
615
2255
551
2237
652
2007
477
1375
375
2012
676
1949
659
1977
651
2102
631
1927
659
2122
712
1721
669
2045
686
2067
659
2115
640
2162
528
1990
664
1892
651
2118
642
2103
493
2078
662
1949
564
1942
671
1692
553
2040
697
1999
659
1935
669
1951
667
2012
671
1992
659
2105
669
1969
670
2004
667
2059
618
2148
672
2112
652
1861
525
2313
669
2027
672
1865
655
2170
562
2115
659
2165
649
2155
639
2098
657
2015
652
2121
639
2040
687
2013
641
2018
682
1950
649
2154
558
2022
644
2067
659
2050
674
2017
622
2110
699
2225
652
2235
709
2094
659
2091
671
2211
647
2070
664
2280
605
2027
637
2323
663
1935
641
2115
674
2232
538
2035
662
2110
642
2185
665
2205
667
1277
368
2080
644
2195
641
1934
672
2233
570
1544
368
1984
634
1955
664
1830
659
2095
662
1351
361
1966
547
2145
666
2050
484
1732
523
2170
641
2047
672
1946
607
1321
415
2032
522
1949
616
1947
375
2275
631
