3967
824
3544
764
3724
787
3368
807
3080
650
3899
490
3738
812
3129
606
3826
827
3658
476
3856
819
3733
801
3700
809
3979
812
2837
780
3854
638
2916
815
3188
681
2423
794
3864
785
3919
712
3736
785
3862
790
1837
794
1727
805
3536
539
3681
807
1850
780
1783
784
3836
785
3015
764
3708
802
2945
599
3896
774
3667
784
3030
812
3521
769
3633
814
3885
797
3739
656
3982
820
3808
787
3493
564
3638
788
3808
799
3876
802
3623
766
3942
819
3774
806
3761
812
1779
789
3746
791
4099
786
3778
785
3827
820
3803
642
4057
766
4207
817
3829
779
4290
543
2317
457
4127
789
1723
466
3104
790
3678
781
3778
627
3739
794
4030
782
4092
802
3456
779
3944
796
3952
605
3573
811
2661
765
3997
782
3671
789
3732
771
3015
777
3842
531
3818
805
2967
777
3767
822
3665
605
3764
9159
2805
834
3657
780
3744
802
3711
780
2477
782
3706
792
2385
439
3784
822
2969
652
3944
774
3644
796
3710
792
3776
794
3763
776
3738
800
2547
435
2524
794
1965
797
3696
772
2345
815
2975
794
3761
802
1894
769
3638
799
3767
787
2130
815
2974
614
2768
555
3879
827
3824
809
3862
771
2983
574
3972
774
3650
814
3739
797
3744
782
3871
805
3663
784
3640
769
3671
792
3912
639
3723
805
3633
673
3689
810
3743
780
4107
790
3804
787
3771
794
3643
806
3859
825
3042
767
3518
764
3849
764
3678
797
1928
804
2147
809
3631
794
4150
794
3851
787
3211
622
3631
792
3424
766
1880
794
3764
792
2392
461
3683
657
3686
786
2474
571
3867
767
3702
653
3894
801
2965
579
3930
694
2826
576
3109
774
3791
791
3723
774
3385
658
3158
609
2057
777
3763
805
3601
784
3789
774
3944
797
3889
669
3589
799
4059
786
4177
797
3785
764
4325
676
3836
822
3811
807
3698
786
3789
769
3882
766
3869
804
3746
791
3328
797
3696
797
3622
804
1902
772
2577
494
3575
797
2759
787
3766
774
2299
433
3746
596
3729
802
2564
397
3891
802
3794
802
3917
772
4131
786
3776
808
3602
339
2837
482
1843
789
3722
789
3738
772
4007
789
3608
787
3897
704
3298
795
3430
651
4072
667
3625
810
2334
449
3919
791
4035
807
3763
776
3849
782
3724
774
3287
677
3996
802
3868
792
3912
807
3015
561
3795
789
3746
816
2766
802
3932
769
3846
755
3683
796
2285
802
3522
743
3826
802
3919
787
3914
686
3690
794
4055
797
3965
512
2600
522
3716
797
3784
804
3906
772
3706
789
3861
767
4177
732
2976
561
4323
781
3942
795
3632
675
3802
789
4177
815
3762
782
4011
779
4034
774
3909
804
3207
784
2885
635
3598
789
3873
807
4092
786
3923
792
3231
806
3621
800
3715
827
2912
575
1864
405
4127
807
3756
822
3664
802
3774
471
3889
829
3807
794
3781
779
2450
654
4084
816
3839
784
3788
669
3775
771
3078
647
3063
686
3811
774
4027
804
3703
769
2856
585
3964
794
3959
807
3764
767
3939
817
3164
641
3941
762
2545
792
3877
576
3450
665
3789
838
3181
820
3110
658
3220
662
3939
781
3909
816
3795
786
3729
792
3814
784
2982
799
3869
777
3577
797
3816
678
2211
802
3065
774
3912
796
3671
802
3760
777
1868
777
3937
807
3641
779
3601
814
3655
769
3757
787
3726
802
4057
772
3356
785
3772
413
3861
814
3558
674
2051
608
3646
511
3698
792
3897
804
3748
497
3856
774
1861
787
3814
784
3882
797
3684
804
3426
572
2789
603
3807
325
3809
785
4042
822
3622
689
3776
814
2752
792
3671
794
3798
791
2227
784
3155
782
3887
807
4134
805
2850
776
3669
787
3707
789
4003
822
3095
797
3714
815
2132
807
3853
801
3703
809
4113
787
1770
792
3837
762
3724
802
3969
794
3781
774
3826
801
3774
774
3854
787
3634
561
3814
789
3564
807
3739
776
4100
799
2945
817
3889
786
2883
759
3127
565
3786
788
4154
820
3831
810
3723
787
3892
787
3763
794
3781
769
3690
816
3949
817
3787
792
3786
824
3707
789
3346
690
3785
777
3801
804
4077
797
3809
792
3759
818
3736
797
3775
510
3723
766
2856
581
3823
798
3984
827
3782
501
3649
805
3732
769
3929
523
3849
806
3798
807
3742
791
3989
797
3839
820
3788
770
3613
834
3824
757
3844
663
3993
822
3990
814
3729
796
3874
782
3857
766
3759
772
3658
777
1948
781
3839
754
3833
774
3806
802
3832
797
3943
807
3739
781
3897
797
3879
772
3791
820
3871
671
3899
800
3932
766
3941
820
4091
789
3794
812
3725
787
3689
804
2118
792
3874
817
3871
788
2264
442
3788
785
3834
814
2979
614
4047
759
3649
785
3914
798
3813
563
3761
837
3846
787
4224
772
2652
772
3771
782
3671
799
3630
795
3721
792
3822
837
2892
576
3791
764
3916
784
3311
787
2909
796
4059
762
3564
800
4010
661
3776
777
3814
804
3932
825
3896
822
3651
762
3824
771
3832
817
4022
749
3959
816
4183
816
3826
797
3770
809
4022
787
3726
807
3510
627
3884
822
3773
795
3693
805
3822
801
3877
777
3932
802
3707
767
3856
806
4383
658
2318
822
4246
822
3004
576
3713
780
3811
775
3701
776
2370
774
3957
812
3996
809
3290
676
3804
815
3807
804
3803
777
3789
786
3662
821
1870
789
3789
802
3646
772
3796
786
3947
782
4007
807
12727
685
3859
546
3874
797
4009
784
3518
739
3792
792
4034
782
3670
564
4119
807
3839
819
3750
729
4030
750
3413
607
3689
781
3631
831
3979
799
3656
807
3841
797
1947
777
3141
635
4040
797
3837
804
3994
775
3846
784
3981
776
3528
772
3618
771
3796
774
3870
809
3821
787
2863
502
2167
797
3952
792
3799
770
3260
684
3713
812
3796
729
3366
651
3200
791
3866
799
3751
766
4140
788
3761
819
1855
326
3400
729
26980
782
2042
800
3639
668
1956
805
2624
533
2511
414
3631
812
2919
572
3166
780
3922
830
4194
798
3837
781
3803
797
3771
792
3885
802
3788
782
3428
789
3806
799
3827
790
3754
809
3658
787
3801
788
3734
809
3883
799
3927
785
2847
786
4278
772
3694
815
3721
784
3768
776
3380
792
1800
794
3087
766
1845
333
3896
810
3979
810
3887
789
4096
804
3934
815
3782
807
3262
671
3804
777
3759
790
3797
780
3807
790
4064
776
3174
787
3217
660
3754
782
3876
787
2380
448
2584
767
3894
784
2336
687
2998
785
3204
645
4109
774
3814
795
3931
775
3866
799
9128
805
3148
835
3768
792
3837
785
3678
772
3023
806
3929
797
3599
812
3867
790
3620
766
3937
792
3678
801
3789
769
3886
656
4019
796
3701
795
4097
794
3708
799
3667
809
4122
787
3936
729
3847
800
4132
820
3889
786
3867
806
3896
807
3849
759
4109
792
3846
784
3899
805
3738
787
3270
809
1812
804
3896
802
3949
805
3786
795
3653
812
3669
686
3935
782
3788
785
3797
799
2656
777
3914
787
4092
814
3879
804
3092
799
4049
635
3587
802
3092
815
4220
779
3891
796
2981
593
2799
799
3651
809
3314
779
3842
787
4137
837
3759
787
3781
774
3776
819
3721
785
3979
802
3769
780
3538
780
3987
812
3641
767
3939
765
1834
782
3435
782
3764
794
3999
812
3886
786
3721
673
3458
839
3662
784
4162
749
3969
774
3633
822
3708
792
3727
774
3516
800
4155
814
4157
794
3882
834
2819
794
2970
635
3761
772
3879
796
3714
802
3764
757
3827
754
3799
792
2664
807
3661
797
4092
814
3866
811
3766
591
4137
802
3761
780
4215
805
3846
790
3909
537
3751
794
3787
805
2003
794
3826
787
3843
821
3753
658
3684
777
2874
580
3666
776
3875
787
3860
790
3977
820
3990
571
3886
808
3773
817
2841
531
3929
794
3778
776
2473
461
3812
800
3819
756
3876
807
3576
792
3787
802
9300
794
3521
562
3745
814
3813
812
3182
777
3839
812
3835
784
2137
819
3736
801
3753
777
3897
805
3856
772
1738
802
3969
784
3983
837
3701
782
3941
757
3899
786
3801
802
3842
825
3777
777
3723
804
3779
818
3654
787
4022
799
2401
802
3703
789
3543
799
3279
789
3912
777
4105
787
3752
751
3917
824
4011
780
4084
795
3778
774
3319
674
4359
842
3681
637
3251
807
3818
775
3305
807
2877
592
3939
797
3947
809
4044
819
4170
799
3751
802
3789
799
3808
700
3828
9108
3796
787
4418
759
3756
814
4084
769
3014
457
3857
786
3726
797
3929
800
3699
724
3811
745
3837
787
3862
829
3942
794
3936
815
2709
805
2406
810
3757
786
3926
806
3736
785
3858
820
4042
770
3952
784
3921
547
3818
797
1899
792
3927
809
3823
790
3902
747
4044
806
3763
797
2201
768
1784
324
3828
797
3818
766
4043
792
3898
799
3686
572
3676
766
3843
820
3376
673
3961
772
4242
772
3801
804
3768
787
3796
797
2198
788
4229
777
3939
774
3896
814
3815
658
3654
777
3894
802
4177
829
4056
815
3952
700
4057
826
3991
819
3984
830
3949
777
3982
769
3733
817
3791
818
3734
800
3791
788
4149
800
4007
800
3892
792
3934
790
3894
784
4076
764
3829
824
4070
784
3934
787
4022
760
3871
800
3706
808
3985
787
4092
799
3858
797
4021
792
3867
796
4053
811
3905
785
3769
782
3851
797
3787
807
3727
787
3793
800
3166
774
3846
802
3921
787
3842
791
3933
770
4012
815
4189
772
3505
805
3726
802
3253
663
3894
772
3967
812
3813
807
3556
764
3876
845
3129
770
3704
821
3730
809
3797
785
3891
798
3821
789
3976
789
3821
800
3673
795
3879
794
3771
838
3295
789
3995
837
3756
786
3875
784
4077
777
2039
800
3886
779
4122
792
3966
784
3613
794
4139
792
3821
782
4138
804
3841
660
3899
807
4172
802
3984
490
3683
764
4074
787
4147
802
4014
648
4092
787
2250
434
3961
797
3887
799
3447
806
4052
804
3700
772
3102
821
3890
765
3806
822
3889
772
3994
805
2604
527
3842
884
3030
792
3623
794
3798
789
3997
819
3956
778
3889
805
3841
794
3173
584
4377
790
3919
784
3969
787
4139
774
3949
797
3856
835
3772
820
3856
797
3842
789
4051
807
3896
782
3829
789
3931
792
3454
814
3318
542
3922
782
3879
759
3797
789
3746
784
3756
807
3954
811
3729
664
3784
804
4029
792
3776
802
3857
802
3999
804
3854
782
3929
778
3726
771
3829
789
3373
683
3426
658
3856
644
3955
807
4097
799
3909
809
3763
800
3618
804
3809
787
3811
805
3929
774
3991
799
3102
799
3866
799
3877
712
3143
762
3843
794
3763
770
3598
795
3794
784
4007
797
2702
777
4119
817
4270
779
3869
782
3816
767
3871
779
3716
815
3907
792
3849
805
3864
852
3203
787
3939
814
3946
810
3638
762
3859
795
3827
789
3789
822
3996
759
3808
804
3895
772
3959
782
3874
772
3880
815
4220
815
3824
762
3811
848
3967
789
3142
784
3971
799
3891
772
3417
772
1865
782
3866
804
3829
814
4420
780
3751
781
3664
790
4012
759
3717
797
3794
807
3755
811
3598
596
3919
807
3924
829
3864
787
2026
797
1985
794
3741
812
3939
790
3859
812
3761
540
3881
784
3826
802
3241
660
3684
787
3888
812
3859
766
3851
593
3876
812
4323
787
2413
447
3953
782
4082
770
3864
807
3229
777
3754
797
3851
786
3774
790
3764
797
3448
609
1673
796
3924
787
3829
829
3067
757
3945
762
4047
761
2334
774
3867
799
3917
785
3804
812
3906
784
3834
802
3911
787
2301
450
3634
776
4338
668
3738
797
3929
661
3901
786
3852
842
3919
844
4084
794
2985
511
3991
771
4025
772
2339
460
3927
794
4227
797
1893
817
3834
740
4011
781
3709
799
4049
730
4004
819
3902
794
3776
777
3701
818
1886
808
3962
787
3881
775
3989
688
3811
772
3765
790
3921
774
1982
787
2619
792
3979
796
1847
382
3715
805
4290
805
3875
795
3786
797
3703
806
3846
782
3954
782
3934
774
3955
754
3899
790
4127
770
1982
428
3929
792
3899
769
3939
785
2276
436
3724
822
4027
790
3854
775
3902
791
3887
784
3851
774
2088
802
1890
809
3783
762
3898
806
3707
792
3741
805
3757
784
3068
580
3241
685
3778
777
4013
669
3864
777
2478
450
3208
786
3836
789
3691
794
3939
772
3982
767
3993
789
4285
605
4009
799
3878
827
1924
390
3804
774
3819
774
3889
798
3595
785
3942
751
3859
817
3955
809
3852
774
3831
798
3967
780
3923
809
3822
809
3894
782
2332
447
3982
794
3839
792
4067
805
3751
795
3788
772
3814
799
3268
675
3822
798
3756
834
3839
775
2464
450
3897
782
3964
787
3601
817
3888
802
4192
807
1926
797
4215
804
3932
810
3686
827
3867
772
3758
804
4143
774
3869
789
3876
560
3773
774
3846
802
3266
802
4095
769
3947
812
3894
804
3902
805
3902
810
3903
772
3773
794
3875
792
4016
785
3966
771
3853
778
4009
544
4279
782
3886
791
3302
659
3394
816
3872
782
3874
824
3709
797
3831
792
3751
705
3997
790
3902
777
3810
794
4029
787
4079
782
3819
795
3769
777
3545
627
3728
820
3981
787
1792
784
3828
802
4095
787
3977
777
1939
323
4137
730
3914
786
3097
581
3709
795
2535
819
4101
782
3345
577
3926
789
3834
787
3999
791
4097
814
4022
787
3921
774
3774
800
3916
775
3738
817
3966
790
3769
796
3759
571
2297
433
3954
802
3846
815
4135
794
2776
525
3823
764
3764
804
2245
430
3926
800
2159
430
3685
802
3835
785
2074
689
3332
789
2748
470
3972
787
4014
779
3961
700
4029
799
3694
794
3889
781
3816
795
3833
809
3715
772
3872
772
3897
785
3836
779
3689
790
3738
592
3839
660
3824
770
4222
807
3954
816
3887
506
4029
784
4167
654
4024
821
3997
790
3961
812
3902
815
3862
812
3837
809
3806
804
3846
432
3897
787
3939
453
3182
787
3879
562
3363
682
3921
789
3889
842
2878
797
3731
809
3954
809
3969
571
2364
736
3851
817
3911
794
3719
792
3906
815
3819
799
3832
592
3768
762
2850
489
3971
810
3879
802
3872
9717
3751
771
3823
801
3939
790
3693
770
3877
784
3917
827
3796
810
2682
804
4074
772
3845
767
4060
777
1871
682
3867
792
4177
520
3881
767
3125
629
3841
792
3846
772
3375
652
3924
806
3816
771
3167
795
2899
617
3814
789
3357
777
3217
664
3816
769
3180
576
3874
786
1988
323
3928
805
3884
822
3615
776
3884
775
2046
817
3957
789
2509
449
3221
792
4087
782
3944
797
4113
794
3957
796
3917
769
3060
676
2144
471
3769
800
3987
820
1947
349
3746
671
2413
350
3335
678
3679
782
3861
805
2427
801
3831
805
3949
829
3987
794
3817
807
3701
777
4083
784
3934
800
3859
779
3851
804
3949
797
3864
805
3831
764
3794
784
3909
789
3766
764
3874
765
3992
782
1860
784
1899
787
3648
777
3895
814
3721
824
2619
511
3886
794
1867
819
3901
782
2466
453
3874
789
3889
812
3961
817
3725
800
3776
802
1839
814
3071
797
3686
729
3976
790
3921
765
3924
771
3581
772
3764
767
3937
822
3841
767
3643
794
3684
789
3537
842
3821
790
3352
676
3859
782
3746
817
3754
807
3879
772
3230
665
3834
787
3379
675
3634
805
3749
794
3748
844
3801
531
3861
807
3799
756
3996
781
4027
815
3736
789
3962
747
3671
781
3959
768
3944
764
3714
802
3827
784
3713
805
3866
794
3828
782
3728
792
2790
576
3813
802
3929
794
3939
802
3673
797
1849
806
3902
779
3939
789
3687
835
4038
797
3583
774
3744
9720
3896
772
3726
786
1629
441
2197
9526
2267
423
3691
802
3722
774
3789
787
1774
805
3797
772
3944
788
3931
820
3631
814
3843
799
2830
607
3753
772
3736
784
3603
804
3709
765
3843
784
3781
814
3711
812
3713
812
1735
805
3580
779
3849
801
3814
808
3857
797
3178
635
3832
801
3834
805
3821
777
2751
510
3696
794
1853
794
3689
789
3834
774
3881
293
3759
822
3788
825
3783
772
3863
759
3648
802
12798
805
3651
784
3668
787
3882
799
3807
431
3793
621
3584
817
3759
805
3784
784
3711
792
2637
792
3689
809
3680
782
3771
794
3799
809
3616
762
3926
787
3854
786
3100
697
4052
787
3747
817
3636
832
3693
807
3754
810
3769
774
2851
562
3523
802
4029
812
2701
802
3744
759
3738
802
3831
802
3794
791
3332
827
3151
650
3733
771
3854
769
2554
812
3946
779
3967
779
3518
789
3784
776
3694
802
3681
784
2538
466
3829
834
3759
791
3811
814
3869
795
3590
779
3759
817
3856
809
3601
677
3188
603
3836
799
3784
780
3784
787
3816
802
3724
807
3736
785
3916
815
3671
797
2687
760
3839
777
3689
807
2865
7655
3570
784
3763
499
3834
796
3636
780
4129
789
3751
814
3601
796
4011
776
2995
802
3566
789
3817
795
3952
789
3829
806
1725
657
4045
807
3904
784
3721
796
4066
786
3939
790
3585
797
3794
817
4140
809
3666
754
1879
782
3768
653
3852
800
3719
779
3779
794
3799
782
3809
804
3598
769
2316
779
2685
494
4037
799
3844
775
3904
784
3669
786
2682
797
3775
806
3186
667
3708
787
3894
822
3962
812
1793
812
2405
789
4034
809
3934
789
3774
801
4205
802
1706
832
3676
430
4037
814
3626
792
4420
768
3875
794
3725
824
3711
807
2882
786
3386
649
2965
797
3218
774
3794
707
2736
551
3844
807
3673
807
4159
802
3874
827
4175
812
3851
781
1956
829
3912
784
3671
797
3074
559
3287
637
3802
772
3764
795
3906
598
3726
776
3861
797
3977
805
4027
814
3754
799
3759
812
3896
809
1873
782
3678
781
2304
440
3711
784
3853
766
3751
796
4290
786
4069
603
3956
792
3917
824
3879
792
4029
802
3503
678
3824
814
3591
655
1888
802
3676
807
3919
767
2511
774
4210
805
2948
839
3581
736
3345
790
3911
807
3813
785
3153
767
3876
771
4234
804
3946
761
4034
789
3693
827
4365
772
3129
802
3579
797
2592
812
3763
795
3844
805
3005
817
2307
444
3111
530
3786
772
3814
799
2669
812
3967
812
3964
782
3951
784
3932
804
3919
804
3465
660
3736
781
3576
792
3713
774
3821
820
3714
792
3748
789
3867
779
3739
795
3140
787
3917
766
3616
732
3723
796
3849
799
3630
767
3766
790
4062
800
3764
792
3758
769
2635
809
1852
328
1904
792
2530
465
3701
772
3866
772
3851
812
3761
797
4029
770
3913
779
3791
810
3925
804
3634
814
3997
827
2818
595
3294
811
3892
822
3705
736
3821
542
4022
814
3826
807
4122
817
3839
809
3784
649
3731
782
4034
784
3959
799
3842
792
4247
790
3819
774
2495
799
3868
779
4002
547
3806
809
3085
798
3941
772
4062
800
3814
782
2723
772
3778
799
3719
809
3635
782
3713
818
3731
774
3721
772
3821
817
3786
586
3823
802
3774
824
3620
774
3403
759
3845
787
3709
800
3147
675
3762
796
3781
804
3856
790
4360
804
3751
777
3809
820
3764
762
3854
798
3858
814
1769
807
3748
786
2331
462
3902
777
3871
812
2972
804
2068
386
3814
779
3568
804
3871
812
3595
799
3117
795
3828
822
3752
764
3668
769
3832
787
3791
784
1918
754
3866
815
3837
762
3684
776
3936
822
3015
625
3831
800
3804
782
3486
787
3663
777
3897
802
3604
799
3751
605
3759
790
3568
802
3388
759
3909
639
3869
787
3874
800
3793
799
3893
829
3728
829
4049
792
3137
811
1886
774
3606
770
1919
799
3721
771
3857
816
3900
786
1790
814
1791
794
3666
795
3225
693
3887
802
3583
785
3916
810
3641
794
3671
794
4079
817
3709
824
3739
817
3513
818
3758
791
3619
668
3713
785
3922
646
3843
779
3719
786
3708
769
3813
804
3991
814
3872
802
3556
799
1791
787
3727
719
3660
796
2533
461
3778
782
2372
815
3456
787
3994
774
3914
790
2996
820
2299
682
3957
814
3187
804
3970
819
3834
780
3510
794
3969
777
3881
524
3693
837
3839
786
3125
576
4055
634
3729
799
3729
799
1885
812
4011
830
3679
792
3556
777
2930
593
3935
805
3668
794
3806
774
3859
787
3804
782
3909
777
3836
812
3716
834
3764
506
3881
772
4006
767
3761
811
3931
800
3641
707
3686
762
3956
775
3502
805
3864
792
3894
792
3960
815
3939
814
3844
774
3663
764
3104
790
3727
782
3227
456
3854
824
3966
802
4368
784
3964
787
3877
797
4150
809
3871
810
3826
797
2225
790
3776
787
3811
663
4026
822
3794
796
4011
809
4167
771
3722
694
3670
810
3328
449
3646
788
3856
774
3937
787
3518
787
3792
799
3892
792
3654
820
3777
800
3623
767
3979
527
3758
835
3881
441
3956
825
3732
802
3678
817
3692
824
3956
789
3689
600
3864
799
4288
801
3581
799
3812
798
3724
828
3811
785
3740
784
2919
786
2405
802
3880
830
3753
776
3985
626
3768
794
3738
784
4024
719
3180
804
4006
856
3720
662
3723
797
2673
461
3834
790
3666
809
3653
799
2899
597
3784
686
3801
792
3849
807
3283
521
3839
799
3585
800
4330
799
3648
779
3724
759
3668
774
3600
802
3796
767
2476
699
4102
777
3749
780
3814
785
3819
799
3726
791
2816
842
3721
792
3752
800
3824
807
3741
804
3646
794
3847
804
3075
807
4060
777
3814
817
