3663
834
3581
804
3370
797
2817
9817
3360
690
3357
799
3232
662
3273
828
3488
794
3536
802
3400
693
3322
819
3551
777
3438
800
3508
802
3349
802
3418
796
3483
839
3518
808
1893
462
3724
810
3427
802
3558
830
3370
776
1531
832
3400
757
3333
842
1645
820
3558
684
3430
824
3373
825
3425
814
3480
828
3538
789
3413
826
3390
800
3355
826
3503
847
3405
837
3626
679
3350
855
3448
819
3493
767
3535
821
3536
420
3466
857
3385
607
3288
824
3583
795
3478
605
3375
852
2850
817
3496
787
3346
827
3505
847
3540
684
3498
824
2925
452
3703
864
2297
817
3233
835
3330
827
3325
478
3536
800
3598
830
3466
810
3730
837
3350
754
3332
838
3427
812
3564
824
3468
836
3568
679
3365
832
3330
667
3242
780
3565
676
3637
819
3350
824
3360
827
3423
802
3363
827
3376
822
3241
799
3746
794
3358
842
3352
801
3503
839
3554
814
3526
800
3386
811
4011
835
3510
799
3313
801
3509
792
3443
842
3398
797
3413
573
3403
808
3352
844
3456
832
3493
826
3738
842
2203
754
2651
812
3177
758
3579
812
3381
804
3355
797
3364
827
3586
814
2298
534
1985
470
2102
829
3346
825
3367
792
3513
805
3508
812
3640
829
3370
802
3473
694
3448
837
3401
791
3576
646
3325
817
3368
675
3465
546
3486
620
3350
703
3498
837
3490
825
3474
817
3447
802
3483
820
3494
808
3300
672
1704
835
3662
812
3445
819
3535
822
2774
583
3382
679
3450
812
3416
812
3252
689
3543
820
3536
802
3523
812
3603
477
3500
812
3588
845
3563
703
3282
825
3645
812
3689
787
3440
589
3696
827
3430
804
3746
822
3443
829
3493
818
3368
839
3523
620
3381
832
3350
784
3777
814
3121
824
3438
795
3325
786
3521
806
3376
814
3393
797
3542
842
3300
691
3748
829
3430
799
3466
815
3495
829
3490
810
3453
809
2908
685
3019
671
3443
818
3347
826
3448
822
3553
822
2835
795
3535
805
3610
822
3426
564
3573
609
2657
625
3581
799
3483
827
3495
807
3488
792
3443
804
3058
779
2233
835
3498
824
3425
814
3433
798
3455
819
3368
839
3954
832
3585
473
3669
699
3343
784
3657
719
3196
700
3455
800
2706
837
3425
824
3331
787
3503
814
3408
832
3407
680
3385
797
3455
684
3395
815
3395
802
3422
806
3340
710
2497
814
3849
533
3470
827
3346
837
3625
832
3490
850
3553
819
2622
837
2860
806
3693
829
3011
658
2357
523
3631
852
3325
837
3826
809
2985
669
3694
832
3353
807
2034
785
3550
703
3510
842
3410
784
3671
837
2297
558
2068
465
3383
814
3363
805
3546
621
2733
543
3543
819
3423
842
3431
809
3500
792
3375
802
3342
817
3440
807
3354
822
3476
845
3518
827
3366
835
3530
786
3728
781
3569
797
1528
808
3422
830
3215
825
3393
789
3546
817
3558
827
3453
812
3258
817
3548
829
3438
821
3471
789
3391
789
3410
787
3523
830
3310
800
2056
453
3678
789
3586
832
3490
807
3313
807
3889
798
3542
822
3506
852
2992
644
3146
675
3441
822
3719
703
3533
816
3446
762
4016
814
3480
817
3519
806
3473
820
3533
789
3463
807
3017
795
3453
674
3433
300
3383
802
3328
790
3761
800
3480
810
1559
822
3372
844
3442
839
1613
824
3458
840
3490
808
3496
807
3751
819
2775
812
3375
669
2970
829
3453
870
3496
311
2461
543
3516
834
3370
722
3528
810
3463
847
3360
865
3356
796
3406
816
3295
777
3498
808
3704
807
1489
342
3456
810
1677
809
2114
807
3226
825
3501
834
3652
859
3454
822
1977
809
2941
814
3485
687
3372
830
2059
467
3789
697
3332
824
3445
834
3430
832
3370
852
1843
816
3492
704
3323
829
3544
824
3308
802
3656
832
3531
824
3573
846
3623
837
3481
817
3458
797
27339
807
3534
832
3422
595
2800
834
3704
828
3613
819
3473
809
3380
800
3851
612
3011
699
3578
842
3465
819
3481
810
3643
855
3370
808
1755
804
4205
807
3387
830
3410
820
3028
812
3516
827
3325
812
3395
816
3546
824
3501
792
3417
845
3626
738
3428
809
3345
809
3466
842
3581
860
2487
802
3523
811
3421
809
3593
544
3463
832
3351
809
3589
829
3761
817
3695
844
3523
839
3410
826
3412
852
3618
829
3473
807
3504
792
3498
795
3563
799
2812
672
3405
800
3093
810
3328
837
3709
830
3423
784
3503
832
2885
701
3448
829
3501
787
3635
807
3583
820
3454
828
3478
816
3448
816
3229
811
3518
842
3515
812
3666
812
3463
858
3596
836
3542
724
3388
820
3363
825
2076
829
3345
832
3330
820
2103
443
1644
815
3498
800
3503
828
3528
797
3600
802
3764
796
3340
812
3498
825
3691
824
3600
820
3648
825
3511
809
2132
810
3410
834
2354
825
3425
827
3819
598
3501
817
3373
822
3811
849
3468
830
3476
847
3934
797
3009
713
3759
832
3423
835
3447
839
3901
820
3370
801
3737
812
3498
802
3529
702
3498
814
3498
836
3551
787
3650
832
3588
822
3641
815
3673
804
3483
792
3059
825
3570
809
3548
809
3425
673
3541
807
3919
862
3656
854
3608
819
3789
895
3606
790
3636
589
3638
809
3713
548
3471
842
2162
812
3495
797
3478
845
3074
682
3571
782
3650
807
3463
842
3794
799
3318
829
3430
822
3431
815
3616
647
3753
825
3732
824
3796
795
3606
824
3656
792
3458
812
3531
807
3608
9449
3982
802
3636
837
3427
828
3721
821
3554
850
3493
837
3949
834
3831
612
3681
801
3424
814
3733
817
3658
854
4092
817
3681
807
3601
804
3718
805
3814
847
3739
446
3588
809
3443
694
3438
860
3643
839
3706
804
3418
812
3410
832
3593
809
3614
804
2767
846
3500
834
1899
807
2934
582
3656
729
3531
809
3633
822
3626
832
3826
830
3853
869
3683
779
3507
569
3736
819
3413
827
1604
812
3226
829
3581
802
1701
825
3321
849
3678
837
2639
560
3480
797
3829
822
3688
830
3584
822
3628
828
3718
844
3478
829
4045
804
3538
832
3793
836
3559
845
3624
830
3671
809
3673
839
3807
834
4134
804
2693
805
3669
790
3666
810
3586
702
3460
812
3716
747
3590
564
3636
811
2962
828
3753
850
3558
817
3568
806
3546
667
3531
812
3615
829
3436
797
2110
474
3510
817
3530
827
3568
810
3562
827
3966
814
3438
817
3560
825
3485
822
3659
831
3573
852
3533
807
3361
804
3938
849
3400
799
2845
827
3520
802
3532
814
3523
832
3393
586
3837
826
3781
830
2919
705
2999
688
3472
804
3513
825
3598
820
3427
761
3590
827
4352
1285
3430
839
3028
671
3471
832
3678
844
3754
852
3286
674
3566
814
3691
817
3598
858
3490
827
3651
820
3378
830
3822
834
3739
837
3551
819
3473
821
3713
806
3689
811
3490
815
3856
838
3583
850
3392
504
3715
814
3568
827
1688
812
3581
820
3022
829
3721
825
3521
794
3676
804
3548
829
3518
789
3446
847
3639
797
3518
796
3430
835
3478
672
3532
809
3749
802
3719
839
3650
819
3355
842
3356
845
3612
692
3553
834
3556
830
3532
790
3450
817
3598
822
3738
817
3473
840
3744
839
3813
692
3568
832
3243
810
3578
789
3744
782
3646
832
3535
845
3744
819
3580
792
3861
812
3488
799
3546
822
3514
818
3791
825
3485
822
3550
822
3556
806
3686
836
3554
846
3729
809
3586
815
2796
822
3766
829
3556
815
3774
804
3686
839
3398
829
3548
830
3635
789
3125
834
2293
799
3558
807
3501
800
3535
807
3883
818
3333
786
3660
802
3356
824
4024
792
2344
561
3889
703
4048
805
3385
834
3736
807
3548
819
3305
683
2908
844
3464
865
3591
812
3504
837
3403
817
3502
812
3445
829
3470
845
3575
816
3453
830
3684
834
3492
692
3633
808
3559
818
3553
807
3643
806
3388
809
3420
826
3686
844
3716
829
3714
852
3766
779
3536
800
2236
854
3587
789
3520
795
3819
829
3646
837
3448
824
3621
840
1748
805
3438
799
3819
747
3545
812
3691
681
3536
837
3372
832
3476
814
3465
829
3425
781
3561
829
3711
844
3578
827
3310
792
3625
694
3493
818
3378
832
3640
827
3456
800
3601
834
3521
842
3856
762
3405
799
3949
819
4144
714
3609
824
3481
804
3590
801
2920
703
3618
847
3573
671
3558
844
3600
802
3638
819
3776
842
3059
716
3516
819
3714
806
3476
827
2425
560
3801
815
3994
824
3536
802
3643
817
3550
817
3398
696
3401
804
2026
497
3570
802
3649
825
3493
812
2179
796
3786
717
2987
544
1988
832
2175
796
3455
810
3643
814
3588
804
2351
458
3628
816
3588
840
3410
804
1566
827
3904
819
3412
782
3490
830
3530
814
3763
836
3584
834
2971
832
3711
837
3586
794
3826
462
3562
799
2719
594
3724
792
3573
812
4054
814
3537
801
3701
827
3490
790
3608
805
3678
812
3784
812
2994
837
3783
822
3756
820
3498
847
3706
711
3744
812
3909
829
3586
815
3616
770
3926
782
3741
816
3408
828
3729
669
2596
467
3490
834
3522
817
3470
816
3638
854
3593
696
3563
811
3636
862
3658
827
3693
837
3480
832
3661
809
3831
837
3184
829
3626
827
3649
859
3762
814
3789
862
3808
811
3596
840
3525
832
4022
845
3552
824
3514
834
3688
844
3586
830
3623
816
3636
812
3443
800
2995
855
3834
671
3516
844
3441
837
3508
799
3295
776
3736
815
3403
817
3651
819
3992
815
3047
570
3125
864
3533
807
3503
828
3418
812
3636
784
3561
805
2096
847
3539
855
3458
832
3663
799
3480
796
3576
779
3485
822
2968
599
3698
842
3536
804
3423
829
3543
527
3513
681
3623
812
3456
807
3676
714
3853
817
3186
839
3709
817
3465
847
3623
812
1700
824
2875
658
3504
809
3974
749
3472
611
3596
789
3578
810
3490
797
3601
852
3844
815
3746
802
3643
795
2622
591
3502
848
3501
842
3560
780
3028
809
3671
820
3501
814
3540
839
3555
852
3613
825
3726
819
3500
790
3695
819
3545
847
2367
453
3480
844
3448
829
3598
812
3528
821
3793
545
3098
707
3626
819
3769
844
3722
829
3047
675
3492
837
3485
834
3098
582
3524
834
4014
832
3501
835
4022
822
3047
829
3491
695
3698
802
3043
802
3884
831
3816
842
3533
822
2648
565
3643
650
3952
824
3445
810
2251
477
3596
829
3133
811
3593
531
3757
819
3661
798
3799
832
3584
847
2331
478
3625
835
3680
541
3683
809
3511
797
3576
824
3706
832
3500
815
3386
707
3499
817
3736
816
3325
872
3548
822
3639
807
3568
852
2889
684
3470
817
3451
800
3407
845
3390
848
3616
825
3969
794
3644
826
3716
814
3891
817
3518
809
3568
842
3465
810
3501
776
3658
827
3616
839
3558
827
3523
778
3488
808
3659
834
3658
822
3653
795
3420
648
3646
822
3551
840
2763
794
3536
581
2912
824
3787
839
3538
685
3693
830
3629
804
3666
807
3798
655
3051
686
3009
595
1529
832
3739
812
3509
822
3545
827
3327
814
3496
822
3378
822
3716
814
3666
794
3609
819
3450
696
3523
788
3563
837
3518
822
4228
810
3666
817
3648
819
3348
842
3062
812
3308
732
3448
839
3475
795
3608
784
3609
797
1861
827
3576
794
2733
628
3701
814
3484
822
3651
470
3566
827
2939
663
3613
810
3017
850
3533
809
3493
850
3428
820
3490
862
3378
794
3537
824
2982
829
3676
826
3656
830
3767
806
3580
870
3539
832
3786
857
3613
820
3173
791
3505
817
3468
849
3662
8580
3533
812
3463
795
3098
698
3365
817
3984
832
3725
562
3398
830
3872
822
2614
860
2253
850
3666
817
3703
800
1788
817
2536
531
3315
832
3561
311
3721
817
3736
830
3481
807
3335
571
3388
812
3167
805
3498
817
3445
817
3723
712
3654
804
3904
817
3733
805
3526
799
3576
808
3531
794
3794
834
2411
800
3604
794
3626
398
3563
799
2935
655
3558
759
3593
820
3538
829
2400
830
3626
834
3494
842
3613
800
3496
812
3428
824
3716
846
3711
797
3966
788
3425
804
3565
819
3594
836
2971
727
3578
829
3605
827
3502
838
3784
839
4054
847
3478
827
3628
826
3548
804
3798
818
3338
794
2181
472
2721
799
3729
695
3668
797
3599
694
3736
822
3533
458
2534
547
3450
819
3761
786
3550
802
3672
820
3380
852
3748
750
3226
675
3501
814
3603
794
3435
827
3798
852
3526
626
3516
812
3513
845
3653
854
3708
822
3668
824
3711
812
3719
807
3805
804
3616
782
3638
842
2081
474
3061
802
3894
824
2909
600
3415
800
3853
812
3601
714
3869
827
3781
844
3540
797
3880
807
3473
413
4079
815
3736
822
3686
794
3611
819
3545
827
3681
810
3603
825
3591
824
3556
812
3608
811
3448
816
3256
821
3654
732
3511
579
3518
829
3523
812
3450
806
3613
840
3751
647
3741
797
3580
842
3754
860
3618
807
3531
799
3518
800
3618
799
3247
817
3491
844
3552
809
3706
809
3522
847
3776
822
3899
849
3042
834
3606
797
3461
643
3734
792
3814
865
3142
819
3906
825
3189
860
3410
776
3528
819
3696
822
3534
770
3659
817
3525
844
3640
789
3633
812
3538
827
3055
645
3794
799
3656
845
3538
796
3621
790
3661
607
3602
852
3645
812
3112
702
3673
806
3814
812
3578
800
3441
825
3759
842
2075
452
3636
815
2694
839
2813
809
3588
812
3321
824
3598
842
3726
802
3832
447
3508
830
3762
826
3649
836
3603
544
3756
821
3779
827
3671
826
3598
829
3716
794
3894
771
3671
832
3608
830
4057
802
3804
463
3841
812
3658
824
3639
830
2862
630
3746
846
3771
820
3691
844
3654
819
3564
839
3596
832
3671
794
3683
821
3528
835
3746
814
3807
713
3856
822
3576
761
3789
830
3438
817
3854
809
3250
672
3588
799
3518
688
3718
836
3574
812
3804
802
3794
779
2804
844
3688
814
3660
794
3625
854
3689
816
4175
792
2149
442
3892
827
3576
840
3631
812
3644
787
3684
831
4032
817
3554
819
3758
822
3663
812
3822
832
3496
800
3428
807
3691
827
3525
812
3589
596
3686
852
3619
817
3776
542
3611
822
3736
824
3848
819
3788
831
3788
850
3673
824
3472
819
3243
810
3531
818
3099
726
2198
819
3794
827
3686
827
3719
603
3621
829
3561
792
3538
807
3613
829
3883
710
3868
820
3724
790
3428
790
3641
822
3240
759
1734
820
2975
820
3729
799
3639
812
3491
827
3734
795
3375
800
3475
608
3655
757
3889
760
3531
815
3656
824
3776
470
3476
802
3797
822
3706
809
3939
812
3593
819
3837
748
3591
802
3738
806
3168
737
3758
832
1929
341
1680
812
2175
439
3383
695
3504
842
3123
802
3470
814
3819
688
3608
807
3844
849
3461
815
3824
799
3902
825
3689
832
3646
809
3087
705
3636
790
3741
848
3466
794
3614
824
3644
814
3666
817
3658
634
3141
745
3463
804
3508
822
3583
795
3606
754
3523
824
3624
814
3453
814
3826
831
2950
784
3550
796
3626
864
3468
825
3620
832
3697
797
3726
821
3508
822
3481
820
4002
778
3398
822
3323
797
3553
830
3550
817
3519
828
3356
817
3772
703
2088
479
3652
827
3491
616
3523
814
3448
824
3250
856
3430
807
3531
826
3626
806
3591
845
3579
810
3536
807
3385
809
3385
827
3661
787
3550
825
3531
809
3465
784
3476
809
2969
809
3540
817
3451
802
3626
761
3553
837
3350
812
3443
840
3421
801
3282
822
3610
801
3475
706
3440
860
3328
834
3578
807
3455
820
3323
827
3682
804
3563
664
3495
838
3445
657
3518
808
3536
782
3049
792
3481
800
3649
735
3493
829
3533
474
3548
797
1750
426
3393
839
3649
789
2077
447
3652
844
3398
812
2979
637
3619
862
3490
737
3679
835
3400
846
3438
857
3282
815
3350
822
3413
837
3333
686
3474
832
3304
844
3472
812
3486
809
2513
799
3536
842
3474
824
3603
686
3600
673
3447
794
3585
819
4032
824
3441
826
2851
810
3238
842
3420
809
2136
482
3338
824
3571
800
2979
807
3412
816
3518
807
3405
694
3483
822
3471
804
3641
817
3543
779
3455
802
3423
834
3332
830
3471
827
3377
817
3551
812
2378
557
3493
840
3866
826
3257
800
3799
806
3350
638
3575
815
3468
832
3416
820
3428
814
3468
787
3448
816
2946
684
3348
802
3306
837
3458
806
3403
820
3656
825
3583
814
3438
832
2943
701
3911
799
3328
824
3510
709
3471
807
3629
827
3357
802
3573
814
3513
802
3448
807
3457
819
3387
804
3490
805
3566
829
3520
812
3382
842
3139
8839
3505
836
3643
812
2810
635
3621
807
3596
849
3350
794
3446
578
3398
849
3560
822
3463
808
3556
827
3323
812
3573
834
3309
826
3613
832
2122
465
3584
660
3601
817
3425
794
3679
802
3377
471
3771
804
3668
824
3891
842
3398
807
3368
819
3460
826
3486
809
3518
832
3771
804
3430
807
3505
835
3405
862
3536
750
3391
804
3533
832
3889
824
3478
829
3600
824
3513
797
3644
797
3175
822
3578
807
3328
700
3516
827
3523
844
3353
804
2990
832
3466
797
3368
814
3426
842
3383
825
3553
832
2969
809
3875
820
3466
817
3525
822
3353
805
3136
807
3360
531
3816
820
3268
814
3510
829
3368
802
3519
844
3854
838
3588
820
3591
800
3408
815
3701
849
3428
797
2975
702
3526
812
3684
832
3575
646
3375
794
3583
817
2425
549
3530
800
3604
797
3505
782
3583
797
3541
830
3814
822
3356
829
2948
718
2942
605
3393
829
3513
817
3371
860
3463
807
3946
812
3358
838
3452
804
2406
804
3492
828
3354
812
2309
432
3500
807
3631
624
3642
807
3506
807
3325
836
1539
837
3631
831
3478
817
3490
832
3300
868
3392
830
3435
816
3606
817
3626
822
3400
814
3613
794
3598
784
3078
673
3423
752
3590
847
3560
794
3701
832
3501
827
3400
817
3235
842
3453
825
3566
814
3731
799
3628
822
3755
694
3563
827
1650
807
3316
884
3415
802
3618
799
3706
837
3999
802
3556
812
3436
754
3611
822
3561
835
3512
824
3511
777
3375
836
3699
850
3091
822
3685
810
3481
817
3646
842
3601
810
3536
671
3463
837
3781
820
3352
675
3612
825
3811
805
3516
825
2159
468
4032
852
3425
847
3416
810
3441
839
3443
832
3450
819
3496
828
3763
805
3460
839
3691
824
3493
821
3411
801
3455
784
3432
722
3639
787
3638
814
3562
822
3498
675
3722
829
3744
827
3755
9115
3651
781
3560
797
2929
713
3536
832
3782
807
2832
601
3470
829
2058
830
3258
794
2344
524
4312
797
3786
805
4077
807
3360
822
3564
832
3560
812
3518
811
3811
792
3565
819
3774
832
3565
812
3106
825
3590
812
3523
882
3646
787
3558
804
3516
807
3724
809
2973
646
3541
837
11331
538
1933
655
3643
847
3356
774
3656
797
3581
814
3498
825
3758
827
2434
450
3480
832
3728
804
3400
829
3513
839
3793
827
3413
825
3463
824
3531
810
3470
822
3585
822
3321
809
3994
815
2272
471
3235
719
3401
802
3566
829
3443
852
3458
780
3543
814
2219
441
3471
826
3643
809
2024
792
1829
841
3571
809
3583
806
3375
839
3490
842
3468
852
3453
809
2635
608
3456
842
3712
827
3396
799
3939
809
39330
591
3505
825
3395
804
3678
719
3513
840
3511
820
3584
824
3383
797
3511
801
3458
812
3753
797
3546
827
3160
838
3648
799
3431
817
3913
796
3481
804
3525
825
3624
799
3749
804
3833
547
3706
812
3471
822
3149
661
3516
832
3488
817
3458
820
3536
600
3252
779
3571
809
3412
359
3446
777
3529
807
3661
822
3318
819
3603
805
3528
827
3736
829
3384
824
3533
709
3490
827
3389
9843
3418
826
2878
817
3438
832
3646
807
3395
807
3511
819
3395
741
3571
850
3588
812
3711
800
3443
817
3550
862
3509
668
1915
847
2271
427
3317
786
3849
839
3571
809
3518
849
3613
714
3510
759
2110
794
3488
661
3435
824
3656
794
3365
809
3458
830
3621
814
3373
818
3452
772
3355
815
3596
799
4189
807
3649
814
3726
796
1614
829
3528
802
3538
806
3184
806
3312
802
3063
849
3543
844
3721
845
3919
809
3498
807
3374
787
3516
818
3570
799
3644
822
3553
819
3625
847
3365
799
3401
764
3403
846
3819
806
3045
816
3801
809
3433
804
3690
797
3774
780
3233
740
3646
842
3493
801
3529
802
3653
814
3696
807
2933
827
3430
661
3583
794
3488
802
3500
802
3759
834
3441
799
3508
822
3510
840
3391
838
2843
824
3530
847
3465
862
3495
798
3679
805
3565
839
3575
827
3455
795
3503
820
3773
809
3581
802
3502
822
3462
807
3597
815
2387
548
3486
810
3485
9908
3358
807
3390
825
2302
545
3826
812
3570
817
1969
448
3406
518
3483
792
3764
583
3646
835
3621
837
3427
815
3591
801
3845
834
3468
835
3406
804
3600
566
1965
815
3534
809
3423
829
3473
810
3353
812
3520
808
3584
824
3338
829
2111
797
3570
792
3526
812
3661
465
3541
805
3265
812
3425
700
3510
820
3541
827
3553
809
3523
826
3495
824
3766
798
2177
825
3929
814
3350
827
3543
829
3361
809
3438
792
3739
855
3620
834
3701
839
3476
832
3490
624
2628
571
4022
810
3579
827
3736
827
3513
792
3315
748
3500
815
3548
815
3501
835
3474
842
2152
827
3709
865
