55559
38946
60476
41896
60737
41422
49836
41552
59336
46216
56883
33089
59143
51190
59444
46258
73577
41005
58952
42309
50625
39270
59725
42444
59282
41703
60281
43119
61142
45234
59712
43515
59880
41924
59078
66745
60148
41981
49275
42874
61138
42119
60010
25513
56966
38654
58911
41691
61122
42738
59504
54368
58502
53931
60260
42152
61090
32140
60486
43446
60677
52674
61170
43748
48481
35108
58955
43839
39651
30533
61045
42414
60028
41342
58449
25139
60677
42029
57676
43230
59381
41738
59233
42530
61088
42480
50893
36699
61220
43460
62025
42415
34208
25831
60980
42636
59975
51727
33257
25508
60058
53727
51225
35275
60661
42017
61123
49844
58745
42179
58156
42497
62153
48412
57134
42052
60286
42402
60720
43550
60163
41546
88511
42402
60165
46028
61343
43027
60559
39066
62019
49113
60970
37638
87388
41761
60018
51599
60002
44344
60772
42509
59825
53370
33670
43254
59632
47259
52424
43046
59206
42309
64125
42627
50762
39843
59161
52997
60666
33879
51702
36014
60231
52007
59565
42798
59787
42134
34149
25119
60917
42715
62060
48544
47720
52758
59584
42423
51766
52027
58853
43840
60802
43180
56585
51303
59204
42185
61110
42676
59221
31455
61241
42839
55563
41606
62118
52520
59860
42969
59668
43123
61433
43740
59933
41307
61160
45129
61062
43071
59264
30477
53268
39909
60849
34541
60321
42329
59749
42651
60168
42470
62014
42197
61214
59015
60815
57093
33377
27613
61597
43337
60499
43039
59905
43164
59817
42054
61098
35131
61314
41202
59790
53025
57121
42152
59509
42477
60901
42749
54954
47655
61142
55194
61150
42538
63471
55013
61338
42680
51049
42465
46685
33117
60980
41881
61177
42613
60084
42204
60875
43370
61128
42643
60251
42558
57038
36005
61624
43221
57044
42442
62163
42061
60015
42868
56497
43626
60441
42786
60027
42398
58143
39067
34680
46677
61015
41442
60819
42550
69198
42382
48806
47699
47349
42718
61749
43252
60436
44339
60687
45910
61811
42650
62022
43660
61694
43166
58173
51193
48578
31843
60451
42177
57226
49101
59243
43768
60834
52137
60210
43251
60431
42334
44012
55679
61170
34712
60722
46527
60919
42635
77781
59336
60752
42411
60887
36402
60704
42222
61304
44583
49558
42208
56954
39195
60860
60673
59986
41224
61914
42688
60006
43776
59585
43418
61013
46540
59635
41739
60481
42681
60830
42114
59807
50636
33847
24546
50975
36289
108471
44329
61923
43372
45277
51987
60276
42064
61638
38423
61178
41680
56585
36332
41093
29655
56433
39819
35825
53354
60955
47108
54992
33700
60220
43672
49806
35337
82893
52756
59173
51583
40373
31618
60695
43434
61459
42262
61769
42937
60103
42483
61383
42906
58557
42445
56956
34985
49902
35152
60299
41783
60256
42267
62989
43209
60406
27564
61003
41590
61346
42295
61336
43270
60937
42039
35538
26018
62002
42789
60153
53046
49987
50599
60434
42861
60979
54775
49466
44302
61386
27171
61827
42292
59532
42071
60434
40876
59030
51591
59674
41979
61150
42072
60176
43721
59075
41305
60822
33182
59895
54682
60434
43889
72182
42441
62767
43127
60166
40149
58562
49173
59218
43989
51746
34421
60514
42557
60158
42681
50563
43911
60353
54442
70220
42506
61426
43194
60213
42586
51409
41693
62125
41786
52249
42318
61449
34292
59845
54245
61022
43688
97367
42582
59231
43493
60614
43678
59802
56096
61143
42079
60417
43538
61597
42107
61503
35844
34661
35172
52451
36575
60982
22078
61479
42969
61842
46971
60882
29673
91908
60121
61296
43623
61877
48681
61654
42845
46874
53786
61228
60113
60696
42463
61566
42831
60374
41561
60260
41834
60823
42635
61529
53002
60659
42793
58928
41265
70139
41871
46153
32266
59324
42558
59895
42368
49582
35880
35069
41067
60949
41822
61486
55206
59236
23299
60958
36610
60479
44780
97082
42821
60639
44638
58177
37993
59123
47407
59028
42047
60518
61737
59682
42330
40571
53490
61830
37484
50091
28761
57377
36077
60496
42676
51562
42042
61531
41779
60925
43294
60762
44119
48886
42668
59110
49556
57832
42007
61907
43063
50991
42771
59055
41769
51635
26980
34681
46078
59783
42131
59908
42670
61627
42092
60466
41583
45104
39151
53130
35746
61095
41392
59973
43410
60975
33288
60231
58749
59790
51067
48445
35996
51708
40902
61644
44087
57805
50135
60263
42783
62079
41946
57870
37119
62102
42760
34105
26459
48852
33886
60126
51563
61236
50039
59194
51559
61414
43265
60689
42611
60174
42091
52695
43978
61582
42212
62539
42761
61501
38987
60904
42738
88844
42806
60592
42616
61626
41532
35353
26452
60511
41996
60822
42465
59459
33805
61115
42093
58379
52227
57319
43039
62531
43520
61375
42184
61311
42949
61906
25485
60318
62850
60496
42272
60068
43356
61003
44445
61002
41996
61102
44693
57718
41317
40899
44484
46582
41660
51409
43560
59944
44948
61253
41914
94036
26941
60326
42425
61448
42967
61163
52941
59720
52091
60251
44951
59734
42568
61360
45655
61078
42453
61852
42540
59922
42758
61781
42194
59975
43811
58918
50596
35184
28421
57058
50284
57999
49210
60478
41716
59948
30052
60316
31760
61489
43056
63255
42187
61117
41698
63666
42033
77571
32239
59649
26969
60767
42553
59476
45016
35943
44008
60087
42303
60208
31188
62598
42738
56733
42264
59216
57274
58394
49804
62438
42114
59198
51222
52291
35982
59891
44349
60963
42862
61995
43069
57360
49278
60852
42106
62000
48230
40109
29530
57324
42206
59717
42328
61555
41606
60328
42351
60269
42345
58199
41745
59031
41673
61140
42893
60509
41997
61353
43620
60125
42317
61344
42180
58428
36027
60857
41763
60366
34678
48630
34167
60796
42372
60652
47103
61015
41933
60666
39597
61927
25775
61296
45715
59013
42235
59857
52946
93307
25857
60805
42297
56495
39672
49249
34321
60141
43938
51582
42086
33918
25106
59840
40230
61488
44915
60419
50907
61241
41620
60524
43058
58312
35170
60416
42101
58908
32432
49578
55044
60436
43272
34490
53121
62085
59662
45659
42730
61587
42929
61427
42302
61451
42337
44160
41545
93524
45209
60955
35391
61155
41799
61699
43931
60804
43116
61168
42219
60178
43259
61549
43077
59750
32354
101769
52463
37979
46119
61629
43014
59645
42993
58758
42495
61025
41966
62223
85035
61138
41728
61717
42282
59868
44078
59121
42117
62797
42936
52976
35628
62314
42304
60401
51002
36770
26668
61344
42801
34816
51768
60727
42179
60592
42533
58429
41816
35654
46333
61577
41884
60727
41644
61784
51896
61314
45001
60373
42027
61669
42362
60642
42220
61594
42172
62872
42628
60205
41577
62030
45715
61892
55586
58241
50402
60574
42163
60787
42425
61421
46003
61253
42480
60985
42432
60637
42012
55744
30573
63115
42761
60296
40764
61421
41335
59487
41894
61118
42577
60692
42796
61642
43593
60767
42540
59853
35925
60271
35693
60656
42157
60636
44197
61206
56470
60238
42012
55627
49701
61048
42846
61759
42766
61993
35543
61513
42943
62792
42342
61852
42556
62225
41996
59878
50260
59012
40588
61844
42959
63459
42092
61393
42194
61238
41851
61549
42982
61574
43750
60882
43452
61310
41526
63265
42232
61507
42154
60762
43330
61157
42565
62211
42291
55291
38844
61704
36693
62842
43505
50459
30195
62226
42064
61140
51253
52276
43146
60884
42946
60458
42636
60835
43048
58099
43595
61468
44146
60819
50150
61183
41223
62099
42039
59369
40654
60820
42305
61140
42234
58444
41928
61148
41606
60489
43505
59439
49113
62756
42302
59462
41726
84552
44866
61575
42615
61052
41190
36322
44367
58344
42595
57216
50263
60286
40904
60491
44465
60908
41791
61700
53669
60549
43197
60516
42715
60271
41290
61154
42074
61710
42953
62792
42769
61443
42753
61065
43239
60852
42911
60665
43528
61176
44685
58567
41400
61258
35810
61707
42969
35399
26168
60452
42615
60957
52674
61053
42164
58570
42340
61394
42969
86047
31989
51454
36213
58557
42888
60461
41929
62290
43640
61100
42350
48921
36361
40989
30716
61118
51864
61844
69605
62896
42295
62290
42355
62509
43496
91800
42488
62789
41671
60905
42370
58753
42838
61151
52977
60374
35627
62995
42906
61222
42984
60020
50015
46977
44079
61566
46592
62268
37191
61616
42778
59925
41205
62123
42461
61188
41838
62681
42037
47962
33886
62796
45337
60880
43502
63087
44043
62293
43157
60850
41989
61849
51380
61066
41854
61817
42733
61381
43624
61592
43498
57357
40717
62281
43442
53182
36694
61060
45008
62278
42459
60279
51894
58557
50238
61088
43282
61709
42162
60546
50806
61170
42145
60948
42254
61672
50647
61935
42019
44577
42643
61950
43047
61371
36114
61761
42240
62746
40927
51225
42562
59569
42977
60980
42798
63070
43908
60749
43227
61243
42039
63408
42134
60697
41319
57657
42380
58292
51855
60095
49605
59228
36889
62142
53260
58740
42635
63030
42142
60990
53398
62137
41585
61857
62019
62198
49123
61143
44495
61730
24456
61865
41889
60829
43215
60557
51498
62113
49306
61022
43380
62243
37342
61687
59660
61223
50854
61123
36205
80334
56510
57355
41350
62486
43149
61839
51481
62157
42257
62413
40971
72956
42182
62554
42076
61882
42710
62679
53022
59955
50372
60647
49880
60925
42873
60662
41591
61438
41751
61817
43209
62016
35113
60945
42367
62085
42009
61651
41012
29160
37229
58329
41353
62130
41438
62315
42706
62714
53511
61050
43755
36500
43941
61298
41563
62639
60990
61626
47986
62197
48707
49868
33529
61495
42793
59424
41851
58855
35414
61516
42057
61578
26024
43392
22914
61777
37947
61393
43152
62260
60013
55211
42307
61551
41804
36356
26038
61573
51993
36869
57112
63095
26957
61305
42187
35106
39463
61093
43062
61373
34048
62057
53693
59101
49541
60343
41811
60120
31025
61513
43255
62208
43322
61707
43969
61110
42622
54518
41548
52035
41325
58782
31486
62123
41994
61050
42142
84100
41626
60802
35564
61642
42182
59040
42813
61586
37773
61798
51135
61822
60206
60782
41308
61213
42059
58171
41763
62040
43372
62915
42009
60331
52763
61213
41916
36815
44082
61521
41753
60595
42748
60055
41350
61058
43492
61158
39027
51826
38698
59797
46772
61649
42793
52722
35739
62121
44660
61243
54008
63112
42790
63007
42172
60822
42991
61396
42453
62988
43985
59223
39227
61061
43224
59336
49003
62097
42388
53037
33929
61223
41506
60654
41822
51278
36741
61434
42954
61787
42633
60746
45367
60324
41794
64325
35520
61421
42014
61056
41794
61850
41606
36206
45830
67141
42595
58783
52115
61190
41116
59051
32204
61140
42809
62142
43537
62253
50633
62561
43407
63068
42192
60652
41430
61171
44543
62065
39908
61175
44199
40745
21348
62233
42746
49684
33617
62263
42598
86482
48805
62975
43332
63065
43137
60514
41335
58860
31442
76438
60469
62042
42650
61573
43480
61884
54973
61664
43510
60783
37378
61002
41864
65215
42459
61812
41471
64693
42951
61729
42493
58745
31969
61855
42906
58727
41846
64307
42453
61850
38836
63238
42548
61664
35724
63411
42245
60878
44304
60762
34610
62118
40693
52175
35996
63172
59652
51443
57152
62350
37366
61849
45719
58021
51004
61850
29939
58076
32337
60744
52849
62253
41912
58990
41469
61228
54360
62707
42678
80360
59773
62511
42413
62042
45745
63599
42702
53618
38038
61644
42207
45640
44097
59647
42129
62782
42334
61245
42470
61464
42988
52379
36899
63298
44184
60068
41616
61787
43212
61293
42540
62127
37967
60772
44971
62467
41816
88844
53195
60516
42163
61221
29451
58223
38939
62160
41718
61413
42029
61003
42428
61720
42309
63222
42144
59834
49153
62246
42753
63251
42763
61707
43999
62549
31125
62314
41690
64767
42470
64248
41520
52255
39152
50740
27553
60261
30975
62062
41741
74452
41754
61602
42906
57938
44696
62335
41889
62041
42285
61648
58399
50634
37905
60609
42265
60797
43317
61729
42415
62105
42072
60953
49246
62045
43600
61758
43102
61754
41773
60501
41949
61760
44534
62799
44915
60960
42600
63256
50049
71087
42444
62541
42127
61165
42791
60724
37598
59095
42846
62866
45013
50033
27342
62612
43229
61682
42996
43400
23263
60774
44289
96154
44019
62710
35452
60281
42327
59212
41696
61658
42889
61775
41400
63072
42961
62915
42064
62889
46008
62002
41999
35379
25670
52422
53933
62403
43099
61635
42295
60907
41868
61414
60676
59625
51463
61341
41688
61955
42778
61812
42505
62125
43034
60031
42184
62090
28977
59462
40123
61644
60699
62177
100127
63168
51360
61734
43728
61543
41987
61599
42260
62566
45936
60937
49635
60245
41656
52805
36720
60790
77449
61523
37693
61672
43099
61010
49105
62942
43773
61965
39874
61424
35224
52108
36323
61436
42354
61903
34289
51610
36306
58795
42410
61453
42432
62674
36602
57499
41728
61506
41894
62238
42861
61882
42075
48911
27271
60321
54961
62636
43129
61955
54337
62039
42499
61852
36315
62987
52233
60339
42550
61245
50528
61616
53010
48252
33756
60693
42593
62622
41730
62012
42320
62406
42909
62210
42961
62317
43470
60992
44743
62574
42360
61383
41333
62651
41966
59848
52210
62100
43016
62621
42558
59071
36077
60659
37742
59727
49095
62902
43107
61621
42339
50041
52368
62243
41901
61384
41709
61857
51781
62125
42257
60451
51869
62413
51628
62183
42823
62191
43319
63970
42851
44850
41275
46108
32703
62235
42864
61359
59351
62471
44773
58739
39050
61669
40929
61116
42263
62253
42452
63107
42522
58382
42423
35762
26160
62809
43796
63131
42756
62133
50047
62957
43755
61686
42833
62601
43890
61202
59617
64370
43743
60188
44569
61424
42086
61933
41971
61494
35621
63927
33665
61800
42464
47482
41866
60574
42335
61226
44116
57644
41773
61909
41678
59351
32214
62075
43224
61339
43299
61697
51806
62023
42445
60995
42089
60464
35764
61789
43813
63060
42352
64105
42334
62050
51340
61245
41901
35783
27638
61048
42543
61371
41270
71280
41430
52009
46932
60820
41596
37143
25737
61042
41993
66711
44166
61932
42077
62309
43700
62246
42953
62022
49020
61113
42590
60523
34672
60872
43264
60516
42655
62083
42436
61669
60419
62680
42350
60694
51192
61383
43625
61494
44289
36394
54144
53631
51214
60963
43708
62842
42695
60817
41440
61389
43280
60990
53021
61257
41864
61475
50381
37309
25877
61301
50646
36203
43312
61980
31615
61543
43089
61313
42523
60677
42159
60787
42337
61960
43237
46181
32272
63684
46068
62717
42054
61464
42132
60358
59073
62664
41147
52082
35691
60991
44512
61111
41891
61792
54482
61511
43941
59533
41032
62438
44635
51603
35154
62604
38013
64247
43184
60356
41733
59840
32159
61229
43204
60224
43891
63397
42555
62727
42733
53105
41906
42888
52229
60670
55633
64030
43545
58734
50007
45377
32177
45232
31986
62493
63105
61794
42638
61411
50900
61634
42490
60146
41508
60158
51591
61326
45347
62198
43169
61832
51949
58466
44893
61792
42417
60408
31203
60694
40831
50658
35965
61652
43103
63020
60326
61393
43450
132958
41210
60324
45051
59846
40172
62398
46917
62005
41325
63794
59051
61160
42949
61865
44108
62485
41893
36855
51611
61641
42049
62709
51654
62296
42648
62268
42730
62456
42678
60895
43191
61716
41586
62112
42380
62278
42338
61103
42936
62138
31822
61847
42969
52470
35736
61083
42164
62305
42803
61609
42400
60992
45024
62463
45297
58996
41874
61290
44156
58519
31868
62232
43484
62678
42431
41633
30161
60892
54523
61899
42205
61634
42348
61760
42681
36040
28558
36057
48054
63509
42851
61238
42670
58594
38937
61441
41994
62875
42733
62689
49932
61291
50637
60403
43026
61797
42350
61882
43264
52112
43504
59098
49598
58729
32076
76009
44961
61611
51563
61112
42715
60191
50934
36658
45121
58482
32688
37146
44113
52062
53987
62433
50907
62844
42290
58176
56868
62047
42219
61471
34724
61363
42452
61096
35261
62960
41786
61744
41619
62709
42814
61466
41916
61110
42628
61385
41836
62153
32570
61521
50016
62397
42532
62318
42898
61769
41742
63169
41746
62979
42646
62488
43081
59293
52944
62008
56383
60985
41345
61744
42069
61579
43711
58227
50464
63197
44310
59269
42141
61725
49137
61576
42315
50462
34599
61855
41849
60381
42733
61178
42460
62546
43137
62879
42410
62534
43612
59083
40050
61617
45024
60940
41766
61832
42978
62193
42487
58068
32605
62781
40611
61238
41766
63506
42270
60885
43013
61431
42923
61441
42983
58843
36661
61774
38837
59727
34559
62584
42237
88543
41515
62080
50662
61320
42951
61959
41415
62290
42259
57905
49281
62624
43182
62415
41976
61666
43026
61810
28168
62500
42432
61309
42681
61746
45124
61631
37293
62185
43002
59667
42550
36378
53833
61767
71882
62411
42590
57703
48779
93908
48705
59113
39290
37353
26725
59477
96608
61165
41681
60631
69590
58820
32152
93379
41761
62446
43261
62653
52671
58760
32572
61963
42871
71895
45207
45656
35021
62273
42284
60524
35196
62183
42152
36460
44081
64238
26088
49529
37272
61188
51045
62544
41917
60339
51198
63945
42603
62058
51308
61897
36237
60647
42470
62581
63057
62889
42731
61945
60915
60697
45416
61754
26670
62561
45159
61025
40064
58960
48637
61807
41661
61937
42838
36635
25205
60770
41781
61547
53753
52985
42197
62692
42743
62386
44342
61847
41768
58301
33088
60669
42277
61604
44173
62975
42600
61546
44727
59751
48473
60569
43033
61176
43798
61484
42641
62654
43358
61439
42986
64410
42339
62453
42404
36462
26641
61806
41733
58893
34469
61774
41836
63119
42816
60599
42225
61667
29303
61013
42052
61864
47952
62048
46707
62559
43307
29769
30889
32393
54223
60378
21532
52723
42355
62245
52398
153422
51055
62135
43570
61687
41846
61784
52579
62449
42392
37295
26578
61102
42322
61506
42800
62987
42219
62533
42570
61032
42285
52751
36115
59440
41390
61291
42123
61842
41528
63012
41969
60850
41643
60021
42517
61596
41943
59123
41223
61410
43006
61652
41445
61194
42006
58856
41808
60675
45027
62922
44352
61784
43628
69673
52395
62580
41187
60082
41177
59970
44671
61717
59319
63514
42795
61113
43049
60509
43154
61527
43638
60098
52237
60521
51841
63082
61020
61784
45088
60542
52077
60715
42924
52744
28496
62203
42408
61714
23997
27826
43957
61704
42252
61434
42540
59376
41906
60577
42674
62028
42743
60259
42091
59259
41896
60429
30696
61801
42370
61846
47663
60725
43733
52636
42287
62317
43384
61771
42197
61625
41881
62484
42438
61017
43097
61760
41921
61937
42956
60974
42054
61464
41471
37499
27032
61817
41638
63149
50893
62388
43758
62115
42185
61829
42277
61077
46663
50174
34667
50533
36464
61699
43294
45593
31780
60682
41248
60785
42908
61236
42375
60656
42700
61017
51034
61679
42686
52761
35225
60314
41397
60649
43472
60800
41873
61493
35162
60030
42708
60135
31736
59589
42650
61816
42884
61707
51771
61865
61293
62740
43297
61518
41764
60511
42573
57550
42585
62980
42250
59361
31953
62013
50779
34938
26085
60219
50560
61113
43921
62865
41992
58755
51659
62414
42149
61696
28122
60862
44963
62879
42540
61663
43652
59649
32424
60083
42585
52972
36584
61026
41661
60795
43395
36277
54771
66463
59378
62574
42314
35389
51952
58427
32825
61702
50657
60120
34838
37018
25291
62398
43628
61212
42094
60795
43166
62499
42861
61978
53984
60916
42683
47725
44365
62373
42806
62710
34559
62147
41771
62759
42252
61561
36489
62231
43723
60970
43079
51229
26535
61234
42631
62359
42831
52491
43352
62060
42100
61294
42668
62175
42071
63311
42572
59637
42643
60797
43291
62125
41555
60992
41947
61047
51075
61802
43149
63217
68447
62025
42543
51212
35606
60633
41274
62187
42926
37053
54355
60020
37370
62909
59527
70223
42121
60225
42545
57773
113571
61223
42636
60383
46913
61725
42318
59689
40836
63216
33592
63107
42325
60544
42443
61211
42287
59154
41972
61431
43021
61371
58356
60837
52023
70337
41433
62789
43169
62105
43049
36150
45271
62333
44883
49807
35859
36632
42973
59815
51498
71543
58404
62644
43407
62200
49897
62323
61035
61133
52919
60496
41974
61824
42696
61842
42628
62503
41661
61874
54124
62438
42811
60835
51782
62318
41864
63273
50936
61343
42372
35382
27233
61735
42685
60504
41693
61376
51776
58450
43153
62534
42545
61622
42194
61360
42041
61932
39554
43530
31272
62476
42255
61789
43244
62005
45026
62542
42700
58882
49015
59597
41951
61559
40913
62165
42420
61183
50503
60052
42142
59845
42299
61814
43281
50244
43601
60770
42052
62393
42796
62008
43542
61251
39848
60864
42182
59783
42570
58542
41218
61353
42422
70351
36363
62200
41906
61499
42235
36893
54829
52278
42099
59838
50971
42123
43672
60872
53462
60180
42340
61770
22725
62090
42011
72267
24778
62557
43335
64283
43129
60567
41615
61376
42535
61436
42555
60411
53703
61320
42658
62784
60063
63877
42413
61869
47795
60424
34720
61787
66600
61448
40095
62250
42904
62739
42548
60812
43785
62709
42368
62697
43139
62157
39498
60551
31723
60875
43868
61611
42091
61917
44628
62130
49110
62506
42197
62431
41345
62010
42731
61174
38318
61188
42778
61038
58354
61982
41876
58537
41038
63813
38541
60777
50801
62022
41716
40950
28813
61481
41638
61631
43505
63135
42340
60819
42447
62984
42397
62381
61857
62629
41841
57775
42811
61612
34978
61802
49333
60702
43590
91758
41893
61785
42761
61105
39736
60371
41020
37648
25611
58761
39135
61142
41540
58604
52393
41143
29110
62199
34604
60045
43189
61792
42339
61253
45921
62519
42447
61093
44068
40063
27437
59993
42718
48574
38577
60572
45292
61339
42904
35181
45070
61318
42472
61288
42071
58529
42402
61401
43131
58630
41936
61930
42108
63171
42929
61592
42039
61714
42781
61055
41773
43417
29928
59143
38850
62536
42650
61586
35827
61768
34241
61872
42663
62554
42929
62308
42798
62479
28278
60777
51441
61711
33404
63057
43813
60652
45745
60639
36223
62940
37812
49317
61875
64060
41808
62762
36851
61566
42425
62831
52990
61514
41971
61806
42625
61591
42448
60772
42510
59690
39990
62050
42006
90936
51744
72146
42510
63606
41501
60978
46630
60433
44472
58109
45750
61040
57421
62759
42881
61170
40589
61248
41992
62882
43152
61978
42575
57936
42125
61719
42230
61210
51696
61587
41961
61742
44936
59844
32632
61168
42452
61461
50548
62273
42244
58552
41760
61263
42415
63405
43091
62125
42500
35388
46778
58298
40548
61289
42500
64423
42640
61125
55845
60743
44726
59872
52188
62167
43176
59795
41430
61972
43523
61313
41932
61037
42813
61824
43114
60913
44359
61799
42329
61719
43320
61373
42778
62183
40350
61459
53308
62441
42545
63461
42254
61315
41993
61549
41523
62389
41535
61394
44780
62007
42490
46181
42658
61082
34953
36602
24463
61494
47795
60732
40863
63165
69609
61023
26753
60318
49386
63541
49155
61559
42580
61692
51328
60002
42517
59539
32352
61519
43189
62285
42520
62261
42362
60531
44683
62805
42899
61854
42002
61689
44592
62013
32893
60226
42590
59812
32251
63240
42851
60569
41770
62614
43901
61790
42097
61514
42009
47920
33011
60321
45208
62240
42467
60513
41871
60890
41550
62068
42823
61649
42405
71429
60566
60657
45437
61706
41891
58957
54527
62548
52252
62315
42304
56152
30654
28416
44858
61827
42407
61787
43029
61115
75025
60730
44905
61261
42025
61205
51717
59932
31208
62436
42856
60426
41467
61283
50634
60923
40907
34340
31240
61340
44609
61894
43065
60996
41989
62218
39050
61178
42783
59374
33094
61389
41538
35629
57745
58011
55716
61989
43292
60930
24895
61353
43299
60289
44309
61699
50601
62273
42261
61221
34119
61401
41325
60930
41725
61732
42119
61195
41665
61196
40770
58086
39170
63752
45141
62520
28844
60675
42714
61740
41365
27580
46141
60990
50303
62449
51905
60928
42321
62082
51556
60459
54124
37286
46700
61223
42480
60581
40235
62556
29549
62303
42084
61000
36641
52111
35450
60357
32598
60783
42245
60479
44948
60386
43730
60843
53945
59960
43340
61310
38543
62158
44687
35311
23984
60689
49649
57878
42069
61253
42830
61556
44751
59930
52508
62551
43039
35273
26541
61394
43393
61704
42482
60534
53725
61519
41047
61263
42590
62400
42585
52219
36965
60456
41662
60564
41520
62338
42475
60583
42633
82980
41961
61845
42563
54990
46268
63779
42836
62592
52419
61408
42257
59707
42072
62601
42262
52551
44938
60624
41858
61809
42024
62761
41505
58482
40079
61704
35956
62253
41896
60850
44134
63215
43019
62042
42530
60602
42507
61020
39709
62461
46274
60289
41520
60855
41869
61236
42793
61433
50952
62617
42047
61689
34317
60151
31796
61712
41232
62511
42685
62336
42790
61048
44978
61303
40441
60244
41779
62089
42117
61847
41706
61118
55664
60622
44893
59138
32748
61697
49703
60674
45399
61246
42042
100546
43196
61599
42033
63120
43810
60742
41804
37221
27749
60612
42410
61471
42460
52673
46593
60967
77331
58354
48952
62546
41761
61619
54320
36113
35381
35258
25825
61384
42973
60739
42870
34288
27670
61447
42403
61386
42838
61868
42905
61939
41992
36785
54863
61684
41705
60782
43242
62440
42149
61095
41154
61817
55840
62639
42768
60426
42650
60022
41408
61607
42939
48204
43916
60680
47245
61075
41786
60152
42438
61238
42651
60236
55715
62905
42197
58015
32048
63345
41799
61396
41443
60622
43868
60547
53904
62251
41859
52451
36221
61240
26015
62137
42643
62278
42681
62165
41688
61030
42167
61797
41537
60090
40888
57961
48188
62140
42487
59043
42864
61913
42468
50931
43382
60581
52914
40134
29785
61862
41175
61248
43557
62526
42167
58226
31513
59474
43746
