63644
42277
64255
43136
63275
56003
63847
54662
93886
49155
64175
46805
53033
54219
62802
32973
35106
33441
65458
43640
59127
78294
57846
50576
59720
43793
63618
43390
62278
35637
63218
43202
62786
36941
49234
35524
62454
52831
65152
43119
35289
45895
65709
43181
63744
43507
62746
42779
62135
42420
62546
43017
63053
42618
62170
43432
62679
50527
65394
43499
64395
43773
61336
32497
62719
43332
63699
43275
42943
46853
62971
46221
62370
43300
66732
44216
64031
43780
64288
43057
62336
40964
41554
44755
36592
56017
62286
44519
64397
54531
64112
43420
37169
41833
63022
42573
63768
46033
63713
25798
59900
36554
62882
56486
64345
44043
62937
42380
55070
42490
63526
42821
64801
52731
59151
38651
63724
43139
62603
46844
63717
43422
63794
43840
62539
45858
63209
43497
64541
43610
28464
46419
63716
46781
61942
45893
60189
42358
64455
43508
63977
43540
62153
47667
63541
44029
62358
43266
63570
43605
64004
43282
64088
45129
53655
44157
63124
56720
63641
43989
63977
30903
58657
42410
60748
39847
64330
43700
64025
25347
64639
43513
44339
41061
65003
43990
46680
32536
37000
45850
64146
43297
62341
42249
63021
43723
65378
44099
63927
42916
63817
42778
36173
46572
63049
42430
64388
43063
62488
44823
63537
45691
62235
33911
62216
44340
64085
25613
64924
44304
64258
55973
54613
51046
63027
53738
54609
42721
63057
35553
63513
41478
65047
44075
63779
33950
64240
43294
63856
46885
63281
45506
62877
42412
61002
46863
63841
42682
63578
39368
64553
42067
64150
42084
64090
43277
72523
42586
48806
34235
59098
43966
63519
56673
63012
56144
65620
43331
35279
25772
64009
43217
63937
43297
65090
44066
62804
41209
61044
44755
63341
43448
64095
45517
64696
43608
63911
35099
65801
43083
62944
51758
64428
42455
62601
42104
64410
53180
62531
46018
51818
37403
36843
39320
61236
37894
64213
44517
64769
44041
61927
42557
62582
56857
62165
45604
45105
31295
46729
46306
64403
42808
62764
41974
64115
61837
65129
43425
64119
37889
42376
29588
64065
44074
59635
43680
59848
42215
63985
43147
60253
42430
64962
43307
52631
36197
63383
42698
36694
51892
63797
42776
64418
42906
63202
43105
63183
40936
62186
46873
65074
26508
64698
37058
61107
39470
64649
43256
35406
46740
63298
43154
64808
44179
63512
43335
64310
42307
60669
39014
53945
37693
86799
44414
62932
42946
53455
35859
59998
43357
64428
41834
63349
38506
64574
41935
63965
34114
64851
43447
63100
42891
63100
60441
54046
35201
91387
43583
63471
46299
35890
28305
62952
41831
64180
42991
62449
44456
63333
36336
64105
42872
55280
36449
37090
26632
64433
46256
62879
43152
63613
42242
64438
43254
64072
42748
63787
43269
63138
43496
45289
32598
63133
42307
64180
43094
46873
36909
63962
42924
63306
43648
62463
43811
86555
42150
63945
43520
65021
43149
63917
36852
54247
43477
64208
44748
62854
55352
62659
53252
60085
31885
64232
43671
64323
42720
65656
43821
60592
42560
63270
42987
63959
44302
63709
43530
64570
43297
65440
44214
64413
43076
64448
36467
64228
44344
51429
37636
45258
61295
64601
32736
49592
43603
54105
43418
64563
43365
62790
52523
62872
46780
60684
34497
64150
43324
64155
43151
36618
27503
53950
36537
62718
43287
36431
53669
64047
44672
63937
52202
63977
33625
46946
33697
63620
43823
64788
44455
63644
43335
64087
43480
64174
44490
62948
43883
48030
43983
62243
37690
55180
37325
43095
174849
65377
43039
64165
47160
60435
41994
63453
42809
64566
42225
72525
43610
64668
44159
64299
43959
63783
43495
61877
42956
63842
44625
64160
43573
63381
42530
51184
43778
64884
44013
62890
43487
63889
43680
65738
43879
64027
34110
42191
30214
65009
43234
64418
35460
63050
43056
65395
42960
64275
50366
34268
23541
63255
46919
50152
36815
63857
43380
65237
45692
63130
43006
63223
35580
61756
43846
37095
28998
63959
44382
64322
49163
53774
60282
64057
44695
63702
52791
63989
54252
62489
44029
64165
43733
64767
42892
64628
43242
63714
44024
64073
46590
64721
42602
64107
43851
65177
42708
64889
45855
62994
42678
55794
39985
63631
43262
61150
43166
60439
50663
37112
55411
63418
43122
63147
42038
64633
51070
64104
43996
63493
44404
64403
41684
65247
36020
64305
74649
63834
43011
63413
36761
37599
44848
61807
44475
63846
43936
65212
37991
64681
44550
61074
33192
63434
44272
63073
43682
63496
43605
37281
26692
63213
34694
64746
43815
72598
42066
69965
43467
63299
45753
64914
43412
63779
43369
63631
44855
63886
43630
64125
35653
61832
33475
62802
47772
63571
42984
66427
44038
36376
26100
86090
42931
64516
42785
63243
52922
63825
44277
64991
43851
59061
23517
64199
45068
63874
61634
64152
42828
62424
43280
60275
37081
64533
43092
64147
45089
63867
45187
62293
43115
61942
35682
62233
42530
50927
69630
61188
43675
35735
29043
60942
43189
64877
43477
63884
42249
63461
51752
64609
42656
63722
43888
65082
46429
60566
42911
59585
22351
64804
43392
63721
43941
63962
43448
63390
43841
65566
43287
62616
43535
63707
35074
62451
42984
64020
44144
47565
33286
64250
45811
64839
42407
64728
42818
65538
49507
64766
46781
66121
43548
63942
42918
62819
36439
36783
42938
63767
43026
64990
43001
62912
43475
64114
36103
63691
42859
56526
40587
64604
43247
64002
43249
87906
43876
65260
42728
63990
44948
64738
43965
63571
79826
63799
43517
62468
40362
39997
30996
62241
42896
63558
45412
59541
43035
64676
53967
63193
42713
60994
37663
64724
43964
64445
42736
63661
43400
63365
45111
63509
44535
62854
43423
64275
43250
41813
30054
64766
43840
36518
50974
63789
44239
60389
18186
63268
42999
63749
43337
52445
37914
64556
43740
64819
43533
64513
43432
63473
44159
63175
46331
54142
36990
64037
42247
63756
44093
62654
43006
65551
43793
64951
43289
64816
43899
65127
42775
61256
38516
64218
43113
64633
43141
36524
25720
47269
32313
64929
43613
65759
37224
36317
55650
63440
43293
47289
33089
64177
43673
63681
43116
65069
43117
64217
42295
63290
40220
52456
35784
105748
43284
65626
42839
60827
41950
64518
42803
66013
43930
65320
56071
65093
43387
64892
45878
39302
46764
63656
43052
65907
40966
62925
58341
37971
26756
66344
37545
54155
43475
38364
26294
63683
43012
63831
43242
65383
58258
63682
42728
38498
47141
63501
43758
64759
42724
64818
43121
64829
37063
63051
51769
64573
43728
63528
35789
36760
47779
65150
43415
65072
42866
64741
43791
65503
43505
54368
36714
101786
41900
43725
27168
64263
48301
64187
44092
62677
42931
64698
44643
47498
54435
64360
43191
61191
32996
60005
42134
36369
34381
64203
43883
64425
43853
64090
43630
64721
43533
63069
56920
41995
29769
63606
44122
64390
36905
63694
43748
63400
43054
66142
43104
63701
43177
63520
44572
65716
37591
55312
37330
51705
44316
54730
26362
63726
43372
63288
43838
63954
42891
35662
25474
64922
40609
64167
43214
47192
44467
62155
41781
65609
43618
65670
51801
64073
29544
64586
43430
64416
42269
63945
43285
65025
45878
63345
55532
66174
42563
61208
21891
63608
75178
64551
43249
64138
43460
66966
43991
67124
43793
66761
43560
65407
43004
64655
52258
65385
44179
64879
45196
60138
41966
63213
42482
63852
43143
54427
35992
65255
43327
50306
34728
65619
53069
63629
46430
66114
44270
37541
46112
64007
41841
55110
36381
64832
43392
63804
43021
65683
40778
64701
44008
54690
42811
66728
62672
65150
43678
64107
43538
64431
44036
64102
42775
63614
43320
38213
26796
64612
42357
65668
42944
64098
42259
64957
43780
63829
43400
63749
43335
64373
44056
63749
43176
64183
42972
65831
45142
63415
42909
38333
46058
64235
52408
67970
37479
64450
43224
37826
26731
64067
43359
64688
44159
63917
46294
65729
44432
63571
43919
70953
43924
65147
43825
57358
33604
64230
48832
65597
44888
63601
43976
64438
42658
64257
43009
63205
43614
64115
42712
65771
52127
65653
43938
60593
44104
62721
42790
65100
36745
65039
44128
64639
43294
64722
44871
65565
27647
64705
42823
64548
42763
64901
43565
61148
33259
54401
36921
64357
43251
64901
42538
65292
44598
67495
44212
64766
46943
63654
43335
50861
27689
64128
44894
62531
37228
65659
43728
64427
42122
64867
42287
65295
54320
64584
41378
41360
35581
65468
43956
63546
42806
65145
43448
65669
44113
64110
39233
64468
43217
37709
35120
54952
39457
66334
43848
55633
44302
62108
32174
66299
43317
64315
43195
65345
33891
63779
43136
59367
42092
78293
37213
63814
42683
63494
42515
65495
44685
64676
43427
64616
43587
64794
45121
67004
43671
37953
58928
64887
42427
64410
42615
64811
43458
63987
43157
64230
42705
65252
45191
65400
53896
64685
45144
65784
43330
64883
43460
64556
42665
65528
43405
63581
44419
66232
43035
44176
31258
64646
43460
61952
42898
66876
43280
50514
34337
37678
26037
63416
44324
64300
43925
64476
45309
64070
42601
63899
43067
65827
42728
65348
43823
64808
44923
49993
37386
66078
44923
64396
43826
36705
24991
64914
42454
64703
42876
65410
30658
65382
43408
64664
43201
63879
44661
66844
44237
65325
43545
66345
53883
63122
46084
65607
44520
62125
34324
64500
47000
62834
42413
64538
42714
65603
42883
61870
42119
65142
43450
64688
43806
54616
44265
65045
41373
63752
42222
63803
51576
63222
43465
65493
45068
63742
45379
64651
43164
63396
42901
48802
35181
64560
43500
64970
43237
65901
44507
63150
44537
39086
20638
65096
42708
61873
36532
36290
57299
61103
44121
65981
44270
64681
43951
63789
43981
64051
45244
67417
42512
64245
44600
67465
52631
65197
38389
65114
45960
37540
25182
64681
42375
66034
42819
60281
42438
65601
44552
64876
43625
64804
44770
64841
43973
63341
42449
64991
43718
64067
42803
64252
43262
65240
43179
48654
34967
64842
43001
63786
43925
64979
35501
53415
36321
63007
44294
61899
36836
65808
43367
60601
32501
64878
43552
63549
42646
64803
43330
64412
43114
67146
43483
64979
43379
65019
42996
65803
42800
66242
45509
64245
43194
64669
38741
63533
42575
64167
53317
39301
44580
66783
43497
64310
48070
62907
41054
85604
50546
64546
42984
64506
52969
63658
36653
64398
43959
56329
37980
64425
43019
66671
42026
91944
42387
62251
42134
65861
51799
64463
49239
54939
37101
63252
43149
64646
46176
64491
42863
65701
50026
66396
43713
63822
43402
65131
52916
61368
39207
63095
33768
65462
43858
65628
43608
38224
43174
66558
43668
65255
38071
65316
42560
65453
42889
65176
43161
66751
43507
56338
36813
66327
43286
53824
27246
64794
43134
64811
44153
66465
43175
66350
44768
64874
68046
65266
43199
66788
43398
65596
43878
64611
42811
64548
43562
49612
44061
65212
31156
64312
45103
57024
41002
89016
43219
68378
44494
64945
52681
66520
43387
64656
30563
65137
43119
64102
43543
65445
42671
59494
38990
61517
43098
65481
42823
65438
43918
64357
36521
66041
43286
66285
43307
64756
45213
64847
44911
63405
43287
63668
43973
97476
43330
65951
65668
64117
53235
64753
42668
65348
57760
66132
42991
66518
43805
63804
44071
63982
43979
65019
37059
67071
54814
65245
43177
60947
42873
53393
43195
62225
43180
65067
43655
64994
42838
66434
45179
66157
44738
55964
52514
65142
43304
66776
54744
63170
42658
63150
46773
64430
43247
57070
39180
63408
42868
64879
43552
65799
42941
65163
43016
63554
43597
64351
46388
65803
42893
65010
43560
65623
42681
64889
43319
65160
54978
64991
40512
65728
42260
61855
42060
64758
41881
64789
44673
65583
41929
65688
36052
65566
43670
61626
40400
63977
43627
65160
38356
63937
42405
65991
43159
65906
44330
65424
41638
62396
42240
48987
45304
65586
55856
66390
43202
62653
44895
64496
58993
65009
43242
66194
42999
64969
43542
65089
43247
65781
43062
63980
44748
63654
42989
65047
42951
64839
42816
64311
43145
64473
42029
64124
44149
64152
45988
51786
34887
66313
43357
64723
43339
63691
42675
58610
39196
52908
43028
65560
44395
63990
44880
37682
47557
64959
47609
64882
40225
64170
42599
51670
27399
115876
42613
66640
43275
64340
43941
66736
42012
64302
45750
65407
44514
64907
42089
65680
43123
64460
43412
66521
44046
65641
46599
66310
46156
64646
44813
65990
42700
65611
42999
64818
43161
65513
44911
62345
43718
60201
50657
61782
26635
63458
33206
63157
42545
64650
42866
64162
42568
64887
25839
64603
31292
65240
43650
66116
32898
62163
32672
64721
45189
65666
46141
65496
43556
64886
43585
61143
22169
65233
38673
62639
32960
63249
42009
65009
44362
65545
68725
64656
37186
65508
46629
64005
44189
65214
43187
63919
45657
54232
33142
65315
36967
62120
42648
63652
38555
64761
44395
63951
43831
65079
43355
64941
43602
65596
42898
65051
42954
64791
51827
65327
43031
65165
43074
61265
58808
64095
44523
64686
43720
66387
42879
65408
36646
61711
44915
65585
55070
65077
43106
64047
43325
64994
42104
61133
43154
61624
43011
62445
41751
65034
43738
65307
39950
63674
43199
64666
43154
60646
41698
64069
43191
65408
43009
63691
37293
64853
44079
64697
34477
64488
44612
65325
42996
63506
33442
65483
44214
64230
32735
47236
35287
64315
45124
64885
51585
63967
43780
65736
43525
64159
45597
63643
42695
65007
43686
65561
47502
61384
33194
65498
43319
64611
43259
65268
42865
64152
35292
65164
64391
64766
42966
64929
42826
54080
53388
65620
43066
65022
57594
55325
42307
63726
45448
65894
44349
64342
44379
63714
44732
63924
43437
64415
43583
65361
45094
53837
43810
62917
42946
65932
44272
65115
43192
65149
43089
48336
33238
65167
43385
52696
35338
64047
42788
63857
42933
64896
43784
64987
43229
65260
45284
65853
42806
61937
33394
64902
43498
62326
51573
56652
37125
65520
36457
66017
44111
67274
42297
65588
62773
65761
42723
65723
47277
61792
56078
64357
42751
64305
43417
64315
54941
65639
42492
61949
42941
60967
43107
56034
37720
64937
44833
64629
42548
65580
45592
65202
43150
66483
43272
65159
42607
66244
43389
56512
41520
63553
36756
64625
42983
65716
43397
66157
42903
65368
45194
65961
46369
65042
45737
65185
45089
64688
43216
66152
68235
64645
43843
64224
43339
52846
37571
65132
46046
65771
42858
66205
42861
64568
54179
65358
46124
63887
42919
64797
43613
64827
45136
63901
42533
66951
43194
64132
42790
38897
25061
45817
32341
65383
42792
65540
42638
64518
43114
65812
43532
64704
43074
65588
54612
66490
42863
65237
43598
65513
43508
65235
45732
64483
44927
63180
42813
65272
43565
65804
36912
66390
42939
65184
37063
55869
55042
66262
49106
65798
43126
65266
44405
55396
43830
66363
43943
65014
42891
65716
43510
64572
38337
64936
44916
63343
51984
68102
36121
64338
62985
64232
45061
64931
36925
63686
42676
64155
43512
65180
44495
65082
44249
64926
55242
66110
43249
65513
42981
44641
30507
66067
43234
64649
36931
64403
51849
66302
44555
61199
40505
64505
41926
64726
43039
60055
32259
55196
28430
65638
44031
65573
43037
64733
42017
39248
27006
39239
27017
38386
24378
67879
42671
50826
44474
66398
43590
64558
34249
64533
42476
65142
42668
65453
43648
64981
46106
64915
43796
66004
43891
65032
43893
66428
44279
64451
43412
66084
42873
65237
43738
64606
42152
65022
53824
65220
46121
64942
43546
61453
49770
66292
43500
63235
50020
63355
44444
64558
39349
61193
32903
63846
45385
63907
42944
65816
42811
65673
43868
65748
29997
66242
42726
65265
44287
64521
42543
62619
42190
63643
43166
65200
43570
63995
38857
65733
43903
65362
42801
65487
43516
65418
65751
64899
35137
64398
49047
64568
46840
66779
48211
66112
43018
65406
44357
38152
46253
63654
42830
83683
46387
65455
52255
66165
52057
64455
43191
63561
42763
65661
43691
43487
30134
63180
42197
60143
42062
65673
43234
64934
43800
65042
43194
65233
43141
66174
38058
56518
36228
54898
36201
63188
41465
64360
43735
64049
43530
62851
42165
66375
43415
65240
61140
52683
35112
38848
27042
65836
35722
64448
48198
65120
43690
61591
42811
65879
47684
63075
42495
65345
38079
65460
42703
63962
43873
64686
47108
65706
42658
65565
45703
66442
42826
65360
31730
63844
54250
64646
42111
65503
46198
64844
44931
66510
43951
44215
30967
65365
42573
62945
41748
66450
32072
65162
43853
64897
62058
65563
44434
64335
44304
65951
43360
64020
43304
65931
41731
70789
43888
64924
57327
65398
43137
65052
43708
62719
33194
65615
42089
64814
42923
63608
43986
65032
43424
66309
43776
65011
45998
61982
42206
62215
42427
63827
43678
65119
46139
64897
45552
51398
44005
65044
61531
37369
45051
65049
43593
64456
44007
65445
43473
65069
44432
65069
63000
38472
47966
64883
42803
65084
36690
65448
60586
65245
59369
53879
43247
65475
43846
64854
44372
65811
44505
62365
42540
64448
44795
47276
42959
56108
36644
66059
42991
64751
40724
64436
45103
48568
34599
60924
32762
64929
43276
64207
42319
66069
42740
65020
42999
63687
42459
64706
43014
65297
42399
61865
43031
61714
43309
67225
43472
63442
44725
63158
42269
65979
35235
64937
43482
42939
44771
64664
43662
65706
43648
64989
52442
50050
42400
55661
43195
64720
43860
66441
43056
63290
43003
66174
43472
65077
37242
64268
44251
64957
43311
64633
42886
37666
28152
65165
42800
66824
42545
58947
42943
65446
42851
62679
42922
66270
42028
73895
41348
66761
54029
63962
40492
64518
45234
64333
27886
65909
51546
64486
45765
64659
42926
67658
32288
64616
59466
65969
43773
61816
34675
64135
43147
30421
22952
28855
64963
67084
46521
64946
46258
37950
46607
65781
46351
54485
53425
64949
46276
65422
50684
64293
44462
64734
43875
62186
33542
54875
43184
64751
43126
64656
43627
63974
43667
56514
28665
64255
30497
49973
29230
64982
43711
65302
43763
66217
42983
63030
43139
61551
51356
64654
42879
65731
44448
65781
43600
91773
43106
63423
47084
64025
46692
65330
42731
64418
43380
61967
44121
65661
41544
65169
36672
63646
51984
64796
43803
66134
43159
65731
43946
63741
42585
66172
41808
53575
60085
62277
43177
66302
43312
43635
44543
65517
44325
65583
43615
64417
34266
62922
43039
65758
26199
29288
44205
65899
43903
65645
48660
64491
44354
64270
43650
64285
43184
65240
43573
110644
42628
64238
65356
55637
43921
65984
43908
63816
43592
65288
42008
62238
42997
65641
43272
60006
42229
66653
43695
65947
43492
65255
43435
64713
42500
64268
42420
63348
33956
92938
46906
52422
41694
54226
43194
37920
47036
65227
43257
62888
41748
60923
54137
64811
44299
63358
43280
91207
42974
61264
38567
64117
42668
65583
43124
63188
43126
64412
43142
61669
33218
65178
44034
62403
42701
64047
42606
73462
42899
63213
40368
91282
37516
54693
36746
63584
40646
65279
43742
61619
42297
65352
44161
63940
45972
64887
44505
67046
42072
62348
39722
64909
42873
64037
34391
36383
58224
65147
44111
62759
25951
64666
34982
63560
46301
64277
44264
38225
26602
64553
43601
94130
48775
64575
42427
64979
45698
64047
42971
38059
45517
63696
42828
65713
42833
64180
25449
64849
35143
63177
42157
61545
43307
63361
42192
64511
50472
65138
45823
65149
53010
63634
36269
64072
47319
63445
45840
65168
43002
64711
43720
64228
41986
61579
40569
65609
43347
60836
52312
64090
45357
64636
43399
63784
51690
48944
33702
65037
43328
65488
43702
64688
42523
66257
36191
65999
67538
66310
43517
54862
44470
65215
43437
64190
42950
64510
52540
65034
43289
62801
43429
37650
26477
73758
42738
62173
51039
64789
43553
54495
43851
62241
50731
61617
41553
65837
33149
38409
45426
65560
43231
63222
42778
63829
44640
64013
43071
64142
52809
64886
39393
94948
43154
64236
41991
64258
43582
67051
44204
64706
43655
65488
43708
64696
43172
64246
43741
63526
53793
65581
45993
64114
44402
60829
42360
65447
43392
65212
43841
64874
48692
66761
43537
37749
45771
66250
46013
64568
36166
64350
46041
64683
44182
65328
44181
63155
43402
60567
44028
65210
46396
62270
33382
64635
43612
64425
45410
64578
43309
65931
43580
64707
54263
64200
42621
65425
45109
66069
43856
64689
43781
65162
43620
56398
43184
50302
43711
66227
43743
65506
43510
64731
43407
64814
43169
65377
43284
64831
41776
64871
43061
65951
46256
66152
44863
96792
54668
67382
42558
60822
41125
91455
37216
63127
42828
64199
42958
64705
42415
64712
43815
65651
56452
61078
36060
63829
43667
65906
29634
64440
43082
38742
40672
64886
43835
64769
42811
63698
50200
64042
36046
65696
34181
65305
44578
64378
43520
65776
42795
65275
42943
64127
45464
64915
43219
64703
44062
45513
43883
64891
75839
64193
43914
65563
43818
66134
71600
60526
24316
39209
47790
65936
44128
63603
28591
65298
43016
65716
44400
61408
43214
64546
58173
61321
32460
65064
42703
64691
42626
64306
42931
62523
41618
64396
33596
65252
43903
65707
43082
106409
35886
64696
42932
50059
34417
65578
44011
65969
40149
63450
43181
65157
45140
39731
45465
65440
43740
65002
44923
62024
42264
65856
43244
67007
43933
60921
63110
64808
43073
63764
45138
64137
36181
66313
44467
64867
42893
65102
43550
58588
39371
65566
43056
62429
44673
66739
42570
66264
43079
60143
52568
60723
56047
61424
43103
66270
43477
65901
43325
65357
42984
52008
42746
66568
43422
66027
42986
62749
41696
65007
43362
64764
42279
65781
44392
66543
42914
64756
51000
65516
38038
66606
43338
66172
43816
60378
41617
64763
53608
66057
43219
64638
43688
44230
42202
64498
42583
49927
39259
65485
43089
65546
43294
36525
36332
64781
43658
65973
43500
52753
53300
66084
38914
63666
43999
64934
42658
63684
54184
65115
43122
66110
42919
62922
33660
65851
44580
64674
54225
64939
42495
64676
42855
50809
38277
64916
44169
66099
43638
66445
42297
65315
28776
64751
47565
65666
58129
66286
47991
65748
42773
64891
44239
67535
44161
64267
42705
68074
44780
64799
43954
64982
46850
66335
40535
64836
33465
64549
42987
64123
45808
64083
43851
66102
43493
64443
43176
64724
52465
65414
43347
64703
44916
65386
42961
65289
43254
64510
44570
65046
36117
50989
43097
64799
45410
65157
42923
63831
43269
65362
43944
64543
42568
64132
43783
63849
42883
61706
49878
37752
25934
65390
54838
65249
44046
66550
42775
66028
43092
64636
43635
62778
43560
53445
27722
63984
42059
64087
43182
66793
46083
68207
44846
63987
38168
65080
44286
61331
40078
63880
45172
63681
37950
61626
51839
65689
43229
63997
44487
60185
42300
64350
43272
65255
43690
65318
45996
55525
55913
63922
43327
63642
43928
61266
44562
66633
44224
58718
39125
61674
43444
64799
43858
64540
43642
65157
43808
63223
43221
62566
42394
64580
44086
65200
43675
64578
42591
65220
45642
65590
42577
65115
41325
64100
41324
65263
42668
61528
32542
64338
44755
64726
43736
64934
55878
64065
45216
65553
42826
64881
44104
65031
45590
65197
43337
55557
43644
65388
43327
65748
43357
57860
42493
65866
43988
78492
42946
64383
43064
64989
43698
66094
43265
70228
43876
38523
59927
64492
50704
64994
46329
66022
43853
60997
51789
63102
42849
65425
44477
73393
42701
64418
53631
64710
42981
67070
43211
65671
45607
66713
43131
65246
43422
58095
30172
64072
63423
63152
43418
65806
45169
64338
44023
64769
44121
62116
43081
36509
34311
64621
43630
65290
44379
63538
54455
65598
43938
66312
43400
63440
42695
65300
43505
65278
44768
66242
43177
64643
33391
64482
42671
37180
26376
64044
42876
63837
42056
66754
42988
65718
42249
65100
45542
63561
55755
65235
43475
64446
43642
64686
43300
63621
42558
63751
42797
61717
43545
65024
43803
64278
43725
60636
42265
61782
35299
67240
42791
65558
46142
64460
43362
65641
54984
63177
43199
63852
42725
49993
34297
64087
42632
60950
55888
63080
42914
63934
37882
63842
43129
62596
29046
65613
56056
61407
42476
64101
43891
65503
42758
60842
50710
60291
43076
60180
34551
62799
42092
63689
84522
38825
45675
66550
43633
37288
28500
63346
61179
64578
34310
61799
42047
65090
43187
64265
79450
66387
43615
62345
28497
64601
44762
58358
30439
64600
43111
71201
32757
63834
45059
63807
43811
61333
39010
65312
42435
66287
39939
61481
33242
62954
50498
37515
46156
64906
43888
72053
43450
64385
43853
63867
43580
48603
44269
64129
68252
64193
43776
64943
43049
64824
43101
65563
42715
64683
43266
64952
37778
64463
43092
64270
42974
64388
42706
67126
52581
65416
47141
65433
43640
67553
43388
62771
50160
65673
42298
64343
43415
64741
42513
64327
44803
64659
43034
66869
35772
34959
28428
65716
43305
64107
42908
61130
43255
63812
45437
65095
42774
65103
44287
65988
43387
65936
44006
66894
27209
62193
49895
64801
42204
64230
42575
65623
59589
65435
44304
65267
34306
61659
49113
62857
42828
65613
41944
61984
44504
63847
43607
62571
31941
104121
35727
64707
43570
64371
46507
63631
42748
63408
43732
64969
42132
64132
48321
66009
43908
63591
43893
68886
53503
64197
46432
64894
43602
65129
42911
62881
41904
36431
27008
65400
42766
46955
32787
64826
43241
65355
45181
64060
43820
60351
41536
64488
42739
64139
50182
64651
43905
64275
42573
65302
53658
65929
44141
64609
46594
60694
42200
63150
43335
64816
43728
63992
28239
64112
43199
64468
43061
59484
32511
63796
55269
52601
44945
65312
53176
62606
25133
83851
42872
66217
43620
62190
43029
64711
43395
64420
42794
63583
43325
64083
43322
57530
47049
35826
26584
61698
42623
60893
41936
66728
69816
65348
44031
63554
42829
65976
43930
64245
43079
65104
54671
63195
49773
