62884
53327
64546
47015
65543
31804
63275
54241
64944
44309
65044
44205
53627
61983
64909
43164
63396
51804
62902
43537
64328
47962
65026
44242
65543
44742
60523
44199
63117
46009
42002
32051
36466
27366
60644
43979
65769
52443
66044
44445
64544
41337
64020
44247
63473
29839
66144
43905
63929
61400
60589
46446
46689
58459
64573
49021
65270
47897
63328
34153
62862
38214
46719
45522
61849
29136
36241
46532
64352
43889
65395
45457
42437
44602
65059
44322
64207
43470
65112
38551
63711
58033
54335
47399
64643
40492
64198
45232
51851
43627
64097
53036
55257
46781
63205
38225
65152
54173
60338
54267
64939
45376
64621
44347
64969
58398
36302
46178
55673
40506
63979
43477
61932
43746
64097
41248
63942
41516
63272
43740
64563
44512
55330
37539
54884
35881
64172
42144
95243
44168
38138
42445
54137
44106
51921
44421
64603
46219
65015
46727
65739
58596
64408
47114
63180
47805
64977
60256
64851
53007
64002
43773
66064
42407
67312
43969
55173
41615
54346
39589
65027
57695
65340
46289
60290
56815
65077
44382
35326
46728
65366
43798
65375
44447
65294
55713
65691
44036
63290
37962
62902
43528
64032
41694
54696
40088
65367
59937
65012
43508
53542
43939
76057
47128
52414
46166
65217
47793
64464
43042
65202
46092
63636
44082
63744
44036
65232
44064
64292
42570
65242
45748
55677
36793
65133
49230
65179
43931
37021
27924
52711
46286
66428
44826
44051
48185
60483
39030
64836
45498
62889
54197
64245
44096
64984
43199
64799
43620
63536
53697
65420
59386
65440
43417
43832
22703
63576
32074
36289
46343
51618
52629
65135
45892
61641
54415
63641
55115
64999
40792
51767
40879
65337
44993
66287
43300
63040
46304
65000
50152
66628
42244
60870
42320
53939
37221
66017
44430
65636
44452
64030
28822
51410
63360
66131
43710
60701
44224
60216
43592
36594
25044
61511
35371
64887
43915
69389
36514
65365
41385
63659
45961
56047
41101
48656
44182
29758
38642
62110
51890
65370
43616
65508
46252
64423
53136
66904
45309
66067
43989
60474
44772
66064
47820
64899
35024
64488
43658
64215
44452
65300
44613
56276
44004
119960
44051
65300
44492
54740
57160
64132
50925
64966
43808
64571
43147
64531
37284
64677
43791
64528
46540
65270
44838
65611
45569
63906
45655
64869
34654
65358
43743
64673
44808
63837
43818
63787
44877
64441
43366
63767
36708
37031
25742
63559
44061
63792
42247
65458
44413
64067
44094
62125
61295
64797
44843
65252
44302
66109
45792
64779
44339
49340
44219
64159
44312
55162
40121
65069
44730
37014
30967
61965
42874
64097
44071
64711
45276
65283
35738
65027
43915
64245
54718
66040
27449
65027
43723
64802
44024
36516
29782
36732
36369
64997
43891
54630
44261
63831
43490
64172
51771
64596
37007
66283
46391
64380
43570
66430
43899
52813
44182
55173
37121
70657
42913
64258
54711
64430
50216
53921
37510
65658
51958
64888
56973
64212
45286
64361
44051
65861
43788
63197
42595
64204
32731
37706
40585
64410
57903
65042
44116
64283
43552
65470
61586
65074
43610
54964
43207
66249
44562
50387
45851
64528
43608
65746
43359
44266
37554
64185
44279
66137
42302
62378
43994
64834
55076
65667
53323
61118
36916
64836
58143
64473
43843
65526
35893
65162
27852
65703
50618
64673
37867
66154
42207
64198
45301
48878
50267
62311
26125
64463
43502
65267
45936
65249
54872
64925
44201
65913
74614
36569
47126
63012
33733
66062
63187
65094
44923
56352
37751
65638
40609
64611
59991
73984
43389
64558
40568
66932
44034
66707
44309
52691
28134
74904
49739
64916
45210
62107
41391
62188
43996
48677
43773
65217
45024
36964
24499
65056
42034
54327
44638
37709
47746
64731
34014
65189
51721
63448
43765
64571
42984
66122
47304
65566
46405
36511
27500
63669
43653
65190
20328
65675
27004
61889
54986
52700
43275
64901
52996
66536
43958
65160
39391
64391
44032
61780
42906
61552
19566
64805
43465
66262
35125
65856
44745
64644
43743
64982
46493
65678
31731
63997
45034
63764
43437
61526
33722
64846
44145
44069
45436
35889
25195
63626
43694
64518
55377
64731
53436
65788
31168
53373
36011
56312
37069
93465
43921
60803
71847
65882
43936
65619
29697
64365
37748
65834
52258
65280
52589
65694
42470
64606
43588
63633
46061
55146
40052
64659
36253
66037
44522
64563
34129
38581
46670
39141
45547
65508
43770
64996
44540
65668
42991
65127
60214
65423
43610
64458
44004
64761
48886
63508
44378
42468
31163
64465
48899
65370
44046
65488
45663
65426
44693
64398
43760
52447
36310
63990
46667
38917
44861
52192
36216
65919
44502
60303
45584
38557
26985
66122
75905
64380
26020
54859
40429
65495
45242
65974
51966
64855
36474
64982
44164
64260
51480
65741
44162
66004
43956
38225
27436
65345
42397
65227
45377
65161
44735
51348
35425
64864
44915
61697
43369
66177
43223
65661
33420
65748
44386
54268
36846
36388
25777
64558
44533
65636
50163
65940
59576
65395
46937
65701
43806
65044
35637
64749
46998
65969
35196
65388
45139
64428
61498
65137
44648
65428
43384
52880
44492
64691
53587
61824
27112
65593
43939
65137
44053
65077
40491
38535
26529
63235
43282
63380
50970
63401
50090
55063
43926
64515
44101
65172
42265
64087
44648
65096
43520
65089
43164
65229
38113
64904
44136
62936
48584
64370
43949
45433
61404
64677
52440
60594
37899
63894
44019
50257
32265
64377
48350
66071
43495
65823
59803
65022
43583
64067
43295
67267
37685
65639
44713
60870
58624
65034
43750
65921
44124
66545
35503
66076
41929
48351
51639
71221
37462
60994
55487
65430
44737
66104
57602
65335
65249
64879
44169
65217
61460
65010
44329
65426
43154
63746
66805
65663
43896
55638
34946
62118
51044
66586
43397
65225
43968
65199
43881
65721
44104
65280
57236
65673
41446
65277
43056
67004
55615
65994
44638
64390
43023
66493
42863
63922
43568
63331
48137
63305
51530
67317
44277
55531
37969
65927
42267
61441
35245
65243
43864
63509
44137
66360
43931
64478
57025
65606
33794
65535
59965
67204
50897
61471
42773
65247
44272
92543
43169
65407
45115
63363
44415
52613
55253
65851
43475
52697
44590
65373
48617
66435
59822
64458
38634
65357
53348
65743
42688
68537
45800
64583
57893
58355
40700
64960
40899
65084
38078
64451
31876
64796
34663
61686
42603
66097
50496
65899
30730
52188
34059
65952
43560
65574
36632
66395
46083
66685
44665
64248
39362
63834
44229
65523
44534
64102
40344
65823
32079
65588
44011
66016
38643
65243
44730
63651
44064
65170
43866
65726
44480
55478
34578
65705
43347
65898
44961
67031
45898
65643
55728
63345
42821
66282
54327
66277
52302
66959
44783
65302
44816
61107
44005
66044
51691
65052
45535
90550
44181
65264
42918
73980
41485
65239
38942
42271
29669
61454
44720
65897
42796
65098
43349
38705
40012
65252
43580
55636
57093
65042
43487
67189
44693
56377
37868
64005
39088
65478
50208
65668
44148
64942
34694
38243
56106
63972
50516
65155
44858
64969
43685
64356
42863
66054
43989
66228
59519
65149
44780
64923
44142
63724
44216
64540
54071
65886
45188
66190
43440
63105
43976
63834
48892
65659
43227
50797
43195
65041
43829
66458
36709
65785
42628
53184
36397
66086
44888
62010
37327
67136
43180
65235
44432
62821
45091
66122
24887
65818
44589
66323
45858
67162
55736
66024
43540
61707
40401
64855
53806
64871
60724
65756
43936
63819
46814
64438
42751
64932
26723
64608
53050
63639
44700
66046
40162
65268
52565
66340
44189
65447
43102
66508
40970
62095
44269
64414
44796
63253
41744
65784
43447
65693
24931
66220
43643
66774
43988
66763
44500
66082
43354
64634
42425
65372
48013
65032
44365
62178
42783
61640
43244
52432
27946
65037
45888
66477
44595
63786
36176
65879
45755
61436
37056
38772
38321
64571
44777
65511
44645
64909
42401
65753
37912
64929
46866
36613
41987
64117
45122
67079
52775
56407
36948
65409
44348
38475
46937
63125
42300
64768
44833
66086
44163
64083
43913
64999
42192
55742
36047
64856
60036
36119
24028
61784
46414
66345
56082
63817
40133
65244
45783
56622
41447
64204
46648
65125
43452
103482
43871
66508
43585
57028
37777
66611
44246
65788
71764
66121
46755
65175
44091
66370
40847
56422
59044
65109
44763
65147
46981
64438
46570
61954
34112
64952
44572
66270
44072
67024
44642
50164
35566
65433
44617
65032
43828
65977
44432
65370
31371
66109
44482
65453
37820
65826
42560
66327
29545
65759
43262
66049
44082
65417
44670
65893
24687
67175
52724
62100
41145
61417
50336
61360
44009
66633
44269
64809
44046
53723
43823
65132
51370
73767
72263
64993
42335
65603
52000
65478
44835
65538
44772
65801
44374
65634
43810
68171
44197
66310
44067
65613
37148
64240
43026
64744
45877
65951
30877
65490
43853
66711
43394
65543
43758
65192
45119
53535
38201
66886
37697
64172
43527
66538
44430
67855
47043
65463
31934
66326
44580
64496
57088
66016
45204
65180
44239
66387
44352
66653
43529
65821
44006
65190
37461
39657
46043
65924
44048
62491
44671
62277
37250
65951
44666
65645
44667
32018
23206
66438
43744
65874
43307
65804
58738
66735
44112
40047
55703
64989
42232
64242
49622
65486
57322
66368
54834
62668
43050
66649
59199
66115
45932
63801
58143
64451
34482
66280
45517
66914
59539
65247
44096
65678
40499
67044
56360
65989
43703
64711
44845
66369
43174
64934
35707
65669
60614
65628
46487
61381
42841
64749
45334
62219
45760
61864
41290
65420
35381
65803
34958
67282
43688
67990
44455
64107
33849
65420
44422
62674
33875
65132
49263
75190
55454
66205
44224
66435
42438
64544
62476
65709
43590
65099
44196
64160
56678
66636
30749
33380
22946
67831
44765
66658
44051
55156
44918
39150
60293
64646
41686
64436
44436
67196
58808
74980
43876
67617
44524
66921
43560
65250
44349
55576
40597
64424
46050
66892
44437
65883
42771
63260
47417
64202
56175
67610
43615
63706
47091
53330
39508
66084
39806
66288
54270
67988
45279
66210
43761
64385
44950
63117
33342
50486
59557
66533
42097
66106
37290
65912
47136
67335
43149
56807
44502
68202
45206
46749
25885
53017
28179
48125
37043
66498
45391
67467
43757
65265
43417
38519
40858
64581
44011
64764
44740
80414
28413
55137
30411
62652
33407
66831
43941
65876
56310
67210
45673
66422
43187
65878
56781
66794
43658
65554
57099
64641
33763
65360
42708
66809
45462
56099
37492
67032
54251
67784
45226
65104
37921
63125
42916
41414
44720
68713
44119
74669
43886
67537
37870
66803
42411
65548
43382
65854
44464
67424
47764
66260
44639
66132
56954
66556
43964
64934
44476
67150
52077
65314
43977
65726
32228
66823
46964
65708
44649
38033
49132
65743
45031
66901
44717
67219
44808
66117
45973
57388
37678
66057
46133
51354
35661
65736
46033
66120
59507
63616
53635
65248
43658
76315
53240
64145
39544
65996
43868
64323
61937
65593
63506
68450
44913
67027
44462
66738
43071
65302
43545
38811
29196
64809
43255
64754
42976
63403
59868
50709
34142
66265
46887
66981
64699
66738
38879
66548
44057
66570
45785
67743
45624
64959
43856
68169
43660
66200
42084
64977
38136
65705
44259
64889
51556
66894
47022
66613
41763
66613
47025
62283
35752
64639
45028
89551
53722
65004
45016
65906
44497
66854
61168
66891
44081
64508
44950
67866
50004
66678
35474
48996
72783
66115
39158
52537
28079
66968
40962
63147
41404
65548
44337
66240
50562
67042
45129
65428
53137
62883
32367
49616
31088
64170
43528
67355
43884
66127
54781
66145
44106
65388
42911
66436
45307
62942
54327
62434
46244
67357
43038
66234
39033
66097
42949
65721
44007
65565
43978
56851
37167
53321
44177
66232
45093
65838
43212
66618
51357
65776
44232
67032
44547
49571
33833
66974
47832
66583
44866
62767
42508
68051
44479
66435
43904
67089
44508
66882
58359
64804
43510
66736
43803
65841
43109
65245
43653
66315
54088
65352
45888
66603
45489
53463
44695
66462
38198
66044
43265
62914
58743
63719
43171
67342
48566
63616
50855
64793
44574
65859
43399
64631
36187
60779
41182
62233
34319
37532
30256
61411
43289
66809
44104
49407
44256
56084
37138
65460
53222
65741
44432
56309
44364
64153
44437
65137
43735
65693
44011
68455
38103
67029
52827
61198
44650
64791
43864
93191
43700
66052
44923
66395
43365
66398
45059
64981
53450
67628
48036
65347
44715
65849
43176
65158
59138
66215
42337
63751
32994
65849
57891
65363
43449
64774
70547
65378
56766
64699
46013
63867
36527
65969
40084
62011
36112
49603
44377
62151
33477
67084
43878
64762
38664
55397
42515
66156
45820
64987
44257
67891
58425
65200
30592
65116
44335
64386
43866
66851
34889
65167
54731
64749
43535
65555
43904
60938
44342
65087
44552
61562
42405
65322
53977
65621
43825
65478
42162
64904
53791
62849
43726
66525
43219
66844
41801
66109
43490
65766
43299
39928
46978
65418
44066
67094
28066
66528
58041
65839
53068
62483
45780
65711
64529
65437
44500
67352
44195
65926
50853
66864
49769
63513
57760
68116
53733
65517
46430
66713
51711
64939
47031
48487
63747
66210
44953
64819
39977
68234
42437
66064
70231
62296
42215
65851
44212
64463
44148
65994
44730
62140
41941
56513
40233
35512
46506
64732
32955
66578
43312
74296
51565
63049
41648
66174
50403
64044
41766
65723
63142
65004
46363
67408
43675
65919
52374
66972
42804
63058
51636
62037
36606
56451
37105
64792
44532
68124
44109
66104
57625
66052
44207
66876
42640
65443
43564
62921
43003
65999
43375
64969
43718
69457
47229
49934
56151
66390
43311
63027
42633
67029
43825
65127
44039
64037
44970
61292
44227
66202
44006
56844
37895
65190
44582
66518
43099
56041
43193
66703
54135
65330
43428
66661
44399
65570
44525
65315
44402
66026
39259
66552
62762
74758
31717
63772
33487
62357
40915
65778
43766
65846
43938
65187
44758
66511
44758
66125
52551
65350
43342
103250
57281
66919
41882
66352
55512
67647
44760
63678
42978
64795
43620
66771
48996
66626
36456
98643
38060
66174
44652
66092
45304
66282
57522
66987
55362
65610
50731
67109
55387
39463
28236
66821
36015
64060
48045
66282
44274
66302
43377
65272
44465
66902
45815
65668
46703
66239
44310
55880
37372
55467
38221
64672
37486
65542
60037
66009
35020
66054
43478
66661
56234
67966
42485
66961
43683
64361
37921
63090
33124
55625
36300
71068
50865
86941
41094
55301
38324
67556
43507
66588
53948
48479
53062
65908
42252
67841
41942
62506
37945
65019
44497
66052
45254
64736
50438
62679
41928
65819
43337
66232
44242
56264
36102
66374
44028
66232
58724
66545
42943
65535
43291
65871
46161
65904
45592
66823
38846
64871
44282
65841
44126
66182
45029
66185
44206
66400
44297
65082
43893
67112
42868
65856
52461
65225
54921
64736
38651
66029
55607
64582
34412
66855
43836
66390
45378
66861
42780
64919
43570
66167
46821
66460
45023
61316
49354
67141
56395
67300
59477
66425
61892
62912
53330
62951
41738
66643
44201
68117
35772
66690
43606
55374
37007
64712
42602
64305
43347
66884
44552
67244
43927
67106
61085
65364
43189
74442
34748
64952
44550
66906
51098
65614
43445
65188
51546
65693
55454
66670
43843
64926
43560
67740
74039
64073
44033
67114
46743
64053
45753
52934
44169
39105
46506
65769
65569
66119
49124
56955
44152
65487
48524
65016
44542
65180
44480
67655
45089
66134
44592
65330
35329
62876
54776
66107
43563
67625
57532
65473
56394
64961
44800
57806
36426
65022
44123
67062
54538
57950
31729
65639
46124
54337
32576
67882
37995
65673
43899
62752
39724
66237
43101
64699
45526
66906
47136
54181
35825
65876
53945
58518
45036
66350
43062
66668
44061
66264
43675
66893
43986
67451
44704
66057
44453
66441
37018
65480
43934
65922
43953
67021
57427
62108
59036
66595
51699
66898
43831
66731
44147
65698
57309
65753
43770
66279
44861
63721
43819
67561
52764
71015
37370
100198
44269
66157
45159
65417
42873
68470
65808
65684
60942
65227
44956
61701
28465
64576
44344
68124
45167
65352
42060
67319
45261
66521
43741
66914
44600
65887
43904
65655
40363
62684
36130
65303
44081
65408
44424
61478
40798
64871
41711
65380
44392
65127
48014
63994
43643
75452
43739
40012
45981
66811
42282
55783
36836
56708
43324
55555
56811
66811
44443
65245
33657
66299
47472
65401
35284
45180
39673
65931
34701
86924
43548
65465
44535
65541
45552
67455
44488
68036
45429
66393
45054
67274
36253
65606
43918
65708
43700
68369
49411
66653
43522
65433
43698
66116
46003
63185
35532
67387
33705
63887
35526
66598
34248
66606
59507
65332
44309
65690
42823
66438
46880
66057
44214
67091
42212
56278
51006
66727
58870
66402
45111
67299
45096
56025
45672
66104
51377
39214
29271
66483
43172
68915
43312
67007
45683
93124
50961
63516
102307
65588
43084
66057
44645
67119
52183
65182
31097
66911
38035
64891
31227
65448
45846
65653
51338
65210
44051
39205
46993
68041
59416
65515
44625
64611
44317
66214
44161
65506
42963
66733
44184
66646
43028
67277
59594
67463
38168
66613
50637
38226
33482
59032
39542
65087
28713
66000
44607
66522
41425
67637
53363
67535
36809
67044
43074
65734
45164
65812
45412
56009
44610
68299
44605
67457
44745
67332
44897
62727
32908
65997
34951
66605
38756
67256
69033
43270
46381
65383
42155
66034
43931
60045
32817
65783
44204
68510
43951
65152
42510
65839
35936
66493
34303
65212
57785
63150
33792
65603
47028
55297
55402
67448
44119
67718
53973
66578
44222
65215
43948
45560
46089
66135
44492
63591
63104
67179
42916
66406
43873
66501
28099
65276
42100
56510
44470
66751
43781
32213
22982
44535
34260
53657
34570
66483
55119
66861
43938
66861
45134
65746
41079
65846
43530
66580
56307
49574
45524
64317
26163
66458
45172
66215
45560
65092
37349
65172
39188
65966
43703
67535
36275
65315
47936
66045
30082
65545
46987
66005
38982
76561
45008
66079
62503
66638
45722
65688
46442
65678
43044
67037
35535
67114
48922
64211
59642
66497
42924
66625
48650
64944
43623
65585
42368
63002
43698
64964
42956
66110
43840
68938
44409
68520
42530
62237
43873
74986
43863
61925
55630
66202
43981
65643
43676
66809
66340
66064
43074
63293
43217
64994
44011
65229
43214
66751
43928
67830
44327
64866
43460
66373
33552
67234
57154
66517
54102
65179
44564
65059
49801
64546
43209
64776
44400
65823
44304
64197
44251
65318
43786
74854
43316
38857
55770
55720
44510
66182
53608
63419
53769
39042
27441
65536
43073
65851
58041
55628
43638
63751
50486
65387
59201
40013
26585
56184
36562
67444
56469
65663
26183
64990
44382
68314
49702
55394
55125
62170
45046
64594
44994
52124
28090
65120
41876
64366
46745
60174
43666
67151
43743
65270
42836
66481
54240
66332
44549
54596
39400
66387
43966
61913
56209
66981
45963
67038
34856
66232
44903
65324
40794
61308
40512
64506
53380
64090
57765
64591
65143
66610
36386
64207
42098
56108
42129
66861
44580
66107
49083
50717
38236
65343
59890
65155
43165
65062
44711
67686
44043
64232
40371
67548
39220
62951
43888
65140
44815
64951
43197
65585
45354
66252
43429
66779
44442
60638
42680
64074
54104
62990
43665
64964
43457
67117
57154
66881
54218
66355
37286
66778
44452
66235
44259
67175
45928
65581
44632
66031
49163
65189
50882
50512
34758
64774
43226
64387
43773
65801
43637
65473
45106
37874
35952
65973
52018
65814
44151
65172
54502
65388
43269
66823
43450
67062
57317
66014
51268
66035
33375
66751
44151
65703
35284
64944
42026
66092
56194
66806
49298
55036
37129
54470
43348
66530
56695
48130
28479
67968
44880
66653
48553
66788
44053
66292
45823
66294
42901
60596
43512
66431
42225
64873
46517
94953
42911
65723
48346
66037
43978
65024
44064
65844
43051
65447
40040
66725
46753
66766
44477
67021
44615
66944
45121
64891
43597
65733
43692
64691
43112
67367
50068
65333
44800
40350
52304
64094
44152
65989
43454
64989
44753
66946
43710
65122
44159
65881
60028
56190
36954
65503
43752
65628
44947
86652
44289
64405
38104
65360
43515
65746
43947
39953
28424
64706
58156
65874
44499
68024
54294
67076
45307
67482
43364
66688
37341
62483
42390
66816
44154
65530
44602
66786
36745
65761
43284
65966
45136
65685
43382
65757
50339
62230
44417
66335
43241
65743
55930
66037
52493
65355
60504
64554
54026
65723
45294
62406
45465
61619
50348
66456
36494
67345
43247
62591
44234
67625
43718
63827
44414
68447
53585
50877
35558
48407
35336
62606
42831
65563
47808
66478
44139
65838
43966
66007
50192
65784
45264
66706
47156
65610
44565
56601
35268
65160
48547
64681
45650
66743
44920
65753
43450
65733
42571
65709
38163
66555
60468
66531
56402
66779
44272
66468
58326
45395
46466
63320
45099
65781
44848
66119
47151
66216
43319
38863
48950
67591
43813
65967
56896
60422
49556
65882
30061
64754
43583
66959
44495
65986
43149
67964
43540
64611
45211
65333
56332
38162
26060
65561
45328
65535
37353
66222
45148
66936
35396
66302
43828
65678
39312
65831
43785
64433
43918
65789
55431
66029
44111
66177
43232
67615
58722
65009
43878
66816
43369
54798
45151
67118
43696
65305
34030
65834
56469
66783
42951
61815
39884
65428
42157
38427
27364
66555
46309
61077
43880
68156
48073
64904
43648
65794
43850
65695
45561
66736
60190
39241
59527
65743
43891
97827
45013
55712
36750
64936
54649
67219
44287
66182
54949
65914
60040
56114
36215
65776
44229
65543
44454
65273
45753
66893
74596
65603
44496
66710
34454
39967
46459
65567
45227
63067
33259
66352
43805
53049
43550
67067
42493
45768
44508
38204
46046
66212
41345
66633
59667
63318
42605
66450
45751
65939
44064
67122
43347
65989
43810
64771
43349
66432
53059
65560
44257
67635
51950
74601
48549
67498
44462
38900
48030
45284
31909
66593
42250
66159
41794
65771
43197
66234
22110
51426
48188
66560
44805
65619
44016
65117
42783
66257
55823
65653
52617
39049
47033
66926
44437
65059
47288
64040
44921
66039
61664
68114
43089
66427
44831
66460
35549
67247
43605
66101
44139
65140
26153
40527
28865
53630
28319
66197
54779
64129
33693
66801
56953
66716
43332
65185
43079
61832
44203
93873
44893
65017
50646
66888
45322
66362
45813
66084
54270
66205
43132
66671
44868
65382
44287
66613
44032
66896
58490
66611
44139
65566
43257
62341
43442
65621
58028
66260
45946
66292
35832
65713
44747
45864
31687
65653
39240
67459
44903
68200
43532
66061
43538
65227
44166
62912
41658
64922
51543
49001
58007
65233
52305
65150
45475
66370
44447
65933
55819
66535
44395
65684
49338
65908
44557
67369
43475
67439
45875
66282
47406
66710
43402
65346
44119
66154
44031
64964
43369
66363
44164
67427
44096
66009
69499
62954
43002
66801
59757
65316
35071
65232
59098
56215
36752
65267
43988
63261
44274
66094
44041
65475
44593
66345
50958
66137
33664
64536
34269
93374
43517
67284
36391
66275
43076
67415
43959
65092
45294
66324
43870
67663
44086
64566
57397
66944
35686
65999
44097
64821
43500
67477
37381
66285
43342
65026
48900
75604
42723
66505
48116
65280
43678
61918
54174
66816
44369
66340
45027
38324
37148
66784
50219
64969
44327
66305
42002
65022
40242
66300
44184
64696
44356
104433
38064
48243
51504
65874
57111
64781
43262
65841
46537
66716
44667
39399
45889
67182
54806
65237
53089
60639
32895
66660
35092
66169
45623
68279
52299
66641
44390
38426
18941
64698
43562
55814
50684
65944
80059
67643
45494
65774
42776
64993
54613
65350
35406
67332
43582
65623
44181
65809
44796
38484
27027
65826
46091
65248
58170
104696
37100
65117
44437
38706
27296
66443
43620
102117
44527
65848
43888
54403
44066
39747
26946
65666
48706
65664
45266
62057
43232
65969
45539
53044
26793
67007
44442
69132
27258
66051
74451
65718
45841
68101
43718
66663
43204
66362
44412
66302
28130
83334
42339
38266
40478
65228
43916
67708
43469
65297
38278
66468
45094
66395
42868
65162
38375
65608
40496
37331
28308
64999
31184
64333
43725
64538
44550
64476
44585
64530
54731
62249
40002
40414
43638
65268
51227
65561
55324
64400
53851
66718
43846
62303
43568
66675
46094
64923
47248
66548
43919
64500
44276
67863
44339
66242
42946
65778
44039
65463
44528
65945
43064
66599
42988
65438
43778
65222
44369
65679
59855
66947
44206
56832
57051
65558
47560
58662
31411
80847
58835
65357
56257
64738
44537
66482
53127
65215
44913
64964
45976
65733
41842
65453
43819
68660
56287
64701
51333
66538
43821
66403
45860
66976
43989
65467
43605
67796
43330
61987
28691
65655
44249
64536
43197
66553
45061
66530
44360
65533
42756
65060
65267
66661
44392
65637
44454
38538
48742
63862
24632
55972
37893
66591
52096
65614
47876
66846
54517
55110
28520
65711
43928
65269
45639
65328
43760
64353
44219
63270
59010
65944
43575
65655
64257
67004
38827
65385
43647
63756
38201
62957
52218
67500
49393
64476
54846
63671
46489
65352
50490
66347
38877
65495
56673
65077
57026
65203
44364
65729
43540
66467
45134
65987
42958
62826
32232
67017
43162
66708
34139
37415
27687
66074
56816
67781
44196
67682
44207
66132
43277
39609
59511
63856
42252
65376
50304
67009
44702
65563
54888
95000
67044
62919
44900
64643
55918
65886
42916
66367
43758
66961
46477
65954
38644
66210
47203
53059
44560
67345
44067
69998
43457
67529
51171
65521
33942
65583
43483
65396
44470
61482
39528
65741
44475
65114
36602
64471
52946
61526
31393
67112
31938
39477
46224
65869
43641
65195
43093
65683
43366
53504
35941
52721
43666
67187
47197
62398
45926
65619
56535
64331
44297
64411
55583
65774
43861
65198
43247
65788
44274
67041
43349
65863
44153
64398
44447
