80537
46594
83632
46682
81840
34747
80224
64129
81086
71216
82424
48248
108910
45294
78979
53523
45370
52460
81028
48666
81557
38310
81557
47161
54121
30205
45510
36351
81633
47179
82289
48499
82437
43808
81664
47542
82752
47361
82154
43811
81958
46995
81089
39826
81723
47614
80389
47637
45446
53593
76243
46319
80996
47068
63971
46168
80761
48031
45698
50664
81214
45983
82770
78931
80569
31265
77981
49772
89720
46078
81116
47862
78260
39639
82512
44820
77031
43380
79520
53287
88493
40581
82916
47592
81705
41877
69823
43842
81487
47168
84091
47501
81311
46604
80141
43735
55697
28119
78771
45795
80310
38180
82045
38788
82363
30205
36522
50614
81517
39906
81758
79027
87660
55882
81933
43741
82013
47424
80380
46798
80896
49406
81715
48897
81444
49306
81995
45865
80279
54662
38264
28185
66893
54459
56397
48800
56459
32129
81224
40498
81381
46682
80901
40728
83537
59159
64092
48843
79282
48504
80935
47281
111297
52430
80470
46645
86709
83160
68558
38467
82096
46316
88187
50864
80567
47295
80893
48301
77623
36804
82441
48782
81605
49288
81036
37038
82482
52713
68777
42237
83888
45783
83442
46368
82145
48081
80903
44690
82274
41483
81460
46530
81625
38358
81554
78766
82633
59364
77064
40776
81858
46526
81918
50072
64756
37341
82003
48439
80911
46412
55718
43433
80291
48071
83251
48025
83145
40435
51187
46717
82094
46988
82567
45618
44769
26846
81402
42590
47534
49270
81161
47585
83211
42437
80357
48482
82282
37833
80963
47136
88423
46477
80795
33126
77401
34598
88866
37645
103315
28430
69834
46790
81878
46500
70285
45952
90514
47156
83585
46591
83808
46895
81434
39175
81291
47054
80036
39561
69596
39065
81291
43009
82382
48258
82586
49507
90184
47602
81628
46124
82770
45851
81459
47183
62833
46161
47128
27359
82329
46850
83155
42953
82329
50763
82143
47336
82098
46444
81497
43230
84446
48198
84679
47371
79871
45927
81503
33315
82387
44995
81450
54106
82870
47687
85176
30063
82607
41185
60645
49393
81086
55365
81129
45730
82647
53671
69378
39362
82943
57232
82393
51025
69047
46840
81940
46799
66636
45370
81953
51551
82121
47193
80823
48286
46286
31310
89313
39763
82673
47474
81342
47030
77127
45742
78247
35333
82282
47401
66177
46815
90790
54018
82868
48314
82497
46376
81585
61662
79022
37566
62066
42130
82835
50922
79688
41716
83412
50318
79869
46788
79942
46439
84294
46592
91542
55938
71301
45058
81324
47195
90267
46078
81304
46101
80332
47301
83291
47394
82053
43592
70133
43530
46614
28681
80872
40159
80959
47914
83800
46171
80915
47130
81911
39435
82997
36308
83326
40275
81461
41183
87873
20357
81387
49336
83891
46764
81051
35830
82673
40816
81908
37053
84306
40519
82422
55564
46945
28037
82251
49621
82134
47128
66642
47839
82940
47935
81484
34359
82201
47454
88098
42070
82386
42808
70206
46772
82461
46780
80362
39786
81623
34556
82559
44991
79467
40293
81513
47918
80194
47311
81915
46905
82447
49677
88055
37411
78315
55239
81965
43717
82730
48531
82416
43299
81388
47386
80518
43512
81311
48396
67958
45585
82001
43257
80745
46893
82659
44563
75222
41564
81094
44537
80685
45180
82136
46216
81650
46719
81971
55446
81309
49950
56468
33243
88321
45941
83800
50074
89781
44412
70199
34910
81615
47329
88312
47567
70364
47993
90456
45715
111418
43348
85258
48253
56309
47794
79683
50267
77430
39145
81750
47085
78067
56416
69908
45791
79946
45632
81898
56990
69043
48992
81467
47387
82372
47862
92208
46096
83081
47733
82925
47723
82409
47283
83311
47073
82614
47306
81661
47233
81868
37579
89217
36068
81768
46950
89996
31763
83405
46895
81995
36347
82231
37002
71630
59070
80588
40099
81613
46660
82234
49839
89151
48461
81364
49070
83815
48288
79906
37348
81457
46392
76760
43411
61060
28088
82647
46357
82625
46785
83652
47685
81435
46600
79037
24692
78089
37769
84063
38711
90878
43241
69676
39651
70765
48680
48392
55040
82825
71705
81567
47339
80803
46451
81512
47980
80024
29779
92166
47063
82582
55819
79470
47361
75606
44241
83299
49361
88514
45717
111454
40956
82066
47481
82199
46095
81780
46715
91397
46109
82441
47170
89244
47630
90747
41921
66188
40115
62913
34456
81675
45161
84198
42453
90483
32174
81906
35267
82973
50108
82517
47720
80114
36227
82226
48587
128480
35529
82211
46617
84581
47973
82399
40958
83401
47712
82076
48110
90664
47048
81922
54129
80172
43161
60521
36945
81577
41661
82139
43523
82336
29635
82031
50235
90679
47913
56028
45076
43160
48822
82461
46553
78508
36511
62978
28521
70811
38531
86730
38761
81118
35973
79480
39651
83060
47171
91153
38817
82086
46394
60384
36748
87670
33032
57967
32963
82227
42898
83131
47527
68048
32892
76995
45941
81953
46334
81988
46368
82662
42618
79194
46492
80986
41646
81803
49539
82705
47169
56451
34737
82226
47772
82687
47228
82610
40456
89698
31310
82855
48692
91393
42197
83780
46492
79743
46513
81667
46948
48129
51010
82823
41393
84016
43823
81810
46549
77473
45444
83366
47093
78784
34789
80540
49385
85128
47091
82910
46341
82627
99646
69453
47487
81713
46953
82154
30927
81485
39603
78746
36815
69305
47822
69568
43382
83288
47937
81670
37028
80269
47236
82166
46532
91668
46327
81389
47679
88079
25262
83820
48835
79876
46880
81860
33751
82622
48247
78666
45246
90075
49389
78137
44254
82261
46897
90831
61760
82634
46920
82314
46729
80971
48875
82437
47841
85116
46106
82362
47975
81939
47659
89347
47282
90614
58569
82289
48499
82121
37887
82812
47391
80841
47780
80203
40700
83136
47554
83181
52609
81063
42710
83459
49583
82213
40891
82246
46770
82527
46808
81031
47301
84419
40097
84091
47523
82422
46079
83053
47112
65426
32514
82948
42645
82256
37375
82475
53523
81149
47226
82387
47789
82271
45995
80197
47991
82409
36399
79312
44985
83311
46750
72468
55181
82700
40415
89352
49056
83804
41862
83154
47248
81550
41350
91505
55797
82665
46840
112276
46768
68724
47734
81914
48802
82324
46947
81851
46980
90844
46133
82913
35922
83597
49240
83772
47005
82722
46815
84027
48213
91772
46774
82670
48675
47796
29251
88330
51153
77465
44599
81871
51901
81577
46906
48375
49939
81864
47732
82064
36114
81264
47331
90669
54475
77746
44429
91001
50963
77769
36160
81036
46637
61753
42600
79668
45462
66994
49423
80650
56040
81492
46590
82374
38178
81449
46663
83351
47361
82193
47051
80919
47476
112603
49110
83617
43005
82392
47046
49234
46536
85316
48062
82961
51000
78510
50341
91196
39622
83965
47957
83532
47514
90440
45924
90112
42185
90750
47830
83409
41907
82648
37988
82562
47236
83050
47985
82487
55509
81344
36837
83171
43826
83832
47865
85036
33369
81638
48830
55960
28771
82505
39241
91175
47699
70355
94249
78729
36939
82722
49006
82532
42035
82525
57239
83216
49834
82309
46211
91233
47457
48692
50546
82851
47178
83296
50933
82484
47585
83399
47875
83394
48474
84181
46958
82042
47773
83066
47611
126020
51846
82129
47003
83257
45520
81521
55569
81158
27235
82983
47409
91202
33430
48828
49568
67605
28637
80242
43925
78428
36200
70096
45091
81489
47963
82868
47015
48315
29430
81687
46552
83155
50037
82735
49978
83785
57492
81467
46998
79222
47802
81283
46094
81916
39663
81445
30326
82081
46814
47484
60094
82965
47134
81878
48429
83349
54066
83687
53375
90061
47993
47600
20530
82502
69848
83359
48108
47266
21101
83885
47210
83752
47146
82703
47145
83011
46840
91758
42932
82862
48602
80119
46737
83186
46639
82549
46655
82752
47151
82917
46277
81843
47015
83922
42867
81274
47566
82211
53628
90959
78248
82648
43413
77232
54886
82103
46629
80074
47227
81600
44372
82232
46870
110732
43818
81003
41155
81176
36494
81652
50756
82857
45577
82216
47283
91922
47496
82600
47413
82780
46785
84386
46753
79563
49271
82444
42408
81898
53910
89551
40952
82670
46436
81116
37241
90308
47366
81622
46692
69098
39629
70355
52604
92395
46061
83193
46890
68611
37871
82635
55432
82489
46181
69796
43132
82780
47138
92504
47757
80222
26135
82690
48572
92447
48532
77154
53150
82016
39954
81803
47413
82520
50323
83635
46974
81970
46748
83366
39628
84090
48549
64311
32373
83083
47173
90774
45765
109990
46481
82287
51188
83440
47279
47020
27538
47429
18693
92074
46357
81434
39306
82379
47078
83294
46370
79731
20941
83136
38516
78859
34828
82384
43236
82141
48249
66508
37907
82587
49672
95049
47757
82514
46703
87256
42308
81923
51354
83041
52872
91138
43528
82256
43331
48637
32899
91355
48852
56600
48364
83588
42608
82387
70002
83650
27444
80979
46402
84220
46753
85253
46672
82702
45494
79330
31943
81665
42633
83031
48048
82775
46807
64841
45166
90778
45570
83592
47211
82893
42227
111039
54019
81404
39534
83274
46937
80520
35561
84978
49168
109662
47506
83773
46684
82500
47757
84892
42352
82129
49127
83958
45773
82815
46006
82925
46785
83547
48517
41850
25413
83086
43182
83001
46826
91324
46908
83480
46800
81981
48411
82209
47219
91690
36288
83272
40064
84205
45668
81236
39781
47294
37395
82136
45928
82559
39616
65615
32001
81407
46046
84266
38552
83444
46870
64256
40024
81023
44469
84239
48273
82870
45915
81798
45819
79523
46998
84053
47134
81182
50045
84566
54216
82514
41877
83434
44670
156461
47289
84011
40515
83875
47021
82445
48754
71190
40299
79365
45092
82462
48065
82905
50361
82971
39019
91765
30938
83169
46948
83835
47785
121309
49050
82177
47965
85192
46631
81615
46637
78691
45848
40048
58695
70813
39900
84474
46442
82041
58554
82748
38589
81860
45901
83294
47276
82181
44881
82211
45805
84424
48739
83487
48802
70003
44690
83035
47008
60866
47276
83486
43623
81475
54265
84787
41247
82632
48627
78674
47308
69530
49713
90072
129391
81991
46151
82446
50363
78671
44299
83664
46052
82281
45655
78203
56641
84330
48096
84857
37759
84557
29170
84537
46905
84250
46552
91833
47133
86010
48241
79963
45682
85146
48131
84089
46333
83783
47045
82264
46634
95863
44290
82710
47180
92893
47278
80519
46923
79971
46789
82231
47422
83597
47685
83276
47775
82577
48276
82351
64724
88263
42733
78493
45738
77606
43557
84564
49668
81111
48543
83078
48346
82683
47589
82143
46192
91886
46812
84163
48309
80768
132665
79507
53725
83366
47512
82707
49216
69564
48448
83953
47584
93137
47336
91178
38229
81900
47323
92911
46916
84324
28832
83041
42556
77360
44920
91480
47587
84832
50906
83913
54725
84905
30912
84279
44429
93155
32554
83408
41542
82835
57700
82319
48626
57222
48311
82279
47646
85331
47664
84316
42432
82800
78447
84078
48196
57018
47394
82973
50438
82976
46938
82091
49406
81203
47717
83933
51508
80979
48256
84462
48001
93485
52862
82720
46722
82936
47287
82903
52834
78675
30936
82051
46675
83272
46028
83764
45748
84616
37880
80557
54256
83303
46577
46928
27900
84195
58657
91783
46116
81553
37444
83455
46527
81698
46787
82314
47724
68721
44617
89389
61920
82504
41096
84912
42139
64588
39602
84096
47729
93983
39735
84381
64118
83990
55054
84529
43203
93210
47090
85303
43542
85221
48800
80377
36482
86340
39917
93902
32816
115663
50860
82956
48614
83467
54225
80618
39258
91650
47394
85484
33555
85386
38694
83883
45713
80041
47725
82907
45404
90953
46274
80981
45796
85562
46505
82241
65032
83293
46790
83862
43345
83053
46903
85514
48752
84063
30702
84491
49641
83221
49662
81053
47917
91971
48171
83855
49546
83351
37387
70285
40396
87265
47105
92324
46940
69425
40082
82652
42295
82672
46744
82484
47018
81194
48553
83589
36478
67742
55499
66631
47018
91015
46120
83531
38829
68498
48062
84769
44833
82855
47128
81024
46529
82967
46118
81189
46878
82444
46945
82211
43736
49362
50509
81446
44567
83056
46617
64208
36759
80069
67623
82815
39618
81334
49050
77969
34901
83381
47261
84511
47356
84261
48070
78975
54804
83380
47619
82339
47635
81976
37075
82264
47056
82064
45612
82063
69460
79661
45950
93153
39345
83501
76804
84007
57641
82942
36226
85693
40854
83983
40260
81770
48156
81549
52017
82477
40533
84091
46477
82327
30626
81264
30751
84133
47414
82537
58077
81639
39716
85965
50102
83287
54341
71545
43169
84594
46452
83474
47855
83440
33995
90765
33791
89429
36456
85195
48118
91641
43668
92723
47492
83239
47786
82151
42601
84482
46868
82680
45861
83476
46884
83226
39949
84100
53481
91572
47882
82051
49302
78670
49102
82530
54132
80246
47426
83324
46005
83612
47083
83948
48997
81555
46413
120993
47125
82864
47888
92592
54726
79687
38153
90267
20047
83571
36722
109244
48426
69974
31932
84148
45882
82497
40400
83020
47309
83259
47079
82251
46885
81623
42818
83191
47294
81142
39756
82753
54834
70172
46680
83186
48882
83630
37176
83862
48213
84984
47353
83193
46049
83085
52034
82477
46617
84201
50113
83029
47237
78463
53687
83642
34013
81973
65496
82449
46890
83772
47717
82693
46700
82262
42801
83098
47937
81036
47068
83068
47685
71475
36975
82241
46728
90602
46476
82715
49608
46090
27779
79345
47886
68282
38721
82262
47800
84477
47046
83311
46227
83277
44101
83845
47098
83085
47106
83404
46844
85366
48095
82046
110584
83559
50130
81994
49423
82580
47399
78735
45642
83454
50536
70604
45475
67464
31231
71364
31726
82895
54137
82449
47111
85216
46572
82897
46718
80452
46193
93183
46530
71046
47938
70412
40577
79285
46497
83279
46938
83584
59424
80761
45203
82697
47857
83467
42965
64460
90971
90375
45788
81654
57460
90443
49015
83532
44865
82301
47403
83489
47462
83184
47808
82389
45628
82500
45923
83790
48667
83554
40130
71101
36840
81994
46650
81696
39573
85080
44883
84414
36741
83196
47299
82271
38600
83592
50363
82702
46765
92475
36827
118900
48344
82217
47278
83387
48143
81391
47286
83221
46970
115294
47601
82530
46530
82785
46519
84853
46735
90872
45973
82983
41074
85353
47977
83656
47424
83602
46709
92477
47314
83539
29855
83334
45572
82507
45592
83033
50191
82674
47662
71269
52112
81956
37561
80302
46509
80583
42458
82272
39708
84331
45640
84340
47502
83472
35361
90186
46389
48094
41294
83653
47142
82459
44971
81910
44975
67687
38433
82953
47786
83797
55819
87621
46122
83274
41730
84589
34576
81289
48181
84238
40942
69636
42854
82184
47741
81598
46908
81966
45316
88098
44788
84621
50185
82437
44580
83095
39916
82865
48007
78349
49299
83662
39267
79951
46770
82802
47396
84063
48201
83983
48003
82351
41618
83843
48419
83416
47299
70917
46420
84843
46772
83990
47699
82061
46956
83895
48183
93000
29711
81524
28685
77602
43280
85050
44617
92286
46942
83158
49180
80500
46273
85338
47878
83196
47309
80046
37052
69991
59184
83515
47374
82885
41443
82774
47225
83840
49306
92774
48937
83629
45971
84504
47168
92853
47274
82988
46459
84630
46860
54888
42267
47939
26878
49056
47524
83131
48935
82089
46342
82279
52573
83046
39924
82810
47665
83998
46888
84502
49063
47030
37425
82909
46971
84168
29708
81234
74782
84008
39150
86870
53958
81562
47023
83778
44788
83983
46592
80305
36727
90963
38146
84045
47404
84391
47043
83376
49278
84707
45374
81151
45873
76934
46685
83798
48263
90501
49696
79559
47802
81934
46587
71312
44771
83559
42779
80082
49728
82730
48078
64311
37701
70321
56710
82976
46226
85177
62131
70131
39811
83918
46544
71697
40639
81968
38040
83451
43526
82322
48143
78748
36822
82244
44673
81740
46652
117916
47584
80492
42232
83399
49065
85841
46309
75316
34119
86619
30181
92225
46121
83146
54504
78937
30101
81299
47409
83625
41510
72109
46777
83271
34642
83391
45532
83342
40879
84050
49582
82610
43495
94972
46322
92249
45893
81918
53310
84975
49005
83191
49345
83730
42841
82760
47278
84782
77755
70444
47389
49492
29199
85074
49737
83043
41185
83812
55454
82818
46958
79349
36316
82752
42878
69930
39252
84800
43773
88294
47544
82855
46376
82888
38982
78979
46151
82718
47670
79963
45908
83281
46496
49795
40719
69407
48351
111325
49448
83059
46772
71741
55345
83228
46103
81290
36890
79524
25984
83412
46083
91944
46602
83219
47166
91914
47246
82379
39155
84231
30742
83439
47116
80550
36872
84581
41489
91545
47549
84151
50441
82389
42212
80645
45775
83612
40467
67866
41499
85273
48383
169043
47544
84241
46968
92197
51386
91013
34520
84404
40721
83792
48894
82113
48372
84063
45182
83981
83890
83207
47278
83507
47135
82823
31934
82763
40768
82695
48239
82790
47574
82372
47865
83266
29949
83151
61285
84782
47912
114691
44908
83289
47336
81735
46725
83121
45178
81013
44231
81480
57359
49606
49967
79836
30409
83521
47973
79074
36018
49234
43872
82798
48043
49349
31702
82683
54095
81134
49993
92068
46337
84416
47338
83625
53448
80921
47091
83972
42483
84251
44192
81690
42884
82745
47752
82148
46847
84000
46493
66146
58219
90755
46863
84208
48619
85176
47120
82539
44544
84318
47853
84537
47561
82189
46061
78738
59152
83956
47825
83482
46294
70927
39129
84119
47219
83524
47854
92954
47007
83446
46241
83404
39206
82334
47809
83056
45684
81705
49421
79332
46680
85079
48518
82625
39488
87608
38119
82580
47296
85018
48940
84155
42479
82846
43370
84113
67940
83400
44704
61367
41230
84236
47173
83692
46433
56578
47469
80224
46587
83479
48544
83863
46338
84125
47436
82755
47005
78941
35625
52668
48063
83860
47474
46404
36035
47916
44528
81858
47832
82726
30468
82965
46981
82708
56382
80368
45647
71358
48090
81582
45833
84211
47589
81046
46182
82663
46767
82492
42392
81176
51653
82802
48907
82985
50310
83530
39585
79380
47006
82780
37479
80859
46086
87557
48048
84048
30926
83577
47932
80628
47238
85997
50547
84420
45981
84829
52804
83326
50371
80492
41250
82565
46968
82066
31383
60182
49093
77640
47664
81993
46143
91790
44505
79751
36637
83728
47403
83397
49639
82021
47209
82552
46347
83822
47098
82891
44141
82577
40206
83336
47336
86226
47256
78673
46068
112340
46552
48745
23059
83359
48206
83846
38896
82394
45682
83311
47036
81848
47645
81656
36085
83602
49060
82339
47672
67397
34160
82074
46211
82630
61095
79220
39265
93051
47186
75192
37656
82587
29670
83245
49081
82918
47091
82978
47637
81925
37053
83695
63059
49268
44839
51982
27918
88544
55352
84135
47407
82068
42685
81976
47317
82597
55454
82878
44207
89527
32949
82553
41958
83672
40451
81204
57614
81372
47208
83251
42734
83113
48020
81464
47238
82551
47912
89298
47223
83371
47182
82985
43415
83617
46848
91217
45503
70539
37320
70052
42191
83697
49093
81658
47554
89792
76670
68182
38484
90872
51076
81589
47200
82568
35942
77812
48311
83597
47243
91576
48108
78813
37205
83659
47509
71570
41991
91282
45770
90584
54981
83740
47705
83810
47249
82489
47857
84326
48621
81423
46667
48353
50637
82873
47446
82076
41060
82602
48767
82890
74138
78558
54442
85167
47986
83198
48335
49516
44818
82688
47948
81911
39625
82848
47040
79376
43420
81106
47046
81707
54785
83485
46784
89656
32667
49122
25300
83044
45762
83850
34713
79437
38931
84586
47639
83617
45334
82154
47203
83067
31965
82803
50288
82868
53134
88152
54796
80873
46988
83876
47008
46977
48503
83926
42312
89591
44449
83562
48365
75560
34000
82565
47872
81565
46496
81437
47283
47636
28974
83336
47189
106056
46785
91807
45334
84389
48710
83810
45642
81677
46632
84439
40501
82630
49199
82795
48946
79971
54871
90197
37065
82780
47186
83519
48910
80347
36612
81996
45702
82415
48547
76955
50313
81550
47982
83411
54169
80272
47204
82451
42886
77964
50992
89648
47660
67566
40491
80239
47543
84404
30940
49023
28086
82783
46888
82883
46659
81895
45983
83870
49697
78848
45384
69275
47740
41420
27160
83667
68432
82860
52648
83349
46808
79713
46105
82382
57115
78556
36487
85263
48474
83727
48256
80911
47630
81347
41795
83484
46032
82670
47419
83449
44763
83935
49676
83720
47853
82104
37203
82580
41561
83344
42715
81875
47196
81334
47038
82159
43198
82536
48068
80091
36153
82494
46832
81409
46963
82710
43918
81375
46415
83219
42788
82521
46449
82116
45825
88316
51505
84025
39980
81856
47301
83810
47153
82719
47710
83268
47091
93661
36389
76682
37630
83486
48153
70127
34457
83020
46710
83366
44400
84061
45943
85556
40012
82758
47922
84153
54792
90225
48184
85125
41082
80934
47517
83639
48158
83145
46983
91342
48121
83216
43440
83607
49358
83120
47203
78348
37007
82707
47980
82329
47120
85223
47803
82139
45968
89238
47254
84308
50734
72153
47066
78041
53801
83913
47802
84261
47364
52977
33521
50218
54369
82379
42179
82848
48318
82753
40974
84679
48632
82704
38607
49315
31912
91992
45377
82730
39576
82514
46908
91143
50822
80828
39815
64531
38218
83933
73291
80848
47447
49301
30463
84408
47021
83875
47672
84325
41537
84599
46925
82041
42780
82244
41468
83682
47080
47525
36000
78724
139979
87463
39386
81786
38784
69950
45980
78976
47760
85031
42468
83709
39997
89204
41090
82256
28690
82196
47265
84151
47391
70899
54192
84541
48516
83026
46945
80144
46785
81986
48248
79984
67461
65730
47757
90391
39241
83454
47494
83481
48071
82830
47136
82546
47998
91445
39585
82221
46146
80989
41548
83010
47581
85950
47665
84231
47100
83298
70008
82000
46507
79101
54315
83058
47757
83937
46900
47690
27709
79578
35797
83000
47502
84642
48118
82742
40430
81164
36023
83134
46415
82181
47443
81507
41994
83692
47073
49410
29480
85008
50135
83412
47807
91647
41901
94945
45775
83229
47237
77695
40836
91680
48133
56934
47251
81169
51160
80212
49125
82916
43590
82086
48253
81913
46963
83008
48865
83775
48000
114102
48960
78094
46667
82888
46715
80270
47903
82211
47161
83675
42184
82933
46860
82710
46575
84247
46935
83557
51187
84000
46855
52473
34512
84417
46214
83750
45742
83378
46950
82754
47048
85925
47965
81219
53935
83226
47276
83191
47605
83562
47118
81372
32685
68272
47075
84028
39312
84715
48092
82480
47872
82845
47965
82489
46509
78483
47382
81504
50571
82718
55730
79211
46875
70478
40215
82177
44648
82494
37581
83881
45925
56193
48379
84476
23233
83338
46725
83274
47336
84542
51556
84321
46336
83341
46825
84291
40653
83401
47168
89535
37143
82459
41906
83224
56490
79846
37259
84273
46853
91222
39567
83823
42044
79402
31306
81610
60046
81174
46241
82547
40410
49347
27913
82434
52302
70165
46512
84166
47256
82181
47544
83515
46101
82742
50023
85754
50197
83698
39283
81812
61118
83870
47096
80472
40503
91270
46504
84321
45208
83537
54150
82044
47329
82001
49629
82484
46988
143033
49138
83755
46627
83605
46745
81534
37927
71433
40328
82860
47211
84132
48416
56162
32467
83224
49280
84048
43474
85002
47396
83990
40513
83030
46301
83783
47778
85672
47373
48030
34920
82854
44232
82341
46757
83757
46577
83140
46369
79796
36607
80312
45642
82051
47125
83307
47121
83159
48284
82735
50135
83876
47252
83712
45694
83456
53998
83353
49724
83560
47657
81662
46352
49700
48549
82790
71828
81966
46592
81610
48784
110288
47194
83269
48436
82972
47176
49152
50947
83088
41393
78312
46359
83199
47922
85837
48265
84238
44371
81958
48797
77292
47333
80711
48195
86207
41371
80693
38151
82645
46801
82610
48106
81326
47161
80888
47233
83346
48592
80337
36892
84544
63733
81565
47138
66970
41694
82324
46429
81840
47346
84123
48649
83126
47591
91729
38601
81580
46592
90197
40214
54500
35224
89011
46509
81745
41122
49716
31960
83935
45620
79194
35877
83020
43018
83862
47615
45419
50425
84148
49088
82802
39027
82400
47794
81645
32553
90936
46915
93061
40505
79335
36072
82735
35463
81449
48762
83231
50363
46967
53385
82424
48456
70953
41033
81800
29443
83234
46536
81399
48186
84165
47133
82936
45036
84136
77538
82863
52673
84050
41082
82121
49080
127726
48774
82928
47549
82253
38002
46988
43722
81980
46640
77271
46985
83289
46604
79643
41510
109281
46347
82487
47409
83030
47473
82690
47544
84379
44705
90621
48503
83577
41257
84301
44113
82552
48885
82717
47051
81828
35995
84198
46800
83865
47131
83286
46670
85105
47753
82602
46357
91546
46644
84030
48145
82264
48103
82923
46427
83204
46663
81351
47263
81953
47171
81079
53880
60801
54088
57333
54001
78861
40840
70917
57643
83481
75014
82808
48659
85867
44072
82963
46129
83760
42618
77804
46747
90705
45992
54668
48356
81828
40058
82667
60835
85587
37631
81690
46607
82227
46602
82431
43287
93245
48055
81874
42490
83343
46683
77378
44950
83474
47176
83076
44728
82344
46016
83724
46231
80838
134756
80939
44725
82913
54172
81049
46825
81743
49889
83529
47152
82848
47547
82567
51363
82991
48650
81359
46738
80720
46845
82657
46823
82998
66738
84509
47246
82136
38664
86916
39217
82945
46161
84521
33673
85389
47196
84040
42337
83469
48142
84151
46865
90926
49476
64984
26753
82662
47150
83216
48519
82064
48416
91495
55785
82599
47509
82249
47052
83269
47302
79546
47175
84188
46669
82697
47910
80534
36541
84486
46920
82855
48504
82257
48218
81266
47597
83552
47614
48250
49308
80642
46206
83359
38639
83993
47973
83384
48962
48651
29961
81883
52614
83364
47071
90642
53083
105714
47247
49444
40236
80954
49939
80464
47824
91671
45715
80607
25832
83660
47176
82692
46700
82311
47011
82875
47620
83988
32055
82770
47557
83795
45904
82442
37145
82211
49691
