102748
62218
86423
61980
102571
56215
104286
65758
75317
69327
100947
62165
101711
69504
103345
58462
57023
62812
81292
37741
82014
65399
97182
51612
107186
64245
97275
28802
100874
64693
129506
41224
97238
102911
101944
62446
73410
64229
102062
50611
101049
56805
78019
41770
87771
54962
101956
50210
101481
59019
102104
51047
102862
59236
103658
65115
79130
47686
108211
64955
101147
61158
102539
57885
102275
66129
102317
49049
79522
49664
102365
63112
85902
52418
101076
57206
101995
61085
106017
57192
96571
49530
102681
73382
102342
50805
97449
43512
105923
61070
69589
69219
100952
61939
104407
60983
101502
75423
96977
55888
101753
43014
89741
45168
89299
46777
106043
38019
85811
64180
82728
52122
101323
60862
58117
37259
94662
44104
101525
61589
102162
62731
102120
61401
104459
57520
103332
62203
99995
55325
45595
22505
81958
50864
103410
63235
68882
43509
100212
55023
101841
59547
102675
59181
103126
62920
101223
57815
100744
58391
88040
58061
103437
62502
102405
60574
102438
73874
100240
41924
103482
61675
102691
51358
104063
62095
88680
62946
102372
38821
101856
59252
98504
58850
105935
53692
99922
58538
102931
57518
102165
52856
102904
63246
101972
55513
85398
62499
102895
57512
102471
68415
103262
45107
101049
63756
101831
59158
101511
51600
102177
63408
101611
46253
102002
50994
100854
61582
101523
40484
68971
60907
103866
67233
128089
57277
102556
53843
101848
60988
99865
75868
106834
62062
104176
40747
101611
56009
108253
64956
103948
56086
96880
58905
100500
53577
102079
60060
101210
74790
84691
51081
104630
74411
75300
43673
98717
57524
87998
62494
85579
60238
130442
62547
101899
62869
103944
61135
101187
57296
100671
74104
103439
61787
101260
58239
103407
62543
87111
63475
101989
68415
101294
72673
101390
60732
102180
61146
103350
54828
100651
52029
107764
56858
102926
46433
58043
60226
101132
54533
101682
57134
102087
63701
100037
51350
98887
50326
102619
59717
102312
56217
87281
69293
104919
63152
101818
57727
101782
52559
105037
63073
87344
61334
111107
66923
102836
61569
75366
67655
87101
55671
102146
56051
102574
61720
108013
51260
100150
60226
99191
50308
101999
60993
100924
61404
77449
50454
107215
39569
100694
68079
101813
61286
101834
55572
87439
52421
98278
50398
104267
62884
101182
58218
100069
55086
69109
36786
107978
73951
103171
81188
104214
72453
105750
38749
103077
68238
104946
48908
103756
62308
163563
62646
101760
73525
103230
61910
97086
49987
101464
60389
106516
43936
102122
48060
102515
51599
96970
66097
102684
55848
108172
47388
101924
60767
100724
74340
101770
54204
85682
63664
102578
54308
96249
53029
83370
61128
104330
75739
101781
62233
103741
60767
78522
47682
101352
53527
98316
51351
101283
40395
109113
61501
101425
63118
109340
61913
111788
47338
101653
40263
101372
67702
109627
61431
102666
60859
101902
71079
99707
56162
105469
64531
101235
59860
102302
63899
102652
63430
102153
50030
102110
61609
86234
92581
103285
62087
102037
59760
60232
34400
104712
44540
101433
92229
98558
61681
107186
49230
103647
74906
101202
63746
133314
54039
79718
68774
102167
60581
104417
62516
103029
58417
107373
60892
97820
41519
100671
52111
107648
60922
102550
61236
131061
63546
103083
61228
109064
48884
130067
70560
103082
61602
102175
61654
86140
54439
103069
49245
101659
61592
104336
48304
102185
81851
132865
58336
103921
47954
103302
57785
101609
56840
102144
59474
108523
55836
106809
56625
102553
58278
95953
74124
97910
51808
101699
43662
118928
55403
100498
53357
103502
56344
88440
90167
100954
60927
108989
50175
104237
60569
87300
52541
84251
62968
103359
62311
96778
58207
75674
56763
104052
40396
101545
49963
98091
58053
102498
62516
103244
60820
102653
63734
131587
35593
101578
62341
101974
53913
102319
47880
102933
63115
108748
61546
104525
61646
104891
61917
104610
64110
108053
61973
98902
60692
102633
61955
129312
53611
101944
61691
109493
46355
59037
34499
102841
60928
102671
63023
94590
49972
102425
68055
101426
50462
85508
60462
99594
57232
114428
57482
81746
67743
103941
61950
106743
74176
105583
47520
102117
55502
102410
61115
103430
63393
106713
63800
100904
55274
102052
54427
103613
56678
103312
61960
151029
55845
88886
48233
100160
51270
102360
75192
107025
60481
103007
57108
78048
53568
88260
72573
102837
67172
108714
61855
101325
60426
102224
59949
106278
56854
102743
58235
103656
58773
109590
57495
130079
61961
101819
60056
78328
61391
101890
54042
109270
60327
96230
87308
98576
42519
103450
68464
102330
61230
96818
49288
102490
61741
105028
43376
102109
59128
102645
59717
98373
49604
103410
66879
102247
41250
100787
55760
68312
64370
99934
54893
103668
54090
102378
61405
95476
46844
102496
62827
99995
48156
101541
62207
101117
60035
87721
47496
87551
64558
104202
67101
77880
53606
105017
61993
107839
49320
99942
58478
101448
60411
152458
57237
60381
73825
106799
60294
102045
62925
101717
56612
89012
73759
68647
56684
83269
56385
102485
60935
102818
53688
101781
60988
104199
61066
101859
62052
104538
63759
102585
60216
103398
56427
99306
41459
101330
61321
118192
71166
102500
62554
101861
32645
87668
65628
101856
58261
94757
62761
101782
94204
103144
74357
136609
72819
100551
53913
100466
49917
118252
56721
57773
65981
108644
58672
103500
55803
102688
34041
102904
62128
102387
54235
101869
60231
102075
51588
101293
61273
102540
60681
98038
50747
139389
42370
103508
62528
102403
61298
76897
62275
102699
63080
104347
63503
58207
74685
102385
42502
105440
70687
102210
63013
102977
61351
61581
65874
111317
59068
102315
54505
101613
46974
88298
70306
102993
63120
103225
56319
60788
28929
102985
56737
102082
60391
100365
49083
94997
76503
87113
63485
103301
62008
91766
60940
102757
43995
102769
62847
102595
57514
102673
56192
103057
52652
102427
54274
98486
48288
102550
45693
84364
51105
84936
46258
101799
60705
103342
81136
102254
61945
103285
68388
103398
61180
103267
62482
104160
62748
103350
66180
86371
50947
104493
62564
85660
58531
101936
139224
107038
48408
102656
61579
103274
61077
101055
62161
104913
62176
99937
60047
102125
60246
104991
62275
104131
62724
98794
61586
102335
74922
108547
62963
102105
63308
103455
56469
101584
62303
103661
54169
100856
49814
99147
53601
102861
64543
102205
54322
103324
60125
103403
61424
102974
63754
105008
63088
105443
57080
110885
51813
103077
66959
103099
53232
59768
64593
102060
62090
103663
44552
102367
61892
103195
56576
110706
70838
102317
56099
101947
57993
107565
75186
56980
38716
96452
54226
107315
62461
101954
44453
103898
60143
101240
54483
102555
69382
89292
59431
100330
74370
103476
62534
102200
52192
86468
52307
102523
57441
103916
63967
104701
60659
103972
57965
61511
59794
86530
55772
102663
68081
102395
62278
102796
75268
85943
54631
103517
61759
107961
65819
76213
38288
103989
61684
98053
58540
101344
57792
112237
50453
103031
60153
103427
62947
103413
53274
102210
62509
102876
66661
102481
55598
102333
61607
104259
61919
103993
71541
104964
46354
103652
61298
104864
53630
107203
54848
102986
112043
104340
65404
60895
64253
102140
62606
87871
48924
102595
62005
110433
70414
105599
48557
103818
52468
107862
56836
104250
62339
110913
60499
98737
59900
130232
66323
104118
62054
76900
52041
104787
61010
102896
55495
60888
61228
103089
55758
105758
53839
103768
44136
104752
62584
105314
54127
103270
61769
105067
57089
99691
56608
101829
57555
81026
74731
105257
88105
103297
54560
104317
68438
100914
37580
106028
62636
102761
59284
104089
74248
109903
65322
104793
52372
102245
61245
104033
56835
88147
50564
60901
64473
108906
55407
112021
57028
105039
53228
144515
72789
87170
46199
106736
74587
102440
61965
103267
61142
104307
60527
104179
61038
104467
64974
104062
55883
90147
57724
103382
60088
100646
61386
104377
58139
106692
51287
102110
59872
102800
62337
103858
56686
106655
61303
102962
59731
70377
43375
106226
61102
104335
63047
101127
74426
104240
74644
108873
77019
86624
68461
103336
59164
103037
62744
102180
52717
107706
51617
103736
59586
101651
60123
103370
61506
108166
45652
88503
53485
104035
62463
87642
72178
59206
73463
107513
85915
100193
61887
106354
60872
106710
56615
109561
60685
103956
62135
103498
59382
105224
62519
95601
49256
105261
41954
103483
61827
96811
74019
102833
61303
102674
58891
102591
62073
102202
57807
102809
71445
101481
51200
101889
61857
101956
62463
102498
62787
102370
63208
107118
43672
135626
60417
104425
62426
99692
49453
103656
72324
97069
70118
86880
47816
75749
42500
103806
74520
111208
54331
108232
62406
102957
57472
104610
62822
102111
57327
60434
37626
109821
57707
111851
52586
103590
60809
102891
61771
104793
75551
102095
59419
99393
49471
102966
58901
105931
44256
101877
53967
102220
57472
105495
61386
103834
61930
99759
29722
106738
74096
69299
66598
103442
58398
98356
50256
141239
60114
101881
60634
88493
69049
102706
74059
107513
60914
93169
28816
105425
63328
86860
72178
103522
61309
108280
61185
103635
61618
101897
60697
103375
62287
102897
55446
103550
75480
102573
73881
101505
60000
60843
37559
103443
73046
101080
62960
103558
63666
89911
60950
103127
51363
103002
61542
109452
65283
85459
61171
103730
54435
53959
26336
70208
57307
109577
60887
104116
57121
103197
77777
105180
71393
104170
63025
103999
62867
103254
53754
103019
66136
79103
61144
59099
61972
101565
59273
99551
57321
88487
61567
103576
54898
102901
62250
102952
54500
60074
36078
85559
54802
107951
49140
104232
54346
103711
62240
104369
58489
103796
62131
102886
63872
103008
53451
106693
68780
102606
60477
85797
73729
98813
61066
103352
54180
101866
65273
107410
50984
104179
61145
101202
49944
100393
49661
100656
49289
103438
62425
104470
63223
103207
62203
105144
60325
103754
61241
107553
39881
100418
57890
102478
39353
52328
26587
105183
52265
104017
61714
98674
50105
105300
61371
103420
66901
87343
61435
102708
57763
98966
69885
103596
61709
99656
55655
108629
47954
103307
61266
102465
44089
102135
56447
100597
61161
103851
95425
88422
52843
101413
49839
107174
68179
97004
54461
102435
68069
103167
62809
81941
41879
101927
58318
105896
54881
105288
67229
97961
56717
106480
57011
87630
54991
105545
61817
104560
62421
103022
61900
103994
61426
107787
53235
102348
55145
103906
41112
87261
61804
103474
60275
107638
56396
103683
60547
105622
56697
104345
62242
75333
53733
102949
54280
105359
63187
104660
56099
97857
58107
102748
101212
104097
61519
104758
58407
104517
62791
55137
33003
101894
50571
109448
80926
104871
55099
102069
73816
103513
62922
88159
61742
99884
39715
105232
58114
104113
49919
103357
52678
103262
55207
103532
73918
104878
56924
102655
55193
104183
52961
99609
60401
104723
55761
111879
64550
62668
41449
103951
66430
105876
61436
103713
60824
89864
61737
104251
50326
102851
56080
109574
63328
103365
67101
100628
66259
92654
36364
103490
48012
89711
61977
103951
61855
104337
60729
104282
63112
106469
65426
103032
45858
101247
61626
62136
71328
104846
57629
104157
61559
60795
42000
103881
58705
103004
62318
103563
50506
86477
61969
78818
48421
106637
79381
103027
53110
100143
80740
104512
61210
80371
48728
106867
63851
106154
50807
105011
56157
103375
53696
89513
62571
101929
74588
102009
54556
60205
59038
103706
62419
108494
50934
105384
58238
98984
75382
104934
87619
103859
60716
107336
62940
104209
61772
102641
59374
103810
61485
104090
57064
97878
58037
104738
61121
87156
60950
107537
47397
103349
61158
108485
59554
105898
65931
88078
61361
100745
58041
107090
61935
104097
61111
103921
57457
104197
61641
108603
56726
104129
69180
104033
62386
130443
66364
102801
64315
103480
60604
108563
57891
102896
46376
102974
61652
87497
61330
108572
44810
103938
64294
85997
62573
104029
56755
103615
61595
105242
61749
103788
55217
99441
62271
103663
66883
105800
55001
103109
67282
103501
62946
108421
61383
87755
61144
97995
54179
108218
62724
101964
71015
102851
62493
101466
67965
104069
61166
105871
51248
109529
72188
102398
65080
104809
61183
104174
62805
105011
58501
101608
49921
102062
56984
110441
57552
60052
37429
105256
65262
102739
61183
107133
62930
108611
52275
105989
53695
102816
53669
100193
63428
100526
58805
103604
61616
103049
54871
103850
70142
103868
61606
104860
52962
103510
50757
102759
60829
107185
49366
88348
54106
104388
51118
104413
67976
102911
51691
56621
66485
102933
55024
104753
63418
105707
88117
104079
62047
102197
63357
103485
61225
103796
70311
107999
54573
104998
66585
106960
61281
103490
61331
104522
74656
98857
50306
100506
47268
103171
62574
101869
57716
102869
61990
103464
56933
108330
62664
102480
38302
102987
61514
102688
56553
104435
60401
115270
62577
104719
60962
102776
54599
105385
88242
104630
63082
103674
71097
102866
52078
129272
59972
99363
50373
104563
62825
103361
61859
98681
61904
103368
46454
104257
60852
103244
74848
104511
61371
102886
53541
111576
61050
102223
59896
104746
62754
110249
69080
103139
61290
104432
63142
89558
67163
103072
63158
103280
61093
103352
51483
61802
68556
108041
74227
102862
54410
103931
60836
107973
61882
104378
60739
108916
66603
100861
53651
101821
61573
102738
54528
103498
61381
104462
63262
67662
67601
99534
49363
102998
59434
109841
45334
102804
59546
102961
61023
103109
57211
102339
62559
103024
61978
103192
54586
102735
61667
105256
61294
104583
75685
88775
52696
104495
100513
103738
74115
104472
60258
108367
49066
103137
60542
105723
79327
103868
61549
102182
54319
101538
61481
105152
65306
100902
49777
103711
61308
87164
60900
88367
82621
104368
57927
103535
43508
104662
60665
102230
74033
105256
61688
102658
61181
102145
61010
103704
60890
103874
50351
60034
74159
103951
63093
104099
57653
104382
61035
103758
61754
102088
61116
89819
73788
105412
62817
103382
52052
103180
63955
103691
47120
112025
61002
105189
62039
101729
54839
103618
55922
105362
66571
103102
57873
104477
61601
104587
68552
102874
60872
108118
61759
91056
72826
102781
62090
101182
63385
101994
62586
103107
60253
113020
52538
109020
51999
105260
62003
89146
64004
105207
61909
102147
62838
87163
52989
107561
100288
88131
61301
79750
48709
108233
58073
103124
61062
100916
48775
102267
50303
104888
61636
104768
53139
105009
61752
103833
74762
141269
99724
104051
60601
103999
61421
103046
56911
103748
57923
103305
61220
104067
60830
104382
59670
107638
46234
104477
59907
102940
56707
87928
71398
104239
61083
105241
53940
103608
56029
102176
70705
103981
58218
103556
61153
104219
51976
104570
62030
102699
56845
104996
60784
60635
39261
104027
62103
102816
64045
103315
65994
59312
122125
101664
61324
110533
51398
110820
60788
99107
58006
103588
61289
70132
42800
104913
62105
104677
61832
86774
61737
103722
59973
97122
49261
105836
53249
103939
55464
103117
79196
102651
60779
101598
60968
59462
32482
109668
53334
103370
57971
103878
61355
103342
73943
105229
75148
103977
63231
133321
62032
101380
61278
87223
61614
100160
49884
103468
77044
98652
42066
82399
48805
107469
55569
101398
65939
104039
54465
104588
62297
105141
53959
85454
60969
104109
60998
102415
61353
80619
47950
103071
73055
111001
57209
104550
59585
110998
57512
102226
60673
79811
70376
113484
57314
86445
68537
104283
62158
100898
60767
102697
63456
101921
74936
99316
58873
103728
31722
79781
62997
101345
66791
59498
35198
100992
75203
100954
57838
104507
55768
105020
60434
103812
59860
61882
40077
86413
61213
106084
50947
102838
62328
109232
59507
94215
60386
104537
62448
104319
60751
105144
61655
107253
62283
89010
80049
102359
57214
101353
61816
104515
61007
103488
41584
103861
58542
99594
128317
105927
61845
103905
62265
86749
59411
101676
60496
104437
62373
88116
62316
102818
61000
112585
71716
102906
68356
110922
62023
98117
57392
106429
58595
102598
60939
104279
58665
103019
61694
107892
53974
103690
60300
103139
63225
104129
53175
87380
62138
102631
61639
60719
66756
108310
69151
105226
61664
102698
59331
108051
74111
104359
61539
102600
37090
106116
60440
109193
56410
103512
60998
87875
61217
105685
87917
104926
62005
105186
73739
102481
62371
106836
50077
102897
61569
111685
70002
104585
68698
104054
73269
87215
52677
111294
54503
99273
113501
104159
60421
85848
71216
109156
58104
102320
33967
70909
84435
87527
60108
102821
61522
102292
50738
102081
61391
88545
53294
101661
60381
87187
52092
105284
60714
102451
54423
101186
57415
105277
41743
61122
36806
106375
43291
104447
61808
109760
37613
103771
66081
103681
64879
103866
55668
99857
44741
103523
61473
103064
56525
103590
46554
110927
74497
104348
61679
103204
55085
103222
56891
60334
37355
104204
60522
103301
61133
105202
61972
102598
56053
104790
44733
104362
61424
86968
60602
104036
61985
88513
75213
59430
58470
102498
61123
102130
50421
105385
61411
142377
52259
104632
74564
106634
87902
102636
63005
101521
54061
101731
60837
117773
50411
102325
54167
102593
62927
87614
31491
80200
74775
101367
54391
106787
54352
102001
72872
104540
53112
110265
54559
104545
59480
104456
60763
96269
59971
107043
62155
103425
58695
105682
61363
83944
39582
61977
65845
78634
40236
109863
62201
103412
55821
105868
52106
104923
83236
102860
67546
109103
60642
105511
62992
100606
50924
102006
56184
104331
70895
102766
50611
103620
61466
86323
61085
104342
53896
107043
44735
109151
48450
104145
61014
101409
57999
104568
41964
103130
61248
102678
60697
86935
60142
104230
52354
83769
49935
103654
61336
106508
49717
115746
53158
103976
61423
108279
54228
129688
49764
113818
47615
103308
62231
88619
61371
101423
70913
102906
60817
104001
61379
102863
60519
102465
52676
105522
55103
104135
73798
101550
49434
102252
61076
110909
52197
103753
62797
102390
61339
104831
61299
103389
62175
104224
60734
96334
58565
97162
90188
70068
60599
107172
47454
103901
69630
102931
57943
103114
59133
100138
51400
103921
61261
126019
61755
105214
63448
49490
29475
66664
58727
100593
67627
61651
62977
104716
60935
103002
63501
105452
46739
106424
60221
103686
58411
101099
62177
104705
60259
102430
50832
105202
59121
105161
62841
102934
60489
102535
61990
86827
61300
102029
61899
104277
62471
100231
49991
105466
57802
61941
62052
88619
53773
87772
53040
106548
39162
87779
62220
102006
61000
105137
56756
99551
45779
103423
63273
133002
58136
107168
77140
99245
61513
102167
53944
103338
63218
102062
46755
102190
61351
102180
49155
102700
63272
103699
63048
102622
60960
97246
50109
102700
63186
102463
54254
101418
53224
79278
70670
103375
62145
59188
73554
99793
49947
104252
51108
102200
61875
103445
51365
102846
66089
102979
45475
106750
53863
60192
63075
103769
57126
102801
62608
101937
61393
106548
51386
103182
60842
102299
64185
56969
27868
102104
61311
103671
61948
103864
61463
102917
90572
109748
74643
53793
49667
102279
72743
103360
49495
102783
53639
99801
56419
98869
48949
142291
51913
105590
65210
102397
69117
99014
58689
100112
73830
95023
61169
101453
62165
101673
63097
101233
50038
101526
50409
99243
41395
106507
94598
97641
57757
103370
63223
62242
62932
105516
73914
103904
62361
104868
58241
98925
47282
104688
61760
102786
61057
103593
60934
107353
57810
102671
62131
102934
64346
102425
52753
101962
71628
87429
52370
103425
62095
97766
71356
102778
54220
102318
73451
108876
68537
79236
62894
103921
61997
68536
35125
61129
32579
101410
69709
108796
41126
102409
61980
97068
56969
102764
62960
102533
57743
106981
54761
103554
48414
106926
54040
103019
55252
103126
63025
102235
55817
130765
58068
110897
67025
106808
61539
104427
60745
101606
51090
102480
61924
102242
62852
60709
69407
87702
47475
107909
61120
102605
50744
104826
60812
72059
62207
102295
61389
61283
35965
105607
74598
103505
61123
104141
60307
101981
76239
111442
40898
102494
63034
60072
130239
106188
64478
60722
66541
108602
58773
103577
62278
102651
56880
107250
51606
83007
49320
101383
64103
102551
60694
103587
57853
57891
31436
103825
59306
103866
67442
105061
60792
100202
49774
102871
61346
110391
72876
103761
64290
104286
61611
103430
62358
96032
69032
105337
53462
104094
61456
102889
57662
130415
64071
102806
60970
103808
61787
102939
67253
109506
56958
104919
62187
103695
61687
102064
74091
76192
55671
101510
55550
110265
61601
104056
61950
106681
45523
103367
60416
103397
73816
88418
60730
103611
61987
103430
58244
103057
52605
104099
62484
102641
52896
103127
48970
101869
59143
107292
46002
101769
69293
103133
61436
104237
62860
104761
55331
101992
60288
101007
73453
103019
76627
104342
44364
102730
52347
104735
61120
103766
55743
101866
61280
105764
62419
103483
59940
102400
62984
105142
45181
105975
60964
99558
49899
101587
67427
87472
68282
102746
60489
103716
62804
60277
73439
102816
65242
102460
61884
101884
53242
101499
62779
100267
62582
107166
60903
107403
59832
104120
61581
112961
58396
69261
39398
103668
68913
103753
61642
101916
49869
103507
60383
103586
62379
87668
82116
100418
46672
103318
47654
103387
71099
98239
54289
96119
51764
102828
74446
61528
64776
102731
61655
104162
52418
88219
67964
104096
62396
104991
55232
102323
60477
103222
55903
101556
50410
103957
61977
103400
56940
86474
57830
102385
61934
70927
43942
60503
58785
98216
67835
102723
61023
103512
61892
101293
61451
106269
61737
88329
84512
107856
78473
97500
61408
62757
57387
101721
52727
103879
54656
105736
60815
104878
59983
104949
60966
109110
76482
100070
49115
102811
55661
105053
63017
105643
63846
86365
65618
102861
61606
105147
60088
102801
58805
106502
73627
102768
62778
104005
57716
91645
57444
102596
52894
103863
61987
103641
61394
104237
57575
102668
55786
101616
59883
103159
61962
103110
57297
104824
45500
102262
55147
103034
56765
104555
64017
105111
47713
106605
62821
101952
57948
135750
56625
104714
74145
103695
74754
103557
61824
110614
61707
62076
36844
104325
54117
85809
50124
104660
71357
87773
62367
97792
58164
109843
40170
103767
60476
103601
45602
103626
58931
102306
41888
104021
52828
96679
59437
102626
58051
99726
62323
104492
62928
106772
75315
100964
61274
107535
62865
102272
66530
106483
55793
104713
46737
81674
52098
104309
61625
105755
60875
105184
66085
98025
74809
103836
60465
101515
73683
103229
61899
108634
64326
103200
55013
105347
62053
103372
50621
86177
73262
102519
53300
108782
46241
103142
61626
104966
63159
102946
54119
101661
54583
101100
61081
99726
42225
102192
70900
103044
52873
102571
62327
104470
61769
102993
62794
105530
61739
103663
53563
104585
62436
103868
71683
106620
62491
103787
61474
98138
67650
102047
61453
102476
62787
103427
62857
102951
62119
104031
69283
105017
65082
101701
61516
103537
60396
98883
74644
98683
69031
101982
51980
104410
57257
60391
41514
110727
58127
102234
57276
102161
60441
104352
61499
108236
45514
100791
24691
100764
75208
102593
61108
90038
77046
102385
62857
102293
54536
103101
56853
103305
63477
106372
62716
89266
83537
108348
54257
107750
61155
102772
61529
100812
57657
98974
39548
98238
47116
101588
51822
88445
60194
103553
62170
109645
62066
86707
67811
103728
66748
61192
64483
103325
60860
104663
65135
87794
60595
87794
57384
103235
61947
96787
55582
102473
56186
102861
67662
103603
61095
102801
64009
104300
61416
103595
57843
104518
41575
104342
61601
104121
65097
103114
57517
100696
58490
110008
56312
108606
50679
103159
54392
89621
61364
99842
66515
102836
56054
105008
61838
103470
63681
102911
61055
104271
62233
101599
53956
109815
63855
103087
66443
103199
61283
101149
62383
102196
61388
103314
59766
61218
38688
108201
65834
100187
60569
104793
60511
103898
53758
87595
59674
61921
61418
87108
58207
104119
53002
123807
63220
84287
63300
102903
62263
103768
73099
104374
61025
85848
73477
104680
62307
103957
67776
106813
60236
98909
62051
105104
61035
102829
61182
104011
61627
101783
61702
103300
63384
106034
47362
100997
61834
104552
42257
82456
75562
103541
56455
110956
49704
106537
61408
103069
74101
104360
58794
104147
62040
101684
72654
104756
61186
103380
60902
102944
61609
105597
74041
103592
64137
102981
57803
155193
70235
102966
61907
110000
61275
101633
58622
131647
59003
103802
60100
103415
61048
104081
70386
102550
66989
104688
68061
109196
56364
104578
61589
102337
61808
102714
30741
102467
61270
99271
31428
58326
73910
101967
59477
104372
65205
105219
61700
104109
61660
102110
87904
105139
60421
100599
50631
101861
29975
103442
77728
106087
53822
83426
29747
102347
62097
111232
75334
104159
55865
104297
66862
101809
56327
102362
61825
85070
61665
103597
73866
102801
60957
104167
68660
102776
62589
60429
41748
102377
63571
76395
60316
104234
61266
103339
53684
87783
60096
102899
58406
102648
66818
96133
79574
104320
67092
98461
68644
86362
61106
99719
63530
102104
65267
105237
63323
101368
58213
105129
61544
104372
62000
70029
62829
101793
82720
106036
60657
104094
60028
103555
59634
102082
51939
103257
61551
108349
92575
105405
55998
103475
57592
105454
60871
102345
53144
104205
73560
105076
65064
103150
51187
102656
64077
103816
70613
102961
61714
103895
59782
96959
59101
103318
60554
103612
60149
105151
57448
82388
49358
106697
61593
101714
50616
72816
45805
104870
74742
105179
63373
116644
65733
103420
75490
105006
59336
101945
62752
102262
62122
101603
57710
104726
66100
61269
30814
102470
37318
104007
69781
103533
50902
104779
58283
101605
66748
103710
62902
102044
48123
101846
61874
100909
60735
100929
57923
105925
55026
103283
61343
102070
61083
105500
74242
105355
55335
88487
54158
103059
58532
77348
46647
97949
64292
83329
61779
103479
50650
104066
62381
101486
62483
104309
57486
101907
62186
87489
61055
102749
63293
100832
33412
102769
63318
104463
55861
102970
61990
101928
62214
104773
74857
106980
61932
102941
49389
100333
49333
103056
73109
103903
57545
62205
38374
104500
61737
95858
68222
101346
59129
104201
53963
103532
60927
106531
63120
104716
37476
95632
61489
102555
58518
101481
57663
61912
33420
102477
58704
103252
56331
103079
73921
103011
60781
56140
59491
102974
51445
98055
50498
104823
62258
103670
56333
104653
61681
106537
60572
104933
61268
106669
57001
102573
74215
