142079
84675
122781
87805
143403
86728
143703
94250
147733
72814
96590
104938
147320
69870
143770
81337
82308
86802
138580
63876
142307
81048
167250
63833
146997
69793
149506
77468
147792
86586
142743
44865
141404
97777
141981
74498
104722
84880
139582
124910
145482
78507
114172
63321
171160
77799
144679
77496
145629
59442
141707
74418
108804
99120
141890
76055
142362
90720
143326
78660
142579
77949
142432
86990
142670
41461
136486
65573
145000
97003
131747
98482
143092
99359
143981
78284
145340
79420
147123
93898
141096
42852
144414
74659
134140
84419
143397
80081
142945
60516
98130
87637
121916
92225
145850
64333
143447
80893
143863
79382
144734
43053
142723
76433
129835
79568
83058
56136
146777
83893
144577
85472
139957
61866
83358
46471
140632
67663
143777
74587
146215
77112
107434
95193
143292
55941
141032
76190
142337
81519
69478
34168
142879
50645
142853
80585
147924
60426
96391
97221
144374
74916
145076
68173
147724
77954
143469
50823
143364
74416
122711
97769
144261
78292
141527
66864
144191
79163
142239
78706
143294
95956
107322
50295
121139
71752
140385
77875
150992
96130
145777
63897
143224
79305
143962
86411
147450
60370
140533
61225
141286
98597
140505
73198
120615
84344
139728
58635
135614
78190
143271
55763
136612
77724
144765
86052
142166
77608
143752
98390
146521
93346
140701
92402
145945
71592
143765
174724
79784
87995
144249
80188
148080
83704
145670
73706
141930
76358
130086
71923
171245
104409
138827
80753
145627
75857
145445
79912
153861
77987
141941
77839
81035
70702
82042
78076
146087
80056
143744
75029
138678
68066
145061
77011
105676
53780
141062
83759
141635
77774
145203
86639
145482
98953
145278
89512
141615
75348
142389
66763
146104
77714
140921
77781
144290
78720
144225
95827
139771
66342
177493
82877
144692
86549
135482
62370
154234
78920
145349
85219
145625
86631
142883
84872
152035
83075
143750
70876
145374
83091
137898
53717
145932
93083
144184
85840
145063
68991
119183
81938
137683
81589
145462
76949
141763
77987
145737
86113
138267
72669
133035
102846
142618
84650
74367
34110
142084
75363
142455
84612
142816
84931
138275
97363
143193
59837
144557
98484
133960
85917
147002
97627
144014
88124
146524
75997
154683
84842
135842
69563
142680
84304
144835
71619
143059
60639
120582
71877
139260
72685
144258
77831
141854
79064
188668
99569
96467
78507
145411
76596
105444
91178
134542
86798
134460
80668
146218
81235
145757
79818
143020
96956
143756
60298
134171
83374
146474
80425
143963
74919
145305
84909
145420
78870
144262
84987
145829
67437
143824
72073
145725
79637
141044
100144
147877
92284
145163
75185
142663
80039
144291
77825
144314
81642
149929
79547
180058
91151
169959
78142
145183
78174
121591
74367
140820
76122
145228
84411
144760
83261
139246
87143
146394
78818
142718
80558
144600
80748
98486
57973
106765
95885
144159
84153
143529
98378
142643
78041
145434
88473
210257
70171
121929
59424
155015
90471
135240
94678
141670
72179
113387
79696
138904
67119
122783
72641
105737
91483
143757
74296
144698
73233
144511
76345
146143
84975
144707
86358
145775
77548
111716
95242
142799
79362
140540
69224
142661
61793
143455
67472
138969
66085
136517
66911
143750
68122
146830
99880
143474
67558
143248
55200
144081
85098
123447
97972
112548
90559
145632
68992
114994
97551
143830
78330
97618
86469
143037
90922
170233
73461
144151
77759
142772
86205
144626
99404
143387
94359
144327
72799
143319
85262
143843
78823
144262
79485
143612
84063
120722
90564
144313
80155
147376
73521
143760
73724
136568
63380
138839
68149
148553
78071
111384
61465
143277
90186
144424
98712
143758
68718
81610
97246
176916
76347
142076
83775
147019
69189
143524
74646
104498
83836
117879
85882
143122
84176
116501
78047
143855
79119
193291
70658
145602
72967
143704
75173
143197
80033
134750
93387
146833
92996
136858
68862
121259
85825
124667
94946
146443
78570
142129
91602
141316
96281
143941
74253
144426
74052
143718
91450
143061
75308
152785
85286
82130
68791
143173
97991
187492
51263
143136
99571
122656
86137
142194
77555
142350
98427
144035
80488
146982
84281
115998
85072
144491
74153
145303
44897
142096
97925
177961
79638
98167
90422
145439
79314
142279
63375
144341
98701
139912
89167
141376
102153
147013
77556
146745
77615
135877
89449
144685
77574
143159
76993
137515
75128
143572
78355
137993
79170
121327
66022
141781
98363
145133
77984
144246
78310
111334
62538
133545
51175
144642
74709
144635
72090
137792
76478
150704
73124
142417
80693
142620
99072
144384
72253
109689
97337
150481
84073
145171
78379
142083
86673
144557
83918
142946
93096
147913
79285
143078
97207
143240
97796
135358
87077
143923
96281
144334
78570
146523
74819
131781
93888
133313
52420
146314
69730
143905
78034
143278
76233
146251
76832
144228
73353
143613
83898
119140
84150
143694
84103
144221
82442
83036
79145
143722
85716
140961
96248
137038
96982
152305
86291
140438
55276
119893
67936
145763
73155
144501
81078
123809
66164
143810
76782
143497
90242
144555
84462
135939
86346
144922
84710
142971
80483
144123
76396
143476
72659
143289
122815
144512
79756
146426
96108
143093
76503
143712
84868
142093
76796
143580
97048
150664
81150
144730
81219
85868
45028
142992
97734
144114
79244
142484
70514
144383
76150
144239
84046
144931
66787
144466
78173
143441
72261
151406
92729
131451
69553
144207
79410
143156
83564
143496
81829
172352
78400
143908
70381
145429
74481
172967
97440
145544
73857
144488
79831
147727
79778
146078
77418
144502
66941
143668
77476
143761
81432
146552
77561
145604
85336
133386
98110
152127
79758
137000
79174
144349
85500
144234
80032
147083
75193
141670
91679
109669
89963
149074
69001
143031
80862
144091
80034
144557
79515
147382
77764
147005
78812
141312
111562
144663
101647
140422
82283
140407
102258
142633
74738
143377
79605
145519
79011
145029
73672
143119
67210
145758
70407
143915
86959
141450
78769
143340
79217
133349
89288
144267
74413
144141
72802
141768
84694
143594
96673
144823
76039
144382
76318
134073
98048
145156
73601
121771
91823
144153
79081
145724
84655
145948
78928
142750
64961
142830
62182
146100
77706
141344
97068
143958
100675
142820
86232
135237
67619
144655
77245
140350
66851
143873
78378
125721
68269
142890
78598
141406
79972
85879
96720
144066
80598
145602
65937
143968
75709
148466
79941
142484
69723
136283
72564
144088
78988
140648
53031
144469
75398
145849
49772
144384
73416
144587
78039
110179
76793
145941
97377
145048
79538
142672
95313
133259
98026
85897
76533
147458
77217
144156
81064
144840
77438
143515
97301
143654
62969
113885
91101
143249
83906
105773
98164
150646
63107
124862
85502
122385
60330
144054
73525
144331
93717
145371
84158
143242
79565
144611
76891
138488
95650
123909
84975
144715
78585
138213
65959
143980
78535
146484
84444
145634
70919
85378
46297
145407
92712
143985
79297
143525
76967
143950
96600
143845
56017
146727
64096
144046
84702
137162
95365
171145
76867
144414
94017
90919
46734
111338
60931
143189
71990
143346
83685
143399
78696
140112
66612
143847
85279
141755
79368
143196
84575
142678
79711
122709
95776
133829
59378
136633
98387
152080
81712
145855
91828
144969
85624
144945
75309
145392
97239
144840
71113
144908
83219
147233
79026
147516
76639
142740
78646
144151
80816
144020
79957
147007
97653
177247
73218
145169
95980
143730
83238
143656
75750
148291
97805
143827
96494
146168
95789
145829
72619
139952
97678
145562
77280
138308
66567
146894
97659
142582
73130
146502
75451
148047
96970
143740
62740
145691
80830
144505
78947
146351
93271
117431
66490
143740
80627
145065
46066
144476
97084
148391
81152
144560
76418
144014
83434
140598
71337
145276
69350
145908
78167
144457
72030
135485
68089
143702
76844
145840
77540
143422
77245
147923
64246
143270
79126
147050
73300
146251
97764
225674
77004
148815
75040
174109
85579
144871
73969
143154
74389
171727
73284
142851
98158
147283
68274
144822
79034
145023
74774
143432
73949
136241
63237
145632
73262
144804
80776
122954
63058
130911
97796
141114
97435
179943
86765
146964
82007
144524
78009
144301
97806
144121
80057
171167
75575
146680
75987
144863
77295
143861
81839
147293
77303
146023
79355
150085
84221
81241
45722
142063
96360
140776
80062
152568
97223
143780
75221
140272
79490
142144
72304
147243
66550
85656
43448
146670
72968
144692
81026
142334
80072
141766
82319
146110
77818
141673
98100
144226
74125
141580
79017
144592
72081
141039
74536
123741
90366
144108
84059
149742
73132
145391
105686
145520
67728
141067
75533
145444
84220
136701
86753
145634
74004
144957
82181
145862
93160
145123
75441
144628
94189
144460
94943
143773
89668
149175
81101
146409
84191
132154
84850
144817
90907
144392
78330
146635
79074
121715
81064
140731
75273
145996
85476
114499
49723
139505
85508
85538
56723
146658
78476
139303
75709
146527
72468
142235
99697
143436
88678
125624
143592
145614
88366
144680
74641
144571
80580
143988
71434
145981
75867
134991
96898
138570
65771
145692
77808
147370
68376
143900
99211
144684
80080
143858
78248
134407
67289
148826
76740
145567
79555
142712
87669
142787
73971
141565
82414
117771
79558
143708
77841
145642
77813
144022
80689
146265
62885
146168
78197
146692
79364
83968
50543
143530
73362
142479
78472
141279
69878
110701
55097
146446
58921
144239
71735
146343
74461
145390
85924
146371
92179
71470
97878
136873
98007
135851
75142
146155
77162
146099
78459
142351
74463
147296
81527
146381
77454
147302
71959
144743
75208
154542
74986
135116
92694
177014
56472
146065
61041
146068
95470
146228
78528
143126
84070
148995
86812
145263
83421
154539
74185
154847
71042
146374
96826
147539
76541
125262
90610
147133
77410
117181
81886
144646
75570
146198
90987
144524
85531
144542
85605
150651
97176
143879
97118
146882
77220
121949
64848
142944
77423
146088
84872
146542
57778
142254
76543
146775
83707
130530
87571
146399
78440
145977
81650
144976
96535
122698
92046
145622
83441
139894
66991
77291
34402
80407
43599
156933
76228
145401
77602
140926
68719
148563
76839
143514
83667
142341
74328
150811
96656
145080
78461
142154
96401
147316
80012
146206
78514
149022
73408
143202
98923
146812
95261
146037
81974
150405
84531
144679
97190
121772
65533
144124
73230
121222
72864
139180
93403
145865
84433
143953
93575
145344
90755
125206
75287
145636
77957
141407
76843
147020
67777
147178
75318
145176
71314
147153
72242
120260
90487
145576
84414
175569
97052
138817
61677
143311
90740
147894
95318
145660
75619
146140
86161
141284
69682
121984
85947
106257
90754
147163
83367
145561
82680
141059
80981
140407
59699
143382
74712
146779
84744
126775
91202
144930
79189
143533
44250
144444
96332
145091
78969
144239
77466
145687
73924
146281
87230
144875
101947
142487
95301
194513
64570
146760
83662
140910
73151
144562
85754
146171
86897
146847
152428
145356
77208
149261
84055
141202
84106
142223
78011
143361
67600
142714
42274
145241
73867
145088
100122
148393
85197
145617
75696
146173
62293
124749
73066
143089
96309
151271
85131
146599
90343
124195
64059
147880
80429
148004
85732
123437
119338
145390
74801
143979
85353
97866
52402
143704
73094
149985
79525
146480
73692
140528
83507
136665
98848
89652
40855
147877
72729
122853
91731
146094
92250
143504
99389
142124
77028
142344
75936
145020
78375
145692
98111
157627
84339
128373
72447
141163
74338
145363
96509
150156
78078
146111
97795
144692
96427
144603
74034
146126
83358
85900
87914
146614
83051
143854
96842
144148
74562
158203
75330
141819
98358
142917
72657
114535
81034
122601
80858
116007
81569
143608
83759
145406
80161
133439
68862
144414
77671
147399
77872
147218
78482
145452
88877
143968
61890
142254
56255
147878
98179
140738
80920
138484
72613
145136
78171
146539
75784
141843
72225
145508
75431
143475
96817
114899
86205
145026
81860
147334
72381
144273
98825
147036
81118
143867
79934
95801
54890
145374
88979
147682
86240
142264
87827
118719
61386
146544
78505
93919
49317
146990
94132
145912
77757
144642
78302
147711
97814
116177
97103
146205
74440
145052
78797
145612
96997
146476
80299
86480
137640
133357
85245
146643
96139
146988
85599
143529
74752
143710
76887
144615
67969
142139
96174
116043
77464
143483
84113
146864
93328
141679
84453
141545
86263
145193
96301
145544
84561
143360
77652
143494
80645
145678
77045
142627
81593
132395
96851
145001
78924
146253
77090
145005
80382
147687
82066
145265
75920
136360
79345
143458
75334
135853
75871
116552
81856
94179
51618
145958
73030
151217
78773
150943
86473
143585
95419
144216
76675
145179
84977
177545
78526
122000
86487
144859
92355
142024
95632
152988
79217
147448
62975
144983
165670
147647
85750
147373
52453
146434
93134
123359
87704
146193
84893
141514
76266
144464
90658
145399
79448
141421
72920
145570
71336
145486
95970
144938
100361
144449
84133
133149
71767
145579
81858
110094
84707
168565
92390
144266
84818
150574
74868
143790
84569
147731
76456
143710
66934
131407
71504
143338
78633
143973
78894
94612
64422
142269
68150
146092
81228
120097
69672
147068
75547
145664
73425
143701
85527
144350
75329
143665
58390
145954
72938
146513
78533
142157
85652
143044
76098
147048
98851
144702
78856
147233
83825
144056
97905
171830
83930
147199
78242
84735
71018
144790
75647
152602
83812
143213
72474
144827
80623
145273
72694
148198
72712
145626
78385
147078
72610
136967
77939
121733
86155
146579
79340
144781
64108
144730
85063
144609
79433
146434
50472
145782
84856
144053
78344
144399
98233
147143
97199
145086
86323
114261
89427
147940
95721
139926
67332
145070
73769
144927
91138
143222
72887
144954
75072
144605
74071
146371
93178
142210
72885
144620
78028
146334
78725
138493
76713
135740
96989
144410
85308
142871
95777
145428
91393
96931
96987
148120
73742
145960
86600
146514
79898
145452
74028
146131
77385
148369
77315
145016
97838
146437
70753
143921
80033
136209
54685
140281
73881
144956
80007
146617
83870
145840
78938
87283
44594
173786
74143
145798
83732
122470
83189
145680
74944
144870
83780
124344
68742
142532
73399
145574
96458
136525
94978
145885
98074
145761
82422
172852
76439
142515
66863
144124
79294
145680
104356
152945
100732
145887
77608
143469
78413
136357
59585
143357
79315
149002
51640
142729
58232
144865
85832
146968
60802
143981
75393
124279
86108
144680
104441
144732
85596
122028
71616
147216
83559
138678
99544
146061
74920
144432
85931
145755
75824
148644
97972
144327
77568
142129
76343
146101
86683
144462
84129
144717
83807
144251
75132
146958
93653
143775
83527
144234
82958
143630
77495
145800
68723
143948
89562
84483
46000
145568
81068
144026
76129
144794
84724
147901
78009
142218
97402
147284
93687
146905
80337
143579
62185
145274
81630
122139
87177
139378
74047
143845
75285
146373
73431
143639
72338
146492
89921
147561
69236
144146
83800
145231
78914
84147
44472
146065
55064
123127
90844
145779
74722
143830
75465
148176
78999
119406
99509
84004
46012
125458
90217
142555
89339
145587
97245
146381
81048
146516
86472
145653
74856
146985
78287
142046
96414
83963
57215
146178
78252
143279
96265
145096
88493
144276
85120
145900
68798
142881
57328
146414
96800
145607
78706
85034
93376
144790
72256
145212
78618
175185
61917
142750
82244
145915
73505
145745
83387
144323
91438
147061
78192
144243
75694
146609
76791
86989
92897
147248
79506
144710
86375
145403
53928
146263
84489
148505
83216
148207
56427
135017
84386
142117
60919
144935
78067
136129
84002
143984
75859
141735
97251
143549
76812
143027
74596
146253
91248
84297
98665
111959
86146
146632
93301
146830
73772
143615
73617
143483
59350
137278
70379
145052
101421
122105
91483
144565
45927
145099
76359
83004
72268
144760
78293
123488
62756
86536
48650
144234
76775
140992
66781
164951
77125
149999
94071
141469
78751
146201
85070
144767
48442
145247
78211
145833
83541
135716
63992
126281
76967
86218
44439
142370
71617
146008
86719
144990
79164
144765
76074
144577
88462
146599
85524
146429
80036
145773
73504
145133
78476
105236
85526
146514
84790
142605
74298
143944
78947
144953
78027
138531
85694
143931
79144
144089
76308
116145
63068
146073
96637
136169
72441
133021
68793
142648
55976
145173
84325
144760
75383
144990
77420
144775
53570
144136
77450
122746
68978
147017
77741
145483
75671
145776
87541
147261
75693
144394
80793
148857
83727
144827
78821
140980
59696
145031
80585
147576
83993
146058
82978
146289
80358
144680
83702
174002
96809
146063
56555
143167
94123
145306
96597
147241
96591
146942
96616
146827
48336
145183
86184
144565
80403
144870
77207
178412
79512
145169
79859
144849
75539
83672
54955
155173
79992
138388
72083
143675
94695
144101
98244
86266
51108
141762
82633
147353
83945
146780
41740
141315
43375
141572
65552
143814
82339
124297
84943
123231
90006
144632
84081
142189
81938
144952
108945
144950
75112
143624
81124
144955
96869
145551
50454
143264
98142
146319
78147
145257
82994
123527
85239
136572
97583
150226
76499
142695
91646
124074
77620
144085
78389
144595
81136
145143
74661
145363
77092
145905
85193
144948
77006
146098
86711
147626
66136
145530
79124
147767
149190
144466
56973
143494
56133
120798
128113
143925
84372
144971
49374
109602
62500
146528
80904
140453
66713
144053
73970
143995
79926
185171
63854
146448
78500
137156
59240
146288
77237
136452
92779
110145
55324
144587
94619
144792
109624
84082
96508
146639
77474
140840
98460
145540
84536
132071
98314
143545
95641
147570
79512
146736
77468
144672
67011
144910
80680
144542
94987
183116
83304
140334
73381
145984
74962
146682
77919
148509
85799
148328
74819
150937
74364
141592
73153
125083
86173
140673
98575
144108
99970
84434
47718
142487
74872
145579
76734
142618
85074
147604
80605
145504
68144
141545
73000
144777
92297
144775
70420
148651
56819
152207
95496
147595
85106
145474
96295
119155
96086
146537
97656
143387
100494
143237
81766
122467
90993
121196
89472
145444
53724
142382
74727
144174
99585
145579
96852
143833
73043
143901
88852
124399
75615
119260
63799
81833
80353
145514
74035
111552
96460
147586
99764
146384
77450
146289
93909
149776
80533
145697
72583
131643
98322
144981
78032
145647
57276
122002
98534
76179
54808
115921
56156
124576
59299
144224
81322
147659
84462
145502
66370
122435
71974
147882
82575
99229
53258
145892
95126
146216
77946
153397
81913
142154
96338
94461
85891
147566
76523
144436
87782
143483
86017
147403
85032
146950
80652
148466
98150
144311
81740
134870
43109
146575
95598
145354
81527
146750
86830
146707
77879
143940
78441
147182
80221
142519
96792
143279
93155
126045
51307
144652
88693
149100
79816
140508
69989
145196
78172
146980
80851
143983
78393
145048
73015
143860
73546
145590
86128
177152
96644
148711
83918
138197
63676
137870
91570
143447
96059
140485
87759
144448
97116
82372
51412
142928
97168
142329
77395
87069
42703
144296
76689
145293
90999
144720
83244
107239
86087
83718
84386
125030
61177
173897
96620
87683
136816
128719
66623
146221
78593
143074
81948
144509
57508
148175
86893
144670
95545
146235
82266
116227
86398
83999
97377
81916
88640
72045
37575
142798
80860
145255
87787
142988
131723
145640
93005
147323
83484
87855
82572
143783
71398
84648
72269
177070
74654
84174
49847
144289
84985
145213
85600
144822
97301
187312
98031
143128
90212
147632
75926
144624
79808
144188
75832
132734
69886
124851
80862
82398
55046
145830
85170
145559
71193
136129
78729
142477
97256
136390
80379
142868
93780
145145
91585
124367
90601
142092
81094
146993
74501
144327
80545
148104
78016
147566
97435
141603
85539
157498
95590
147908
63789
145319
83033
147952
83276
149520
52850
143259
84526
122766
75426
82638
41319
138633
73043
143221
78706
145549
77601
144507
78452
142575
78889
151613
85073
147879
78683
145760
72922
121348
86405
122990
93329
144850
83895
146191
90980
144652
77788
165627
96722
145750
81635
146892
65523
144131
79075
143979
83143
120804
65742
144712
83085
142835
75286
143692
72549
144186
85526
143830
71557
145017
83809
146738
82591
134271
88249
150306
81642
163036
97248
144161
85546
141655
96635
146737
96025
136075
90257
121738
61546
117141
94985
144624
72993
142948
66696
85589
51185
142810
75145
142878
79104
144930
76235
145063
84910
144664
84349
144454
91164
149036
97907
143875
73859
146113
80657
174218
78957
137471
75741
143459
94229
143958
94219
140456
84364
143500
78422
142775
98907
147092
86213
173671
92948
115693
83297
145441
73875
145749
92730
142832
73157
142171
77057
140426
98987
122714
88596
141186
64800
143053
93466
143600
104537
142194
86677
141514
84108
144677
72755
176350
77083
145947
79436
121030
95019
144879
88343
144859
79678
137162
120663
146935
92838
144576
81929
134058
47538
145417
80353
143946
60497
146314
73288
145842
97553
144432
74260
144988
87922
147729
78157
147272
82461
140202
80036
142322
77859
143597
75413
111381
58459
144734
78445
145905
75147
144894
110397
143056
80858
144972
83506
140818
88725
142828
77121
144334
80434
145269
103696
144368
86741
187809
73774
143355
69967
142322
104712
137136
92818
145126
73574
150210
80364
147920
79600
146982
74556
145050
82872
146412
84814
146334
82617
145359
79177
147298
50337
143706
87300
122084
79480
142620
74889
145215
83417
118814
62837
151888
84832
144417
79620
140635
72133
142474
86244
143752
85201
144299
83196
146259
78749
144689
81216
142855
72201
123392
89562
154488
73146
150207
80543
145117
79254
142589
82865
143600
91144
147233
75317
137577
87287
146115
77208
151129
71118
148861
97415
82114
46980
150294
90789
145707
79249
145554
98208
120204
64854
110285
84386
139390
67489
121388
98769
146928
75204
66322
97854
118329
98539
144952
80903
144484
86210
122253
83176
150763
87925
120343
88970
143978
77591
145364
93650
144742
95562
148558
78539
146003
77301
145577
90944
174922
74809
147033
79034
131190
71409
145211
78799
145566
73146
122102
71773
123469
87008
142229
71971
147583
81551
143456
102795
144810
77726
144256
78562
147030
96135
141741
72909
148769
77223
146446
66910
142813
83730
144702
96552
146176
75455
145614
98588
145636
83846
146859
77039
145013
91947
115251
90765
145065
80542
147326
77413
143726
83446
134617
95176
122567
72336
186186
82257
144380
75337
123628
96581
145141
95439
145194
65429
143226
79447
145058
84770
147928
76731
146219
101719
145731
85293
135304
76019
143862
58578
145371
97819
136707
78652
143167
79174
142800
57125
89369
50393
145547
74328
150297
79001
121882
76522
145359
101730
142673
73576
144379
74818
143364
79986
146722
78931
146985
71236
183749
76387
146918
91772
147318
96944
96343
89644
116657
70184
145188
96077
143951
83759
157235
94552
143910
72579
144497
83029
144141
77646
144646
79400
139598
81308
145684
81274
99349
98058
141862
74837
143557
83452
147418
71289
143577
84231
141474
96567
143820
72121
112263
79206
136255
92616
100099
85118
146414
95748
144404
89414
140621
82890
144801
87054
146122
78553
172182
78555
144454
78415
146978
91796
153843
86798
143986
78295
146361
85637
144101
83502
188023
69206
140383
72760
147829
79032
185079
92230
108398
84574
83304
41289
146118
97524
143828
72376
102008
54431
144008
77971
145909
81313
144241
85760
143311
60174
147566
97284
146494
77391
136449
86102
107006
79274
141760
72727
144805
76754
143521
74406
143937
60924
144951
82181
147469
72304
116349
87584
224492
80018
146050
73301
86165
91942
145680
93625
143629
98347
145911
88663
123051
85086
132796
77906
143828
74948
145416
73089
145355
85041
112807
83481
142745
96786
153895
76493
142036
57834
146844
79936
144226
97035
139079
66619
116810
86177
145500
79914
98441
77544
136447
94919
138952
87558
142522
56969
142489
79555
117981
67688
143301
96925
113119
136642
143532
88899
121966
63367
141092
96960
148157
92446
136123
92270
142012
96472
142772
87363
142503
86438
145501
96569
146697
72873
142759
90563
147874
77002
146882
83819
143551
83445
146548
80986
140731
65468
147027
118842
105815
58875
143229
94701
145093
64294
133867
79447
144935
77367
143214
75989
95599
88507
143564
80036
121463
80672
146933
84301
143396
74139
145628
78137
147090
78590
144864
76499
143526
84825
136603
98808
144198
97108
144138
77640
143031
74443
146564
96740
142853
78924
144198
75764
142990
74220
147764
74210
147827
97385
144377
98165
143895
79858
142479
82400
174637
77319
145166
80778
145823
50295
146273
72206
144078
65352
133757
73479
144937
73673
143787
83538
144184
84199
143557
85769
146759
84776
148190
75586
142254
81153
142370
66184
146726
74111
144163
96493
144269
69251
145238
80961
136349
91832
145981
78125
142801
66871
144897
75102
146231
80808
127487
52894
141591
67678
92316
96620
145526
83870
143765
78221
146774
79272
110765
57168
147935
83631
137177
81442
143173
86220
144138
76891
141114
37160
143481
91718
133070
75988
147524
78904
152546
94239
147567
84657
141397
96492
146205
86100
146333
78420
145148
81640
144209
78620
145147
80823
146583
74594
121401
66987
144910
91513
82738
100335
182287
82113
145659
76143
137013
100649
144702
75059
145065
72621
86993
79492
144833
82887
147196
81462
137513
74927
144309
88661
141442
89766
146170
69403
145338
84091
153301
77643
148393
77162
144012
85252
84456
42109
133499
84702
158111
75022
142635
103891
145411
75475
146496
77814
142232
77646
142737
66931
141822
80799
144339
81615
144737
74375
151479
62871
148278
76987
145153
79240
145762
75359
144003
82417
145666
77724
147316
77955
144407
77796
145791
80671
143192
86237
145670
113515
147224
98290
144195
82928
106282
94632
145617
73244
142322
78588
127056
68370
143036
76378
145281
74460
84305
45224
145471
84803
145271
73835
146053
80079
145219
74133
136021
78085
144381
96354
177010
80613
153100
55642
156523
96790
146925
85401
143366
84476
145639
99431
145191
76591
170028
93161
143492
77722
124017
82659
123661
85882
140730
77879
145133
75553
145957
77467
145945
78137
148027
79569
141881
83268
141495
79896
139776
78748
149376
89090
144750
93009
143657
87401
144700
72323
149345
81206
146897
76130
142973
79901
140791
76114
142232
57527
133347
102485
144296
79420
146273
97783
144534
90961
144577
73005
145236
91339
146246
91123
144960
88792
144396
75105
146673
82225
145401
77418
136217
65793
145848
76919
85581
93239
148755
82191
149920
52129
147138
92730
138816
96779
141853
79111
143860
78387
146569
97441
142350
83942
143334
102976
146242
84485
147987
80091
143540
69038
100743
97323
149072
53855
143764
92635
146170
56610
143365
74283
145438
84544
147932
84142
146218
79893
141297
77081
146464
81571
140851
81086
