3514
787
3310
824
3286
764
3364
628
3253
802
3673
817
3300
804
3376
782
3245
800
3291
814
3422
797
3290
767
3381
788
3488
420
3403
678
3287
812
3606
764
2805
686
3558
749
3296
796
2879
772
3345
802
3303
807
3413
796
3292
804
3350
705
3340
776
3508
341
1638
332
2766
491
3478
794
3818
767
3373
812
3288
794
3260
788
3383
747
3186
825
3386
779
2935
764
3370
799
3277
756
3308
786
3451
807
3672
847
3423
795
3450
849
3410
817
3360
787
1960
449
3495
797
3205
798
3413
782
3408
824
3390
786
3412
530
2748
812
3363
787
2988
675
3388
774
3353
779
2063
787
3473
772
3461
438
3356
786
3546
777
1481
795
4297
825
2946
778
3380
789
3377
789
1878
804
3573
706
3478
787
3378
754
3538
787
3460
772
3275
766
2692
787
3380
790
3385
777
3450
798
3425
788
3589
789
3200
812
3498
795
3551
782
3533
805
3507
805
3368
794
3478
797
3519
791
3822
777
3465
802
3523
775
3361
786
3355
790
3546
787
3410
785
3609
804
3470
752
3392
802
1915
784
3631
824
3470
754
3814
777
3431
792
3448
571
3370
782
3518
757
3501
800
3481
789
3400
787
3333
457
3541
458
3636
792
3515
764
3352
802
3335
747
2671
548
3323
689
2906
690
3525
9351
3375
662
2780
612
3453
809
3410
652
3506
530
2789
642
3468
629
2365
524
3338
789
3430
774
3531
770
3708
772
3578
805
3189
771
3496
807
3709
779
3378
804
3305
807
3351
802
3463
769
3378
810
3330
779
3515
779
3420
804
2969
595
3598
772
3353
399
3210
774
3603
744
3345
800
3295
779
3574
692
2537
610
2754
649
3288
807
3398
784
3601
748
1948
767
2169
769
3139
787
3406
592
3405
782
2658
765
3814
792
3398
784
3496
767
2615
585
3503
814
3388
799
3438
792
3379
775
3495
774
3608
777
3643
808
3452
824
3545
797
3713
794
2864
794
3468
787
3491
792
3259
801
3779
762
3485
782
3465
779
3007
782
1985
466
3321
794
1935
436
3522
613
3782
798
3457
789
1936
812
2206
483
2872
764
3511
815
3534
774
3450
774
2924
650
3355
764
3508
789
2997
686
3693
784
2825
571
1944
427
3496
768
3393
765
3756
814
3420
777
3326
787
2048
428
3428
784
3418
771
3486
795
3430
807
3691
820
3280
799
3768
770
3436
787
3378
805
2082
439
3601
794
3591
787
3470
799
3571
757
3308
765
3633
759
3451
814
3468
757
3561
787
3119
790
3643
769
3498
802
3383
801
3426
784
3388
805
2689
620
2900
808
3751
799
3432
792
1965
782
2968
787
3393
807
3525
794
3756
812
3345
786
3535
772
3578
827
3360
810
3746
787
3538
747
3604
778
3491
696
3621
769
3713
814
3443
772
2651
772
3191
787
3375
512
3616
799
3505
798
3365
810
3490
777
3326
806
3340
777
3480
775
3488
771
3626
602
3531
822
3440
822
3529
810
3403
804
2679
612
3648
908
3263
809
3253
790
3084
784
3206
8575
3463
787
3589
757
3428
817
3043
787
3397
792
3416
785
3335
774
3408
787
3578
767
3202
785
3352
810
3486
832
3107
819
3614
751
3488
802
3305
759
3440
787
3543
727
3355
797
3316
733
3611
752
3308
644
3455
817
3316
671
3584
781
3408
780
3814
673
3356
802
3456
769
3493
795
3743
784
3460
786
3455
802
3385
759
2043
433
3492
790
3586
789
3653
787
3791
398
3586
787
3488
346
3264
792
3413
794
3395
780
3456
829
3333
804
3385
790
3473
790
3422
601
2881
799
3646
641
3513
797
2670
792
3575
779
3326
777
1478
784
2069
820
3485
797
3510
787
3342
785
3550
785
1954
759
3660
760
3377
754
3095
683
3625
809
3666
765
2810
787
3278
754
3360
822
3380
807
1643
792
3613
807
3318
782
3613
754
3529
788
3548
815
3424
786
3588
817
3333
799
3621
777
3712
794
3516
792
3436
771
3047
686
3500
802
3491
787
3648
784
3631
799
3545
777
3446
782
3183
582
3495
799
3294
772
3408
789
3257
789
3428
780
1628
782
3483
815
1958
439
3493
782
3458
807
2992
771
3370
802
3580
681
3327
797
2796
632
3509
656
2057
772
3486
784
3245
683
3543
792
3431
814
1572
751
2994
655
3338
809
3448
802
3445
787
3769
634
3591
784
3631
802
3411
769
3799
772
3511
784
3443
799
3683
807
3468
761
3579
815
3409
762
3734
822
3315
810
2678
805
3558
799
3604
785
3779
787
3515
443
3458
770
3678
575
3520
802
3539
794
2606
563
3738
666
3362
804
3801
772
3420
797
3361
777
3806
799
3521
776
3501
782
3618
584
3498
832
2917
574
3460
814
2887
678
3498
777
3144
623
3681
766
3408
393
3465
671
3468
787
3463
781
3518
782
3385
782
3741
769
3382
792
3496
802
2845
659
3656
807
3516
767
3661
779
2167
757
2802
651
3436
804
3563
790
3320
476
3508
792
3734
792
3551
827
3462
784
3626
779
3608
631
3403
327
3586
777
3350
787
3579
799
3011
619
3512
796
3629
649
3854
699
3453
631
3614
789
3435
791
3628
834
3702
769
3471
806
3480
649
3713
772
3651
757
3628
777
3523
800
3599
812
3404
819
3508
779
3013
680
3503
770
3424
789
3581
724
3426
784
3579
825
3441
704
3656
757
3421
795
3432
815
3423
779
3513
794
3862
767
3871
799
3959
824
3488
752
3541
784
3526
770
3561
792
3658
799
3511
709
3528
794
3736
817
3393
792
3601
804
2245
447
3596
510
2043
777
3701
817
3553
804
3618
784
3889
782
3521
767
3646
784
3645
806
3007
562
4104
796
3458
755
3435
778
3879
844
3530
784
3496
757
3774
787
3653
654
3005
799
2211
756
4075
812
2538
525
3588
789
2190
774
3694
827
3481
787
3460
660
3485
798
3663
772
3403
794
3259
726
3015
802
2102
774
3448
734
3423
779
3391
761
3614
794
3681
777
3366
814
3613
782
2473
576
1917
410
3518
784
3719
771
3478
790
3438
810
3455
771
3558
769
3654
802
3568
812
3485
725
3553
794
3856
779
3726
815
3503
771
3571
789
3719
802
3728
777
3721
811
3616
786
3593
790
3580
444
3647
784
3508
822
3653
689
3568
804
3691
769
3731
817
3351
795
3786
745
3168
621
3589
802
3571
694
3081
782
3541
791
3688
809
3556
791
3611
780
3446
784
3453
769
3470
772
3386
775
3211
647
3673
779
3583
767
3626
787
2913
747
3691
797
3631
822
3468
802
3563
794
3083
759
3372
607
3163
656
3859
638
3402
799
3726
779
2651
615
3206
767
3616
786
3646
792
3817
795
3673
807
2982
756
3623
792
3539
343
2957
787
3583
795
3516
784
3471
799
3581
780
3703
827
4089
787
3851
774
3609
822
3576
787
4029
689
3633
766
2007
757
3518
772
3530
767
2090
460
3711
784
2635
539
3623
754
3593
812
2883
633
3596
653
3645
794
3703
792
3615
786
3673
806
3410
772
3543
774
3556
787
3518
819
3565
812
3829
802
3446
794
3586
809
3764
799
3767
800
3433
770
3591
792
3726
791
3786
767
3408
790
3538
789
3699
831
3774
719
3498
759
3794
787
3832
812
3681
764
3767
779
3448
785
3475
792
3388
779
3655
764
3606
729
3579
792
3496
805
3656
797
3438
800
3556
799
3573
784
3476
760
3767
772
3360
804
3461
827
3604
769
3743
790
3836
786
3658
786
3624
764
3448
767
3626
802
3554
784
3658
817
3548
9639
3515
792
3488
799
3480
550
3626
834
3630
767
3731
772
3902
764
3859
752
3501
782
2984
581
3358
627
3882
814
3609
787
3643
780
3606
812
3708
782
3588
785
2042
412
3403
809
3676
684
3668
781
3899
797
3656
812
3788
794
3889
762
3668
617
3699
806
3079
665
3716
673
3793
775
3210
772
3563
765
3393
752
3789
777
3693
795
3585
779
2210
452
3737
777
3548
774
3095
787
3698
542
3142
616
3581
782
3646
802
3466
601
3410
786
3588
799
3474
807
3608
789
3493
771
3111
597
3937
817
3672
810
2846
804
3656
782
3746
812
3513
755
3508
769
4021
774
3603
812
2584
796
3545
772
3611
799
2909
568
3681
772
3430
754
3473
789
3461
787
3593
712
3398
782
3458
726
3516
791
3596
804
2614
541
3403
644
3716
764
3794
825
3558
786
3777
812
3671
812
3751
792
3651
774
3771
662
3493
714
3458
776
3609
702
3611
777
3673
784
3638
590
3421
685
3510
772
3864
756
2528
578
3393
794
3578
781
3586
794
3678
807
3676
809
3646
802
3600
759
2434
789
3398
781
3731
719
3881
772
3464
789
3536
774
3425
806
3713
769
2125
769
3593
772
3972
797
3413
785
2263
762
3472
774
3585
757
1771
754
3884
782
3494
802
3649
809
3539
787
3576
787
3540
809
3556
721
3904
787
3694
817
3360
800
3555
844
3300
802
2980
820
3618
781
3463
754
3569
782
3551
774
3182
633
3548
805
3749
827
3095
794
3385
807
3862
712
3872
770
3713
777
3410
772
3751
804
3626
792
3724
799
3596
840
3639
804
3503
755
3738
779
3829
774
2214
831
3742
667
3458
777
3468
749
3478
757
3500
819
3768
799
3482
817
3021
817
3594
452
3660
787
3566
758
3836
799
3094
786
3473
832
3781
810
3501
764
3618
786
3679
572
3516
789
3558
819
3503
807
3503
790
3518
775
3967
740
3588
797
3731
779
3734
759
3624
570
3703
724
3634
756
3613
772
3330
724
3492
782
3621
797
3634
792
1740
676
2935
573
3764
762
3729
784
3631
797
3603
784
3819
777
3340
597
3586
817
2906
687
3628
654
3690
792
3388
760
3548
784
3700
789
3505
785
3613
819
4400
804
3516
799
3603
772
3503
809
3504
797
3528
779
3480
784
3554
797
2231
451
3446
771
3576
784
3681
802
3586
779
3629
789
3691
799
3551
802
3664
757
3495
796
3756
786
2106
441
2931
673
3741
785
2994
790
3595
792
3536
815
3578
820
3465
774
3677
761
3866
779
3574
787
3344
644
3614
765
3540
822
3763
792
3656
527
3406
775
3474
792
3589
812
3334
794
2971
777
2158
770
3564
779
3616
769
3080
613
3688
812
3525
786
3283
644
3718
774
1724
762
3598
789
3629
588
3586
777
3604
787
3540
767
3244
801
3377
549
3739
787
3712
798
3310
726
3638
784
3454
822
2995
777
3714
797
3425
809
3588
787
3651
775
3591
789
3536
797
3625
799
3446
812
3300
792
3596
650
3392
726
3491
795
3598
785
3543
796
3643
792
3531
847
1998
462
3543
792
3598
752
3623
433
3473
830
3085
596
3514
792
3819
787
2229
462
3654
817
3541
672
3661
757
2788
574
3558
809
3575
775
3131
795
3410
779
3431
802
3470
774
3518
815
3430
792
3631
799
3653
814
3450
782
3698
769
3576
784
3367
666
3064
614
3239
797
3733
689
3498
791
3420
809
3666
630
2246
787
3471
774
3711
751
3531
789
3646
787
3586
792
3604
819
3639
802
3278
802
3464
787
3521
778
3509
736
3488
628
3563
767
3528
777
3660
457
3478
797
3360
814
3510
777
3483
682
3588
677
3533
779
3488
780
3407
812
3535
804
3463
792
3526
253
3422
784
3586
784
3516
787
3564
812
3506
792
3448
659
3476
779
3784
837
3580
794
3541
667
3676
777
3493
776
3631
799
3739
806
3480
805
3708
750
3207
743
3658
782
3463
554
3493
774
3460
771
3503
754
3516
784
3904
806
3608
785
2813
591
4002
775
3496
774
1938
457
3669
772
3330
790
3451
814
3056
800
3437
809
3572
771
3334
797
3571
784
3548
682
3501
830
3718
792
2967
772
3792
794
3706
772
3533
782
3643
836
3766
794
3387
812
3902
781
4034
804
25586
777
3689
661
2990
684
3276
648
3573
820
3834
818
3644
724
2375
536
3693
777
3598
805
3709
800
3503
686
3518
784
3583
782
3636
319
4075
806
3330
772
3661
792
3656
650
3363
787
3530
799
3746
789
3664
797
3583
777
3464
786
3633
769
3643
764
3536
769
3629
809
3402
686
3518
796
3809
792
3510
789
3608
787
3412
815
3490
664
3521
398
3611
802
3753
812
3106
810
3606
724
3561
790
2124
772
3421
785
3716
785
3532
802
3766
802
3528
782
3478
422
3737
799
3799
816
3136
637
3245
736
3631
802
3568
737
3693
749
3543
804
3438
822
3631
822
3638
822
3693
760
3568
802
3456
804
3005
716
3508
800
3483
789
3666
804
3854
816
3680
792
3814
789
3616
759
2139
757
3638
820
2881
792
3847
807
3650
802
3669
804
3794
807
3854
787
3636
759
3726
722
3416
800
3344
643
3574
794
3508
667
3360
755
3646
775
2474
774
3759
790
3613
782
3613
829
3686
814
3402
785
3663
810
3565
799
3500
443
3481
782
3726
802
3846
797
3691
812
2161
458
3807
790
3526
799
3563
805
3552
769
3614
797
2214
470
3496
764
3522
772
3681
722
2735
609
3666
593
3776
809
3921
807
3671
762
3401
802
3591
676
3628
805
3688
667
3480
757
3618
560
3596
784
3851
729
3671
792
3583
743
3618
802
3661
792
3857
769
3618
774
3598
769
3398
825
3610
812
3621
767
3793
804
3621
762
3648
789
3623
792
3721
757
4085
804
3451
792
3559
759
3498
789
3524
614
3650
790
3691
782
3438
774
3713
795
2191
459
3493
802
3453
675
3626
792
3609
814
3804
809
3686
774
3538
797
3618
787
3706
812
3846
849
3626
789
3621
827
3637
791
3636
797
3812
739
3521
817
3871
811
3636
671
3576
696
3723
644
3684
784
3063
695
3849
807
3671
824
3518
752
3649
530
3508
782
3684
776
3553
762
3703
656
3816
777
3837
818
3847
815
3526
661
3563
804
3676
789
3704
817
3876
770
2300
451
3653
747
3829
731
3796
812
3631
794
3658
780
3772
859
3793
759
3616
827
3446
806
3035
814
3593
825
3510
819
3336
794
3666
785
3613
794
3736
802
3362
787
3528
787
3465
795
3006
792
3899
781
3502
789
3525
784
3650
8276
3826
785
3643
802
3796
830
3784
665
2302
442
3634
824
3100
808
3483
799
4062
797
3686
761
3696
779
3522
812
3699
782
3620
756
3829
792
3719
786
3766
795
3405
787
3457
691
3526
789
3488
762
3656
796
3428
516
3796
794
2715
792
3503
777
3490
797
3452
677
3475
634
3560
759
3588
658
3646
745
3516
800
3478
796
3588
802
3673
589
3656
794
3682
759
3177
648
2866
500
3802
784
3638
905
3653
787
3711
810
3782
732
2991
680
3949
774
3874
706
3774
762
3533
847
3541
794
3442
794
3827
799
3651
777
3626
787
4067
827
3513
799
3630
797
3684
799
3611
792
3788
775
3588
798
3454
650
3676
818
3716
776
3520
695
3366
792
3864
807
3462
760
3455
781
1800
611
3661
787
3546
754
3623
771
3628
808
3468
764
3769
716
3679
777
3678
797
3691
791
3581
734
3744
807
2071
332
3699
786
2027
376
3576
572
3603
794
3492
790
3463
648
3563
795
2435
358
3654
704
3308
779
3481
800
3844
765
3358
784
3523
784
3594
652
3498
523
3573
776
3493
734
3473
805
3368
811
3525
800
3542
789
3688
799
3718
430
3526
807
3473
772
3488
792
3779
786
3238
787
3620
789
3701
802
3861
762
2227
450
3491
794
3443
777
3431
658
3463
822
3458
799
3771
764
3488
784
3538
755
3389
745
3352
792
3400
768
3755
784
3285
800
3363
790
3503
695
3635
779
3631
694
3499
761
2878
760
3505
786
3540
840
3380
827
3163
680
3156
547
3306
785
3599
792
3502
754
3468
613
3486
802
3433
770
3380
769
3480
651
3726
774
3549
744
3583
751
2163
447
3348
726
3486
756
3603
696
3508
765
3668
802
3395
818
3408
799
3352
792
3593
774
3433
794
3625
782
3387
805
3533
819
3372
762
3671
598
3355
792
3423
787
3500
797
3480
759
3270
722
3553
607
3450
809
3660
812
3453
769
3789
796
3505
784
3544
893
3561
784
3445
804
3298
767
3375
805
3325
787
3327
789
3632
832
3411
625
3588
745
3606
754
3210
822
3398
780
3594
802
3340
655
3430
759
3601
796
3435
802
3310
879
3591
774
3526
802
3403
800
3568
791
3704
767
3283
643
3315
817
3435
794
3299
780
3593
506
3391
777
3408
800
2082
9354
3458
792
3248
419
3524
774
3322
810
3380
782
3395
772
3461
787
3350
738
3641
775
3612
767
3392
787
3629
852
3470
775
3433
784
3283
782
3593
767
3824
807
3423
778
3478
809
3295
798
3372
787
3486
799
3513
769
3418
698
3729
812
3613
797
3388
802
3420
712
3639
792
3525
762
3257
787
3382
812
3352
807
3551
824
3438
529
3395
774
3408
676
3448
772
3371
812
3546
787
3514
828
3663
794
3440
754
3410
784
3463
795
3298
787
3648
817
3531
642
3496
759
3432
789
2776
615
1965
795
3350
807
3468
772
3591
772
3317
777
1952
825
3651
787
3407
790
3345
597
3471
605
3365
810
3129
580
3436
817
3471
9312
3253
794
3361
817
3508
573
3568
820
2123
457
3548
742
3370
820
3446
804
3132
729
3300
794
13297
747
3456
717
3455
786
3306
787
3613
780
3698
781
3415
786
3490
769
3480
782
3593
674
3551
787
3481
794
3616
752
3775
794
3638
789
3528
754
3974
781
3844
796
3358
795
3323
799
3511
792
3420
809
3448
797
3428
782
3576
799
3538
809
3350
797
3556
804
3535
827
2034
792
2360
794
3394
782
3608
787
3588
814
3395
734
3345
790
3363
784
3600
774
3460
780
3400
794
3355
657
3564
778
3418
425
3536
769
3595
784
3759
795
3833
776
3332
772
3358
772
3939
799
3165
618
3623
776
3565
798
3313
649
3285
767
2911
809
3402
787
3416
824
3559
800
4099
804
3573
812
3438
782
3686
805
3508
757
3011
576
3659
870
3406
789
3578
797
3398
799
3631
802
3481
765
3511
772
3377
802
3508
767
3043
669
3471
795
3518
517
2699
797
3573
775
3501
774
3684
784
3398
765
1618
762
3568
774
3987
786
3516
782
3618
787
3716
772
3578
777
3572
770
3728
757
3384
767
3619
777
3916
788
2264
701
3719
802
3520
792
3655
787
2091
791
3964
807
3378
782
3308
792
3456
797
3426
770
4017
782
3746
781
3201
769
3618
712
3736
639
3516
749
3423
757
3528
802
3826
852
3781
802
3360
759
3668
769
3486
795
3731
776
3693
802
3312
772
2099
432
3859
832
3481
769
3563
789
3401
759
3779
682
3500
812
3499
762
3511
790
3651
774
3699
792
3410
780
28335
769
3610
795
3430
815
3560
767
3508
807
3697
774
3434
797
3397
807
3563
810
3316
571
3551
788
3608
844
3714
781
3433
789
3395
799
3433
832
3448
789
3639
776
3613
676
3739
814
3430
640
3556
792
3829
816
3771
802
3483
850
3916
811
3472
806
3596
774
3609
809
2048
443
3683
804
3621
573
3578
804
3580
523
3292
785
3470
821
3776
775
3758
791
3575
756
3311
787
3270
444
3694
636
3455
789
3494
792
3338
809
3678
812
3504
757
3633
822
3473
799
3540
799
3633
765
2025
457
3428
795
3420
812
3445
762
3444
805
3904
802
3332
776
2908
671
1917
453
3481
792
3383
772
3397
766
3506
727
3470
766
3351
784
3458
802
3420
787
3456
774
3543
617
3352
822
3421
782
3593
807
3555
795
3786
769
3343
460
3363
555
3398
760
3598
797
3390
784
3546
766
3461
815
2188
434
3586
797
3887
774
3723
804
3283
789
3553
820
3087
784
3543
694
3741
829
3510
787
3382
782
3455
811
3524
809
3598
822
3709
794
3566
799
2923
597
3522
777
3407
787
3543
779
3423
804
3407
634
3618
812
3416
782
3585
870
3568
784
3521
815
3420
815
3442
787
3492
810
3500
759
3363
595
3370
787
3433
789
3468
770
3572
792
3640
771
3721
799
3653
805
3414
684
3516
812
3528
796
3513
815
3485
781
3398
805
3524
804
1734
729
3524
811
3561
820
2001
791
3503
781
3386
799
3924
814
3662
812
3543
809
3578
702
3648
739
3469
762
3548
802
3701
812
2913
812
3365
779
3451
9773
3560
814
3419
801
3594
802
3556
784
3594
787
3392
711
3746
805
2678
566
1956
419
1915
450
3355
784
2805
804
3383
777
2057
431
3345
630
2052
770
3538
795
3533
498
3233
800
3531
811
3290
789
3403
762
3734
824
3482
819
3535
760
3719
704
3515
800
4224
825
3179
800
3512
792
3493
792
3388
792
3428
782
3287
804
3566
818
3696
814
3568
807
3233
802
3606
684
3495
817
3608
806
3519
619
3390
691
3533
794
3874
817
3362
785
3565
807
3485
780
3661
772
3423
754
3578
1014
3809
755
3658
804
3664
799
3571
792
3358
470
3626
800
3591
772
3352
780
3548
809
3566
807
3438
787
3851
832
3681
792
3899
769
3476
779
3343
807
3480
802
3333
805
3508
799
3508
764
3588
814
3536
794
3341
805
3842
804
2403
796
3393
762
3444
790
3378
772
3543
789
3467
802
3438
798
3462
630
3686
787
3506
666
2703
601
3380
802
3649
781
3360
805
3526
794
3327
269
3531
774
3603
826
3438
729
3573
782
3451
603
3631
780
3528
792
3353
812
3411
784
3385
664
3437
796
3378
782
2917
561
3644
774
2110
784
3433
816
3476
679
3570
722
3438
801
3368
789
3681
827
3494
789
2101
475
3611
800
3478
772
1996
435
3319
789
3302
774
3431
800
3415
776
3511
772
3643
684
3661
790
3628
779
3513
792
3447
777
3363
779
3583
837
3468
794
3453
817
3503
787
3538
807
2141
460
3533
789
3269
794
3776
769
2432
530
3538
837
3380
794
3504
762
3721
757
3508
762
3593
831
3520
766
3295
769
3601
787
3679
749
3546
770
