482533
419764
539248
453414
520806
420163
510075
234184
499844
295415
432355
219886
529144
418084
376599
416693
547822
423672
317103
398164
342649
411013
386242
261323
527884
454569
517170
232414
517199
351553
546129
399938
521306
423134
505638
411002
522304
386549
504087
420802
491197
207264
465215
393942
342568
209658
258445
408562
552343
409092
336528
429782
503651
220385
365495
409488
284497
436217
505681
405268
361557
332525
364134
418954
240260
422616
506634
411773
473165
425741
511658
433094
506270
415906
485652
419751
456192
412771
503438
288186
525521
417630
480936
421558
485790
415904
509900
391055
417493
399160
523973
392940
509586
419052
508274
413168
515659
308801
499957
373114
520708
402958
487108
198298
472843
415681
489653
403218
344769
419347
494550
241911
471386
406559
439903
418363
415880
177097
299248
423837
345243
413804
507309
411533
510283
448495
529989
416935
524876
426344
518435
414700
494105
402554
427690
226414
509731
419121
316019
420262
489912
421591
345855
416574
512878
424708
510322
425858
489502
411809
508863
436073
295724
438362
397823
424619
491985
410732
493218
430686
483060
419667
487371
415585
418764
410175
447399
419942
314247
473406
503229
421827
318236
426962
488723
241206
489734
407886
329125
450379
512904
412415
502004
406159
504506
420363
491493
426928
423100
446758
486486
434711
294204
415944
493450
405128
425311
414402
495210
398323
499249
423235
502201
436916
235722
424980
498632
420686
229082
425588
523215
424220
509468
411999
304712
419875
313804
228371
497870
409630
492959
411194
493705
431198
491459
428751
538869
419867
336043
418119
237673
428891
587283
457290
385054
414709
511887
408484
493039
412938
449168
412683
493622
431734
459540
406609
486554
416027
491197
404103
484179
408641
490530
431628
483818
268669
455581
440536
248284
431189
509116
431100
480472
408404
489965
477183
520100
417796
350418
407839
493081
421232
499173
237483
463684
222981
480356
433092
467510
411435
510986
412122
341877
400017
435557
420865
489467
418760
522268
413654
484830
221639
521209
433161
504047
421370
293290
423504
504426
428434
326873
426590
531506
428455
267098
411977
482424
415853
334090
416631
494032
414897
439893
413117
486384
215720
520894
401905
399638
436468
484962
427925
517110
409597
489788
428925
492526
449013
480346
454675
494314
425232
493593
430667
483786
413265
382263
417881
493128
425212
249728
406020
495114
415059
488240
410012
506882
434539
491279
416436
461887
425058
501570
421367
419485
434589
451963
418650
488453
428770
518221
409512
383794
463187
480135
414172
486472
417223
418398
436692
335720
500026
490799
425022
531154
466890
494000
277254
356425
431498
537130
416563
287305
460884
494422
422219
493374
422970
378663
456609
488048
463331
506667
415760
483905
424090
492621
421103
237467
410139
437582
422850
384609
419459
493254
429692
492934
423187
494114
437023
329687
423675
503919
429525
348202
409507
480142
422926
413758
229085
520064
442924
508584
420038
235315
418711
469440
406466
498209
416828
341807
409609
494099
402049
486450
434431
495202
411013
478359
280433
490200
418535
524462
423626
496218
407143
293732
425133
492219
425267
287559
417784
492509
455887
494605
414855
438630
414735
463921
427598
509361
412274
534323
404681
493958
296734
485563
429543
369380
454570
483934
456169
527217
425011
493626
418674
419530
423146
497518
417459
490738
421645
503191
424228
444189
409846
486284
424255
394402
415393
490407
422387
488340
411653
465778
432056
490215
398610
492641
484445
489442
429107
298829
230601
487051
425557
325008
222760
385944
267712
486350
439790
508061
427780
491410
423131
492795
426287
490835
430795
490659
453397
425585
463951
482140
417365
439062
406149
333510
249310
430474
445586
490055
255720
496893
424441
328408
203733
487127
215745
502829
461498
341348
421759
295596
409292
549363
421173
423424
414641
441909
411124
323921
420904
382500
419322
535784
432996
458842
413743
335794
431367
313553
414264
501688
428381
525902
429519
476532
412689
491742
308856
489872
420073
491813
417885
235972
431923
268348
430921
491166
409913
454984
406472
346413
424023
333442
428301
396178
425060
525107
474126
463232
426271
397209
411507
495720
423715
516089
414789
371826
411231
256377
420784
509085
416204
495783
415304
494153
450666
431051
406296
225793
419111
490469
424200
532557
469554
516480
420022
514123
415169
472923
417340
507245
468569
459099
420210
498196
424136
453942
422029
418031
410611
476441
443479
452068
424350
446777
246902
246180
412648
509101
422210
468795
417399
514813
231510
507522
351703
487259
414355
467677
215401
337288
427583
432516
424565
472655
223350
494617
423438
492424
414119
495256
356010
489002
424577
486653
406452
496298
409583
239982
411270
467548
426519
488258
244740
484299
417997
526645
441681
511721
309478
499710
221360
490648
446801
427806
405801
531961
414346
313249
430063
455042
409530
489684
450613
401131
421374
354224
405300
463142
451434
467615
413098
275057
439072
513228
437397
509937
409539
264785
423490
424306
464306
359960
428810
486104
419979
236416
422333
504967
417423
373926
414556
484013
424034
442923
430341
504819
410286
419192
475973
490693
417370
493526
428612
489863
410811
493422
419741
512048
416919
512647
425297
444005
436814
449156
216183
439430
420273
495643
421696
540772
445475
493245
423069
495288
446944
362099
418125
485091
244107
488312
461356
484675
402575
417286
422468
482164
414659
481395
417946
487001
423538
492710
419025
496643
406572
493230
417508
444964
418944
487797
414625
488920
414317
476360
403017
421948
423697
505699
210621
447212
427283
508444
463846
487436
405449
464215
222462
484509
428489
422583
429648
417482
411135
446022
214772
398818
425931
509370
413161
491749
420121
490340
238405
520803
243136
473893
409772
439780
423839
498422
435571
524584
425736
509433
429879
521849
405135
494767
420238
481497
420042
496175
411926
498708
456449
529429
421964
365031
435047
387440
428988
551503
412764
489558
254924
489696
415027
368222
402651
525248
404498
500109
417089
516960
455191
498666
419432
497478
213945
492119
425292
491428
420170
370471
428348
493532
409643
380647
422371
462698
419523
530628
423913
496041
244592
484177
416019
345421
430209
510908
406887
368181
427116
339408
451821
490736
406558
504025
467259
419243
423948
513416
418459
234650
423511
501411
456073
456029
426795
411509
419547
370070
426347
487525
414003
495467
414748
395298
416362
382230
430580
492661
427607
488370
422606
339778
423204
334212
216183
347943
297899
276249
410725
497866
421804
495379
419445
322882
422154
341037
423753
393984
415262
521441
443641
429067
423460
492880
432245
482523
432534
490357
261242
496223
415748
492280
415305
424227
415660
489712
416703
487165
289091
495619
421549
234631
411751
500540
401628
499578
439304
381436
461320
491532
421358
513546
222072
490808
443438
492137
426497
487381
432186
376857
420826
298549
448285
505604
413585
460639
402352
506748
422236
374943
412048
492067
408950
434564
411484
239492
420511
552608
417812
419569
431337
493060
409374
334251
427162
447769
413825
492137
416138
521646
413019
388205
409462
521738
422574
522163
397641
485243
427377
493935
413478
424714
413596
493414
453318
510342
419391
489730
421928
494615
422190
488568
423064
487980
464968
481868
430689
495838
415528
448595
419247
280265
429950
236419
226825
453256
407615
504675
412021
495086
414924
499890
408897
321824
426487
336381
420692
490859
414383
541789
424073
493754
412180
493361
413258
500847
412570
516057
417657
486663
429565
297923
480495
488109
403870
513011
422518
489969
450426
479312
414884
342210
444803
508478
409174
487613
407563
504456
422029
505586
208310
489530
405694
493548
444972
338144
425535
498377
417198
483955
457029
297846
421574
489245
413687
233774
423584
490210
412072
238797
416498
514841
421630
471562
425824
420352
494752
505590
437157
430629
420917
492500
426777
488097
422496
277747
411841
442327
434485
483315
436160
429819
431725
553655
464153
490243
415243
417091
459710
341075
425942
517185
424823
238378
425879
485161
428207
491035
427350
488668
420022
296418
427944
482740
416170
420399
434960
285899
431838
491734
411891
486855
410305
488808
429475
439412
427183
518928
435916
487756
421444
493461
422524
380198
415908
502872
418076
505536
411834
484316
448805
512510
408733
413325
427679
296901
429684
462352
421100
488862
241338
361744
458996
384426
435239
383745
421716
489721
418259
489042
422270
494466
396511
422233
427646
486224
411520
343257
415991
515909
427124
506976
416948
515819
422296
507800
458824
242069
257032
438611
418543
549970
421105
327126
424864
489834
426490
447698
448547
514262
408893
459984
451874
447658
410953
489496
427257
496228
411467
485249
424285
501851
427124
493168
427169
490146
431478
488125
462543
489702
416337
342967
217359
507182
441173
489129
413151
455347
379175
519987
418125
496073
398517
493964
417982
444308
416508
363931
411738
511675
229587
508439
419959
517663
438411
493170
414307
491649
418733
512493
417073
483158
403499
489978
409349
459092
220314
462298
415168
491551
407655
493454
415717
477054
409125
232754
237728
331603
512369
234879
423698
308450
413332
436685
418028
417549
455725
407047
411319
465364
427300
511705
426538
555055
274633
495377
414607
315662
245320
488110
414956
381377
407598
485910
410765
517941
414874
338753
422880
506228
425965
483503
429112
460868
242147
482847
390767
418762
432924
492689
419440
495736
451938
487783
448890
484696
370817
516081
486657
469797
435099
420852
461779
485869
449401
518781
451554
441390
441073
490570
460224
503446
460097
498108
444647
364367
225636
484860
213396
249480
367741
350581
406864
469125
340594
504819
436297
232420
425488
515052
408662
495308
420479
492661
434549
475466
410325
499882
430573
487790
437238
489712
409068
499485
402655
511476
419555
383527
428176
507311
413046
495137
411228
249790
510885
483941
427340
421045
421480
434352
420384
492706
410686
488348
434072
479604
432544
494812
434598
491244
417388
437700
210683
479664
423493
366831
439068
371634
424689
493633
417334
511043
431096
473302
232111
498943
427576
511025
423401
494487
420742
319460
423839
502485
425295
430332
608567
493424
410841
500246
405937
497156
404090
485378
420908
452622
406231
502371
239585
492363
418245
236720
425035
492332
413031
447446
415555
477284
429132
423299
422829
487542
410205
482037
416929
230158
420638
506044
404747
494568
411239
422091
423217
521257
430569
351895
256657
494193
423847
496309
436539
494778
432986
538852
423881
502346
427492
376294
410801
493409
409272
491470
435639
440262
222825
428907
413793
487979
426557
495630
420749
437133
236655
508488
411088
515502
427236
329771
337375
489494
234032
334433
424199
310279
406790
513355
420607
499459
419860
401123
426626
381245
439572
497938
252343
494817
427804
386930
426260
495549
415240
452504
212594
513559
424133
524239
407714
492980
418353
506273
424214
261548
428505
496498
423198
460692
428402
494842
444893
488169
425563
490224
429960
499304
427261
494043
415957
491534
292667
499516
491800
512413
423065
442283
438427
412563
418107
503323
407931
247524
442052
436565
225505
465679
414066
496658
454954
492197
427042
501740
460364
489932
427367
509812
420562
478036
422348
491512
233088
488871
409157
490340
406970
518278
408128
491612
428826
484734
457665
236912
210187
492693
409997
512979
428038
279651
426819
492701
430234
481044
415366
395755
415704
506279
455172
485212
420205
439016
406236
428557
423401
489816
411322
395638
424214
493670
422936
496683
410263
525316
393123
230951
431377
533631
427779
498505
411395
468988
463958
490470
413345
494910
426837
398267
422111
494027
440195
478268
410536
487227
431769
506683
431297
417876
427059
431444
408167
495493
406780
490728
461143
348261
467167
495081
211686
395923
414979
491806
418050
529380
412398
495365
411222
280372
441513
248107
425648
490628
422946
393232
248267
424031
424355
493672
464944
488578
439717
496672
421043
497072
214935
254177
414940
358604
245588
382658
416279
491605
410801
488757
216645
495358
278081
511207
420962
482915
416734
494463
432721
495783
426551
494966
409916
507384
423168
488551
444069
490801
403238
230763
438069
490619
480004
363964
429222
500131
450748
497870
412553
477373
415436
510958
412724
487020
414588
416662
430077
519495
432835
494087
408819
482186
441001
478434
414274
473826
424091
241008
409332
513402
393160
451881
419295
488281
419905
453104
433976
463948
256264
488773
473184
496029
424322
462435
425473
390933
457693
498141
417694
509485
416147
256343
425963
492376
408565
467384
423920
509445
226715
397608
403996
341191
420523
489821
409074
493124
319058
489069
420912
366465
428588
491954
423006
489306
417190
475900
411494
514075
432944
242796
416285
515837
414303
489147
460422
413463
427044
496009
427000
493058
419878
483432
417658
507678
463733
490969
413994
243458
406778
296336
422431
230682
429582
502946
401814
475970
425405
503741
419600
464251
405191
526674
429231
428010
428603
447363
428232
510271
421855
493178
421509
379612
412652
489514
429992
227860
411541
493680
419496
467549
438278
428973
404808
447673
325523
418376
414377
496109
415413
249462
404666
489318
425182
495948
411747
486991
490329
492266
414557
518103
401032
527412
418988
512416
422114
354365
426074
506506
415525
251242
418658
485471
432805
333758
422225
495832
426924
494099
411397
505090
416384
504697
427696
463378
415679
507029
407529
487132
425592
504724
436419
420503
443182
493507
413451
490122
423733
437597
409915
495046
452800
488464
404462
506614
426506
378539
399752
354103
416754
417514
418894
505436
417571
462141
417262
507892
414064
485047
432211
418064
416505
491055
421728
236785
430504
462532
424459
341036
449092
398655
237800
438359
446236
422134
434672
493779
413919
476590
402051
483229
233209
512109
430584
338035
228651
481098
429837
486822
418016
515659
444131
494649
230723
510022
421582
491215
449634
498068
415868
442142
428719
380517
414901
506823
418685
407931
419688
492709
413829
508865
455909
433024
422771
488381
412776
491981
425292
495363
421052
473210
409741
499283
392149
493142
428375
303803
222415
494773
425218
486011
419621
469455
423554
494593
425290
244503
421416
461270
410644
494453
428985
250753
410765
485918
417816
500519
429656
506178
421052
492610
416800
341792
429221
246517
416528
436423
448301
242814
223152
493811
425488
483655
452467
526769
438375
229356
421645
497508
427474
483346
416204
498338
415486
517419
415965
493844
422310
485770
456816
488388
403366
475080
428357
433531
415425
399632
420799
483852
232393
492738
426665
508893
411662
521926
407023
491563
236008
484870
411775
443368
421431
499240
422166
532058
410866
490967
403765
508662
444232
387594
396336
540911
421565
494237
463684
444095
401233
487860
433696
436842
418624
533760
402917
509480
451328
491124
480487
497290
438643
497488
422393
513151
413198
493437
427496
247045
425314
482671
409713
492852
410494
417444
234231
434931
421663
448397
297873
466198
422805
516423
420822
340186
459613
486841
423950
403080
426277
500867
414072
477683
426611
485941
214208
492532
429062
481263
434885
523887
434134
541346
424333
341641
231702
527689
413080
495819
466706
502086
416386
453659
421006
489195
420058
240008
454790
458974
421186
483436
415647
231709
424368
491083
435632
522328
470973
494995
419144
487724
420300
521742
405689
238193
422764
499277
421221
475232
411126
489113
417324
395524
429643
241315
428935
492910
260187
487023
451134
512967
413351
507572
421668
494247
407430
489656
385087
295958
414799
383031
409387
509411
414545
488210
428226
506371
426247
487432
404666
422137
423698
422469
445420
466591
408011
484891
421299
236956
425302
512079
416013
491482
415112
520311
444217
477891
422680
496805
436289
499736
413929
530620
422086
515466
406295
336127
425537
246539
426944
510243
223406
489602
410042
467291
410298
494139
436954
417227
459138
385488
414770
486108
413197
493362
449820
337470
432629
422435
419394
275305
430998
497940
416042
488103
410381
494335
406732
491517
231975
484714
419319
475400
465217
516633
411008
461149
430766
245399
205972
497058
423760
501105
414578
495029
417650
485597
414672
244695
429295
492880
229304
511416
409205
501751
416660
503088
426381
530949
422654
497921
438829
494472
423767
526691
406715
249080
417938
532779
424247
489394
442009
505405
404895
518398
433820
432473
414928
337775
453093
419068
447439
490472
433834
510329
213492
494532
429441
489751
427727
516166
421388
490484
429134
515049
411537
490814
331468
235034
430063
517840
408458
249384
426217
361519
419893
514235
419423
527167
484528
366171
419447
410616
466182
496043
403546
463448
406261
526667
403660
514177
443667
357253
418333
496687
409270
418291
417250
430680
411612
242483
420902
464499
410928
486029
414458
489803
433722
475873
409697
494019
429108
416683
422302
430542
412770
500699
422043
493158
423798
513194
415409
557279
410241
418230
244962
488347
451266
257072
424801
510100
413480
490524
433967
490553
403927
490625
431858
341567
455550
490389
417467
227445
419462
530870
404017
492107
430586
452009
398204
490293
411504
488464
431415
383610
393869
421576
414921
512185
425834
253519
453959
495601
458826
500943
408365
475564
435407
492178
451355
403518
430118
498561
420710
497498
411990
423026
440746
417338
427567
451543
416623
475836
411909
504850
428997
352483
450891
421032
425745
413066
250589
494053
421451
491653
435251
490687
424802
467173
410377
517047
467071
482103
424831
498843
426279
492513
409768
431470
308967
491835
457326
489986
430338
503163
425893
504151
472939
502423
427343
487388
409010
486875
418357
371133
415771
417437
424025
490110
429574
488534
367728
319415
419435
470089
407459
486345
425701
302877
415554
550176
418239
490320
419981
499084
402913
459306
213588
496924
424535
415772
420957
401668
430667
291610
435245
495133
427027
483809
248628
493562
419766
489108
415930
490276
433218
494086
222302
490933
437313
463526
433273
380542
417121
266070
415011
483000
221344
487223
401593
489549
434381
491368
423818
456143
415627
507725
406588
497210
426428
508210
416105
506452
413586
485701
413683
487061
407627
504124
210042
416706
434608
345265
314088
471779
476794
493015
418829
501131
408924
485235
429344
506643
210948
519535
423743
511204
412347
485229
413160
516881
253430
488927
402545
492805
428917
281352
210273
490814
241190
495514
417352
487376
431383
492244
415874
480366
415006
485002
415958
490137
406369
485885
406903
244604
405962
497779
452121
337374
414129
490020
214913
465707
406098
491363
568717
398974
421556
451166
489729
487354
213611
498207
409800
497875
402479
259070
414965
494350
432409
493992
424479
491057
423691
414868
430469
495800
431075
450170
411495
489122
400738
493841
421602
494990
432037
490076
433964
239137
417640
479271
424051
502786
282942
494172
414710
255978
420258
486022
420879
563738
411157
503692
417958
250980
415720
521711
412638
489184
452799
497743
408494
505546
424080
496357
412203
364364
411290
374852
417851
467304
403780
494935
459102
494723
404378
326815
411399
499045
435685
496633
424716
490050
416183
489988
405722
493189
412926
481172
443026
496633
430807
489477
438532
492831
425147
426360
425159
237365
260742
433081
417341
489935
403123
500686
427131
337534
432136
385331
416907
496537
425413
513326
422292
498133
423661
254397
306533
458082
283598
422210
249227
349650
453710
491909
409472
458972
310121
511358
408591
505736
252280
442940
415174
491648
393204
266975
416210
386552
416534
488793
425879
438403
224290
378088
411457
504203
407746
347458
419932
488962
424231
489338
417680
461393
450521
482717
407722
492989
424573
501647
414314
434606
408503
488206
424167
484816
374210
489488
404037
491309
436719
485245
500161
489739
402693
486007
430792
488122
417898
514648
433097
504496
443414
371294
417624
520247
422494
518174
417583
495380
412896
496935
418401
498476
300109
494109
424762
267232
428522
369238
434450
488712
412282
494208
404194
480504
405339
425613
425042
488368
412329
498689
416870
493030
228770
492894
433578
490725
384564
522814
284884
513602
438356
494843
208169
495538
456181
516365
423898
478432
391197
518709
420732
484385
355233
494002
415921
490829
229366
504286
429142
510756
408487
457063
419338
294257
419086
432529
412625
276756
414524
493545
428422
483558
399126
509102
426206
492586
416087
507079
428038
502845
407000
506867
419307
494682
405245
509627
412645
539263
416875
507587
425420
519152
425205
527342
413699
416195
451562
487545
404844
473161
439165
524901
437496
554504
397509
496437
241082
491874
227342
457460
409107
248656
410458
250553
414616
492646
415899
488635
418368
498210
412394
484169
397601
487827
400794
540186
417284
526594
444432
532275
425940
524192
459215
513546
428128
310979
418378
390558
251499
503336
419198
424728
417666
338970
456844
531949
418538
545621
421055
530066
412541
488392
437117
507944
411033
484829
419410
497939
396796
491080
441444
485136
418842
401619
290909
488707
418679
506785
422496
437980
332462
502940
429070
490990
403336
485977
411782
495694
356969
492519
434737
467742
421141
483720
450288
486886
427156
510548
409532
509847
420751
513671
407347
294109
233424
242526
212698
483968
423513
504503
410738
488714
424499
498713
422196
399187
401609
463240
403555
517051
417945
380352
409530
314790
413889
456937
207280
493538
406705
488030
431444
444560
404716
514336
421304
379159
418749
509914
422743
481572
418929
288541
421323
490614
410967
484459
432336
482330
400383
482724
271661
515830
251811
486672
404829
487973
425926
487352
415745
500777
406350
497317
408370
387688
426224
511504
405610
492811
416502
490906
412249
418589
428564
498940
427113
493541
434040
459172
408582
418826
417379
496665
425576
490177
436489
485816
413208
486582
417112
486079
427481
286311
423392
493954
411537
420372
415956
350261
431215
278181
370868
421489
424911
482223
451107
490762
432211
483896
444442
489567
428036
491766
447085
482965
406754
234560
411105
489883
455106
569705
414827
492440
414725
494203
423011
312058
406118
488512
408044
483099
416925
451082
329904
496566
425082
505293
447765
513861
427122
483984
409766
491416
425212
488445
422444
481434
394842
548191
438615
490416
416420
441022
421561
515209
418018
505560
438252
487246
400979
504742
200185
485637
245323
487905
412062
478393
421085
302313
416082
378687
410884
494494
426413
479526
405666
297123
449177
421791
407530
416758
416846
526412
427988
491879
425932
424066
424113
294278
424314
504869
336070
539692
451839
493570
407440
499877
408357
487247
410534
492665
405063
362431
216471
487871
214759
492473
428191
495748
409748
493637
425876
490929
424770
496185
403476
490528
425207
487814
415113
526234
424096
528718
419046
492332
430084
486687
417237
511135
421863
457382
407586
511514
415293
378197
438282
375382
423857
483461
411138
498620
410753
492448
423019
488217
433648
416427
430122
488057
428636
508433
416279
419750
418824
338726
422094
487539
423561
493397
425254
488512
404360
502555
427064
486039
414275
488951
422229
502805
408008
318561
219055
493681
407372
485565
407195
496595
418547
491074
411020
510872
424346
489500
377193
475378
413068
485615
406959
518265
430455
485287
406210
483837
450217
516373
403252
477756
389462
415287
414286
418758
236464
502570
424299
485708
410225
493058
404460
487546
417820
491224
409279
485815
416660
395795
422036
376511
424924
491736
423936
254337
416434
237635
419845
369429
410337
489301
421895
515495
427291
509146
420151
485324
408420
500913
420504
434013
322627
488949
425443
521678
421313
234892
404942
486201
276276
507920
410129
230287
419053
518033
426890
507318
213304
494824
417565
487725
428913
498584
211337
489247
423497
500939
399926
276976
424020
503405
428963
347234
410361
485035
452173
495774
405267
307697
413246
486802
403416
516528
427626
300050
415689
488641
447664
376917
251894
385287
418087
490956
416390
498363
400826
484166
431159
528453
416707
487766
420037
488606
419934
510134
459558
479048
229792
493416
447294
501116
410905
360799
419884
494136
412972
390861
411217
485454
393015
488115
428983
493969
408042
508925
467457
337874
418250
487785
383217
495475
416490
490952
423624
504291
422544
490439
291832
489185
432354
490767
421956
485943
450951
491322
414073
496722
434181
296990
422549
383489
422854
492669
398420
480125
418122
500286
424471
485316
402734
488730
418183
487225
422011
491553
409805
338879
426494
405671
417569
490067
329098
247266
419507
498448
409100
488234
407047
488772
416500
483449
443866
520647
455704
494005
335076
445480
395569
488567
432351
482666
435359
493664
419777
420632
421713
489827
430900
422556
445253
486034
426000
487690
448057
371884
418668
449743
420073
498770
419254
627043
410375
493514
421658
495642
406080
489522
425523
517664
427107
463774
415445
526839
426317
503981
419254
497178
400432
485475
433676
485329
402692
250340
423154
395680
421672
487328
241870
479603
404212
469336
243455
491008
231151
496345
260180
501876
408387
526460
404558
489969
418256
488370
417994
489574
430704
302418
479835
238377
419116
511605
408836
399504
243581
495217
405390
503833
415752
485831
409405
490954
426652
482252
414404
491486
428758
229925
418787
496250
410653
518579
406331
290920
415989
405971
211105
465769
453048
487344
413389
487670
415324
502293
463677
491202
212765
502077
310700
485454
503374
404052
409505
286548
425286
490766
444501
488534
248798
417618
415193
435173
414921
494426
420562
493049
419090
480815
235152
507759
407951
492998
375008
491360
409375
438056
397740
485431
424221
420498
427898
492937
410575
489708
390243
484730
411009
236412
414113
521130
420125
492598
409283
491850
412165
494041
424973
486491
418110
297826
450331
443934
424891
238641
228290
481171
276023
485032
406659
519453
414496
493820
434966
494006
422393
491566
410340
442879
407720
490012
418441
491058
435165
512125
450429
436507
413551
498239
424302
433440
429472
497494
417905
492864
410366
484792
423763
350166
370164
491955
427472
486801
426934
518900
419850
524937
414725
493949
403714
510562
418289
488734
395295
485107
410685
486860
407581
432483
430789
489660
427539
483942
422853
428040
422191
495108
215853
509672
426761
489963
439883
487480
434721
482692
399122
421558
408094
505655
411492
464450
403909
503750
421083
370035
417017
494428
418433
486767
406581
287169
238181
394440
399926
518825
429975
524126
218519
545978
418697
558045
416581
491170
452018
471992
429025
487092
400010
395682
428573
504090
423426
315945
429786
433309
460910
517458
422349
375450
433715
376958
413195
550906
409161
521345
408945
515751
448762
478056
403571
483359
417687
491804
409523
488012
416417
485885
399873
527023
343583
448773
418136
388969
407667
491727
419161
501623
424586
539832
412046
271328
408880
501555
415697
494924
222918
487351
416848
337316
276298
491080
427959
506681
408328
468690
406839
509461
314508
413242
421410
489200
405840
490847
422614
487381
436249
492061
413458
489917
431739
451264
458074
295971
492483
494141
420239
450479
417455
489670
415993
492452
261011
535715
420564
489854
340629
497212
438760
444961
412229
417380
415073
311234
416934
492117
414583
492573
419653
493677
219278
395758
412546
491025
457561
447989
446244
517558
408133
492225
418483
373149
418888
564519
412734
300794
431251
482110
411550
502011
414395
509800
317732
438014
498066
490244
419245
486570
406048
465439
434211
515144
411847
452453
427531
484967
435313
492490
428550
394999
450660
535225
420490
499971
411128
479005
410433
296830
409222
510236
386564
439434
432965
366934
215727
480690
445544
532877
419074
293239
423216
489027
422981
489054
432453
499580
421478
494146
417291
492107
423094
481258
412047
377874
416725
494443
405344
551536
422879
496134
435176
489864
425379
296350
422328
488116
428508
383715
424508
488439
410502
518389
411170
541169
408094
491207
421594
492233
412373
523889
407122
348106
421609
514186
422179
382167
416881
488632
410182
528655
420250
528576
431274
419639
405467
253931
437936
497434
428901
509811
429435
519836
409626
521196
413897
437568
407430
530710
417133
300377
437088
521911
455672
534120
415588
525950
423620
525955
413415
518121
419484
517014
440055
504797
409762
517688
417405
495144
419307
