780140
733352
736010
767700
738358
781831
732928
823385
706828
752118
387642
798778
731274
788285
809032
675711
765219
760318
729788
789182
726499
662034
751149
751213
681218
798057
753929
749015
817182
723125
689521
774889
779389
741807
737664
658188
514829
750588
663002
736122
737584
763563
731140
735308
728894
754587
643634
761680
771887
542791
754878
618875
770415
719135
375252
765299
548382
745311
686787
659569
498310
469971
732970
763065
519139
741914
744157
767490
715670
768359
794220
730082
570601
757752
716615
753444
750597
778333
582916
604982
754701
740865
577167
725942
724298
670545
725142
701055
702196
747167
787308
771660
544427
795209
731339
751187
736661
733862
775788
468720
752566
727336
729066
755497
731321
754374
720892
802956
778532
743063
628928
769233
791944
649762
610324
804940
741011
731654
750589
755676
662404
774320
715150
676876
774806
784011
718267
772431
784023
768632
723724
739373
454191
583289
702817
769597
755571
732554
727307
770301
723791
742644
553135
786032
668002
733364
575498
743305
731876
743013
711608
783791
737533
776054
456333
515410
523173
761377
716818
776367
734982
752735
690351
773365
725596
773686
731859
764094
717284
771528
720862
740990
726968
785581
552370
481380
712696
777325
742443
773942
699089
798815
622242
799512
725986
757987
548357
743767
712117
785592
727921
741780
720768
747962
708582
776619
572437
738869
776350
745838
729526
668090
743937
730672
716569
490982
748764
716322
733929
766741
709544
579482
584033
754957
734830
783068
778402
755576
548047
768040
723476
777734
719480
460340
715992
731837
598058
732360
525935
758996
611667
632470
668981
771735
765667
783825
594440
765049
702342
794348
766397
732883
571494
774330
720309
788347
707160
768738
706279
803258
760657
730996
725612
741416
659308
799520
703321
779581
705224
769463
392135
486120
666490
735336
740765
773038
737113
764616
577090
829559
728896
785513
496939
771523
709196
766528
681908
806404
732940
734200
699256
749168
718020
780338
745926
766561
749986
728557
738093
454800
715561
768945
492388
730197
720087
759016
374842
770082
510141
660301
737082
754017
736886
780098
678188
802501
764622
722690
688962
769932
716713
778491
458968
787586
563983
817094
723504
767186
514511
759302
379059
747430
694114
782016
569194
720921
720882
754221
732497
772824
784610
738952
718625
485008
541663
750207
498472
788654
711641
771626
519726
481267
752681
733795
564331
831093
599305
773592
721217
673811
669881
781389
623355
795376
727147
767468
665437
789431
459833
774686
559066
740425
545920
723694
713912
781506
707200
737692
574436
688712
732221
764139
587713
779230
738986
741282
730720
749043
685790
757013
768662
782205
722363
809405
570149
760833
560459
766357
375758
786374
728701
728239
369208
731041
685152
785480
713483
733837
714118
520335
727544
784337
370591
761704
713422
738257
721234
789749
729675
790281
725265
729321
718370
780031
698306
739991
582936
783305
546846
765469
625410
761549
711317
773882
673608
746085
730364
738047
618887
435884
762369
762121
501765
826130
498426
802806
728991
795610
387513
449622
739745
733782
735347
466096
721096
784295
762895
738194
669116
469082
571966
774928
721851
763565
711767
729955
730603
780153
698537
780031
728588
777410
692503
773995
630905
788274
370329
738432
734827
829802
729666
784071
739177
759618
727538
728813
710790
809295
748479
752478
726998
757225
727934
814686
511270
548031
714312
726214
750050
584525
761889
718364
709231
744183
682204
823801
739416
782483
542171
757185
388661
765638
725627
737011
726930
771157
567389
771503
667918
763526
526216
733069
716683
754184
716950
755006
713530
763522
757986
727876
733780
518642
736368
780621
742329
764300
668930
794836
726587
774759
714293
750928
533162
758119
647001
731053
537441
761908
452824
776074
374647
814693
713051
674949
712473
775495
753652
517374
725284
756469
746488
768830
737002
739788
382635
755581
714513
761826
728700
461662
732298
758796
640711
777504
733425
804045
538577
735258
719191
729072
726304
767564
729674
734585
392941
748960
693882
798674
736761
768666
726172
746086
717541
803647
714151
795966
717558
755712
479802
772145
724634
815244
715170
760215
715363
733680
746093
734792
734760
773710
724049
767791
711461
765181
718375
776795
625663
742805
722487
779928
737853
747149
783223
746339
725880
760775
587762
790165
527951
749275
718134
762045
727434
767839
739557
461736
733293
738553
694871
767577
392088
725891
405295
756549
516435
768390
543409
761641
540104
707647
731637
728525
513345
728344
698633
753349
384023
758523
676509
766862
599129
761982
690115
765790
731232
768764
594617
762170
408107
819487
755244
723696
519421
761680
723618
764407
760602
746212
678395
751801
731750
796671
726302
458620
646423
748642
508761
735941
735783
736902
740432
761719
739524
523497
525391
452949
704484
739731
722319
788540
832932
781711
716939
777958
717760
785389
722257
764108
759711
730350
697767
743040
709785
785336
700297
739058
461392
806627
679696
741811
469884
763676
712451
740815
566953
745432
390498
736097
752834
770733
725584
783079
720950
731360
740076
739582
593150
627370
722777
766497
717753
730551
788752
435058
585876
751761
717748
748050
781755
737866
789754
801776
456642
749455
793524
471316
731013
737858
726964
792556
742034
787537
722169
772105
693582
758108
543001
726003
725330
834474
718772
754647
695149
765054
734787
770974
727316
755166
703087
785071
630714
765021
384199
460702
712788
732795
718521
804361
381078
680345
665310
737847
723324
793173
737917
773208
679787
740213
621613
824198
724937
825322
730636
755248
708076
839663
735808
793615
713729
776413
390857
761744
721727
772168
766555
774377
622795
764175
636233
755111
732574
798760
759463
733302
737027
773687
628743
766392
665246
504709
733133
738680
722790
773124
737924
739458
509249
749082
460662
781938
727561
739974
616027
767522
721667
761892
574472
757192
551177
454682
402151
794319
720840
750627
733557
754856
764007
457895
723794
620546
836068
788791
597629
738476
396697
609963
608050
545549
724503
772063
720823
799913
490544
742518
415884
524139
523429
767001
741268
760038
744449
781611
728037
757243
592077
726889
729851
527206
431213
733464
707041
753479
381195
747669
727762
773187
604697
748744
762124
727654
764533
746603
709217
472654
622354
493462
732672
789906
747041
737604
779789
743089
639046
782953
770578
723792
745400
803946
727875
741859
715918
792260
726542
793965
447775
743616
765650
775720
750073
726986
758285
732048
686295
729653
701674
469056
714017
748822
723446
771678
693274
782568
600987
757493
720378
771871
496420
735664
714319
491965
690610
761899
734798
738049
723159
763582
731167
538080
761328
747907
723431
772170
729113
454387
727039
745030
504260
760238
727377
763723
716571
786850
719303
766131
740226
723806
707560
753089
743784
745822
798307
742145
657888
811318
727296
774294
765617
734742
619227
761777
637992
802943
727539
740976
573060
788554
705679
733148
716717
747303
719556
792243
663073
745657
742371
857406
633608
762849
728997
715548
783082
732484
715535
756745
769163
738353
493022
778399
718866
786655
714798
782194
722178
744847
730274
778357
681825
759327
618945
821941
648706
777960
718766
776272
721424
471690
711968
741217
509304
743626
748630
707375
717794
812269
728166
767100
703744
800726
745195
774602
716696
606752
711891
763739
722670
737435
660273
779924
719111
764243
752622
806543
402327
646617
728419
742123
713165
533693
392289
781617
718044
501158
719779
781714
495109
523928
626580
755274
713195
769849
734239
770224
692531
726135
726356
766667
728738
763451
697058
740141
730276
740637
749053
767738
711633
738412
725518
818317
715335
787847
727595
732322
764282
742037
665885
827671
715018
760181
735128
787250
724633
794318
759715
493476
460254
795681
748157
737113
667138
755265
725994
752795
643585
738896
734129
744430
725967
757063
760782
728067
723067
787422
722381
760583
700560
791841
729930
757290
729045
764779
721905
729798
725244
763914
722807
740929
721350
788337
399285
761575
713881
751467
732405
761039
755723
779976
679352
727549
747079
576355
363453
825580
741153
772021
726441
735063
374709
803200
775577
730123
647983
738785
721225
755644
752613
737130
730501
744529
720710
769982
361531
728389
741444
779353
733692
744832
737768
757695
714036
647804
732920
806879
739523
650137
724754
764416
567768
761798
508270
782747
518074
742101
628182
787921
391677
753426
547236
801516
727488
740519
721155
760907
735743
785745
503624
728917
732127
746753
604999
715816
720922
763817
504992
729284
736654
778986
716658
743696
719945
729279
561568
775181
637517
746250
730244
486128
734087
765882
720933
756312
718335
735901
723543
651187
726689
479602
719066
781356
712090
798955
725475
474475
676776
785977
544588
777526
582890
761345
725183
748409
730411
734415
462879
728343
723044
736408
725966
766791
712457
782431
554837
797683
773082
736434
719562
781945
563110
725224
592874
774035
727250
835667
455797
808644
529644
765772
720166
729700
565709
751592
737561
757593
675748
749975
733893
784611
720779
786041
745399
725588
714673
766390
726933
736266
717485
731853
624985
768711
712983
758914
706720
767978
719749
765829
720004
762198
737145
808391
771426
798331
749010
636425
680917
767776
728292
762284
743105
753230
691968
765338
711107
732641
710246
758488
615676
784175
688566
771300
643662
798054
731648
736464
633825
770790
723467
726418
747918
735932
740172
716495
731219
739663
724816
739612
748632
733072
771337
738511
724887
754667
752237
739392
733746
767630
783381
761527
622541
729381
721542
738649
728766
783320
731128
764562
754135
726155
716182
485568
741837
729554
766358
851341
680155
780256
772931
743082
732812
751072
664084
775938
735530
750412
517651
555347
519617
729683
389144
763113
376521
745475
720682
744246
750449
781913
723971
789069
741951
747406
719715
769663
669970
484430
724171
791999
753892
742439
703720
778225
725084
770975
371043
735677
526747
746945
698216
779996
571731
747213
722160
480239
681998
787639
670349
735346
724965
486532
670602
470701
741689
473286
732124
802668
661848
465998
721685
748936
722665
745470
543986
766652
714373
743069
726463
762081
721050
772528
713136
763521
635647
752782
761721
486394
725186
756552
751515
476933
746762
807881
752233
767639
576196
744405
732170
756776
725673
741542
630148
776795
711540
645857
684261
713675
722287
771840
700807
757000
384291
737585
725619
554018
774850
757355
713955
778263
602318
761963
566090
750711
748744
764357
672501
533958
713080
745217
745013
746721
614183
749004
714342
756231
722365
748954
750979
740684
744070
770225
654654
777534
735370
587609
594194
728017
751699
760011
723835
784154
734005
448157
545237
753796
722385
729044
518006
768256
749149
743449
719562
765255
727415
761404
694861
738683
587444
767332
511502
748816
714737
769929
694366
738812
725983
721039
736087
769202
463583
769759
377635
766768
379892
773172
564366
770807
724133
735354
726679
760379
724886
776721
725564
491659
715360
773911
750628
759628
710193
459453
575932
759329
730740
747241
717073
491056
696664
763962
667916
768881
720630
751020
707491
743477
695870
758654
754022
510492
710598
787206
726622
807157
735603
766659
722172
762316
725473
769323
553303
798830
681668
759401
716824
735532
702735
787129
600505
794113
793755
739635
732010
757079
381920
739241
716095
770171
730955
835605
731755
506383
685704
666821
751347
755156
594871
776236
375502
733174
714802
767437
689991
741772
718614
762054
721728
742760
723423
736274
571888
731790
725452
760648
689352
637857
716048
735699
688778
623469
590900
781609
729637
788578
711123
495938
718543
775836
732921
759138
722355
757208
552509
586012
722654
789009
683369
731810
757597
775234
703523
796517
452007
778049
725517
762848
381529
738148
713961
776732
715355
743947
720958
736558
693845
763955
724902
736951
730948
768779
560998
744934
719844
793800
544611
479214
723737
791242
710873
766028
733463
736962
729198
759058
677030
480050
364231
779890
718441
577645
695087
783375
741508
768025
712555
791723
710036
767740
725283
782332
719126
753222
721682
763937
726965
741469
719730
770667
732083
747369
743447
734623
395783
778811
718749
478239
716814
760664
721103
805135
723069
722155
725176
783304
727602
753439
722195
813144
721284
798532
718491
766793
725769
780703
727803
471768
719850
772586
716482
741920
727992
745141
731473
776965
500347
473527
616720
739727
537168
766407
733255
796441
735856
729627
734534
791892
714087
788773
742538
760754
706383
752637
729485
800202
699679
773707
669463
639886
717886
815268
611732
774444
670353
831223
565841
812926
717454
795980
662198
759175
470716
731378
726331
764552
717992
761487
727848
776326
592212
760104
729079
774957
686158
761113
723679
769265
687608
815419
733092
564220
721636
750175
774252
760160
714825
785923
724533
524382
729656
466561
764772
730455
380826
785237
677577
761060
717370
486222
712721
773092
736920
649722
614901
612531
567723
759615
738894
776109
743746
820383
758477
804891
722317
729461
722637
747542
791305
761878
717648
455401
622120
774649
745555
771375
707830
751408
714616
776786
393066
770004
724733
728557
710566
761593
582422
748925
630467
777832
700932
749646
722808
742089
714372
758063
722506
746093
743669
746735
749864
472374
719868
777519
613801
777440
754982
726479
712742
765650
753014
751133
724511
786666
508515
776067
712682
745246
623575
751814
711359
826413
719352
768907
449205
803532
726625
787536
730471
789041
734276
798170
726034
759738
728323
777603
777991
736082
716682
793859
420060
723259
688445
836086
707068
828454
621149
764860
707338
820238
380068
755915
593593
800801
720883
792336
717212
731916
681045
552222
705726
828264
718205
764686
660694
758014
713558
823415
728906
773900
718685
766268
748266
776033
756553
731570
378229
733511
753257
743373
723112
785074
734108
764608
560374
516592
721852
792906
514365
733380
509821
751761
699354
607962
729563
757804
699216
764524
378407
782367
367150
486624
774795
789655
679682
783976
721320
753545
722027
627875
701195
866407
719141
772837
744601
793409
721370
750994
387670
730512
717852
751624
728377
774362
739680
775012
723868
737525
719801
763767
721091
751163
448447
769609
731254
720700
722459
766321
722832
738624
673797
800502
735440
751710
729267
738472
740271
728209
735385
732364
730788
726582
514454
732541
704104
742611
743127
816752
690595
758531
421397
750395
706883
742555
689370
772961
716130
518345
725391
750999
724602
780040
722821
794460
721746
763057
716200
758090
757403
799388
738737
754714
731622
782200
740027
803869
715113
728505
777392
803334
712691
757621
672069
784835
713643
754689
753925
738460
764556
735970
793468
725441
730407
725946
730910
768307
744590
771989
387857
820688
697919
778187
706861
773100
727346
482936
683409
768238
690818
742608
755956
763192
730003
785837
720469
737972
722152
730992
757792
772397
729111
768443
761842
731177
781469
769643
744609
729816
568997
792230
515725
781635
745616
771647
762663
757038
724061
776127
697604
749564
725484
472321
725330
688444
750929
740204
500865
505159
387498
814307
744179
737891
649723
621310
732304
773972
716649
685682
739003
759226
614001
754424
714551
796122
712310
748863
683181
738352
370133
544510
759406
731614
753293
730874
551850
722239
682416
734073
736812
460490
722721
777833
722550
767296
525201
784849
712967
786502
709517
671615
724399
722625
732943
748929
775822
484851
685857
760729
397511
762286
758337
745188
458621
745982
716675
752816
722354
785729
709651
740095
669505
747634
747363
742801
742616
763188
740766
761599
748087
736503
682370
745417
718534
754564
750772
750351
706362
773006
790581
737136
716277
787677
748198
740768
561573
448029
724533
758471
716908
756894
716776
737586
701063
623631
713616
783553
723249
800020
719594
789679
621188
756149
733208
797764
626554
808647
734120
798524
686605
483835
712506
762333
718977
828928
730779
734454
390726
722882
709950
733678
712040
776014
721193
772377
752396
540184
459701
776252
747975
787984
720398
749726
712124
780948
722524
734339
733890
787880
727021
783304
563083
801450
707470
631263
379630
744844
623909
771624
728544
807127
716247
674294
734594
740945
724520
816060
510764
784246
416608
762245
734086
738122
716644
760596
720383
770750
754211
742136
737857
723702
509659
753503
723221
766183
686287
763042
537337
736892
448604
728648
626541
747174
715227
808867
732057
766104
733141
791538
740103
787217
717436
441600
397061
459332
751121
775775
720342
793375
724538
735180
731932
767228
720605
795699
562645
769758
707919
778189
625080
457416
727805
763012
728476
786169
739971
703588
711580
753011
732235
783367
761885
746872
594673
770551
664510
728336
570989
761622
757279
719930
720073
731327
584650
741254
688142
742471
735567
762850
731308
737413
705170
769279
370003
743748
611143
739141
723960
773820
722152
757310
720895
731797
714320
771321
741371
759216
592556
735399
738646
735154
369660
731329
733322
781192
377067
731038
707396
769372
560765
757033
724221
765351
741789
760575
765769
789508
717849
746308
453329
733876
740684
720057
720756
751128
702173
776277
737487
797796
724324
796179
719746
776496
663031
762251
508425
746183
384293
791794
662426
775338
733575
734378
722948
739684
713645
794277
744009
762586
726227
766313
674872
764177
676068
763740
434645
796061
740407
733358
731174
760681
740901
560035
716350
771432
745556
735860
715707
754983
725526
755002
712380
741105
728534
759268
724517
762953
715041
467065
733992
473931
392672
749805
588892
686830
735971
764779
465606
544764
720167
778909
451787
774563
717834
757846
750173
726072
715222
836268
540895
763485
796682
733654
683888
870005
777541
745708
628257
758754
511462
732531
736606
789496
754836
735268
717269
778186
719543
775819
716480
734663
739851
755668
730315
731089
756204
476530
707860
750153
413753
754912
726157
747957
702213
793213
610998
781878
739444
810287
729859
737588
700982
849660
459815
817856
730233
752381
730246
799732
723252
757828
580920
774627
733609
769467
372955
814620
723366
793313
619501
738556
798856
806448
724172
740737
674654
757769
678508
752929
715386
766985
731870
747310
610283
732341
506787
775104
594084
772174
599677
783438
717872
779607
719359
750800
746888
731997
567994
774311
727274
774049
734759
809063
729430
773631
500019
738953
723160
831758
737656
772322
454151
741621
561678
770328
746749
727911
713838
781833
588550
766353
559684
790715
631860
763125
666195
756354
660525
779049
507423
758155
591930
764288
739122
775122
733762
450837
732745
761427
636540
762131
725951
521193
735413
785781
733227
744303
708836
751348
722103
823597
756605
778591
716150
484512
719304
760638
716973
823133
753001
770733
726197
754060
736961
767783
756035
741944
619735
753797
720755
776690
819621
728936
737960
749537
570424
731295
363841
789288
725495
752663
720046
745707
371526
764062
720170
759911
381906
726788
722615
748862
372842
551201
608164
762008
721859
765386
716238
777025
779618
738079
523214
755435
732231
775520
458686
763545
597891
758361
719622
740509
742272
749936
722229
769228
788495
784248
755464
736736
732090
768540
656515
735555
724844
762250
725970
766149
723895
781043
568131
791619
541927
777063
738360
759191
719279
488068
733557
753740
698947
758872
710275
735206
591976
768705
720017
773125
732049
746156
739161
747656
402597
477879
386547
766745
560627
437638
639890
726020
725879
737045
618122
482736
622195
754203
741446
779567
655019
786412
729862
750394
688613
755104
756126
730130
731004
752301
387797
732717
720537
777003
743573
766373
712454
763767
519562
746167
731936
474700
763785
735249
707303
755818
748018
729820
723751
779166
586668
738803
561995
448671
727827
758689
732341
757266
712436
461793
461471
725176
726904
745782
725187
786430
745522
745647
392946
754051
464013
767802
554155
742292
720038
497340
750545
783087
782910
734029
712761
824255
499367
766929
722926
770743
604288
727051
725573
781002
748903
736790
722549
765507
634426
728264
722347
772550
721954
745680
418414
748371
717714
779578
722569
771040
705366
767332
714810
761625
778722
735544
786978
736233
729205
777860
751989
724114
724209
737161
678815
489555
733955
771077
736178
593104
551776
760100
722238
772227
406267
763428
720370
571940
541416
736072
576939
730384
739543
780175
728490
751426
713795
653586
727751
756145
709614
778232
710104
745362
712534
780611
483642
746951
751027
728416
720475
752608
716359
762883
779946
748018
783048
733278
748448
741202
369902
798761
768155
725960
804458
769904
715491
754884
712099
747305
724361
736728
620542
771713
515597
728923
742651
755117
715690
752851
719299
799411
710969
766062
723690
455256
728963
769257
730806
750516
730226
786966
794826
757994
667787
741774
790529
479693
754561
738658
719772
756385
762989
839407
758158
731734
565404
729033
657410
719491
770619
742372
580539
727364
718813
790498
732301
452425
527613
780090
735978
733304
728170
750217
743242
747136
748291
454690
696661
775463
442706
783827
723966
791346
456076
768193
721970
737111
680927
810677
655657
808630
748252
501498
604445
479693
728869
767337
780650
743175
716581
750945
746206
752855
655986
602835
396661
485021
789019
740689
756188
456378
709761
755587
730878
749884
728928
773022
728974
749588
734227
744149
741710
762991
772316
760168
619603
731712
705552
784982
753565
772122
751593
730651
752812
752006
744067
778821
730504
756217
727072
742880
733920
461032
712565
477714
747668
770220
686873
793591
712004
754806
707210
755003
740311
747759
629425
776128
680382
746540
719073
785115
744582
781342
718856
762184
731999
759800
545261
762149
718912
803022
737858
782197
623197
734411
726230
775095
543967
747244
760179
728709
707119
778790
716454
751634
736408
755592
730855
772001
740788
436440
680836
761617
730787
743696
713825
682420
733219
732261
702410
793257
722215
776424
722890
766222
725705
735234
784005
743919
727986
769662
738323
738432
729211
773222
730661
762861
706762
771207
713341
784630
742969
785702
440388
718477
717532
741960
727830
802016
622521
774606
727392
737849
719380
783088
675111
758032
732479
768651
743270
482161
742522
758020
681595
757929
718748
793121
621671
737796
698651
744010
624988
732576
706149
470548
733944
731064
725618
769895
731913
802656
720033
507908
451675
764844
775672
736691
616809
765178
568335
717932
749900
752511
726078
761392
761803
733578
720007
657197
766015
730295
754302
752114
749378
470173
768303
773781
721924
774648
396970
726320
780956
730605
760432
486167
730037
748653
608499
457469
725450
753380
729393
774910
722515
783564
729362
767950
680938
461054
727687
741163
727429
748712
716585
530358
669080
728410
738965
735910
747342
728412
721884
788304
748712
734032
716238
754942
723132
748742
725682
734501
722522
819283
719918
734752
701090
762884
730107
866562
723417
787768
747895
448589
666309
701302
719807
778928
626620
779851
724561
735615
592793
736425
742928
760905
383319
744272
690503
769796
722777
770717
572880
758238
748449
744749
380320
729206
732237
469606
736420
732684
710103
800012
736886
478985
644985
737512
462353
763039
720767
763591
724786
771965
708173
666212
732412
778062
724809
731686
546369
737251
756876
762978
713856
735281
753327
769758
713593
777200
377498
784071
711378
798198
544623
758725
729846
799268
728072
771971
733147
775548
724421
760921
673700
778328
754203
699946
713701
747883
739430
750303
544094
778182
709931
777955
711544
758152
624676
736819
706362
451678
741226
748803
800404
735689
551310
478430
723972
775471
723369
484204
735779
737526
764891
715998
729341
777849
729308
783447
452845
450103
741575
823323
753463
736342
740219
732810
718475
742988
714953
752270
726500
757113
723368
725130
717768
737616
425377
756771
745430
744200
750658
786662
731743
741490
709555
794936
715148
790226
731407
747667
554863
793366
716421
818060
712373
473513
756745
453042
724557
485128
748873
737038
611467
742456
696831
763683
750141
805922
719299
756761
745524
537808
736021
779066
741958
805774
383207
733794
594313
744266
705343
799311
615869
497093
583682
734222
440582
756475
720059
727736
723200
476582
723643
776129
721266
757028
385367
738543
737120
830407
720823
738608
722675
775274
616779
741204
729509
756069
735881
760659
721205
815743
373503
773417
491935
750796
719116
781273
732007
760196
747961
796881
707948
481608
618161
766458
722396
769235
721108
775237
710403
751491
728402
772804
800434
736297
632343
760369
723610
740661
450033
470056
741055
736209
716791
764097
716266
794824
706919
451630
715359
758608
634556
730497
728671
514144
723513
738405
720066
773173
692281
725246
716111
745234
727215
451138
624138
779272
714490
751662
720867
672639
677691
761802
718117
740266
710693
741036
746425
822198
714961
791089
716344
779233
664897
760233
729542
794759
769140
718985
761111
808223
687632
769389
669875
758672
776878
726111
714122
768112
723687
759787
719010
648760
696613
788890
723519
761108
705498
744111
753905
490424
779606
780720
785340
719026
734041
750028
697124
773704
725739
510016
726589
774476
702887
782499
640390
737966
723000
807680
531012
727556
729059
734689
725288
751808
718895
787742
728579
790617
719405
766503
713570
744908
724151
474137
728960
725621
723639
748535
720738
760426
706962
742736
707511
815594
737214
717531
628452
729301
720989
751959
726793
465231
729704
767452
720578
742738
759897
746188
731163
764036
732324
770720
737342
736491
717933
737115
734203
744905
746354
761052
704548
766206
605230
739475
731268
776221
751255
738090
715281
847229
725904
786390
775562
724847
729924
784400
719487
760026
721658
807503
719113
727378
638827
711624
756069
739550
756456
732939
688570
728449
716012
791410
708672
790422
715828
740297
743029
446812
714531
756315
722676
751467
721561
694702
715476
723584
732312
536226
717989
803689
733430
748365
711878
735529
692269
460780
719201
743484
726666
460374
709988
740613
725308
759914
660196
758757
715716
456748
720626
467242
727125
734206
736876
778400
374903
477749
619391
762093
718636
778329
627285
775369
730982
843171
711584
782540
640731
814319
720526
747984
461329
751956
663096
762395
775822
733615
491332
728302
497838
766266
444835
785728
766886
739958
627043
765415
594874
776869
396104
466098
717384
762937
381631
765369
453421
773877
712788
746180
718065
767697
595494
738094
528527
763697
706635
480018
550322
531427
742758
540392
492448
764956
634820
758738
824689
791897
647302
762139
729142
775720
724890
454854
740520
725854
724039
783830
747226
773627
754139
749752
750187
790532
738590
789155
689578
769040
759347
752088
766428
738768
740873
779423
795921
729588
729589
793625
624346
763960
730441
747912
742005
883704
715297
788918
708234
754423
516379
794517
715831
740468
731427
778951
824440
747219
755269
473701
728149
784528
711425
779561
717851
748247
759362
738381
394409
747267
719642
729181
718306
741619
622172
451458
736802
770263
670070
783046
547726
775480
733308
465234
620202
765075
679138
642341
760573
612300
731789
735528
740260
756425
609517
759895
383110
756660
666208
444799
627126
735336
626791
747138
731692
556488
731003
757666
721536
779392
606766
777049
688972
733942
738047
771691
707634
748811
728437
777149
729015
786440
724223
772419
470222
752132
743189
785852
742489
770526
727061
761306
586083
767382
723365
747633
572006
741756
739758
763809
708258
614500
718879
752101
679182
797812
761821
769193
559555
754658
722321
757544
737707
797017
726678
763810
753817
727824
759222
751493
721987
773144
441585
776559
720229
760246
722488
734404
752872
755783
724092
579063
739999
737110
722953
768235
793984
734644
725274
770204
754286
758787
667250
493652
729768
740901
718411
763298
752234
490232
793162
730953
743437
755601
736109
776682
737583
751567
724852
746166
723985
781691
719863
742238
722516
737380
730083
744573
717308
515196
815365
727603
726090
778814
439024
447188
740471
776910
474559
760724
750852
785713
768933
749828
702580
766796
783613
720897
767885
751479
732390
768222
717986
753797
726393
752633
766375
509187
763604
765862
667741
765371
757776
734554
755131
771135
776497
774247
771426
746995
760737
750598
773133
821168
728758
753527
780497
743798
744777
476824
719810
769502
766804
758934
577069
538576
