3280
799
3408
807
3356
642
3411
619
3530
647
3528
694
3395
784
3390
809
2833
782
3320
802
3458
787
2635
621
3331
800
3242
690
3341
798
3518
817
3418
807
3563
794
3322
812
3618
792
3584
815
1961
451
3210
774
3420
797
3400
828
2933
631
3287
633
3368
787
3435
819
3463
553
3415
466
3338
820
2867
659
3493
802
3366
807
3302
835
3350
812
3541
841
3450
797
3333
766
3600
809
3465
778
2944
814
3605
794
3926
802
3255
671
3727
797
2746
683
3385
792
3302
591
3312
804
3458
797
3520
812
3410
784
3498
554
3400
817
3786
767
2895
673
3495
800
3238
800
2116
752
3416
799
3754
568
3460
807
3401
811
2192
774
3480
682
3428
792
3496
799
3488
752
3503
802
3376
659
3460
817
3538
825
2842
640
3674
797
3458
787
3562
797
2496
785
3606
819
3325
746
3761
835
3438
792
3327
789
3806
781
3590
794
1846
441
21541
817
3661
797
3465
797
3511
799
3488
795
3347
750
3471
812
3485
770
3270
809
4002
812
3533
797
3338
770
3480
804
3687
767
3428
802
3656
774
3512
772
3418
789
3267
807
3365
587
2674
578
3355
811
3393
830
3340
794
3378
804
3297
510
3525
804
3383
807
3496
780
3453
767
3337
824
3495
818
3380
616
3458
717
3418
852
3428
812
3801
782
3632
825
2428
535
3338
790
3403
520
3586
795
2458
802
3658
774
2778
794
3533
822
3531
812
3422
755
3596
551
3375
816
3668
787
3280
717
3458
792
2492
573
3056
631
3926
805
3611
724
2480
516
3378
807
3621
809
3529
824
3661
675
3458
821
3468
774
3494
772
3476
579
3639
553
3450
603
2725
789
3337
822
3455
794
3672
819
3348
797
3511
404
3481
797
1562
799
3465
812
1994
435
3331
797
3346
812
3458
802
2580
624
3488
814
3361
804
3378
785
2996
814
3703
782
3300
822
3548
794
3626
807
3435
805
3110
623
3345
777
4123
829
3375
782
3531
784
2819
694
3471
795
3310
832
3408
809
3465
784
3197
684
3436
438
3388
797
3436
812
3395
792
3493
449
3483
820
3395
807
3588
794
2103
477
3531
380
3743
776
3403
812
3576
466
3428
817
3531
796
1861
814
3402
779
3606
790
3579
805
3390
792
2831
612
3446
830
3505
809
3493
821
3655
809
3249
771
3533
817
3601
812
3520
799
3478
812
3545
829
3325
812
3701
812
3596
671
3496
802
3355
829
2154
461
3718
824
3548
825
3436
802
4067
814
3511
810
3378
794
3563
795
3553
794
3250
816
3383
802
3523
797
3488
595
3525
811
3632
802
3536
810
3436
807
3365
779
3418
825
3360
855
3508
701
3518
802
2024
469
3508
809
3481
799
3412
807
3165
802
2745
598
3564
790
3483
789
3447
769
3576
820
3498
780
2847
854
3370
677
2899
699
1894
442
3455
824
3351
792
3333
812
3496
817
3353
794
3433
787
3543
829
3333
822
3246
674
3678
807
3480
805
3415
616
3383
714
3496
794
3110
741
3613
829
3511
820
3432
805
3453
809
3448
805
3493
797
3380
795
3606
762
3460
797
3511
814
3390
795
3498
809
3338
712
3321
791
3536
811
3585
760
3571
809
3520
658
3432
840
3508
802
3355
795
4180
754
3699
805
3393
694
3378
744
3628
772
3496
827
3570
786
3431
637
3523
799
3373
797
3034
286
3367
809
3598
807
3253
821
3480
790
3401
469
3420
805
3668
787
3448
720
3633
411
3628
786
3561
792
3503
806
3696
782
3418
764
3402
676
3535
836
3422
795
3440
814
3488
719
3674
800
3598
710
3242
786
3446
819
3463
792
3430
789
1670
795
3359
696
3426
844
3633
814
3322
796
3505
795
1989
812
3380
787
3222
653
3028
777
3598
798
3443
789
3403
792
3415
779
3605
784
3558
827
3551
777
3297
791
3483
673
3385
812
3864
812
3578
812
3047
655
3448
732
3615
802
3490
655
3555
807
3542
802
3666
779
3488
666
2733
630
2705
600
3536
802
3397
779
3430
772
3530
784
2456
575
3396
795
3405
784
3360
787
3483
790
3511
814
3521
830
3596
819
1921
777
3586
782
3362
711
2852
812
3471
824
3724
789
3385
797
3395
630
3571
746
3388
774
3528
776
3508
794
3350
785
3471
771
1607
817
3749
799
2872
669
3466
692
3510
819
3408
737
3262
797
3345
675
3290
658
3400
799
3327
797
3503
811
2329
535
3768
816
3503
845
3347
789
3578
809
2501
804
3620
814
3394
805
2446
335
3241
595
3267
468
3450
815
3558
669
3548
782
3431
809
3800
812
3521
829
3654
794
3599
733
3531
771
3530
556
2518
779
2282
506
3380
665
2750
665
3378
667
2168
441
3440
787
3458
779
3747
802
3500
797
3396
808
1775
777
1656
660
2703
825
3593
810
3410
807
2857
799
3678
684
3292
799
3438
798
3009
544
3320
792
3560
822
2159
441
3470
792
3603
715
2015
782
2905
799
3636
744
3541
809
3666
834
3658
804
3503
812
3425
794
3634
822
3764
699
3488
812
3465
802
3646
780
3353
786
3304
625
3574
755
3462
792
3876
812
3476
686
3518
779
3841
797
3755
702
3478
826
3342
812
3448
799
3533
820
3728
779
3493
815
3220
814
3443
829
3438
809
3646
804
2723
534
3619
807
2090
808
3573
892
3518
712
3513
755
3536
794
3468
782
3626
791
3558
804
3581
835
3533
827
3691
777
3732
807
3628
822
3638
779
4264
817
3630
774
3513
794
3455
807
3444
812
2080
837
3613
802
3653
782
3443
782
3498
777
2077
463
2709
581
3351
777
3573
643
2468
529
3596
804
3656
800
3588
817
3673
732
3426
822
3688
805
3661
812
3706
796
3636
819
3633
824
3741
784
3651
812
3428
786
3511
805
3942
789
3488
665
3305
812
3408
812
3543
779
2941
601
3653
789
3563
789
3618
809
3819
781
3566
852
3428
806
3586
822
3486
774
3328
785
3440
691
3421
800
3874
817
3385
807
3473
802
2658
782
1542
610
3347
673
2950
802
3448
814
3441
808
3548
772
3620
822
1802
431
3710
778
3488
788
3669
780
3729
699
3566
830
3486
777
3931
799
3658
797
3591
799
3828
850
3518
817
3586
819
3844
782
3751
674
3303
799
3560
779
3588
812
3441
784
3368
820
3593
787
3460
819
3536
812
3936
784
3473
802
3486
765
3406
807
3476
782
3121
600
3446
797
3691
800
4017
789
3648
799
3114
652
3518
782
2317
796
3511
722
3596
794
3481
812
3613
784
3654
807
3631
814
3789
790
3022
665
3648
767
3495
533
3992
716
3619
398
3681
789
3468
575
2642
794
3754
814
2842
801
3511
785
3453
864
3882
797
3641
804
3905
822
3302
810
3473
782
3621
808
3568
815
3668
585
3688
805
3874
769
3516
809
3461
832
3595
792
3883
647
3796
796
3370
797
3456
804
3776
821
3636
457
3571
682
3558
809
3608
809
3484
649
3600
796
3718
683
3691
847
3573
841
3693
809
3565
583
3691
817
3624
811
3762
800
3668
828
3430
812
1702
787
3764
711
3405
802
2799
591
2444
434
3515
787
3505
797
3794
810
3624
798
3676
789
3654
812
3671
782
3642
767
3841
814
3523
801
3445
822
3563
807
3240
701
3193
663
3403
712
3876
785
3650
827
2626
796
3573
777
3757
799
3538
827
2174
807
3630
792
3644
767
3581
784
3929
784
3783
807
3296
659
3766
822
2349
729
3731
687
3583
834
3611
756
3769
815
3372
772
3541
805
3520
786
3451
523
2800
682
3429
738
3613
717
3473
635
3566
802
3709
797
3593
826
3168
812
3506
807
3553
782
3592
762
3588
807
3558
790
3666
779
3531
781
3437
682
4069
807
2741
432
3551
825
3899
782
3473
819
3493
805
3536
777
3588
806
3596
835
3518
817
3616
749
2899
650
3573
839
2151
829
3641
784
3683
806
3601
9217
3799
797
3450
702
3510
826
3520
451
3458
674
3437
799
3411
799
3678
694
3493
789
3911
792
3488
797
3340
797
3112
804
3756
817
3560
764
3493
789
3468
841
3631
795
3716
805
3377
774
3164
645
3256
628
2905
568
3569
800
3649
807
3665
809
3455
802
3513
812
2967
605
3224
306
3659
782
3646
821
3485
619
3536
798
3603
769
3442
671
3471
782
3563
824
3601
818
3656
724
2743
799
3450
807
3732
804
3473
800
3778
792
3691
844
3483
791
3508
804
3611
789
3754
757
3493
797
3691
779
2470
440
3460
830
3624
663
3626
812
3743
769
3085
798
3593
688
3108
797
2905
643
3636
804
3518
811
2976
658
2779
817
3434
731
2973
540
3728
791
3245
789
3693
787
3616
802
3472
784
3613
801
3481
817
3456
777
3468
864
3631
795
3558
802
3631
819
2497
786
3438
791
3505
807
3811
782
3679
788
3633
809
3596
845
3869
661
3912
794
3578
779
3491
719
3528
782
3480
817
3365
811
3558
810
3525
807
4014
760
3494
807
3723
762
2937
658
3699
729
3746
615
3691
792
3684
810
3752
760
2201
789
3608
787
4149
807
3543
802
3586
807
3487
800
2792
619
3674
750
3563
804
3051
641
3613
791
3596
835
3493
812
3655
825
3738
620
2181
809
3639
769
3458
804
3629
792
3593
795
3708
785
3493
797
3448
802
3655
796
3513
802
2986
811
2122
535
3624
750
3518
699
3066
812
3498
754
3059
809
3766
772
3553
818
3756
701
3535
790
3536
795
3600
791
3633
807
2105
787
3503
812
3333
829
3699
777
3633
832
3611
820
3417
847
3333
476
2973
614
3450
781
3801
796
3635
830
3321
792
3594
764
2486
789
3347
818
3603
757
3438
787
3693
799
3644
784
3492
656
3347
792
3538
607
3506
797
3488
829
3480
802
3751
822
3791
824
3448
812
3569
757
3558
785
3568
822
3521
596
3538
817
3591
819
3510
817
3418
739
3458
794
3540
816
3562
788
3719
788
3636
822
3508
649
3440
790
3748
779
3499
797
2114
443
3245
766
3615
767
3698
799
3889
827
3508
530
3455
784
3706
812
3598
814
3833
812
3804
799
3523
799
3614
809
2117
814
2338
481
3281
694
3591
533
3488
786
3628
659
3539
789
3034
840
2110
774
3603
796
3328
824
3916
642
3651
864
3659
576
3503
755
3443
776
3586
721
3666
799
3388
710
3644
820
3530
822
3535
824
2899
807
4014
829
3967
792
3524
806
3606
737
3801
808
3816
792
2107
799
3741
717
3656
794
3425
767
3488
789
4099
787
4004
796
3581
797
3896
806
3613
802
3829
595
3756
817
3498
804
3471
674
3676
744
3583
819
3631
805
2076
472
4067
799
3792
787
3568
668
3916
799
2900
633
2450
819
3698
789
3532
779
3530
815
2665
499
3867
810
3408
804
3526
795
3691
812
3515
797
3498
719
3000
770
3588
807
3317
812
3809
820
1591
777
3581
807
3563
684
3580
784
3495
805
3616
807
3879
760
3563
816
3338
795
3445
800
3371
832
3545
814
3561
448
3428
692
3458
797
3468
794
4012
860
3460
817
3661
774
2136
807
3691
797
3684
788
3413
829
3410
804
3420
832
3505
775
2174
456
3182
862
3365
812
3523
829
3395
817
3578
870
3410
798
3568
784
3869
779
3473
774
3648
779
3614
797
3461
678
2171
815
3532
789
3666
817
3205
655
3636
817
3468
690
3974
805
3643
827
3473
795
3861
801
3694
789
3779
796
3793
802
3498
292
3518
812
3598
741
3413
791
3889
799
2921
681
3075
677
3759
809
3058
744
3445
837
3596
772
3533
774
3591
784
3894
805
3521
817
3729
477
3610
775
3668
749
3748
779
3921
811
3551
707
3488
806
3450
762
3716
769
3553
785
3535
779
3540
794
3678
812
2843
546
3839
817
3672
785
3596
677
3693
794
3538
769
3578
817
3886
802
3719
806
3516
815
3913
809
3371
781
3726
822
3747
791
3596
621
3696
776
4107
804
3746
719
3447
820
3003
790
3514
792
25759
794
3430
684
3416
745
3748
785
3578
690
3673
804
3373
672
3424
782
3544
716
3669
784
3628
825
3623
814
3413
819
3653
772
3821
707
3546
800
3017
618
3688
787
3608
771
2847
805
3257
773
3463
794
3584
799
3528
814
3491
582
3702
807
3533
800
3498
812
3538
809
3798
786
3408
824
3473
734
3518
698
3411
807
3966
782
3595
799
3631
787
3548
822
2651
575
3847
734
3741
802
3417
713
3741
774
3538
802
3954
817
3585
809
3738
869
3516
815
3543
724
3626
656
3666
812
4012
812
3473
805
3751
795
3185
675
3422
794
3423
799
4094
829
3546
784
3645
787
3093
682
3741
850
3575
698
3107
611
3769
786
3486
787
3515
701
3838
752
3521
789
3779
800
3736
706
3438
689
3568
626
3498
832
3608
815
3638
860
3383
773
3561
814
3422
745
3859
817
2303
469
3749
824
3504
790
3536
804
3692
779
2814
605
3686
837
3461
408
3584
792
3773
817
3588
815
3667
796
2051
840
3829
456
3785
671
3519
782
3726
804
2091
429
3673
679
3510
774
3611
766
3578
825
3611
795
3659
797
3585
779
3606
787
3521
788
3719
737
3538
714
3347
741
3982
769
4205
772
3954
820
3674
800
3555
797
3598
822
3539
784
3641
794
3573
825
3490
817
3520
815
3576
802
3799
830
3631
787
3663
830
3589
641
3390
704
3579
769
3616
784
3834
636
3585
829
3888
799
3816
777
3814
845
3613
789
3558
800
3643
710
3693
810
3959
820
3033
703
3546
785
3951
637
3716
781
3869
809
3665
810
3603
831
3756
761
4026
817
3696
794
3666
794
3564
777
3882
822
3929
704
3611
809
3771
817
3536
822
3716
774
4052
784
3671
809
3866
802
3726
620
2774
525
2999
540
3410
817
3694
667
3666
820
3593
825
3941
796
3111
646
3486
797
3691
667
3668
801
3741
820
2103
476
3702
799
3436
780
3538
797
2292
804
3130
703
3581
782
2257
449
3936
792
3581
818
3443
834
2931
822
3635
840
3522
697
3726
820
2983
774
3835
789
3763
804
3909
792
3646
787
3706
810
3804
797
3636
827
3608
805
3699
795
3573
818
3733
795
3546
820
3703
583
3786
802
3636
802
3540
782
3513
787
1945
754
3946
784
3669
733
3772
787
3739
787
3746
794
3686
753
3748
814
3594
709
3528
822
2375
463
3070
633
3515
800
3701
761
3809
8083
3021
652
3669
774
3511
697
3593
772
3460
812
4070
827
3588
800
3433
792
3749
703
3506
797
3606
802
3621
802
3867
772
3585
826
3921
658
3797
782
3721
792
3648
772
3669
804
3630
795
4325
815
3563
811
3576
797
1993
533
3646
802
3533
774
3485
764
3621
797
3612
799
3636
786
3626
747
3736
784
3656
802
3776
807
3656
797
3733
784
2729
631
3505
829
3754
795
3553
807
3163
654
3738
817
3670
580
3883
681
3882
697
3691
817
3804
809
1568
792
2179
814
3753
807
3801
787
3693
802
3688
814
3774
822
3764
805
3670
784
3463
617
3636
792
3618
792
2175
328
2404
520
1801
417
3378
557
3708
787
3708
797
3679
812
3484
839
2200
434
2039
786
3165
782
3425
797
3583
817
3498
814
4128
682
3576
824
2272
812
3589
832
3571
814
3563
800
3689
792
3506
844
3433
816
3891
792
3553
585
3313
767
3778
802
3470
830
3540
834
3391
787
3796
807
3443
840
3220
792
3892
797
3495
784
3376
824
3588
771
3628
817
3671
806
3558
804
3606
677
3450
779
3916
829
3445
789
3464
777
3438
800
3506
789
3399
812
3590
802
3528
825
3588
804
3516
794
3588
837
3558
796
3468
812
2990
800
3495
814
3494
770
3430
679
3378
771
3499
780
3436
772
3368
764
3383
794
3566
787
3420
754
3440
779
2914
538
3683
779
3455
812
3355
802
3490
824
3323
812
3606
805
3396
822
3588
771
3397
814
1899
808
3765
799
3332
659
3551
824
3673
800
3451
807
3532
791
3535
802
3669
807
3493
802
3690
830
2583
780
3375
696
3491
787
3701
808
3495
809
3176
809
3463
797
3411
792
3696
748
3581
772
3446
765
3361
626
2875
675
3513
795
3458
824
3682
816
3566
697
3428
769
3518
804
3528
829
3390
800
3518
804
3398
787
3615
770
3365
671
3491
799
3376
787
3555
790
2988
819
3403
826
3510
736
3458
815
3262
581
3518
774
3473
827
3433
789
3416
782
3448
822
3302
664
3613
714
3618
782
3428
822
3290
697
3608
805
2971
671
3235
780
3375
704
3407
817
3460
780
2930
583
3408
779
3521
784
3446
766
3358
797
3651
775
3338
816
3430
665
2456
430
3513
790
3598
817
3313
812
2895
631
3829
795
3526
641
3345
811
3069
616
3104
644
3528
824
3586
817
3385
795
2686
648
3347
794
3543
804
3471
738
3661
589
3488
857
3438
637
3434
782
3397
796
3486
792
3615
659
3184
802
3425
822
3677
784
3558
752
3440
817
3513
802
3453
766
3199
797
3586
882
2585
799
3327
464
3977
764
3590
772
3535
802
3338
792
2974
643
3390
779
3664
682
1996
732
3368
789
3382
797
3335
797
3478
797
3526
792
2202
504
3555
777
2847
629
3545
817
2891
818
3618
782
3505
836
3438
772
3410
814
3440
802
2053
815
3473
616
3157
280
3687
774
3417
769
3415
727
3428
819
3631
794
3413
812
3664
685
3475
797
3616
780
3807
789
3496
804
3812
707
3651
782
3598
706
3488
799
3398
796
3876
809
3761
764
3317
794
3476
815
3468
784
3458
842
3616
799
3500
680
2896
800
3493
794
2198
807
3683
802
3511
817
3541
828
3357
814
3433
698
3682
790
3423
702
3490
713
3257
836
3608
790
3533
752
2084
784
3640
785
3679
799
3433
827
3390
814
3576
791
3148
784
3458
837
3485
784
3342
762
3435
772
3508
877
3049
826
3245
829
3609
772
3628
812
3656
744
3571
802
3087
680
3411
847
3501
819
2897
643
3466
787
3222
794
3671
834
3626
801
3488
812
3375
799
2561
787
2843
820
3541
799
3656
760
3523
836
3528
798
3358
812
3380
544
3453
827
3541
829
3679
784
3375
759
3393
822
3606
769
3426
776
3414
782
3346
797
3688
787
3593
674
3466
834
3561
810
3556
747
3566
817
3207
577
3671
782
3163
765
3549
810
3271
820
3576
797
3435
472
3368
717
3523
792
3245
789
3433
817
3586
799
3861
799
3967
807
3496
805
2055
792
3528
774
3536
792
3524
795
3408
821
3688
796
3533
790
3350
709
3797
742
3727
802
3403
699
3360
772
3496
782
3558
815
3501
777
3711
811
3448
786
3520
830
3861
617
4039
611
3510
729
4010
782
3501
832
3530
822
3335
799
3578
782
3309
802
2161
817
3530
810
3498
807
3438
807
3535
779
3573
817
2625
801
3598
769
3676
787
3556
800
3937
724
3532
802
3458
772
3581
819
3420
842
3308
822
3924
521
3451
572
3508
771
3552
782
3684
786
3689
687
3438
780
3408
787
3518
839
3623
629
3768
779
3624
797
3227
805
3451
369
4157
802
3516
520
3308
596
3583
811
3989
806
3581
807
3363
714
2898
784
3551
529
3838
769
3478
818
4043
669
3698
817
3922
826
3749
817
3456
814
3696
782
3698
804
3630
817
2126
446
2798
810
3832
816
3631
642
3756
462
3452
789
3403
745
3581
777
3480
767
3728
804
3338
779
2085
449
2581
782
3807
779
3375
807
3502
816
3485
837
3708
842
3422
782
3288
798
3248
769
3571
802
3763
799
2606
822
2166
496
3361
789
3498
774
3508
812
3534
775
3606
772
3245
759
3748
864
3445
817
3100
800
3542
790
3372
789
3596
802
3440
667
3482
818
3491
779
3748
815
3276
784
2905
684
3575
779
3464
824
3496
799
3596
797
3664
595
3721
787
3659
812
3014
576
3658
772
3491
777
3540
824
3422
844
3600
797
3664
697
3298
798
3305
799
3561
842
3739
784
3535
785
3503
797
3539
784
2976
675
3480
790
3668
812
3530
812
3556
716
3433
847
3491
677
3728
787
2361
521
3438
805
3553
815
3358
720
3394
812
3317
774
3451
720
3206
663
2126
800
3425
814
3451
800
3513
810
3503
781
3464
802
3548
780
3435
810
3566
797
3481
804
3411
747
2852
818
2328
446
3410
814
3664
772
3481
807
3511
789
3608
667
3591
797
3440
747
3582
769
3343
814
3381
427
1950
421
3460
639
3388
729
3458
796
3390
471
3396
809
3590
800
3457
812
3539
829
2682
807
3450
817
3641
789
3238
682
3738
660
3656
797
3433
814
3456
819
3302
807
3636
586
3453
812
3468
797
3470
782
3398
687
3377
817
3463
769
3240
827
3498
812
2867
621
3646
805
2904
792
3563
776
3488
694
3525
812
3663
779
3611
799
3613
827
3305
817
2757
580
3342
772
3425
714
3496
795
3495
758
3578
797
3336
812
3410
829
3007
704
3385
463
3523
819
3506
809
3721
799
3411
791
2603
847
3423
814
3513
840
3496
802
3550
707
3616
804
3894
794
3460
817
3827
769
3481
827
3603
774
3456
814
2696
571
3411
807
3482
822
3611
819
2168
19540
3588
804
3490
844
3415
764
3625
797
3313
535
3537
834
3498
820
3560
804
3563
533
3596
822
3447
802
3618
796
27345
827
3526
849
3595
798
3628
760
3271
679
3441
702
3416
746
3909
774
3512
848
3396
814
3731
770
3300
820
3343
815
3502
556
3591
817
2732
804
2098
780
2228
759
3441
827
3729
785
3771
819
3593
819
3603
800
3488
786
3528
817
3358
778
3395
792
2246
455
3295
822
3624
692
3323
810
3633
802
3615
832
3718
842
3337
8936
3648
782
3378
792
3801
836
3764
722
3781
815
3643
812
12290
659
3470
800
3458
792
2209
452
3571
819
3656
719
3420
779
3514
649
3513
790
3684
804
3453
829
3472
719
3392
787
3441
802
3578
785
3686
787
3407
532
3753
817
3301
840
