3293
799
3353
784
3383
696
3495
819
3606
672
2662
549
3421
825
3326
789
3305
677
3288
641
3380
799
2552
605
2587
663
3398
789
3218
787
3431
794
3554
805
3458
814
3398
784
3307
799
3270
692
3245
435
3414
817
3255
809
3491
799
3420
649
3287
708
3503
794
1532
340
2946
11563
3403
577
3433
822
3453
597
3011
665
3371
806
3139
804
2151
782
3058
792
3455
805
3719
815
3461
812
3425
802
3486
677
3450
794
3486
576
3508
782
3716
800
3068
842
3422
774
2602
499
3310
814
3453
664
3450
814
3570
784
3781
782
3393
589
3914
827
2861
703
3426
787
3303
817
3408
794
3576
766
3297
581
3750
792
3451
784
1480
787
3443
781
3345
771
2410
551
3423
801
1730
812
3285
817
1985
473
3265
832
2859
692
3425
814
1943
435
3432
687
3430
812
1959
832
3528
782
2984
672
3529
808
3427
792
2700
555
3398
817
3521
460
1994
802
3405
740
3450
787
3606
807
3331
841
3330
772
2724
797
2833
686
3585
784
3462
801
3428
832
3518
792
3468
694
2997
677
3393
815
3566
794
3453
782
3739
814
3659
801
3417
822
3411
794
3035
802
3503
832
3520
840
3280
816
3380
812
3310
804
3353
797
3448
814
2963
625
3445
772
3521
819
3397
668
3280
830
3533
812
3425
845
3568
792
1961
447
3447
543
3397
805
3448
767
3486
817
3493
534
3504
765
3483
816
2511
589
3621
799
3455
764
2642
574
3456
790
3590
806
3520
797
3416
824
2840
800
3563
652
3480
804
3475
685
1614
607
3504
695
3997
817
2494
782
3505
805
3533
809
3405
792
3410
779
2945
686
3432
838
3438
804
3503
802
3544
674
3466
814
3581
720
3525
817
3428
820
3262
787
3390
619
3359
834
3663
445
3568
817
3510
649
3636
809
3578
797
3380
784
2704
615
24488
743
3465
787
3350
812
3606
812
3494
681
3626
776
3410
806
3475
818
3061
677
3734
805
3497
662
2172
794
3734
830
3786
807
3729
789
4034
523
2977
427
3566
717
3593
830
3625
835
3373
814
2998
685
2085
441
3057
715
3109
827
3548
764
3544
759
3516
710
3335
802
3545
794
3465
817
3476
822
3616
802
3423
441
3338
472
3530
810
3403
789
3271
762
3651
807
3433
798
3433
804
3410
794
3679
807
3609
815
3604
802
3611
792
3470
799
3394
812
3541
800
3463
690
3388
825
3089
684
2838
664
3872
787
1908
449
3368
696
3358
820
2067
432
3568
798
3548
807
3415
776
3584
824
2941
557
3581
784
3513
794
3398
822
3618
654
3357
832
2919
652
3341
824
3396
651
3309
780
3423
809
3458
679
2843
636
3418
812
3441
787
3605
789
2954
698
3370
691
3383
575
3483
809
3475
719
3308
811
3497
814
3490
780
3561
809
3435
787
3552
799
3598
804
3360
809
3412
722
3478
814
3505
798
3461
807
3462
834
3491
800
3478
810
3167
812
3408
792
3418
815
3486
802
3609
827
3461
619
3666
774
3590
693
3280
774
3382
761
3430
799
3407
800
3418
757
3566
780
3558
834
2977
814
1967
439
3363
817
3355
809
3404
824
3533
787
3501
804
3463
767
3691
784
3496
805
3425
784
3580
766
3521
422
3648
805
3306
800
3636
591
3305
785
3498
785
3542
762
3551
789
3468
804
3564
754
3593
779
2043
473
1714
643
3380
822
3470
827
3441
631
3867
794
1947
453
3553
804
3221
733
3576
786
3071
686
3656
792
3686
807
3378
807
3689
802
3376
827
1968
466
3604
724
3358
748
3304
566
3368
673
2894
606
3596
799
3381
790
3513
594
3548
807
3355
784
2746
662
3417
779
3375
819
3207
736
3420
760
3613
766
3678
799
3490
791
3073
717
3473
739
2022
440
1986
438
2059
807
3531
809
3403
840
3503
782
3515
834
3375
745
3642
827
3335
787
3005
576
3764
842
2243
446
3380
824
3558
817
3391
581
3461
772
3608
782
2092
782
3510
648
3739
809
2465
795
3654
787
3591
792
3218
698
2828
631
2410
581
3473
816
3332
779
3698
724
3455
810
3484
812
3486
854
3491
797
3323
806
3503
782
3514
822
3689
789
3549
795
3598
442
3368
799
2088
465
3488
782
3648
819
3474
824
3356
661
1918
779
3589
711
2855
688
3261
790
3330
738
3330
805
1928
454
3694
809
3408
810
3799
798
3596
789
3448
814
3638
777
3415
810
2752
682
3503
804
3606
827
3552
784
3553
786
3734
830
3313
790
3500
812
3504
797
3493
722
2138
805
3603
845
3529
804
3495
854
3726
820
3453
807
3395
812
3415
819
3471
787
3452
815
3496
809
2486
530
3383
779
3420
824
3433
800
3445
830
1907
434
3516
806
3692
814
3579
802
3318
737
3281
827
1586
719
3809
775
3243
783
3626
807
3313
771
3485
782
3721
778
3440
792
3522
765
3014
644
3615
804
3531
790
3623
845
3435
797
3496
684
3678
797
3623
809
3519
789
3611
802
3665
804
3560
799
3483
810
3360
842
3591
596
3636
811
3781
809
3540
771
3648
777
3861
798
3566
707
3377
804
3436
805
3621
797
3586
543
3526
830
3699
692
3724
714
2892
690
3576
802
3315
801
3921
698
3511
814
3456
812
3841
866
3458
794
3380
752
3518
802
3385
792
3784
792
2030
784
3367
784
2914
654
3573
814
3348
772
3721
782
3623
674
3079
764
3581
769
3420
784
3478
824
3583
797
3696
799
3628
730
3451
804
3428
712
3648
774
2984
794
3036
703
3543
792
3548
806
3152
603
2225
785
3526
819
3673
815
3413
573
3555
804
2964
812
2400
678
2938
795
3541
820
3608
698
3791
795
3531
817
3307
807
3506
815
3681
724
2967
598
3345
777
3590
789
3531
789
3393
790
3445
819
3528
822
3545
784
4422
822
3425
807
3578
787
3618
815
3625
796
3638
790
3797
792
3560
808
3711
815
3877
796
1897
422
3624
827
3636
790
3355
797
2767
832
3638
822
3628
807
3658
732
3385
716
2222
827
3353
792
3653
769
3596
800
3807
802
3518
824
3561
802
3533
794
3544
746
3714
810
3440
792
3483
694
3410
811
3646
798
3595
827
4093
859
4120
792
3563
800
3563
800
3531
794
3503
457
3438
797
3468
797
3376
819
3461
797
3703
812
3563
837
3646
789
3756
821
3435
777
3423
820
3496
789
3463
824
3455
694
3470
819
3554
621
3536
805
3624
809
3381
798
3625
804
3463
814
3518
812
3946
777
3569
817
3433
792
3724
810
3478
764
3550
671
3468
807
3714
784
3626
792
3520
804
3426
543
3678
819
2097
432
3516
830
3437
556
2732
594
3808
797
3340
795
3581
869
3523
792
3554
691
3709
807
3681
794
3601
790
3524
812
3438
811
3631
842
3842
772
3629
799
2101
379
3535
696
3304
754
3123
581
3613
799
2367
419
2245
819
3698
720
3783
830
3658
459
3628
829
3761
784
3321
689
3375
806
3566
807
3062
695
3654
805
3639
819
3526
701
3508
806
3616
781
3809
749
3568
819
3811
797
3488
804
3447
777
3608
718
3578
797
3626
797
3668
515
3767
802
3342
761
3511
809
3603
834
3713
787
3616
792
3601
834
3821
832
3380
755
3611
769
3593
827
3529
810
3663
789
3581
644
3594
806
3594
795
3703
795
3431
587
3548
799
3548
785
3578
796
3534
731
3390
784
3513
712
3121
577
3581
769
3546
805
3372
778
3548
770
3503
767
3218
555
3498
774
3643
824
3708
820
2899
630
3485
785
3711
795
3865
804
3743
810
2437
541
3849
812
3478
448
3666
724
3665
772
3508
829
3628
681
3856
561
3731
805
2441
460
3513
827
3809
802
2972
810
3528
769
3742
773
3531
820
2737
558
3578
800
3556
804
3513
822
4072
805
3604
692
3548
809
3443
654
3873
534
3812
802
3566
809
3591
817
3538
449
3654
787
3824
796
3313
750
3628
809
3433
799
3502
699
2152
468
3618
831
3007
689
3981
830
3606
495
1911
782
3578
769
3306
731
3671
842
3744
824
3488
734
3450
807
3613
9562
3571
782
3662
589
3460
815
3280
774
3330
645
3533
613
3496
703
3636
792
3766
782
3501
789
3666
782
3511
799
3478
839
3588
821
2957
648
3741
782
3684
622
3438
807
3680
779
3051
460
3691
887
3129
810
3462
772
3757
817
3779
815
2347
795
3630
815
3402
817
3625
862
3571
827
3663
817
3414
684
3488
701
3033
672
3558
780
3633
651
2131
785
3606
792
3133
729
3661
804
3046
654
3495
802
3656
812
3698
802
3485
800
3708
797
3523
802
3028
812
3573
786
3488
785
3418
730
3508
782
3531
817
3721
697
3684
786
3660
783
3488
805
3586
774
3543
817
3578
798
3551
774
3498
809
2965
774
3470
726
3643
797
3845
800
3496
789
3440
711
3678
816
3773
792
3528
797
3921
827
3636
799
3643
830
3511
661
3568
789
3628
704
3575
817
3932
692
3578
827
3716
797
3733
827
3525
790
3076
676
3408
693
3506
804
3643
812
3408
547
3914
800
3430
807
3954
845
3397
707
3575
814
3526
787
3606
827
3571
809
3390
784
3708
740
2830
636
3917
794
3736
799
3438
814
3578
801
3811
792
3766
836
3598
822
3903
822
2415
452
3436
775
2965
577
3566
769
2863
835
3498
849
3493
796
3463
434
3475
824
3506
809
2830
656
3776
777
3343
794
3711
812
3564
769
3669
774
3318
796
3351
620
3560
795
3654
802
3623
844
3108
539
3434
819
3642
797
3743
822
3621
809
3528
826
3618
814
3922
784
3651
791
3590
794
2805
779
3408
696
3513
798
2218
804
3590
814
2672
613
3526
819
2356
815
3588
804
3702
794
3571
807
3639
822
3814
826
3480
764
3475
842
3533
791
3468
784
3576
782
3635
580
3609
819
3412
757
1629
807
3671
806
3511
810
3618
802
3514
817
3631
762
3504
789
2949
805
3425
859
3629
794
3550
660
3619
782
3841
792
3508
816
2094
439
3798
795
3576
802
3546
837
3541
797
3761
528
3250
819
3731
807
3528
760
3578
822
3711
817
3628
825
3568
801
3859
814
3498
794
3798
508
3382
591
3641
717
3473
648
3303
820
3586
825
3573
790
3470
787
3506
672
3786
809
3480
814
3586
9699
3631
790
3624
822
3656
653
3829
772
3511
706
3616
794
2084
459
3370
812
3670
661
3651
817
3778
795
3575
652
2744
794
3640
619
3525
794
2041
467
3440
769
3526
784
3551
822
3741
775
3578
797
3896
789
3611
782
2992
593
3561
799
3629
779
3699
819
3445
787
3713
809
3410
693
3480
807
3781
799
3686
784
3470
690
3515
814
3466
677
3545
794
2853
605
2378
530
3539
792
3538
649
3566
792
3626
611
3485
779
3684
815
3424
846
3686
762
3558
781
3766
839
2914
796
3746
774
3574
663
3630
812
3518
789
3464
699
3094
697
3450
752
2960
660
3118
677
3604
822
3688
767
3573
787
3534
605
3691
810
3687
819
12756
696
3618
782
3390
795
3467
731
4007
639
3802
734
3559
671
3661
776
3383
790
3608
765
3658
687
3545
807
3463
797
3405
795
3516
820
3583
789
3560
824
3488
793
3525
729
3403
810
26736
807
3539
812
3480
801
3699
850
3508
789
3357
875
3538
787
3626
817
3585
752
3761
832
3498
795
3965
802
3458
807
3393
797
3473
807
3625
817
3678
801
3789
795
3613
784
3512
807
3465
281
3593
822
3516
812
3505
668
3413
799
3506
809
3495
816
3375
694
3508
828
3631
785
3826
822
2092
802
3373
822
3490
812
3526
784
3598
829
3551
817
3491
797
3608
825
3448
827
3503
767
3531
796
3473
802
3610
800
3801
830
3596
809
3600
814
3405
790
3566
782
3669
844
3442
769
3744
809
3363
764
3540
674
3758
729
3570
801
3396
808
3560
802
3913
795
3573
671
3764
812
3583
804
3660
789
3762
779
3586
824
2347
794
2234
471
2307
511
3320
802
4067
845
3628
824
3465
782
3546
817
3428
815
3585
807
3516
775
3703
804
3761
584
3405
802
3521
834
3754
788
3796
777
3776
736
3563
817
3370
814
3705
678
3676
772
3693
812
3583
640
3606
769
3341
784
2174
802
3523
804
3257
814
3478
800
3279
797
3726
784
3546
799
3411
789
3963
767
3673
777
3661
663
3608
799
3676
802
3771
819
3525
792
3539
798
3636
817
3508
794
3623
800
3625
777
3891
829
3518
830
3691
824
3653
830
3653
797
3606
811
3789
800
2992
637
3561
781
3648
795
3640
796
3344
591
12582
794
4087
802
3620
774
3640
812
3631
835
2319
6974
3807
784
3538
802
3649
8610
3884
665
3734
806
3543
810
3841
774
3553
784
3448
810
3586
782
3511
814
2766
777
3461
797
3311
776
3718
815
3578
792
3643
780
3776
810
3579
794
2625
605
3664
362
3621
581
3558
802
3804
715
3696
807
3518
821
3791
655
3593
459
3398
617
3669
765
3221
804
3520
739
3639
774
3676
448
3491
808
3739
739
3841
792
3489
779
3572
802
2596
782
3709
792
3648
807
3421
653
3659
800
3696
787
3965
792
3463
665
2765
817
3498
779
3385
829
3062
682
3613
784
3716
804
3686
820
3461
696
3666
804
3703
837
2957
643
3901
814
3495
787
3526
759
3495
775
3481
752
3789
817
3699
809
3713
671
3528
816
3644
769
3435
820
3723
787
3876
797
3521
716
3686
806
3666
789
3560
669
3766
777
3959
827
3801
784
3769
827
3568
726
3826
806
3676
582
3716
802
3981
709
3659
832
3696
694
3693
787
3556
807
3869
799
3596
774
3819
814
3458
722
3503
792
3375
812
3881
779
2190
456
3079
800
3698
785
3665
805
3711
800
3423
797
3884
669
3861
827
2286
440
3451
759
3621
835
3749
874
3879
779
3699
658
3563
759
3929
754
3311
785
3787
786
3718
834
3558
784
3523
769
3659
801
3650
802
3661
660
3551
777
3523
782
3731
652
3668
797
3482
822
3791
782
3913
810
3736
814
3964
797
3510
800
3814
804
3515
792
3649
804
3422
656
3699
802
3561
827
3576
543
3727
812
3598
820
2338
782
3822
727
3656
815
3707
800
2178
453
3743
824
3498
777
3490
667
3857
756
3653
817
3804
777
4030
802
3803
663
3837
812
3664
802
3561
632
3671
812
2629
537
2413
836
3952
650
3426
814
3753
814
3516
800
3423
787
3573
795
3659
812
3889
785
3569
718
3817
799
3080
557
3463
798
3495
809
4012
789
3664
812
2852
806
3754
790
3548
802
3787
682
3432
791
3496
682
3508
779
3385
814
3676
776
3962
812
3673
782
3588
781
3841
799
3869
810
3405
812
3744
804
3731
749
3586
807
3758
789
3844
610
3899
782
3941
789
3625
784
3889
791
3781
791
3835
795
3707
812
3671
792
3425
676
3649
802
3937
777
3087
698
3744
621
3646
638
3653
779
3435
609
3626
802
3676
442
3682
795
3540
654
3929
759
3553
802
3620
792
3204
580
3783
784
3428
794
3551
800
3649
772
2300
347
3119
477
2308
428
3481
675
3574
800
3097
818
3495
784
3778
825
3746
785
3598
797
3681
794
3546
662
3606
806
3673
794
3539
812
3723
807
3390
842
3466
835
3874
617
3356
620
3516
820
3456
815
3403
817
3696
781
1887
277
3576
789
3571
812
3594
769
3553
711
3645
782
3680
805
3465
789
3576
669
2165
457
3589
779
3621
799
3423
9925
3631
847
3609
634
3538
799
3460
710
3035
658
3819
802
3534
780
3498
802
3475
812
3450
726
3727
809
2932
762
3633
819
3581
801
3117
686
3592
666
3387
824
3468
795
3533
796
3555
797
3310
772
3573
805
3548
789
3542
782
3340
810
3551
784
3595
707
3650
782
3498
829
3179
662
3519
787
3631
816
3355
795
3621
788
3566
816
3626
777
3526
767
3335
824
3333
814
3444
784
3544
797
3584
794
3323
572
3426
812
3370
817
3508
806
2432
812
3739
816
3415
800
3418
787
3639
782
3372
733
3403
814
3504
797
3716
824
3448
807
3377
770
3460
784
3558
772
3530
810
3340
827
3448
819
3478
760
3452
791
2821
625
3455
811
3679
819
3012
596
3648
815
3774
784
3360
790
2770
556
3563
802
3501
782
3618
754
3463
810
3373
794
3440
817
3548
817
3576
804
3441
613
3736
797
3421
701
3303
787
3298
837
3542
732
3620
760
3666
789
3418
804
3450
799
3445
792
3468
797
3514
822
3401
812
3408
785
3375
782
3500
540
3658
847
3633
792
3420
794
3416
774
3889
792
3473
770
3551
782
3496
587
3569
777
3483
812
3436
792
3465
812
3626
787
3711
832
3315
769
3510
791
3418
782
2958
644
3448
782
3518
790
3446
647
3003
798
3531
826
3440
822
3554
794
3443
817
3393
706
3495
795
3332
794
3455
795
3711
802
3400
809
3408
659
3441
684
3565
807
3520
787
3523
811
3649
817
3566
787
3548
799
3668
797
3448
762
3396
829
4237
782
3528
806
1982
445
3884
8680
3458
814
3448
792
1655
814
3460
756
3418
819
3551
820
3335
446
3448
799
3360
799
3458
819
3290
787
3483
792
3478
529
3498
519
3345
804
3326
812
3503
804
3055
655
3448
822
3799
825
3373
790
3382
822
3338
789
3475
669
2773
629
3398
784
3809
764
2917
650
3448
825
2842
676
3560
786
3410
586
3400
812
3766
850
3713
822
3565
794
3679
791
3278
834
3247
761
3653
787
3574
707
3791
784
3360
805
3400
804
3766
792
3829
802
3286
9339
3277
777
3494
784
3165
689
3455
804
3674
814
3402
819
3382
809
3440
576
3353
791
3532
822
3503
805
2991
667
2933
784
3445
772
3594
799
3626
669
2029
800
1531
436
3588
829
3478
802
3395
797
3440
635
3735
810
3486
671
3188
819
3508
806
3729
794
3382
766
3646
717
3411
789
3739
807
3613
796
3462
717
3724
807
4135
677
3410
822
3639
824
3430
819
3706
767
3709
797
3616
775
3473
726
3476
800
3526
799
2573
538
3423
674
3696
779
3744
794
3781
801
3470
787
2545
611
3601
522
3599
800
3558
753
3714
784
3473
802
3559
802
3751
819
3543
797
2852
809
3423
768
3532
807
3656
719
3857
839
3696
770
3519
814
3471
802
3418
759
2828
824
3782
812
3669
812
1973
826
3406
798
2005
464
2579
540
3618
828
3438
760
3475
806
3691
806
3458
779
3608
704
3626
794
2194
794
3470
779
2955
715
3405
767
3585
772
3593
822
3593
809
3290
812
3974
802
3043
690
3628
814
3395
804
3675
809
3636
824
3516
671
3811
812
3458
807
3500
704
3751
802
3621
660
3372
726
3530
835
3453
695
3501
798
3530
797
3743
815
3340
804
3565
782
3633
821
3270
825
2020
465
3966
781
3417
796
3516
699
3453
779
3496
794
3464
779
3636
621
3575
824
3328
858
3493
777
3721
812
2762
815
3581
818
3528
549
3620
780
3631
807
3768
812
3430
784
3654
822
3031
814
3706
795
3375
830
3561
849
3727
802
3506
827
2132
469
3418
792
3400
502
3425
777
3465
9060
3498
769
3510
842
2722
754
3468
807
3378
799
3879
809
3433
804
3423
784
3631
807
3766
782
3302
686
3556
796
3809
796
3507
736
3252
806
2367
762
3573
812
3601
817
4070
766
3623
785
3456
827
3566
824
3174
650
3368
784
3421
700
3437
805
2236
802
3613
799
3478
797
3361
728
3337
772
3345
794
3581
800
3513
462
3340
782
3395
802
3501
799
3490
804
3461
807
1902
457
3741
663
3464
791
3518
810
3420
769
3543
781
3650
689
3458
764
3526
781
3673
779
3596
814
3676
782
3663
724
3456
817
3573
757
3333
794
3520
745
3618
824
3341
816
3701
784
3472
816
3585
794
3476
802
3245
685
3618
784
3079
616
3703
635
3569
789
3767
814
3365
799
3520
787
3510
827
2506
533
3630
786
3536
814
3590
660
3611
810
3470
807
3546
809
3641
797
3568
756
3383
644
3578
785
3544
802
3723
815
3689
802
2990
807
3481
782
2416
535
3371
811
3665
794
3646
807
3495
802
3507
824
3452
804
3495
787
3673
804
3596
814
3669
780
2798
690
3413
814
3465
724
3589
757
3502
780
3676
798
3498
812
2913
576
3656
674
3505
840
3351
792
3500
786
3465
777
3385
815
3440
674
3426
752
3553
797
3363
832
3751
824
2041
782
3628
807
3538
791
1996
425
3308
769
3739
802
2999
547
3561
800
2937
605
3226
807
3540
819
3488
832
3345
814
2082
804
3763
812
3516
822
3465
787
3300
789
3391
794
2620
595
3553
783
3298
593
3561
784
3473
817
3598
815
3554
822
3531
789
3720
789
3437
842
3335
814
3408
787
3471
790
3485
636
3483
812
3583
506
2982
770
3302
748
3272
740
3540
798
3460
649
3518
789
3298
832
3438
760
3694
644
3533
794
3378
711
3688
774
3632
464
3636
694
3393
808
3390
794
3475
787
3493
809
3461
827
3375
805
3575
790
3508
786
3531
815
3441
800
3550
675
1882
467
3523
799
3538
802
3822
777
3766
800
3385
812
3385
689
3433
806
3841
812
3427
622
3436
837
3277
825
3353
799
3546
587
3565
812
3294
782
3611
814
2339
822
3525
796
3390
816
2975
585
3606
796
3476
798
3473
695
3420
9236
3609
835
3535
731
3338
569
3566
802
3322
820
2420
560
3340
800
3698
812
3403
772
3544
660
3601
814
2031
772
3596
769
3726
832
2266
794
3518
781
3290
801
3656
677
3395
797
3402
826
3608
674
3385
800
3464
795
3478
817
3280
789
2258
736
3468
847
3448
844
3430
795
3522
824
3598
805
3523
799
12250
820
3645
802
3208
660
3539
717
3430
789
3307
852
3677
814
3473
757
3438
804
3596
804
2459
543
3491
837
3390
764
3455
814
2367
535
3433
800
3726
795
3641
791
3450
789
3396
797
2151
9433
3646
810
3455
777
3270
790
