3368
802
3253
664
3452
856
2824
680
3291
703
2565
630
3455
844
2701
671
3415
829
2674
824
3478
828
2524
648
3381
844
3358
794
3295
720
3432
837
3380
817
3367
839
3651
812
3741
789
3413
827
3405
463
2758
541
2064
776
3493
837
2702
703
3398
835
3229
781
3360
816
3641
829
2129
462
3481
855
3801
546
2928
686
3430
829
3323
847
3721
862
3335
842
3593
844
3463
856
3330
714
3252
792
2808
720
3032
698
3501
836
3569
852
3510
814
2856
822
3480
814
3423
810
3528
832
3364
842
3401
822
3384
829
3671
865
3586
846
3461
827
3395
673
3460
804
1666
814
3316
799
3380
825
3744
855
3561
812
3498
711
2394
866
2969
819
2736
812
3388
852
3565
791
3598
704
2813
839
2024
862
3558
850
3039
737
3488
809
3410
478
3319
804
3572
848
1987
476
3518
827
2967
809
3413
827
3468
857
3514
762
1764
819
3428
839
1989
817
3506
842
3340
860
3433
860
3671
827
3342
721
3593
834
3919
457
3473
642
3144
817
2696
847
3538
854
3502
807
2639
859
3353
830
3921
847
2984
850
2745
820
2502
612
3460
847
3529
850
3633
830
3513
817
3596
820
3564
804
2732
680
3305
815
3478
824
3296
814
3228
859
3528
835
3338
790
3426
779
3430
837
2535
620
3406
747
3516
852
3451
484
3387
473
3700
832
3513
846
3353
814
1963
868
3525
865
3495
822
2584
606
3616
799
3553
774
3368
710
3390
867
3438
799
2741
815
3328
667
3345
595
3476
670
3405
845
3473
839
3383
842
3494
690
3713
709
2426
557
3463
814
3427
827
3475
821
3483
830
3360
698
2318
820
3478
809
3378
840
2526
824
3549
816
3618
834
3801
815
3462
819
3658
661
3556
677
3543
867
3443
795
3581
835
3558
819
3494
806
3417
807
3513
785
3378
809
3433
819
2079
832
3421
845
3433
807
2367
787
3430
839
3478
822
3591
834
3533
857
3416
840
3628
677
2025
449
2678
660
3443
612
3089
830
2313
552
3300
446
3534
847
3473
822
3528
842
3476
849
3608
828
3447
814
3538
503
33721
829
3559
774
2169
811
3493
759
2796
668
1955
446
3548
717
2919
715
3472
808
2783
660
2872
665
3448
730
3054
822
3498
750
3360
694
3432
845
2909
624
3611
847
1981
877
3684
709
3553
826
3613
807
3530
845
3513
809
3069
701
3403
835
3433
822
3223
830
3426
827
3358
645
3496
394
3661
860
3591
794
2401
855
3525
812
3445
687
3478
822
3321
752
3370
862
3598
849
2082
542
3468
829
3836
850
3498
839
3506
377
3338
822
3726
859
3003
842
3438
815
2928
710
3523
532
3771
809
2942
830
3457
849
3470
834
3423
824
3450
781
3360
829
3643
682
3345
846
3362
832
3405
814
3629
827
3483
726
3443
870
3407
839
2886
707
3524
832
2477
840
3330
819
3292
807
3330
817
3373
795
3257
847
3425
722
3564
827
3690
832
3370
824
4217
877
3363
852
3318
807
3543
842
3506
842
3526
852
3381
641
3536
815
3476
709
3857
802
3483
829
3606
786
1938
449
3661
682
3460
842
3390
785
3426
850
3599
849
2910
680
3628
829
3468
816
3629
862
3305
800
3410
440
3343
830
3774
820
2873
649
3506
820
3401
812
3654
824
3516
822
3502
842
3598
696
3691
828
3528
470
3460
849
3235
804
3748
860
3491
9081
2946
802
3476
857
3686
809
3721
781
3408
849
2977
529
3463
850
3481
820
3471
818
3493
822
3255
636
3571
479
3456
471
3640
844
3696
741
3621
850
2739
601
3435
842
3429
847
3380
829
3390
814
3578
820
3422
837
3523
838
3460
799
3664
828
3771
839
3370
816
3250
845
3425
811
3879
704
2362
460
1955
451
3365
829
2077
870
3515
811
2654
832
2885
691
3621
845
3420
867
3553
829
3390
837
2375
857
3333
825
3438
830
3478
706
3626
850
3601
852
3606
824
3342
699
3503
840
2747
832
2894
649
2327
829
3447
649
3861
802
3543
814
2801
614
3701
824
3623
839
36341
849
3463
842
3363
842
3706
830
3084
693
3283
867
3417
855
3508
845
3284
599
3581
837
3456
849
2790
555
3508
815
3483
867
3468
801
3428
877
3525
844
3661
835
3526
799
3387
809
1601
612
3358
840
3340
816
3415
433
3462
472
3361
849
3373
817
3659
834
3554
847
2598
624
3490
829
3381
835
3371
812
3513
827
3425
837
3390
822
3563
781
3749
910
3365
822
3741
817
3484
850
3500
849
3506
751
3480
825
3410
711
3683
819
3427
684
2699
591
3505
817
3639
837
3428
799
3510
799
3361
812
3641
500
3458
827
3461
862
3677
814
3514
867
3513
548
3378
847
3636
691
3001
584
3532
845
3699
840
1541
845
1575
842
3311
842
3494
797
3501
835
2873
703
3438
849
3511
822
3516
820
3599
840
3924
707
3766
837
3573
847
3458
845
3586
824
3568
650
3435
812
3590
832
3794
837
3523
684
3578
814
3589
626
3511
797
3458
822
3723
815
3625
846
3565
797
2999
703
3551
829
3065
844
3566
826
3603
829
3496
832
3395
829
3401
827
3581
8866
3744
829
2883
728
3571
832
3528
771
3553
834
3436
817
3438
840
3501
857
3287
824
3743
845
3614
820
3551
815
3447
820
3488
824
3801
849
3574
665
3482
836
3433
842
3486
764
3480
800
3661
832
3523
827
3656
857
3683
832
3666
847
3353
814
3543
844
3563
824
3608
839
3475
830
3401
641
3385
822
3452
827
3666
815
2735
617
3591
842
3344
686
3463
842
3481
621
3443
832
3736
852
3721
688
3846
872
2135
804
3488
820
3438
824
3608
673
3578
859
3463
822
3405
834
3606
620
3488
810
3854
837
3420
709
3490
830
3432
829
3801
817
3528
664
3452
688
3593
830
3861
837
3408
867
3478
710
3608
839
3398
824
3510
832
3388
804
3345
841
3576
407
3704
832
3583
698
3711
850
3561
807
3576
837
2035
845
3443
842
3643
681
3458
529
3238
844
3519
814
3506
687
3852
852
2190
910
3503
840
3519
832
3613
844
3676
819
3678
834
3375
648
3552
801
3520
824
3603
839
3583
772
3523
802
3488
839
3132
840
3358
855
3485
824
2670
619
3616
860
3430
817
3488
836
3442
817
3726
814
3280
814
3488
816
3772
800
3899
845
3465
850
3318
609
3634
852
3411
801
3630
819
3703
852
3541
827
3712
834
3751
832
3328
814
3664
832
3663
815
3437
832
3821
857
3533
864
3678
807
3653
807
3656
817
3462
842
3508
822
3646
832
3531
827
3638
812
3555
829
3493
739
2491
618
4044
825
3580
715
3793
844
3383
696
3531
829
3644
834
3716
817
3813
860
3764
821
3296
701
3468
836
3839
644
3651
706
3705
849
3752
836
3764
829
3478
762
3541
802
3856
837
3660
842
3594
845
3555
882
3784
819
3603
842
3658
727
3559
812
3807
822
3354
632
2967
661
3576
717
3508
832
3748
796
3661
700
3706
832
3673
661
3666
665
3789
804
3483
772
3719
839
3703
822
3736
810
3624
819
3971
804
3746
842
3571
865
2982
825
3201
811
3560
874
3859
822
3713
830
3087
736
3808
852
3445
751
3631
842
2046
448
3663
897
3672
697
3633
663
3493
832
3689
824
3488
724
2712
870
2796
600
3458
794
3497
576
3566
852
3474
677
3626
806
3613
864
3440
824
3570
832
3711
862
3776
845
3405
802
3007
706
3739
727
3285
839
3852
832
3381
767
3488
870
4117
709
32484
629
3751
834
3433
835
3844
731
3488
471
3541
804
3431
830
4059
822
3666
858
3258
605
3491
822
3742
770
3496
852
3751
699
3779
696
3564
712
3488
847
3631
824
3761
749
3952
842
3869
815
3767
706
3563
817
3651
692
3676
832
4119
648
3648
814
3580
852
3669
827
3854
824
3628
872
3523
709
2171
470
3546
828
3606
827
3573
731
3011
797
3666
835
3748
830
3101
799
3710
484
3591
799
3609
834
3701
782
3555
784
3563
811
3779
814
3523
785
3536
847
3624
847
3791
832
3852
834
3732
829
3584
847
2783
829
3526
858
3612
824
2922
630
3611
815
3460
724
3551
834
2154
477
3578
816
3360
701
3548
760
3668
842
3471
862
3817
850
3727
817
3757
850
3603
848
3764
839
3636
832
3618
875
3668
817
2429
825
3421
807
3450
827
3625
750
3791
829
3574
835
3561
671
3436
852
3828
855
3530
849
3791
807
3494
842
3631
707
3584
807
3723
829
3503
827
3510
824
3817
835
3619
750
3448
797
3556
734
3410
318
3701
855
3494
835
3660
653
3495
812
3508
859
3548
859
3558
645
3703
825
3939
767
3390
855
3367
825
3558
819
3087
512
3643
834
3428
854
3703
820
3783
619
2630
608
3629
830
3605
824
3165
589
3661
839
3709
802
3733
867
3731
831
3583
827
3533
827
3427
697
2359
551
3871
837
3733
862
3736
842
3839
827
3706
804
3719
842
1716
819
2135
846
3618
835
3602
855
3904
854
3555
824
3684
832
3106
814
3761
845
3505
794
3491
822
3721
809
3799
731
3745
690
3491
799
3533
790
3661
798
3628
845
3894
802
3703
774
3543
852
3750
829
3406
826
3458
847
3636
840
3769
839
3475
825
3641
829
3566
670
3588
824
3645
848
3613
774
2280
591
3009
597
3483
845
3418
842
2992
814
3764
834
3574
822
2209
847
3456
816
3506
804
3068
606
3495
832
3568
847
3654
721
3819
839
3778
858
3518
687
3526
824
3944
666
3526
785
3729
714
3531
603
3551
796
3568
845
2190
470
3663
606
3744
809
3605
845
3504
774
2850
634
3669
760
3904
506
3408
718
3729
842
3455
817
3588
812
3095
819
3493
826
3526
839
3543
837
3653
827
3726
932
2943
616
3653
829
3638
805
2156
471
3566
828
3586
794
3441
720
3005
695
3631
638
3201
625
2757
832
3656
847
3613
669
3706
824
3500
819
3708
842
3644
698
3534
812
3526
690
3583
844
3761
852
3589
847
3513
559
3447
851
3528
847
3686
854
3904
839
3671
842
3661
865
3528
856
3696
835
3328
809
3799
822
3618
613
3453
730
3538
825
3819
616
3934
802
3738
836
3384
739
3566
9441
3380
839
2859
668
3410
683
3546
779
3453
822
3526
700
4257
839
3456
842
3621
765
3330
463
3521
737
3814
725
3610
852
3378
806
3525
834
3407
634
2951
716
2917
736
3586
824
3924
850
3787
825
3498
827
3536
827
3919
837
3458
832
3508
734
3530
812
3615
822
3480
857
3476
899
3520
832
3518
805
3543
829
3451
467
3583
824
3626
837
3265
701
3551
842
3498
825
3819
782
3684
752
2473
572
3864
827
3663
685
3300
820
3558
400
3540
819
3613
807
3581
845
3586
845
3425
692
3565
729
3526
834
3565
809
2989
822
3446
714
3653
829
3701
666
3726
724
3373
703
3733
720
3438
842
3674
676
3510
822
3291
834
4030
830
3159
595
2855
792
3794
822
3673
827
3556
817
3550
822
16312
829
3676
814
3463
852
2106
483
3588
799
3638
844
3468
845
3397
822
3892
810
3212
702
3548
787
3781
839
3413
812
3288
790
3713
820
3538
852
3688
681
2893
517
3554
847
3521
844
3836
810
3406
810
3332
787
3476
837
3738
864
3576
845
3555
819
3386
855
3628
842
3488
801
3169
822
3746
830
3473
834
3458
822
3456
702
3318
717
1583
847
3416
710
3323
691
3548
792
3556
845
3569
857
3779
827
3651
824
3774
827
2235
474
3388
809
3678
825
3455
832
2952
704
3829
819
3591
829
2240
832
3992
834
3302
872
3698
674
3338
849
3396
860
3340
812
3473
850
3895
521
3671
671
3542
819
3343
827
3653
538
3713
834
3556
741
3620
850
3713
798
3899
834
3440
839
3768
812
3560
859
2786
605
2165
529
3551
597
3578
844
3581
832
3806
664
3849
544
3566
819
3373
548
2042
794
3072
815
3097
832
3433
840
3513
829
3701
804
3769
827
3396
799
3801
836
3321
677
3618
855
3505
717
3551
804
3403
862
3432
832
3486
839
3568
845
3480
837
3566
807
3255
809
3551
839
3518
842
3535
868
2148
474
3796
812
2235
487
3003
577
3330
854
3511
836
3508
718
3618
792
3613
841
3563
804
3551
844
2620
806
3671
828
3488
845
3957
824
3733
834
3912
832
3611
849
3871
822
3396
739
3729
837
3878
814
3719
812
3416
828
3513
860
3751
840
3676
845
3768
837
3575
842
3485
822
3511
804
3762
835
2045
832
3827
698
3630
849
3540
821
3634
814
3656
809
3633
827
3606
394
3570
840
3664
839
3964
656
3209
825
3448
819
2893
653
3729
832
3628
834
3526
334
3428
812
2700
839
3716
828
3734
832
3814
692
3631
650
3589
821
3772
739
3701
827
3726
859
3498
697
2118
431
3596
631
3798
838
3427
667
3485
842
2839
626
3418
862
3671
807
3553
836
3636
822
3752
799
2784
842
3478
864
4059
742
3406
882
3759
829
3707
817
3694
837
3538
819
2199
838
3533
845
3570
855
3784
865
3718
726
3864
842
3358
802
2769
633
3636
679
3576
802
3829
888
3660
860
3706
840
3633
819
3458
818
3513
642
3556
842
3433
857
3089
852
3534
850
3488
845
3593
840
3150
832
3589
832
3739
817
3676
859
3882
722
3849
845
3524
806
3867
815
3758
614
3606
795
3555
824
3869
840
3140
9760
3673
800
3653
812
3545
862
3711
820
3701
844
3571
818
3616
824
3603
857
3678
794
3861
845
3615
874
2959
815
3839
742
3621
811
3611
805
3591
799
3701
732
2385
812
3635
696
3456
825
3816
844
3758
827
3636
817
3518
819
2230
477
3610
755
3807
820
2858
665
3651
842
2190
455
3606
819
3611
822
2041
849
3936
667
3673
834
2135
490
3598
819
3656
828
3871
842
3744
847
3436
766
3626
809
3543
669
3595
809
3651
637
3659
816
2185
483
3598
736
3799
814
3478
797
3581
864
3684
822
3543
832
3546
858
3448
737
3395
819
3868
603
3703
834
3628
648
3558
820
3666
827
3846
827
2418
542
3598
809
2187
10198
3852
586
3638
812
3590
827
3981
817
3714
821
3606
834
3556
810
3396
766
3601
819
3540
804
3729
819
3190
721
3704
786
3606
797
3543
658
3697
804
2139
410
3673
726
3425
877
3679
834
3733
839
3612
722
3676
814
3904
724
3646
847
3731
820
3551
799
3668
816
3869
907
3553
845
3658
860
3608
824
3693
817
3781
9859
3403
835
3668
845
3588
588
2199
484
3751
809
3591
662
3849
821
2511
469
3595
839
3994
834
3791
839
3765
810
3598
802
3530
661
3572
832
3586
822
3488
850
3833
849
3733
839
3741
815
3848
829
3571
825
3844
817
3821
550
3440
822
3724
780
3588
832
3146
643
3591
687
3551
834
3738
832
3542
819
3683
832
3889
839
3600
824
1699
802
2412
457
3620
824
3751
840
3686
779
3783
828
3520
852
3824
665
3867
822
3583
822
3966
824
3826
832
2028
368
3382
677
2389
385
3926
852
3578
810
3113
832
3711
824
3095
726
3478
845
3676
830
2824
575
3390
830
3678
852
3638
845
3400
822
3443
819
3298
838
3503
805
3749
852
3631
829
3375
814
3488
759
3465
718
3565
575
3451
749
3538
842
3515
820
3521
822
3360
783
3446
854
2951
664
3390
839
3228
749
3165
771
3498
835
3616
807
3458
819
3701
909
3525
704
3842
840
3621
665
2978
581
3543
805
3568
832
3445
825
3345
764
3744
693
3380
834
3513
852
3699
809
3550
834
3683
761
3525
695
3511
820
3579
850
3576
847
3553
807
3155
757
3435
741
2901
820
3568
837
3365
859
2826
684
3653
817
3596
814
3565
585
3513
697
3686
832
3455
845
1953
847
3634
827
3405
656
3320
686
3446
675
3611
860
3424
826
3561
809
3362
817
3138
835
2810
700
3574
812
3413
806
3422
827
3287
839
3538
792
3267
824
3425
839
3377
520
3478
845
3646
841
3618
844
3887
814
3328
807
1592
812
3413
815
3375
827
3245
681
3565
822
3325
839
3153
656
3461
819
3382
769
3428
815
2865
546
3450
631
3701
670
3465
815
3565
842
3248
859
3463
827
3408
895
3458
660
3531
814
3278
920
3265
845
3759
824
3431
827
3390
609
3628
836
3630
835
3340
771
3421
855
3435
837
3631
822
3378
835
3456
820
3603
699
3675
835
3240
835
3308
859
3586
774
3374
852
3426
832
3448
781
3425
857
3643
859
3506
811
3458
850
3473
816
3445
735
3646
797
3571
810
3892
839
3520
824
3706
830
3689
817
3337
832
2626
829
3340
842
3490
865
3515
834
3406
846
3350
721
3783
820
3238
792
3501
601
3771
587
3343
822
2868
670
2825
673
3393
595
3775
825
3396
577
3484
815
3380
8966
3386
819
3476
748
3398
699
3726
832
3043
711
3758
789
3681
877
3566
747
3503
846
3336
686
3716
638
3380
812
3867
832
3721
842
3436
499
3556
857
3501
850
3549
808
3385
715
3455
837
3578
812
3434
666
3327
707
3021
698
3466
824
3300
771
3393
847
3713
814
3378
819
3433
628
3425
824
3612
827
2113
475
3265
661
3435
830
3288
681
3606
841
3486
842
3666
840
3483
802
3501
845
3307
809
3666
867
3481
844
3586
847
3375
802
3415
850
3458
648
3493
605
3621
789
3669
740
3726
807
3530
827
3568
829
3333
832
3511
819
2460
840
3471
694
2345
832
3603
797
3478
847
3541
854
3516
824
3689
829
3571
799
3072
649
3538
772
3308
799
3553
802
3348
870
2856
583
3616
864
3861
799
3602
826
3390
834
3408
784
2714
839
3598
870
3543
835
3686
872
3468
842
3561
845
3666
815
2909
794
3490
850
3626
839
3258
564
3616
677
3083
688
3811
852
3453
857
3514
799
3326
810
3405
822
3639
845
3641
709
3423
859
3747
819
3413
850
3408
816
3480
797
3553
724
3879
852
3568
827
3325
830
3250
816
3574
807
3526
829
3508
860
3671
841
3510
797
3032
573
3688
820
3455
579
3460
822
3188
662
3563
842
3478
847
3435
809
3543
835
3450
817
3513
827
3528
646
3486
857
3729
820
3412
836
3589
760
3496
680
3052
810
3473
782
3778
807
3433
809
3484
835
3787
830
1929
461
3513
815
3676
832
2660
555
3307
847
3498
832
3609
842
3646
822
3550
812
3523
665
3468
837
1986
461
3676
559
3506
835
3688
862
3819
815
3601
832
3563
852
2728
617
3562
824
3651
680
3433
804
3766
845
3450
847
2021
470
3538
844
3618
711
3468
840
3471
682
3942
662
3511
744
3553
814
2445
532
3450
654
3500
814
12563
832
3470
859
3613
817
3460
804
3706
822
3538
797
3668
850
3483
824
3458
795
3660
774
3511
835
3463
849
3563
812
3503
807
3450
829
3445
807
2834
847
3899
824
3363
827
3723
655
3764
798
3508
829
3450
840
3866
806
3474
839
3485
834
3355
831
3498
832
3503
835
3320
531
3784
829
3456
832
2230
521
3338
802
3455
640
3498
687
3460
869
3693
834
3471
845
3711
837
3509
829
3483
804
3546
820
3094
654
4408
820
3505
819
3719
830
2083
814
3370
807
3511
809
3498
769
2901
814
3623
453
3696
812
2281
817
3586
825
3531
705
3758
814
3398
821
3666
660
3383
850
3869
804
3684
810
3716
826
2114
864
3541
847
3535
817
3516
810
3776
810
3430
764
3290
471
3609
832
3405
829
3761
802
3024
825
3701
772
1821
840
3543
850
3541
835
3601
805
3320
824
3716
831
3253
854
3403
824
3450
825
3028
842
3593
822
3543
690
3561
819
2797
725
3558
834
3604
806
3373
645
3455
842
3575
812
3699
812
3328
755
3569
867
3681
857
3458
832
3510
826
3658
669
3491
840
3626
559
3531
761
3434
795
3408
757
3535
822
3501
809
3505
847
1656
832
3558
804
3335
812
2121
491
3734
698
3013
814
3457
903
2691
516
3675
842
3591
784
3480
844
3535
722
3877
842
3558
834
3395
827
3460
822
2982
671
3613
668
3352
784
3695
849
3694
855
3463
834
3363
809
3465
835
3471
825
3767
804
3412
840
3521
812
3689
797
3586
661
3596
827
3747
822
3528
839
3446
738
2050
837
3500
842
3368
817
3416
671
3651
804
2982
812
3576
815
2864
715
3578
797
2863
595
3678
812
3798
612
3423
844
2196
629
3443
825
3421
802
3466
661
3485
824
3455
689
3475
832
3478
781
3477
824
3293
862
3457
842
3561
815
3478
834
3560
822
3403
817
2834
546
3533
825
3433
886
3541
840
3335
817
3556
831
3796
834
3611
837
3418
739
3500
830
3421
846
3398
845
2920
696
3603
797
3528
804
3423
867
3632
554
3581
822
3606
622
3334
834
3435
790
3538
798
3453
851
3283
688
3574
844
2024
478
3724
825
3676
829
3193
806
3783
696
3581
855
3595
830
3398
815
3744
822
3493
857
3328
693
2531
839
3606
822
3766
835
3306
857
3551
865
3841
872
2134
459
3676
812
3059
730
3664
814
3854
866
3423
816
3781
845
3275
866
3538
737
2784
624
3706
825
3259
802
3643
849
3568
529
3585
760
3598
829
3533
864
3433
677
3631
827
3357
744
3492
703
3568
836
3342
834
3460
810
3415
822
3502
827
2975
565
3581
812
3528
746
2149
836
3566
644
3771
814
3428
802
3358
622
2127
494
3596
829
1908
849
3238
852
2457
537
3171
827
3706
594
3278
817
3584
9046
3330
707
3676
794
3350
832
3304
820
3626
862
1976
491
3235
842
1906
491
3247
507
3476
874
3415
804
3575
837
3651
739
3232
852
3104
817
3801
862
3337
814
3478
815
3458
842
3355
844
3483
839
3518
837
3250
562
3478
816
3421
805
3543
784
3703
837
3540
819
3595
814
3421
845
3633
824
3533
830
2228
519
3290
837
3766
445
3791
842
3270
760
3250
748
