2912
860
3372
824
3255
834
2891
839
3508
805
3473
776
3377
668
3426
672
3132
814
3302
870
3390
779
3406
829
3157
824
3325
826
3277
829
3337
850
3560
828
3222
834
2975
705
3473
830
3493
827
3426
457
3320
820
3494
804
3482
476
3207
816
3288
854
3294
847
1665
832
3445
834
3391
847
3686
845
3433
844
3021
686
3932
850
3415
837
3388
820
3333
825
2936
737
3259
774
3363
927
3616
852
3488
837
3518
847
3511
840
3430
804
3365
824
3593
817
3330
800
3333
725
3674
849
25440
840
3480
819
3348
855
3694
830
3360
859
3218
824
3305
819
3545
822
3235
850
3510
828
3395
817
3370
834
1969
854
3383
809
3613
827
3400
837
3448
9928
2926
599
3440
809
3668
835
3350
887
3524
835
3536
815
2809
705
3380
835
3405
922
3634
690
3394
832
3500
819
3428
841
3538
837
3505
867
3398
799
3423
847
3300
832
3621
828
3447
892
3525
794
3424
822
3430
844
3653
829
3315
855
2613
637
2808
844
3418
742
3368
862
3644
867
3054
788
3487
832
2553
832
3541
719
3345
862
3366
832
2906
848
3287
819
3280
854
3378
814
3445
869
3435
830
3551
830
3225
842
2915
672
3360
877
3308
774
3475
806
3366
710
3566
864
3380
842
3325
844
3443
852
3363
827
3385
824
3408
849
3356
651
3362
796
3666
834
3736
834
3606
701
3346
827
2634
626
3754
825
2614
656
3768
819
3616
836
3643
822
3312
712
3586
817
3511
812
3330
842
3471
9101
3578
700
3668
829
3328
829
1836
822
3675
825
3478
832
3415
818
3473
727
3054
833
3422
810
3488
847
3493
834
3505
866
3475
839
3466
862
2509
615
3673
889
3434
820
3693
827
3508
868
3342
704
3420
811
3388
822
2807
717
3416
872
3375
849
3473
688
3566
837
3426
844
3553
810
3531
842
3462
859
3412
686
3630
850
2081
454
3542
865
3448
804
3603
696
3669
822
3716
839
3558
785
3340
374
3651
839
3335
799
3347
824
3501
825
2122
464
3366
824
3684
739
3446
839
3496
817
3406
719
2266
470
2817
630
3503
870
3600
816
3616
829
3475
862
2733
673
1922
457
3673
872
3027
689
3811
847
3606
870
3553
842
2543
618
3293
855
3327
797
3505
810
3027
671
2929
820
1969
460
3453
478
3362
686
1965
858
3483
838
3556
829
3663
829
3664
689
3581
819
3614
842
3468
847
2998
496
2711
832
3644
730
3418
812
12312
688
2238
461
2977
824
3300
820
3606
847
3735
762
3465
824
3809
819
3490
821
2005
442
3708
824
3541
860
3461
474
2028
456
3565
845
3556
816
3385
859
3533
696
3644
834
3440
819
3488
812
3513
860
2566
635
3372
842
3405
787
3690
847
3488
832
3591
862
3317
864
3377
845
3437
806
3325
870
3411
842
3390
822
3743
867
3781
814
2489
832
3411
752
3648
817
3365
481
3504
667
3821
826
3358
837
3448
829
3802
842
3508
832
3272
870
1929
814
3531
809
3590
842
3530
822
2829
732
3584
712
3498
867
3488
875
3451
834
3366
840
3428
819
3348
844
3337
862
3538
852
3470
829
3681
734
3456
845
3548
835
3669
827
3460
802
2981
694
3508
824
2441
470
3468
847
2814
799
3508
704
3528
814
3268
824
3603
837
3653
840
3458
696
3485
717
3633
836
3021
846
3289
809
3309
809
3445
760
3541
817
3616
834
3365
835
2954
713
3538
836
3674
809
2296
667
3458
737
3548
840
3796
879
3621
809
3433
830
2865
479
3431
478
3528
909
3390
762
3453
834
3451
865
3055
698
3478
834
3422
850
3528
806
1983
463
3431
852
2675
844
3521
840
3349
790
3015
849
2891
606
3458
850
3456
847
3083
588
3564
407
1900
464
3468
822
3498
849
3510
842
3453
815
2882
730
3663
854
3455
829
3551
837
3660
836
2333
554
3748
752
3308
819
3889
832
2773
855
3551
643
3471
832
3460
857
12308
849
3308
660
3485
761
3510
847
3759
842
3598
832
3573
847
2760
658
4049
798
3473
867
3751
754
3741
864
3345
679
2983
717
3588
797
2758
837
3548
806
3366
830
2440
835
3553
844
3613
822
2860
670
3370
822
3580
819
3488
827
3338
739
3779
842
3364
830
3423
837
3563
712
3396
9584
3275
842
3390
810
3408
467
3698
474
3403
529
3561
849
3611
887
3450
726
3503
855
3634
849
3305
830
3570
865
3383
860
3553
880
2010
473
3523
759
3482
817
3649
721
3581
714
3637
855
3859
842
2379
847
3453
840
3716
9881
2976
698
3867
852
2573
839
3494
830
3465
817
3575
920
3418
847
3683
831
3721
550
3350
848
3299
748
3580
801
2062
852
2126
555
3549
820
3436
429
3344
677
3519
844
3688
817
2140
458
3726
837
3620
834
3606
811
2939
710
2808
696
3408
832
2371
546
3578
840
3578
850
3666
872
3798
802
3690
882
3398
741
3585
845
3542
785
2276
804
3590
815
3498
840
3383
806
3784
842
3694
852
3794
842
3413
817
3436
874
3356
757
3543
848
3967
809
3751
826
3866
847
3666
802
3385
746
3385
830
3481
822
3608
845
3791
800
3563
682
3648
812
2619
555
3386
832
3406
827
3718
864
3662
829
3448
780
3433
839
3646
914
3470
688
3524
847
3490
795
3468
820
3641
845
3434
850
3337
834
3421
829
3581
852
3435
832
3628
711
3584
778
3546
827
3640
827
3688
829
3771
837
3331
894
3286
684
3365
846
3596
844
3433
805
3783
834
3614
829
3771
9755
3481
685
3604
797
3333
822
3454
855
3639
849
3574
824
3613
809
3666
872
3643
839
2143
474
3618
852
3613
819
3656
835
3803
820
3445
809
3505
839
3616
829
3694
849
3345
733
3472
767
3351
825
3954
831
3523
847
3784
844
2206
838
3799
810
3656
842
3638
849
3560
811
3538
804
3777
862
3510
852
3425
802
3395
850
3681
794
3743
832
3218
811
2772
610
3593
814
3455
862
3426
832
3584
788
3628
862
3450
847
3686
842
3610
816
3408
807
3410
814
3610
844
3584
839
3512
822
3618
822
3658
862
3609
705
3495
793
3873
862
3646
907
3773
869
3764
775
3904
839
3511
857
3671
797
3619
849
3466
829
3394
401
2120
839
3549
845
3343
631
2792
734
4002
827
2998
829
2471
835
3392
757
3161
822
3368
804
2876
636
3558
847
3620
852
3654
827
3613
839
3681
839
3849
830
3732
809
3696
825
3791
864
3681
842
3788
844
3583
608
3464
847
3648
802
3799
825
3441
849
3706
824
3678
827
3699
880
3451
734
2242
859
3678
819
3581
839
3817
802
3418
852
3488
842
3146
705
3641
864
3976
847
3802
877
3408
857
3666
832
3588
862
3862
852
3588
809
3528
830
3560
730
3501
884
3753
829
3849
857
3068
599
2160
469
3631
845
3578
827
3338
653
4067
831
3814
827
3586
835
3665
832
3863
826
3500
844
3456
842
3869
819
3530
696
2785
832
3546
850
3655
736
3173
736
2284
849
3701
842
3650
827
3457
842
3606
730
3757
849
3836
835
4049
822
3794
709
3412
844
2489
593
3546
817
3235
830
3743
824
3676
852
3603
814
26828
865
3899
699
3560
792
3676
814
3416
812
3576
849
3584
716
3984
857
3716
856
2090
477
3671
812
3601
817
3536
726
3417
850
3036
613
3618
852
3588
838
3626
877
3563
852
3784
792
3422
832
3742
835
2840
852
3905
752
3493
845
3463
615
3475
865
3486
845
3941
860
2912
854
3573
846
3581
832
3543
608
3584
687
3628
839
3847
479
3704
789
3646
812
3456
797
3066
578
3653
686
3709
814
3581
592
3566
717
3831
852
3764
776
3523
696
3543
619
3538
872
3473
663
3690
822
3649
849
3442
852
3510
806
3367
822
3576
852
3648
698
3540
862
3518
832
3174
815
3515
834
3406
641
3561
859
2172
474
3375
814
4092
826
3974
834
3490
686
3490
836
3530
845
3445
820
3881
497
3796
639
3729
870
2979
840
3508
724
3582
817
3588
804
2507
849
3546
817
3651
847
3603
819
3896
842
3540
847
3618
812
3633
820
3525
805
3453
692
3576
794
2638
578
2215
13066
3581
877
3581
473
3515
867
3601
842
3520
9634
3628
860
3508
862
3503
691
3729
824
3596
777
3727
824
2980
695
3767
857
3633
866
3603
812
3623
817
3646
840
3550
839
3456
692
3509
689
3673
804
3874
845
3972
822
3375
844
3664
822
3384
785
3510
854
3000
602
3728
774
3611
850
3768
839
3575
862
3561
839
2038
607
3656
830
3559
713
2898
705
4019
818
3656
822
3519
599
3568
829
3535
816
3709
859
3764
819
3389
708
3023
540
3616
792
4067
839
3836
799
3583
844
3551
747
3523
850
3501
875
3446
832
2992
569
3913
842
3818
812
3684
855
3613
847
3691
835
3629
822
3596
828
3256
850
3007
637
3796
842
3585
857
3613
820
3708
915
3564
727
3609
830
4132
829
2686
836
3700
832
3503
819
3573
705
3909
781
3841
842
3854
827
3693
815
3575
688
3741
807
3538
852
3436
810
3475
815
3445
809
3723
855
3889
837
3621
830
3656
840
3629
835
3831
804
3919
846
3701
837
3656
829
3726
905
3679
827
3899
822
3576
757
3643
850
3493
862
3478
842
3513
835
3608
859
3375
754
3636
832
2238
837
3491
759
2686
583
3490
820
3057
795
3522
835
23115
834
3528
862
3716
838
3616
836
3521
844
3871
830
3649
830
3681
842
4065
782
3674
748
3526
839
3791
836
3771
857
3634
709
3631
824
3007
559
3465
794
2125
453
3856
675
3793
827
3600
825
4031
822
3538
865
3131
717
3593
854
3503
764
3535
836
3798
864
3515
850
2498
829
3576
822
3541
907
3079
812
3724
836
3546
867
3398
753
3503
849
2185
842
3608
834
3550
767
3691
850
3570
835
3553
580
2204
561
3551
892
3450
844
3526
852
3686
860
3746
777
3734
844
3879
737
3250
703
3679
855
3588
857
3466
817
3452
770
2870
662
3538
546
3394
795
3643
802
3442
767
3534
814
3648
842
3488
852
3706
839
3117
842
3514
824
3435
750
3438
683
3640
825
3574
855
3553
804
3696
827
2740
639
3493
715
2944
845
3645
825
3741
814
3427
824
3588
819
3453
842
3914
839
2175
469
3609
824
3733
850
3656
840
3611
688
3599
822
3569
867
3806
832
3836
817
3397
840
3508
728
3566
822
3789
866
3743
739
3751
829
3590
847
3711
849
2659
628
3352
854
3011
601
3598
812
3425
832
3764
842
3473
804
3624
764
3670
849
3774
842
3749
832
3413
847
3576
854
3623
822
3576
830
3806
827
3558
825
3455
817
3498
420
3400
852
3471
703
3749
854
3443
914
3403
816
2963
620
3595
882
3400
826
3736
726
2090
872
3659
757
3486
829
3419
798
3651
694
3709
857
3839
842
3002
694
3406
829
3501
806
3011
835
3506
717
3402
846
3758
850
3704
868
2168
468
3791
836
3541
790
3604
842
3774
836
3546
837
4217
849
2484
489
3280
717
3613
474
3558
824
3774
810
3325
846
3605
832
3486
812
3536
825
3784
862
3844
847
3553
702
3428
840
3653
701
3624
857
3672
862
3668
855
3804
822
3684
799
3390
812
3732
832
3555
827
3337
752
3560
799
3881
674
3791
669
3568
747
3021
696
2965
636
3784
855
3804
834
3528
830
3544
647
3488
842
3388
785
3488
842
3433
829
3851
850
2851
834
3521
836
3091
646
3016
860
3511
837
3631
844
3739
495
3448
910
3696
834
3302
830
3734
832
3679
838
3568
842
2157
819
3861
875
3521
845
3526
832
3593
827
3490
742
3608
819
2683
672
2401
554
3771
835
3641
832
3571
849
3644
553
3542
830
3711
826
3796
812
3593
804
2910
808
3604
802
3505
850
3558
804
2414
561
3799
637
3759
724
3676
797
3558
842
3776
729
3801
545
3714
862
3508
488
3673
395
3456
859
3636
824
3273
783
3484
844
3478
802
3573
844
2894
832
2284
450
3581
845
3096
822
3571
837
3526
868
3625
837
3596
815
3067
854
3337
869
3432
827
3723
840
3414
832
3553
832
3535
840
3564
846
3764
466
3640
829
2372
814
3619
839
3528
852
3628
840
3468
816
3481
844
3802
837
3698
850
3515
818
3643
872
3857
869
3484
822
3779
847
3506
836
3413
830
3606
842
3422
820
3929
857
3623
862
3708
772
3591
722
3412
855
3660
850
3726
834
3644
824
3756
849
3796
681
3408
815
3528
832
3568
824
3530
835
3596
822
4042
812
3653
779
3436
859
3498
662
3412
816
2147
462
2935
851
3506
834
3746
848
3663
812
3730
837
3703
660
3565
835
3751
862
3771
688
3586
824
3733
840
3312
855
3809
839
3672
822
3465
824
3817
839
3649
837
3701
842
3023
681
3424
812
2168
465
3681
645
3638
850
3611
855
3498
827
3636
638
2993
715
3524
817
3731
848
3534
852
3486
837
3480
796
3568
466
3779
845
3619
722
3468
829
3541
699
3753
814
3347
834
3493
804
3740
854
3451
820
3818
687
3621
862
3741
840
3396
819
3698
824
3501
854
3448
629
3697
838
3583
834
3440
714
3461
817
3681
722
3563
819
3528
854
3666
822
3784
847
3861
849
3431
859
3493
769
3736
812
2691
552
3736
835
3837
832
3488
708
3676
844
3661
850
3646
571
3636
626
3807
822
3664
834
3809
832
3746
836
2294
844
3512
839
3312
726
3689
824
3673
842
3668
812
3408
800
3608
854
3661
822
3889
691
3695
762
3516
829
3654
842
3949
827
3483
752
3828
872
4136
849
3691
480
3656
702
3691
712
4169
573
3874
849
4045
682
3661
827
3716
829
3806
790
3691
830
3857
820
3553
852
3706
500
3661
834
3709
856
3969
825
3708
592
3874
812
3513
776
3591
814
3859
820
3699
839
2206
477
3701
719
3571
816
3483
657
3602
817
3718
732
3540
834
2327
478
3636
747
3626
814
3568
847
4012
835
3964
845
3821
824
3623
764
3636
840
3596
856
3726
845
3430
849
3693
862
3446
778
3344
819
3631
839
3628
842
3614
684
4004
802
3555
816
3834
835
3483
855
3558
834
3646
809
3458
764
3581
866
3944
852
3726
854
3756
852
3584
558
3513
739
3618
9043
3548
804
3942
734
4086
767
2164
827
3643
867
3706
859
3190
669
3538
849
3714
9121
3756
815
3822
688
2975
595
3076
681
3578
819
3516
842
3808
825
3588
692
3731
821
3869
847
3443
780
3422
817
3705
827
3559
814
3133
707
3558
516
3252
854
2931
574
3694
890
3493
856
3664
827
3034
726
3650
701
3261
814
3641
805
3576
596
3748
845
3523
849
3549
824
3696
852
3736
872
3838
819
3312
820
3475
842
3911
850
3579
874
3546
897
4242
885
3655
817
3791
842
3362
838
3629
870
3661
782
3558
827
3475
717
3636
866
3771
846
2877
569
3638
811
3799
826
3785
802
3608
862
3857
832
3806
887
3421
694
3616
809
3550
815
3723
752
3977
832
2090
361
4302
778
2240
476
4067
814
3873
814
3698
809
3606
827
3536
832
3401
844
3584
839
3513
862
3719
9138
3591
819
3824
857
3518
790
3420
673
3541
864
3619
832
3779
839
3435
840
3525
834
3967
665
3367
839
3476
794
3363
882
3501
847
3561
822
3473
847
3420
816
3441
832
3710
834
3634
846
3355
718
3443
769
3536
847
3538
812
2857
817
3551
827
3811
698
3605
840
3698
808
3498
691
3508
834
3428
832
3635
870
3628
641
3744
852
2925
705
2943
625
2719
789
3450
837
3643
784
3438
820
3663
819
3491
837
3571
864
3338
827
3603
888
3490
715
3486
845
3411
832
3501
852
3402
815
3643
779
3739
824
3406
817
2835
806
3263
797
3403
814
3445
747
3696
797
3568
684
3410
726
3423
850
3392
914
3533
835
3300
822
2664
574
3611
693
3472
816
3626
607
3560
827
3438
884
3739
817
3515
872
3536
765
2895
691
3575
653
3378
847
3393
804
3610
669
3659
799
3601
739
3422
842
3273
715
3526
851
3385
703
3474
749
3521
835
3253
778
3551
867
3348
788
3483
846
3486
849
3786
734
3345
862
3465
837
3495
838
3656
832
3430
855
3463
847
3594
832
3498
724
3678
855
3468
872
3503
727
3649
837
3486
905
3523
852
3381
822
3450
704
3370
792
2189
481
3456
815
2373
534
3595
842
3485
822
3440
736
3243
864
2959
718
3458
846
3427
832
2423
562
3248
872
3646
832
3553
812
3598
669
3736
852
3701
845
3478
882
3455
835
3191
799
3408
825
3188
819
3456
819
3636
822
3318
832
3611
807
3457
814
3576
812
3589
829
3303
867
3404
865
3468
700
3909
714
3550
836
3521
693
3370
769
3438
828
3328
829
3418
611
3498
852
3448
567
2670
605
3721
855
3563
819
3611
830
3854
864
3516
867
3700
831
3452
675
3633
824
3346
674
2677
653
3531
807
3407
870
3600
747
3483
682
3663
814
3515
812
3375
837
2503
559
3490
857
3443
9151
3226
832
3350
854
3488
812
3345
732
2823
704
3341
830
2204
809
3438
864
3265
842
2965
584
3619
844
3570
839
3591
806
3516
872
2036
6929
3616
820
3642
762
3523
812
3337
799
3286
790
3713
827
3476
844
3523
839
3586
886
3922
824
3534
847
3440
832
3548
819
3783
850
3528
872
3628
792
3549
812
3678
849
3365
867
3460
852
3104
788
3371
832
3548
623
2122
840
3368
849
3609
844
3481
810
3448
724
3611
765
3522
822
3563
840
3037
709
3353
816
3533
792
3803
862
3468
842
3466
832
3421
993
3516
816
3316
821
2566
626
3457
832
2391
940
3495
844
2863
690
3425
837
3523
795
3488
804
2073
832
3751
832
3779
839
3574
850
3815
834
3420
807
3581
9176
3734
690
3474
846
3658
782
3508
852
3601
854
3468
877
3508
679
3470
855
3840
947
3495
747
3450
802
3631
844
3701
9901
3650
852
3451
862
3378
832
3708
835
3448
860
3068
822
3839
855
3661
855
3570
852
3492
694
3544
702
3343
850
3931
807
3812
822
3545
839
3579
829
3621
834
3344
842
2908
845
3576
845
3833
825
3616
799
3576
892
3603
822
3581
837
3658
697
3565
829
3448
847
3458
829
3538
782
3601
802
3162
848
3297
724
3480
822
3556
837
3649
832
3706
839
3418
835
3565
714
3480
832
3410
897
3618
841
4053
850
3854
799
3475
809
3468
815
3654
667
3488
870
3288
864
3718
829
3661
446
4047
829
3666
807
3754
814
3701
570
3470
798
3386
834
3624
882
3500
834
3523
816
3578
829
3488
822
3418
854
3651
839
3746
847
3401
824
3496
820
3679
859
3486
846
3811
844
3330
867
3535
847
3535
855
3408
829
3703
832
3503
834
3578
829
2988
750
3599
797
3580
461
3595
841
3391
821
3641
822
3553
862
3551
688
3453
815
3608
827
3451
854
3408
809
3543
837
3578
822
3621
822
3298
855
3443
839
3708
829
3531
814
3781
922
3510
827
3601
860
2278
834
3568
663
3671
880
3495
867
3280
801
3641
859
3640
822
3496
842
3372
859
3914
867
3693
827
3829
689
3631
838
3648
839
3486
649
2067
470
3738
832
3889
827
3754
822
3397
817
3724
852
3624
870
2219
824
3628
744
3603
840
3541
829
3390
852
3365
815
3485
820
3478
825
3588
845
3504
809
3569
812
3643
834
4010
842
3618
836
3328
855
3338
815
2268
557
3277
794
3586
842
3561
832
3039
824
3460
859
3398
872
3523
724
3496
824
3818
860
3671
845
3749
850
3471
819
2842
717
3418
817
3485
807
3505
802
3763
822
3371
814
3381
885
3481
778
3593
822
3483
862
3782
804
3536
892
3373
860
3498
802
3721
794
3599
837
3511
852
3591
900
2842
641
3313
716
3623
819
3383
826
3558
845
3461
789
3332
856
3486
857
3440
875
3524
855
3418
840
3396
830
2123
481
3411
807
3686
834
3375
814
3601
716
3673
836
3682
781
3386
846
3618
810
3438
825
3566
747
3636
882
3365
822
3400
752
3440
817
3413
842
3406
862
3866
810
3611
842
3113
829
2305
882
3395
864
3415
750
3436
822
3408
858
3706
824
3679
845
3434
815
3457
839
3558
857
3526
835
3673
685
3443
741
3563
840
3395
19320
3450
829
3370
829
3318
709
3588
827
3669
837
3476
644
3704
849
3563
804
3407
835
3525
787
3596
842
3494
789
3442
699
3322
699
3574
820
3332
701
3307
832
3308
836
3290
829
3615
822
3501
844
2537
636
2832
837
3488
840
3395
850
2845
817
3716
894
3408
875
3225
847
4014
743
3458
949
3558
700
3391
842
3496
820
3400
824
3596
822
3503
838
3645
819
3426
862
3285
815
3568
837
3542
862
3663
790
3261
769
3623
726
3491
827
3406
814
3505
776
3566
832
2667
455
3501
857
3455
822
3716
827
3495
801
3686
826
2346
469
3626
840
3521
837
3551
817
2250
785
3338
862
3571
822
3716
829
3563
799
3486
864
3553
815
2119
9489
3922
842
3649
812
3642
854
3423
839
3285
702
3448
850
3455
834
3624
714
3816
860
2844
676
3456
814
3508
780
3438
617
3416
819
3611
840
3552
842
3310
807
3500
839
3702
542
3193
613
3560
849
3573
830
3541
835
3488
844
3784
875
3021
661
3370
648
3646
815
2124
807
3686
845
3659
834
3672
838
3455
566
1909
774
3310
744
2002
707
3432
807
3626
844
3511
867
3516
852
3431
728
3435
807
3711
789
3365
852
3659
842
3555
835
3691
837
3320
849
3610
774
3433
815
3571
822
3586
842
3470
834
3526
882
3556
835
3448
809
3525
847
3533
744
3350
791
3478
854
3536
812
3341
927
3523
829
3585
842
3641
812
3646
818
3591
804
2354
842
3669
857
3395
832
3345
834
3553
814
3411
812
3335
737
1849
517
3368
822
3420
821
3443
832
3385
731
3521
862
