3159
914
3575
724
3739
852
3326
907
3403
838
3425
834
3433
857
3746
685
1874
485
3248
825
3378
864
3776
854
2234
850
3253
875
3335
839
3463
852
2840
832
3727
844
3601
714
3360
827
3491
869
3671
846
3262
847
2043
852
3460
320
3278
839
3223
1131
3644
859
1654
819
3604
857
3513
882
3304
845
3416
682
3471
842
3322
835
3458
850
3478
889
3361
613
3388
849
3741
741
3696
925
3651
892
3563
852
3436
852
3569
869
3450
885
1887
457
3446
899
1967
826
3671
859
3490
866
3468
852
3421
862
3276
844
3553
849
3731
874
3386
864
3398
742
3643
858
3388
842
3425
836
3335
596
2632
606
1885
836
3438
701
1562
837
3433
849
3330
857
3443
706
2820
847
1578
855
2941
696
3427
869
3301
832
3493
718
3496
844
3608
852
3360
884
2952
846
3009
811
3358
887
3378
869
3531
872
3729
765
3591
939
3438
769
1890
874
3405
859
3425
850
3649
850
3629
890
3422
832
3411
822
3373
890
3192
715
2855
548
3290
852
3280
795
3438
848
3381
855
3380
835
3461
859
3323
847
2084
827
3633
909
2476
607
2890
704
3596
824
3265
737
3515
940
3373
870
3524
842
3530
804
3465
864
1786
468
3445
850
1931
481
3636
844
3493
845
3330
834
3721
729
3099
675
3546
862
3318
837
3493
902
3742
875
3583
860
3603
892
3480
845
3676
832
1917
832
3476
772
3450
837
3083
864
3270
834
2713
827
3581
676
3332
809
3500
839
3526
872
2538
854
2863
748
2105
493
3634
842
3455
874
3763
864
3478
847
3350
864
3454
792
3550
864
3337
697
3508
792
3445
862
3432
867
3277
857
3448
842
2491
872
3414
859
3578
842
3523
865
3484
907
2427
869
1494
710
3548
852
3641
855
3465
604
3475
867
3731
818
3606
860
3646
859
3371
887
3334
667
1971
860
3485
844
3471
805
3482
870
3155
707
3451
842
3109
867
3483
807
3413
832
3508
844
3390
743
2622
650
3596
879
3336
852
3423
862
3613
478
2884
829
3405
572
3445
842
3584
865
3338
840
3295
844
3393
740
3468
731
2871
715
3788
855
3594
866
3580
817
3403
455
3271
812
3387
884
2988
857
3470
872
3416
702
3520
638
3376
875
3296
821
3535
732
2885
852
3148
738
3738
857
3563
465
3490
884
1879
470
3776
837
3390
854
3495
845
3465
852
3473
865
3501
854
2946
872
3546
862
3325
847
3403
744
3342
704
3370
899
3589
842
3478
725
3458
862
3558
887
3441
849
2315
568
3446
870
2202
547
3460
862
3519
919
3611
827
3365
855
3473
852
3341
888
3552
804
3498
827
3524
837
3571
720
3599
864
3390
829
3430
759
3335
879
3448
849
3461
634
3416
812
3411
837
2611
854
3455
857
3442
844
3556
865
3759
857
2999
710
3368
892
2802
859
3408
875
2940
730
3565
730
3513
890
3521
852
3726
835
3425
800
3305
882
3431
757
3496
827
3378
849
2944
731
2051
877
3488
732
2963
865
3558
858
3638
889
3688
653
3576
880
3519
874
3548
850
3371
870
3326
826
3017
682
3714
886
3623
862
3639
890
3538
477
3481
867
3548
874
3345
836
3549
885
2165
475
3392
839
3464
428
3534
845
3569
872
3753
839
3556
9051
3453
835
3428
867
3483
855
3961
875
3841
827
3426
857
3136
872
3553
842
3473
867
3600
875
2969
732
3716
849
3656
712
3729
839
3553
849
3137
737
3463
576
3510
855
3386
879
3811
874
3383
887
2661
832
3488
859
3688
500
3461
717
2900
700
3426
842
3442
816
3548
504
3453
849
3530
591
3456
845
1910
455
3561
500
3487
837
3423
844
3538
832
3029
832
3435
675
3475
845
3759
822
3571
715
2169
472
2129
492
3472
834
3513
847
3566
839
3307
795
3136
701
3613
859
2882
849
3593
835
3743
865
3619
852
3393
837
3555
867
2693
800
3530
469
3711
859
3342
860
3275
827
3733
844
3654
810
3585
840
3425
862
3663
857
3000
892
3546
840
2020
878
3425
766
3478
845
3548
9461
3663
842
3554
835
3433
866
3475
860
3706
852
3685
885
3535
917
3706
812
3659
852
3503
792
3503
818
3671
820
3593
858
2690
598
3441
827
3390
855
3491
844
3736
772
3466
611
3846
847
3485
860
3493
855
3480
497
3481
834
2259
546
3424
855
3490
884
3668
844
3757
837
3460
812
3418
862
3055
729
3448
844
3628
824
3556
495
3573
840
3045
859
2867
732
3513
859
3392
872
3516
867
3491
565
3282
717
2969
591
2921
717
3471
844
2578
622
3828
787
3483
902
3044
682
3638
830
2611
666
3068
552
3628
834
3413
868
3608
726
3694
615
3576
859
3523
847
1920
444
3453
865
3152
857
3621
872
1903
453
3666
862
3659
859
3503
847
3522
856
3375
865
3561
566
3749
850
3649
903
3508
839
3656
776
3613
867
3302
909
3661
852
3428
827
3453
774
2053
481
2368
557
3380
852
3759
872
3595
734
3495
832
3450
812
3686
847
3654
858
3457
834
3478
880
3756
670
3791
732
2632
605
3713
739
3576
459
3252
705
3530
842
3824
850
3546
875
3851
876
3465
827
2354
579
2957
691
2983
690
3492
859
3694
897
3508
877
3616
845
3538
875
3744
757
3498
837
3496
867
3506
849
3671
892
3863
890
3450
862
3400
850
3664
692
3656
857
3721
860
3869
712
3683
862
3478
844
3565
680
4107
849
3478
825
3648
852
3747
837
3651
852
3488
852
3533
845
3445
865
3741
848
3433
814
3643
875
3490
857
3231
849
3535
834
3621
879
3435
857
3541
879
3526
852
3536
847
3592
860
3631
720
3575
845
2714
872
3476
840
3613
842
3364
824
3613
862
3531
787
2520
518
3887
842
3485
847
3616
865
3591
862
2138
847
3777
749
3403
877
3545
877
3623
752
3524
857
3746
850
3455
778
3576
810
3658
862
3691
458
3719
736
3709
867
3731
631
3738
826
3730
839
3518
791
4062
732
3681
852
3558
851
3558
854
4004
874
3443
832
3765
804
3422
9532
3676
857
2655
625
3776
862
2350
842
3669
870
3531
859
3508
855
3478
779
3455
814
3510
845
3458
872
3776
847
3108
850
3746
875
3576
842
3478
476
2085
875
3275
721
3601
859
3832
819
3481
858
3468
859
3454
837
3034
573
3491
819
3631
769
3408
872
2938
684
3911
854
3536
842
3819
884
3390
857
3486
832
3728
855
3566
875
3125
651
3611
847
2723
869
3767
862
3536
862
3246
734
3420
885
3572
875
3628
857
3616
850
4309
872
2919
869
2044
487
3533
703
3546
854
3793
611
3915
872
3551
869
3761
885
3573
892
3123
734
3611
607
3598
860
3522
857
3505
761
3405
849
3741
824
3698
870
2975
885
3660
834
3538
865
3744
865
3887
844
3452
877
3485
897
3653
854
4057
712
3646
842
3864
834
3603
704
3586
809
3689
845
3616
837
2945
722
3639
860
3566
842
3656
839
3573
870
3495
862
3588
597
2264
822
3176
608
3651
834
3528
895
3786
759
3745
865
3609
885
3891
839
4079
874
3701
849
3611
616
3538
785
3465
850
3064
714
3490
797
4180
880
3628
845
4185
757
3839
850
3711
872
3616
868
3746
852
3909
869
3364
649
3673
842
3503
867
3726
855
3846
734
3862
885
3889
867
3626
865
3498
828
3626
844
3581
852
3420
827
3624
842
2136
852
3492
887
3718
837
3671
820
3485
862
3575
845
3576
789
3653
834
3969
862
3491
874
3636
879
3535
777
3668
713
3648
878
3526
680
3619
862
3616
854
3500
899
3874
864
3626
834
3889
854
3669
877
3633
742
3571
847
3713
864
3428
732
3736
827
3385
766
3636
811
3568
832
3732
724
3608
689
3535
832
3909
860
3654
854
3684
844
3901
832
3727
747
3791
902
3656
830
3566
800
2467
518
3690
865
3486
875
3631
862
3709
837
3590
872
3388
830
2479
476
3533
844
3503
865
1654
384
3506
859
3835
749
4070
852
3561
834
3418
692
3613
857
3126
874
3559
862
3207
9472
3614
880
3846
820
3543
840
3511
850
3761
744
3837
722
3600
852
3511
840
2107
812
2032
830
3671
822
3505
829
3704
852
3633
877
3461
865
3754
862
3694
867
3430
757
3558
860
3558
864
3743
862
3536
809
3521
903
2983
682
3594
828
3939
846
3799
852
3687
862
3696
864
3592
701
3866
849
3019
734
3646
692
3483
814
3719
817
3471
832
3738
837
3063
660
3536
856
3877
874
3807
914
3621
854
3524
844
3553
877
3651
862
3603
869
3706
663
3339
864
3646
882
3505
717
3608
872
3554
762
3796
722
3696
660
3370
696
3729
834
3664
842
3636
842
3601
887
3234
722
3598
824
3576
859
2993
644
3534
832
3614
865
3583
859
3698
824
3704
902
3769
867
3641
847
2816
645
3518
865
3244
859
3658
724
3772
847
3611
548
3606
854
3542
889
3671
865
3691
812
3566
868
2720
639
3561
860
3576
491
3455
602
3700
847
3390
846
3638
718
3776
856
3569
846
3764
885
3574
1170
3636
870
3671
882
3691
872
3665
829
3666
782
3718
870
3608
829
3721
842
3659
867
3783
829
3682
859
3641
822
3801
855
3724
857
3533
872
3555
855
3516
870
3843
859
3771
874
3492
862
3729
847
3529
839
3481
855
3962
809
3690
720
2136
469
3683
839
3056
696
3544
695
3696
854
3481
894
3703
849
3623
832
3269
839
3964
897
3560
849
3611
844
3783
734
3836
794
3541
862
3649
857
3621
870
3588
845
3474
847
3521
844
3691
877
2092
472
3508
687
3543
825
3678
857
3727
862
2425
565
3606
829
3186
616
3541
834
3771
701
3588
839
3514
757
3836
865
2232
664
3664
857
3642
855
3626
608
3485
829
3672
844
3463
847
2227
518
3776
869
3219
828
3109
884
3458
844
3478
645
3679
859
3613
715
3498
838
3808
847
3631
920
3588
722
3580
885
2830
649
3708
880
3443
845
3546
900
3578
882
1998
839
3376
835
3691
902
3547
818
3729
859
3510
771
3619
844
3543
867
3686
840
3643
787
3713
867
3623
877
3428
867
3694
685
3443
832
3600
822
2895
634
3531
820
3868
904
3772
922
3618
824
1950
482
1576
717
2716
601
3127
609
3746
849
3636
842
2164
834
3523
838
3646
838
3548
649
3608
762
3756
864
3721
776
3553
924
3536
826
3525
734
3542
845
3986
862
3644
724
2222
460
3574
887
3576
870
2955
653
2629
635
3623
819
3521
855
3403
837
3431
830
3799
887
3706
847
3390
870
3450
849
3648
862
3739
862
3453
854
2750
842
3305
877
3606
737
3721
860
3724
826
3561
852
2798
443
3723
832
3738
867
3603
875
3871
870
3821
870
3878
892
3822
802
3636
822
3788
683
2225
467
3668
838
3606
840
3513
824
3003
735
3604
854
3498
860
3867
611
3415
882
3464
902
3565
706
3300
764
3751
835
3563
837
3568
872
2135
842
2988
840
3701
842
3395
892
3375
828
3491
829
3595
855
3621
820
3063
885
3693
865
3699
830
3683
834
3470
842
3871
872
3576
836
3681
849
2229
849
3614
877
3541
875
3375
852
3683
832
3669
845
3618
855
3819
678
3646
834
3536
827
3685
719
3664
854
3668
709
3611
879
3689
842
3626
850
3816
832
3522
707
3678
782
3028
671
3013
840
3771
877
3665
862
3718
865
3637
743
3560
832
3456
826
3553
869
3654
867
3694
870
3207
837
3611
727
2777
711
3561
792
3744
792
3317
852
3007
849
3519
573
3297
849
3426
865
3626
840
3440
684
3549
872
3656
742
3345
869
3626
852
3628
849
3450
631
3393
854
3240
857
3673
794
2473
849
3460
855
3518
840
3500
850
3631
854
3639
829
3987
865
3493
747
2351
569
3596
845
3618
837
3252
828
2727
554
3358
857
3734
852
3378
676
4122
880
3783
717
3872
597
3796
820
3357
868
3668
643
3641
875
3821
895
3590
837
3588
792
3625
840
3445
832
3325
907
3488
425
3769
852
2971
730
3656
852
3558
862
3570
855
3541
869
3556
848
3771
874
3530
875
3729
862
3525
875
3774
865
3531
887
3766
695
3653
870
3651
874
2170
500
3611
870
3666
844
3362
780
3420
890
3506
822
3776
842
3664
857
3855
852
3635
819
3023
748
3590
834
3723
849
3500
766
3804
842
3505
855
3533
829
3691
670
3844
895
3506
845
2635
644
3574
869
3653
794
3744
872
3727
854
3676
847
3523
845
3689
872
3581
869
3691
869
3628
824
3536
855
3757
882
3266
790
3655
814
3951
860
3634
811
3664
476
3866
867
3591
852
3703
869
3571
703
2584
845
3669
857
3713
858
3533
647
3586
839
3473
724
3959
887
3829
835
2954
682
3591
872
3480
897
3548
850
3707
870
3711
854
3678
844
3743
867
3671
483
3716
649
2225
859
3335
862
3979
858
3743
840
3614
857
3691
698
3784
772
3656
887
3450
872
3683
846
2203
483
3513
776
3525
804
3025
739
3560
759
2184
751
3460
9468
3491
815
3525
802
3591
847
3641
677
3535
822
3674
822
3618
855
3463
850
3563
847
3801
668
3683
854
3473
870
3689
675
3709
842
3690
852
3814
844
3595
834
3467
825
3691
859
3631
895
3658
900
3827
848
23005
789
3785
882
3180
708
3794
692
3518
840
3541
846
3596
850
3676
575
3535
789
3863
867
3633
845
3917
874
3636
820
3711
847
3535
856
3060
658
3748
849
3575
852
3410
877
3774
830
3640
859
3570
553
3917
864
3106
610
3501
867
3784
845
3686
839
3724
857
3774
816
3867
832
3764
489
3531
823
3749
700
3992
862
3709
852
3853
739
3889
857
2259
466
3707
864
3545
739
3801
882
3583
866
3646
872
3730
682
3608
860
3564
882
3721
828
3867
852
3623
790
3600
842
4184
867
3992
830
3534
890
3613
656
3596
900
3631
862
3041
701
3828
860
3658
774
3629
659
3821
829
2969
844
3955
859
3029
847
3864
837
3334
725
3691
872
3929
852
3525
717
3909
877
3603
862
3834
838
3866
867
3689
872
3724
875
3616
875
3884
822
3055
842
3711
852
3154
875
3669
832
3490
875
3559
866
3568
705
3591
857
3683
864
3641
849
3595
929
3591
839
3767
886
3515
869
3878
834
3366
706
3668
849
3749
480
3596
479
3674
885
3436
852
3538
862
3606
882
3695
872
3859
704
3544
695
3399
713
2460
515
3674
807
3552
847
3016
728
3574
885
3684
850
3626
694
3558
867
3646
832
3408
864
3634
842
3418
872
3706
694
3631
865
3646
827
3999
850
3643
822
3813
875
3743
835
3408
813
3362
847
3731
885
3703
633
3734
854
3905
837
3691
862
3711
824
3711
867
3623
854
3658
962
3463
880
2430
552
3688
594
3964
857
3949
855
3078
696
3907
741
3571
861
3683
9059
3713
684
3602
572
3819
872
3712
869
3716
822
3478
857
3814
834
2197
862
3681
840
3771
849
3553
820
3741
885
3516
727
3173
640
3623
742
3441
855
2143
374
1990
864
2160
419
3458
842
3616
865
3731
832
3744
870
3565
880
3460
862
3599
865
3651
820
3588
864
3415
844
3508
860
3516
919
3450
913
3636
872
3593
917
2087
512
3599
874
3505
850
3513
838
3809
844
3942
842
3412
716
3626
862
3656
855
3458
862
3618
845
3528
870
3593
832
3704
852
3375
730
3759
849
3553
839
3596
864
3450
862
3545
848
3708
844
3593
847
3649
862
2820
692
3733
868
3337
679
2764
676
2814
734
2838
682
3561
882
3766
824
3654
862
3425
872
3396
847
3496
806
3631
726
3588
855
3611
849
3391
842
3550
848
3448
929
3613
869
3536
865
3555
882
3568
867
3007
610
2794
680
3566
854
3004
715
3466
9299
3368
825
3476
857
2946
713
3488
839
3629
725
3333
856
3620
882
3638
884
3707
897
3408
834
3540
857
3521
867
3382
713
3514
877
2217
482
3503
867
3511
824
3556
640
2893
854
3482
685
3606
844
3448
837
3402
679
3809
914
3518
870
3373
865
3246
660
3718
850
3366
707
3442
858
2944
744
3410
722
3383
787
3561
734
3443
868
3606
900
2670
13872
3561
827
3491
717
3410
824
3511
844
3333
857
3641
719
3581
880
3631
701
2606
636
3422
809
3338
869
3308
807
3609
885
3125
821
3629
856
3766
867
3488
872
3511
382
3678
811
3446
847
3460
847
3650
857
3832
857
3658
867
3204
737
3342
887
3513
874
3526
867
3391
845
2870
726
3488
787
3498
852
3608
862
3625
654
3589
875
3778
845
3445
867
3583
839
3701
842
3739
769
3662
865
3376
815
3383
827
3291
875
3758
862
3543
845
3366
830
3446
892
3345
865
3381
723
3472
872
3528
860
3458
718
3523
849
3445
847
3380
864
3360
867
3540
841
2484
608
3508
855
3418
839
3526
902
3681
858
3538
856
3608
878
3406
806
3510
838
3280
754
3599
864
3601
695
2952
732
3619
14721
3518
882
3753
829
3418
864
3530
819
1898
874
3277
855
3594
892
3851
810
3711
865
3698
865
3461
847
3528
849
3511
727
2116
867
3051
644
3322
872
3631
852
3262
614
3381
832
3518
837
10929
826
2047
496
3906
830
3535
847
3781
862
3413
860
3275
764
3573
880
3626
842
3646
864
3616
852
3494
852
3511
647
3493
844
3563
557
3565
917
3396
872
3445
869
3525
836
3673
737
3423
869
3425
834
3345
917
3586
866
3415
817
3475
849
3493
862
3754
874
3380
827
3466
610
3666
806
3714
842
3350
854
3403
857
3321
862
2102
501
2882
672
3485
832
3724
556
3450
862
3719
767
3498
864
3463
859
3626
859
2570
543
3566
608
3353
747
3619
862
3823
876
3759
676
3458
842
3327
851
3967
860
3478
837
3343
852
3546
852
3662
762
3583
697
3448
859
3470
834
3633
870
3420
845
3588
864
3824
842
3481
827
3979
892
3654
840
3548
849
3546
866
3668
835
3630
857
3578
842
3678
840
3491
885
3663
852
3378
852
3666
830
3593
852
3718
877
3558
836
3548
831
3516
603
3506
835
3573
861
3456
831
3328
838
1954
456
2044
732
3468
850
3578
844
3736
781
3588
864
3651
805
3588
877
3406
875
3504
835
3631
592
3564
868
3483
852
3292
867
3488
717
3651
858
3403
491
3546
842
3781
851
3573
842
3493
821
3255
759
3528
712
3530
810
3774
862
3543
852
2563
852
2307
834
3504
729
3485
869
3711
852
3681
858
3625
862
3542
844
3628
834
3585
727
3383
869
3566
849
3751
582
3510
837
3545
850
3641
876
3668
845
3691
777
3481
841
3551
802
3543
852
2206
491
3783
842
2937
825
3448
875
3628
865
3498
852
3613
879
2274
488
3495
860
3414
839
3506
866
3631
855
3801
875
3418
696
2085
727
3636
852
3681
815
3691
824
3766
844
3320
847
3550
882
3388
837
3411
855
3373
865
3631
879
3408
834
3473
849
3844
882
3786
862
3388
902
3545
864
3596
845
3713
879
3051
867
3624
862
3596
879
2108
476
3513
862
3556
553
3639
659
3462
870
3921
835
3623
857
2971
722
3408
850
3766
17427
3438
827
3221
788
3506
837
3450
834
3457
882
3481
865
3671
854
3686
676
3632
884
3540
832
3589
899
2758
894
3571
847
3616
840
3987
834
3705
857
3630
885
3585
850
3480
879
3630
887
3546
814
3483
836
3626
862
3297
850
3661
765
3620
645
3501
842
3381
743
3535
675
3357
549
3834
868
2634
856
3974
852
3420
877
3678
842
2908
611
3533
867
3571
864
3807
851
3556
855
3831
829
3431
855
2982
621
3596
822
3462
734
3778
852
3558
832
3716
885
2955
594
3666
840
3691
842
3500
679
2614
614
3465
764
3719
915
3561
822
3586
860
3641
865
2034
474
3598
854
3363
787
3493
832
3586
847
3393
862
3307
852
3478
862
3568
877
3476
729
3636
817
3318
862
3658
836
2058
484
3212
852
3529
845
3528
849
3799
845
4019
862
3488
880
3551
849
3445
842
3690
718
3465
679
3585
872
3470
869
3424
711
3491
899
3310
855
3706
11138
3482
834
3356
852
3714
877
2084
857
3528
848
3206
715
3555
862
3333
840
3413
802
3503
917
3531
830
3440
868
3436
844
3390
865
2023
491
3590
852
3603
850
3701
882
3404
844
3340
874
3430
850
3288
776
3395
879
3696
792
2860
876
3680
850
3518
872
3466
757
3576
842
3699
892
3783
670
3468
666
3384
852
3426
563
3598
844
3451
799
3398
838
3571
846
3659
832
3540
867
3541
844
3806
592
3424
864
3383
874
3383
850
3451
553
3471
857
3348
860
3663
857
3100
646
3754
835
3692
836
3471
854
3380
855
3562
872
3844
849
3430
840
3352
850
3493
862
3501
829
3458
864
3200
790
3538
649
3528
839
3081
800
3706
822
3352
840
2580
477
3979
651
3272
830
3388
882
3478
736
3503
830
3405
876
3534
857
3533
880
3560
870
3473
864
3518
722
3440
832
3583
804
3686
879
3553
872
3428
867
3791
867
3739
859
3363
860
2936
663
3536
850
3391
858
2955
736
3473
842
3496
847
3478
864
3035
718
3415
762
3631
700
3456
844
3504
9436
3729
869
3411
797
3390
820
2255
869
3543
546
3721
846
3560
835
3458
684
3532
776
3620
842
3460
832
3708
835
3396
600
3462
867
2095
865
2704
845
3445
874
3343
831
2358
639
3400
842
3495
672
3610
876
3595
847
3781
872
3418
884
3658
780
3564
8950
3455
829
3518
860
3392
885
3523
857
2077
491
3651
852
2662
648
2826
824
3242
836
3704
475
3515
852
3356
830
3377
878
3736
889
3731
859
2938
700
3503
721
3272
839
3448
859
3563
681
3373
834
3613
864
3699
852
3373
836
3508
461
3486
862
3673
598
3874
855
3377
862
3468
842
3456
872
3523
846
3278
872
3682
453
3388
837
3524
824
3636
846
3505
677
3463
852
