43705
25457
44585
18520
45799
24741
44610
24930
45963
27230
32662
17380
35971
20523
45462
19309
41530
21166
45311
26193
38011
19759
44789
24760
43835
25008
44883
24874
37218
22910
43901
25210
38482
20948
44763
25193
44981
32775
36382
25645
43783
23987
47128
25423
45289
34016
44706
35173
45371
26128
35699
32610
44868
25216
43372
25421
29740
15659
45157
25436
45058
25772
38630
20954
44507
32147
44990
25466
45141
26162
45366
23145
45923
27463
25242
13756
43911
25335
45269
25498
45021
18332
47787
16179
45339
17282
44159
91202
45149
24950
45392
43888
45778
25621
44502
28265
45172
27042
26314
13461
43081
20709
36905
21023
43688
24246
44988
25193
44996
24504
45692
25390
43998
24830
44540
26519
43003
17059
44134
25082
45154
43159
46204
25376
38303
25115
44790
34328
45888
24995
21180
26776
46389
43267
44914
25501
44994
25601
36741
24980
44512
23589
45049
25649
26018
26772
44863
25120
45342
24887
45143
25893
45379
24894
38730
22455
44199
25844
44885
25165
38520
23469
45728
25220
45818
24803
45148
22055
44989
25358
20664
28039
45282
32595
44761
31953
45928
25449
38551
33723
46447
25155
33909
26220
44259
32155
45841
25238
44626
24949
45519
24478
44442
25145
45850
23885
28092
15116
45036
24892
44688
25210
45905
25596
46263
25939
38001
22397
34293
24536
44557
20783
44174
25173
45996
16651
45051
25420
46337
25311
45598
25985
45239
25308
45069
25790
46287
24725
42765
22582
44797
25197
45001
24069
43856
25195
45420
25452
37205
26778
42203
30811
44886
30119
43470
31176
45562
25266
46575
25475
42842
23675
45532
25399
45632
25762
45039
25261
44961
24751
44399
24689
36067
26135
43999
24955
44397
25195
45743
24776
36174
25596
45300
25534
46128
20582
45064
33419
46366
25554
46434
25832
44505
23867
44608
24714
42545
26013
46052
22291
43460
23244
44880
26015
45207
25722
44941
25366
27412
13832
46417
44490
45952
25408
44955
25265
45182
26038
33198
18911
39115
24739
38980
29624
46236
25752
46381
43487
44735
23987
45950
25271
44422
31437
44705
24975
45928
25376
44434
21933
45038
32753
45963
26939
33969
19413
43979
16648
26086
14392
44853
24672
45792
25438
26463
25512
44249
27592
45332
25431
60757
27853
39012
21763
45299
24652
46159
25383
45301
25316
45983
25290
45698
26596
44968
21803
35088
19849
45808
26123
38436
21797
45031
23815
44377
21856
26565
14903
45070
25140
45671
26143
45299
25133
44608
31059
45917
25388
38294
22174
46567
25676
43357
28774
31124
11008
45111
22519
45494
25433
44923
26919
46311
43771
39136
21078
44971
25701
46143
32690
46061
25831
34818
21020
44725
25531
45099
25825
45822
35309
45632
26408
27193
14953
43214
25171
46702
27386
44699
20054
46266
25942
45554
25183
45877
25589
25843
14713
45248
25355
47048
19453
46236
25366
45026
24488
46419
25609
42113
22626
46624
42934
43192
33106
44199
24972
45219
32051
35050
19857
45763
25571
45865
24807
43841
25734
43753
23774
45981
25063
42981
26155
44623
25531
41964
31309
37935
20207
39858
26523
38720
24993
37015
21054
39691
22068
33295
32204
63694
22722
44164
25170
45411
25541
45061
23919
48907
43427
45362
25774
38522
21623
44903
25634
46018
25987
35351
24862
45369
24544
42927
24661
43881
25306
46128
25661
44630
24834
44567
25892
46074
25527
45462
25089
46769
26345
46246
26124
45991
26140
46201
25065
46101
26508
45176
25491
45505
25448
45163
45523
45169
18417
44472
24729
46143
25150
47008
43385
44312
26260
39783
33953
38906
21482
45758
30974
45178
18074
45059
25962
46535
25609
45805
25932
45123
24654
44981
25849
44765
24908
46321
25421
44176
23556
47001
25062
38309
23813
47035
24659
44582
20413
42878
21647
45554
25349
45442
25499
26423
13030
44777
25088
46199
26766
45988
25621
45750
26465
45933
25348
45184
24973
45678
21270
42958
14984
45028
25734
45765
25180
58760
25035
45314
25393
97261
43066
44698
34537
45835
33203
43676
22637
43039
33662
45035
25208
40323
20621
45821
17356
45650
25947
46787
25695
45943
26784
45752
30295
39867
21968
45883
25574
45479
25471
46001
25977
39173
21447
34362
31180
45397
24940
36243
18959
44833
25311
36564
18662
45086
30766
46562
25593
46462
26048
83966
25333
45613
24867
46024
14630
44324
28942
46026
25393
45102
25639
46227
34286
38556
25419
45930
24601
26742
14551
44953
31696
46302
25663
45640
24171
45038
25724
42623
17480
39195
25022
45577
23659
44582
25195
45455
24694
35892
26103
45071
25338
38697
24604
45307
25849
45593
25614
45212
25934
53385
22529
46202
25273
42257
22218
44610
24662
38745
28473
45119
25080
41598
22542
26994
24811
37578
16947
43174
22238
47210
25275
43817
17061
37539
21539
37139
20798
44823
25333
45457
25574
35918
26627
45527
25311
45231
25902
45890
24651
45594
18010
34734
19813
46727
25534
45565
22687
45573
25004
26129
14749
44682
25361
45549
25557
44737
34499
47046
20045
45870
25416
42904
170785
26312
21770
46509
25639
45727
18458
25328
12711
46640
25538
26827
15195
45349
24066
26828
83014
43179
24279
46199
20629
45489
25651
46627
25128
45266
25120
46559
25431
46324
24862
45580
25411
45963
24865
26690
15466
45665
15486
44813
23925
34134
18940
46865
24880
45093
24559
43114
22103
45827
18762
46534
24662
46637
22775
39765
25556
47464
25326
46396
24659
44958
32202
46492
25636
45054
24787
45166
20464
44103
22076
45272
23921
45485
32004
45585
25478
45365
33925
45444
24717
45563
15444
43508
24079
46016
25636
46484
24569
45790
25688
38832
24865
46016
24797
46988
27490
46204
25368
45475
25579
45622
25240
45957
25398
46058
24920
47328
25800
45287
25168
25717
24005
46993
24773
46789
24993
26657
23319
47393
26671
44298
23870
39776
21397
46426
14921
45191
25649
43906
23727
42726
18662
45399
25020
45134
25396
46973
25458
46574
25549
44008
23740
46363
24782
46341
43191
45504
25381
45860
25509
46298
25415
33741
23965
36193
31011
43739
33414
44950
26012
45128
24223
46239
25444
38883
20673
45880
25228
45357
24863
45376
25326
45833
26278
43578
29142
45001
25271
47562
25127
46094
22740
46231
25315
43392
22068
45730
25118
44875
35645
42513
21745
46733
24316
45958
22912
45860
24912
39212
25135
44914
25180
46469
25363
42957
22534
46219
25727
45965
25308
46576
25363
45522
32055
45693
43585
45053
25624
44707
21371
46369
24905
42462
22109
43123
21522
47063
25103
46229
24880
45633
18845
46564
34235
46883
25291
46695
25295
38181
25318
46349
21236
38649
22003
40672
14431
45645
25078
47366
25461
45810
31951
45107
25579
44731
23143
33610
18698
46850
25436
47399
31313
46093
24845
45653
25554
46868
24990
45495
25154
46253
25030
47000
15296
45727
37323
39615
25621
44346
25040
45500
25549
46073
25157
45472
25177
47133
25488
46403
25374
45349
25627
42182
29368
46028
25409
47906
25541
43408
38529
45698
25873
46426
26825
47041
26312
45941
20040
46138
89311
46309
25216
44619
25318
46213
25587
43106
32073
46512
35291
47086
25937
40827
20600
46988
25409
46584
24582
45850
21844
45993
12379
46497
20940
26555
15324
45113
20902
45439
24783
45720
31480
42460
22248
46497
25469
46545
25331
46536
25170
47042
22308
68863
24995
46788
34497
45462
25924
45156
34711
43136
22592
45196
23316
46767
33844
47216
25815
45430
25388
47574
25360
44856
33432
45885
25182
45951
25588
46414
25398
46329
25862
45274
31472
45472
24895
46865
25421
46390
25281
45960
26090
45735
24787
46063
25649
46204
25456
47056
21804
46904
24704
43701
17177
45705
25196
45755
24537
46244
24859
45209
22990
38484
21432
45440
25087
45174
25561
45038
25165
45798
19112
45081
23040
46331
25441
46743
26087
46481
24945
44192
32677
44961
33246
47053
25431
45058
26118
45851
25235
45630
25439
46454
25418
26149
31603
43071
30392
45942
31522
47366
25443
46114
25240
43096
25263
46895
24534
47018
30690
46026
20106
45557
25645
47146
25228
45703
34537
42758
23299
46680
25699
45589
24742
31677
16472
46114
24433
45321
25138
47028
25795
46382
24132
45915
24694
43545
23005
40118
25045
27083
14302
49072
25821
45943
25877
45865
25338
42500
23621
47309
20625
45637
26451
41819
22927
46356
32455
37672
26440
46211
15602
47010
25187
54422
33792
46239
24586
45241
25491
43269
33339
39330
33123
38484
25090
45241
24960
43386
17278
46058
25546
45374
25963
46306
26032
46216
22289
45489
23388
46619
25604
59689
25271
46358
24779
46755
25824
46492
25716
46972
41894
45512
25286
42505
23208
46677
25729
46058
30165
43259
19948
46615
25917
46637
25857
47123
24581
46181
25158
56765
22279
46790
24977
45262
24421
44547
23244
38601
24584
46379
33535
46730
25090
44394
24551
46487
25457
45938
25038
32556
35435
47720
25922
46850
31743
43713
17626
45372
25192
46231
26280
45657
24218
45913
25839
46532
25891
46108
25514
46565
25826
46091
21829
43226
23812
45464
24892
47564
25564
46293
25167
45862
24885
74729
21703
46903
25948
45525
25667
46281
25398
47730
25787
38694
22480
50276
25525
45886
23005
46289
25601
25898
12300
38940
21920
43723
20199
45933
25326
43438
17147
46712
24492
46183
30100
45873
25707
46382
22138
45078
42375
46379
25771
46447
25232
46973
25123
43523
20023
45509
24925
46808
26312
45181
25391
30033
26396
46724
25639
43462
25185
45895
28377
46306
41692
46725
25992
44032
26757
46291
21421
46535
24080
45414
25151
46394
24992
37935
19994
48001
25205
47910
25689
43533
29503
45184
23211
27136
15114
43092
22742
47070
24063
46647
25193
43781
33314
46679
24870
45911
25477
28503
15115
46136
25523
46990
25283
27584
30046
46090
25662
37827
14678
45577
32270
44168
22908
45853
25033
46044
32224
45863
25864
46830
25581
45497
25614
47171
25549
222860
19002
46012
23945
55507
25591
46291
25103
46056
25276
68335
25238
46106
25862
46687
25426
43183
22028
46451
23594
45264
25030
205847
30475
46371
33441
47532
23863
46983
25667
46189
25551
31701
13807
46379
26070
46777
25234
26850
13580
46133
25536
27606
26889
47870
25699
27056
31845
45800
34385
48073
25150
44402
30791
46902
21445
46670
23820
48173
25947
45106
19954
46762
25754
45456
26973
47221
25273
45171
23706
47399
25393
46505
26175
38244
19233
47309
25367
77122
24915
45287
23574
27233
15011
47649
25329
46557
25721
46156
25997
45130
20063
38547
25829
46639
25524
46535
27166
45720
24805
36917
32510
44940
30793
38288
21677
47171
25308
38273
14527
39000
14306
27483
25078
46465
25165
46718
25577
46349
25579
47263
26323
35941
27428
43537
21983
47276
25250
45853
25386
48869
25679
46409
29666
46096
25852
31604
23048
47479
25296
47016
25911
45798
25240
46415
25426
46640
25854
45171
24783
46302
24201
45946
22025
45076
27927
47337
26030
46078
27385
45965
22717
46126
25211
44169
34867
46808
35292
47535
25659
46033
24822
46820
25577
43357
22830
47021
25379
46552
25822
45277
23231
46291
25203
47928
21915
43922
23423
45946
32765
45883
25133
39756
22326
44364
21753
48146
24932
45357
25359
46146
32434
46028
25085
43708
22649
47443
25268
31367
29873
31508
17617
47810
25245
46256
33289
34805
20907
47765
26440
46316
24697
46567
25702
46351
34570
47248
25741
46544
27280
45690
23697
46980
21063
47096
25203
45517
25030
47662
25922
47113
24937
45896
25321
41906
21201
45574
25527
43958
23015
46720
25589
45708
23569
43725
22662
46577
25471
37724
18713
46505
25015
43577
22739
45036
24895
28350
29117
45941
24025
39107
28279
39405
25535
46309
24810
46795
24955
40200
25792
47617
24920
46211
17843
46907
25272
47041
25455
46188
14628
44560
22693
46419
25386
47374
21676
68244
34528
46136
27115
45645
24885
46665
20001
36612
18842
47176
25533
43776
30640
46311
25556
47429
25348
46692
25138
31779
17496
46294
34101
43476
25005
46095
23823
45329
25914
46722
32702
46199
25261
45457
41215
47050
25972
45209
24955
45179
25002
46066
24799
44106
22525
41965
14712
46704
21930
44831
22281
47296
25125
44510
16941
44682
33123
46078
25554
47617
25827
45321
25449
48170
24699
37605
26910
44146
23213
45850
24855
43881
24948
43755
23787
46411
25281
46133
25426
38275
25181
47186
34599
46244
25561
44517
17282
36766
20656
28383
15022
46486
20993
46298
25702
45408
24897
46517
25860
46567
25313
45793
43291
48394
15110
46409
25912
46813
25551
45166
22915
39713
25709
46363
30843
44815
24060
46625
23676
45472
24827
46639
25146
45392
24807
46660
25416
46950
24699
44386
29989
43840
20858
44661
31430
44612
26504
45737
25734
46540
23138
47475
26067
47800
25561
28163
27790
46311
25020
52791
23275
36748
21534
81422
20093
46603
19622
46138
24063
47131
25933
46271
25053
46845
18898
44677
25922
45858
21186
46617
25724
45936
24598
27020
14419
45542
24406
36095
25594
46692
25002
46896
25461
43184
17405
46291
24507
44619
26020
38874
19409
43860
16514
71863
25434
46187
25554
45214
26541
45538
21673
45221
22726
46350
24969
45527
25489
46284
25163
46555
26025
46181
25965
44750
24825
46775
26413
46565
26048
47280
25717
36713
21059
46552
25968
46106
25709
43983
24792
44936
23832
54170
41260
46122
20177
44805
22103
46507
25754
46492
25483
45290
25351
44312
31117
46354
26261
39263
25102
43650
22427
46990
25955
34470
19524
46722
25982
47742
25609
46381
24831
46795
25716
46988
43092
46926
25646
46461
25930
46755
25467
46620
25942
46414
25418
45802
24456
46239
24972
45640
34078
43198
29772
45698
25005
46271
25857
47645
25331
46284
25411
46602
21421
44792
22308
46191
25446
39714
21313
43838
17426
47153
21274
45334
25777
47255
25647
32447
24883
45296
25647
47015
25401
47417
24869
46748
26992
44024
34329
57306
25571
45908
25426
46377
33761
43302
17157
42398
24432
46520
26000
46311
25087
46391
25017
47104
25476
27298
14153
45989
24696
45692
25241
47539
25834
46043
15871
46405
25754
45529
31894
46815
24432
39674
21459
46261
25496
45134
24291
46918
26054
46374
20008
46269
20319
45993
33599
46013
43171
46191
23932
45823
25319
47016
25256
47402
25645
45098
24567
46078
34579
45948
23907
27080
31864
45623
25924
45915
24965
46161
25793
46913
25446
46141
25330
47328
33189
30647
25672
43532
22374
45374
24541
46748
25052
44515
25115
45885
25942
46517
25446
46772
24074
47924
24611
46567
25426
47808
25552
47963
25561
28030
14036
47692
32741
46199
25163
45414
17738
47712
25536
45587
20289
45831
25962
45988
25293
46504
33099
45494
25701
47712
25469
46399
25977
38653
25586
42474
21933
47469
25820
45670
25406
46299
33079
45475
25197
47304
24955
46885
25396
47610
25481
45942
25531
31538
17089
45859
25576
46419
25308
46642
25820
35537
26486
43642
30425
47170
20901
45740
25167
40142
21658
47664
21835
32012
18079
45630
32627
44031
26226
42443
23313
46224
25553
47502
18045
46351
23449
43240
30525
43974
25301
47105
25867
45327
23674
43545
17482
45149
25010
216700
25577
47078
25375
46807
26145
45304
31650
37447
21036
47913
25406
43299
23184
47725
25403
28273
15095
44462
22760
44521
25569
46715
25247
44826
17317
46228
53395
46566
26106
46442
25995
40622
24045
45835
23093
34158
12971
46647
25346
43365
21763
46243
25882
46487
23271
39088
21749
47090
25892
46547
25552
46797
26170
46401
25340
46795
23476
44733
30217
45567
16109
45978
25135
44038
22244
45342
27283
46003
26094
45890
25243
45644
25365
40873
20886
27475
26433
47661
25241
47146
32497
46710
20765
45667
19765
21213
27514
46063
25132
46437
31940
46582
35484
40081
25230
46763
20276
46471
18920
46966
25040
47101
25719
45579
25586
28397
35181
43961
33786
43728
32417
44367
25383
43019
23060
44728
24834
45603
25238
46080
24927
47501
24669
46913
25263
46136
23772
46988
25155
46086
24958
44485
22702
43395
22176
44385
25382
46452
24822
46679
24591
47373
25642
46825
25070
47826
25063
41644
20978
45896
24894
46976
25319
46617
26137
47907
25504
46663
26356
47215
25466
46306
25809
45680
34690
46347
28075
45539
25524
47634
25163
46306
24361
44134
25022
46507
24471
46106
25215
40082
25229
47364
25380
45750
25130
48559
25544
46928
25517
47732
25719
46824
25155
47616
25419
46770
24975
47180
33972
46734
25160
46179
21730
48404
25967
46422
24917
46487
25248
45309
25781
46033
25113
47865
26030
46617
25524
46762
26661
37958
12936
46000
20242
47212
25384
45966
25596
46008
25376
47249
25601
45670
25291
45294
33410
45685
24817
45673
20122
45908
32421
39239
26048
46264
24226
37428
19969
44317
31498
46663
25399
46630
25476
43457
16814
46955
24396
47020
24662
47689
25382
43808
28854
46778
25927
46366
21968
47114
24954
45537
25331
47890
24893
46071
25115
35373
31262
46750
24822
46500
25202
46692
25709
45644
25318
47611
24690
44264
26981
44858
24048
45800
24799
71982
26013
27315
15182
47260
25965
46163
24847
46044
25557
27871
26418
27001
24681
43484
28397
37296
31124
47878
24078
46587
33018
45795
30199
45097
34068
40069
21569
46391
33684
47281
25736
46172
42563
43696
23043
46898
25770
27110
25724
44482
22491
45123
25197
46700
25208
46331
25501
32439
18119
46474
25516
43643
23300
46061
25090
46885
25508
46344
24977
45732
25035
46457
25820
44843
22875
46704
25909
43816
23477
47241
25104
26797
27055
47887
33404
26508
14159
47341
19758
43908
38696
44174
23050
45782
24990
37867
19020
20997
38206
43685
16952
46203
26355
38117
27719
71071
31330
46219
21419
47007
25849
44282
17947
46226
26045
46654
24609
47196
25248
45876
25272
23956
20100
45123
28604
44321
29636
45171
25093
46021
26270
28328
25286
44369
20680
48299
25597
46156
29317
47236
14026
45329
25075
46634
26629
47830
25152
47323
25188
46199
25387
46624
31173
53399
21037
47083
25902
46146
34013
47031
25431
47068
25240
46957
32347
37917
25403
46211
25240
44467
25054
46023
25554
46730
25973
46836
25348
45342
25130
46484
23680
38613
25749
47654
25348
44843
21992
45271
25100
45565
32988
47048
25155
47003
25746
45808
25196
47233
25624
46952
21142
45467
30731
39375
21367
43893
24058
46274
25504
46427
25531
45722
29824
43866
20785
27082
15076
46332
25651
28626
14180
46459
25608
45334
25547
46622
25431
45673
25145
46502
25697
43124
31284
38915
21297
46858
25789
46066
25556
47601
25869
39140
23173
46624
13854
45382
25305
45931
25731
47181
25315
46076
25856
45547
19966
45800
24747
42821
17262
46344
24782
45766
24978
44865
25053
45497
24915
43639
24185
38583
23591
46755
25405
46316
25260
45391
25855
38156
19893
44745
16225
45194
15495
46472
23842
45068
25186
46479
25559
47020
25552
43935
22083
44672
15151
45909
25140
46757
42392
47243
25487
45276
32405
45823
22173
45703
25469
44986
30266
46096
24937
46076
25361
46955
25497
45675
24068
45555
31214
46309
26123
53743
26190
42969
27347
26800
26388
43901
30908
46186
24919
35873
20290
44958
25500
46802
25679
46206
24968
47770
36759
46241
25829
46469
24797
45631
25246
27601
15234
47053
25310
46354
34133
44392
25386
46943
25210
47519
25744
47353
18715
45862
25115
45058
25454
46213
25832
44286
25784
45836
24567
27321
24416
45489
23043
46221
25464
42460
22279
39920
25338
46587
18306
45885
25123
46371
20805
46076
25471
45518
18897
47737
25679
42514
33893
46282
25243
46504
25694
46382
25250
46584
25548
43097
22772
46151
18510
46479
25424
47003
25692
47274
25914
47529
25734
39216
26205
47098
25622
44770
32361
45580
32284
47610
26293
46168
25911
45778
26052
45246
20915
46692
25411
45717
24476
45329
18781
45728
25436
44718
22544
45556
25491
46625
53274
46115
26009
43361
29110
46048
25348
46216
25158
43668
32970
45352
30138
45677
21447
46264
25512
46492
25654
71113
25276
47331
25867
46662
24913
45692
25897
45918
20803
46341
25373
46604
26453
45111
25776
44201
41290
73481
25042
46018
25992
47144
25743
46631
25406
27483
25288
27231
26176
47371
25924
27122
15349
46860
44163
47624
25411
44153
25623
45693
33532
45891
25943
45523
25298
43836
40958
47619
25754
47793
25391
46469
29598
45715
14093
45274
25829
46299
25401
82628
20256
46041
22842
46276
25118
43954
22174
46186
24443
47564
25366
45474
23190
46420
18786
46168
21744
40611
26355
47095
30931
36310
14328
46883
24702
46637
25609
45459
24454
48250
53709
47041
25654
46496
25807
45061
25243
47203
25210
40257
25619
46140
25083
46308
25161
45740
25856
45397
25686
47208
26042
42762
24514
47657
25324
36537
19956
33619
18823
46442
41939
47145
25155
45642
25030
47489
25596
40719
29046
46700
25409
46029
25819
26711
35542
36918
50569
46434
26088
43325
17232
46005
26123
46236
26574
23949
13347
34565
16949
43633
16986
46094
25608
47760
24993
39859
21607
47093
20239
43332
33068
45519
32875
46274
25466
44860
25910
39755
25543
46326
25977
43317
33346
46640
25882
44988
25513
45680
20103
47131
26040
47233
33429
47349
25030
46694
24456
43470
17119
44099
24204
70296
25015
47427
25350
26955
14662
36148
23839
46351
25054
45635
25679
46591
25228
47126
25348
45432
25293
45318
21062
46778
25875
45770
28052
45725
27932
46446
32254
44918
25233
46737
25228
46532
25136
45962
35040
47835
32818
45479
25015
47792
25486
43157
16956
44558
24704
46835
18668
43970
21461
46412
25048
39620
32011
46539
32254
46571
24864
71932
24897
45971
21822
47168
25073
46699
25225
46339
25586
47058
26165
45763
20017
44582
22510
47463
18191
43240
32085
45974
31282
46532
25591
44936
22602
31352
17376
46061
24637
46630
20985
46930
25647
46507
25253
27329
15603
47298
25571
47251
25177
46069
25102
45474
25523
45678
23087
46607
25195
38005
21623
46795
25409
46579
25191
46880
43109
45386
32668
47925
25566
46324
25932
45963
26024
46321
24032
46607
25132
44751
25534
46537
25797
46224
25501
38940
21656
35591
18676
46950
22870
27924
23830
47206
25741
46407
25216
46430
33195
44928
24006
45050
21808
46607
24935
46898
33967
45867
23391
45745
25841
44951
24622
44953
32895
46049
22381
45880
26313
46740
25919
46136
25011
26432
14283
43455
30610
46647
25303
43570
22254
48088
42991
45693
24231
46577
25163
45031
24939
47331
25355
46968
25336
45718
25905
45139
25295
75238
20625
46612
23286
45392
22557
45517
25150
47061
25751
44490
31205
46875
25304
45970
24239
47061
31843
46306
25647
45733
34145
48416
25207
47659
25531
46416
18797
47000
24351
45470
25459
47365
25794
46536
24784
47966
25946
43981
34447
45171
32765
47434
26038
68633
25155
47519
26802
46233
34374
46010
25085
45694
25796
45968
25243
45066
22612
47822
32718
46452
25278
46695
26330
46962
21982
45226
25462
46341
25604
38598
20928
44940
23008
34794
26115
42603
22835
45795
24128
46248
22368
42453
21499
45170
25695
43803
22510
46218
25266
44402
31344
47988
25822
45906
25371
28285
23431
46421
43099
46600
24803
44094
22584
46098
32827
46634
26090
47171
26358
44415
24882
46577
26738
43162
17392
39838
25075
46329
25479
45835
25802
42283
25654
45866
25275
48052
25486
43769
23128
45169
31820
46216
43292
46584
25059
38537
21345
32170
32036
37842
26265
46770
24293
27532
23614
46512
26200
46928
25952
27214
33933
48043
25614
46286
25498
46724
26085
21279
38638
27040
15418
46827
24988
45645
24983
45768
25052
47409
25168
45860
24872
46830
25253
46409
25904
44868
17405
76393
31607
46351
33597
47782
20647
46286
25336
46153
24975
45377
25158
47099
25759
45973
25709
45124
25503
43411
34260
45908
29443
45277
24116
46020
25899
26294
14524
43155
24041
39032
21445
45643
26220
44151
25346
45998
25125
46474
25093
46527
25627
45867
33880
36576
18875
71489
24773
46316
36908
25918
35339
42716
17238
45788
23600
46341
25200
21193
27307
47138
32876
45153
33472
45148
25316
46356
25734
46018
24216
48313
25083
46522
25649
47036
25010
46559
25047
47076
25282
41701
30811
46805
20647
44182
22872
45908
25444
43425
32327
44613
25301
43974
24841
47497
25130
46494
25664
45888
23900
26158
23754
46669
26010
44335
22164
46555
25433
39274
33266
46013
25765
46810
25551
45402
31126
46708
27120
44890
26361
45633
24991
47301
24900
46427
23960
46555
25593
45850
25694
47386
25504
46702
25784
36277
26526
45856
25403
47562
25271
44535
25063
44738
34482
47281
19418
46441
21901
45687
24819
45124
25480
45471
25647
27456
22439
46362
25614
44602
17167
47131
25376
46789
14724
43703
17157
46567
25436
45735
24696
40031
24832
46928
25589
45565
26752
46619
25879
38699
29192
45602
24629
45800
25471
45447
25656
46582
25617
46559
25008
44449
22524
46723
26030
45923
25132
48403
25225
45915
25666
46542
23620
45156
24782
45522
32610
45512
24614
38960
22606
54156
9759
45763
42407
46030
25676
34747
24208
47977
25794
45547
25198
45437
24534
46481
26058
47449
25206
45274
32001
37856
25223
45016
25699
46071
25731
47825
25622
40236
24684
45150
31898
42809
23371
46343
23847
27409
25679
45974
24060
46254
25313
47106
20155
44653
25719
45747
25145
46840
25619
45896
25348
47839
25067
47990
32339
44917
24619
43635
17555
46474
31141
45131
25310
47509
25528
45349
23374
45437
25148
46735
24724
45276
25187
46214
25291
46391
25055
29596
33201
45697
25493
47110
25175
44745
31337
43693
22926
46196
23712
47336
24402
46551
25045
45309
24945
42701
22106
45014
25258
45925
25849
43315
23397
47025
25463
46116
25359
44771
17172
47214
24885
46607
25320
45742
47484
46342
32322
45855
26213
30933
18200
46527
32550
30869
17009
44921
26856
45509
15053
45505
26042
46422
25140
47186
25383
47992
26240
45119
25141
