196
133
273
296
421
301
336
263
358
174
286
188
283
286
239
185
201
326
449
217
221
283
271
323
343
313
246
309
227
226
391
315
341
301
148
163
345
309
376
328
459
198
264
306
268
173
356
174
237
286
337
316
209
224
216
310
215
284
340
303
235
298
333
313
386
321
222
138
358
316
239
318
328
326
269
316
257
215
225
283
148
295
295
283
306
309
170
293
571
313
295
206
201
293
254
288
350
315
261
306
363
316
411
295
291
328
281
288
181
132
311
316
241
251
278
193
343
314
194
246
258
283
311
298
331
133
271
334
261
298
244
320
218
331
253
308
298
304
285
308
260
316
270
303
315
308
289
149
424
291
268
395
429
303
368
293
319
208
243
147
354
248
351
173
427
323
356
293
323
178
403
291
288
308
193
299
334
296
365
316
227
309
331
294
275
308
229
298
299
303
277
328
381
358
278
288
303
298
357
297
621
306
337
328
428
177
279
301
209
180
182
157
306
295
270
323
316
309
130
298
227
323
366
216
278
290
331
293
286
313
256
117
376
331
231
263
165
321
308
308
384
310
283
303
234
304
243
253
331
295
301
343
178
293
127
291
270
278
415
328
245
318
305
246
121
230
241
311
350
306
278
306
333
301
338
354
366
326
203
256
278
124
401
316
339
208
341
308
323
200
240
311
265
311
328
308
349
303
311
316
341
331
358
291
323
195
367
321
150
198
334
318
243
190
228
311
269
199
166
301
356
331
369
301
350
323
260
283
186
199
182
313
258
308
346
220
360
308
156
316
273
343
309
295
258
307
333
308
215
131
374
328
548
316
301
293
391
215
335
250
446
203
306
310
351
298
323
298
263
308
328
273
341
313
315
283
329
236
258
311
257
308
263
316
441
318
354
309
474
166
318
306
431
316
311
194
242
314
283
313
391
301
335
298
210
307
326
190
216
331
396
280
303
295
353
310
275
303
288
321
241
256
371
296
238
294
355
310
339
323
288
261
225
293
316
309
223
323
336
283
241
204
286
255
286
301
232
189
303
303
303
301
260
290
251
331
191
153
413
188
296
308
343
313
270
301
318
298
311
283
356
310
308
255
379
316
371
328
314
303
273
251
216
230
296
321
413
304
363
288
353
308
281
328
358
248
273
287
262
295
378
329
266
177
250
300
361
316
246
326
331
291
321
286
333
263
245
285
208
309
284
313
125
309
220
181
329
271
324
238
303
305
293
360
332
271
262
201
243
293
313
221
344
225
373
308
359
296
349
298
286
295
264
268
234
316
394
259
253
228
281
308
263
321
275
295
142
172
187
311
225
281
526
316
214
308
348
285
201
208
233
245
119
313
385
321
160
171
341
300
353
283
275
321
366
187
301
232
256
301
316
226
230
324
343
293
239
296
246
293
315
236
364
240
243
325
303
215
338
301
326
314
264
296
238
309
189
283
358
313
263
338
283
293
343
225
144
313
238
295
351
258
175
173
252
296
331
230
261
219
343
167
218
299
240
296
328
299
426
318
191
308
366
221
399
283
242
301
346
311
409
301
373
272
343
160
296
296
171
323
273
336
168
172
454
288
234
295
318
136
179
319
313
303
381
316
268
308
179
331
343
328
351
305
240
306
351
181
265
293
189
244
357
318
348
314
336
220
351
330
253
200
211
325
413
318
311
335
341
308
343
295
243
293
291
163
158
216
186
321
276
186
256
297
307
295
193
301
374
328
274
331
343
236
255
293
323
228
260
281
220
305
421
304
247
291
294
182
407
220
186
318
276
316
348
311
372
304
242
328
342
296
368
257
177
230
268
323
320
224
354
298
320
319
276
295
274
310
212
238
326
298
343
296
306
293
400
248
409
321
424
307
431
171
238
271
271
326
238
296
259
224
273
305
292
291
283
316
421
313
406
316
426
213
184
321
223
303
274
305
363
318
273
305
218
318
277
301
338
239
201
225
355
177
376
306
277
165
303
290
408
240
304
170
181
328
363
290
366
318
331
233
171
288
336
285
192
212
239
295
364
299
334
273
281
303
333
129
268
329
257
293
371
247
265
248
260
289
293
316
328
333
371
309
326
296
364
313
263
303
351
169
288
318
333
310
345
173
393
304
279
328
343
307
383
308
318
296
156
291
408
200
348
288
266
142
323
301
343
303
270
283
329
296
255
296
318
158
338
315
266
288
415
313
399
305
258
313
317
301
396
306
433
329
394
293
231
289
421
219
370
296
226
294
323
294
340
278
418
152
209
276
439
301
396
236
419
301
325
328
323
290
144
313
333
186
205
295
326
306
317
314
436
320
365
300
318
169
241
291
320
300
285
298
169
321
351
288
361
308
218
248
358
202
393
303
386
243
246
251
280
214
311
127
416
326
368
346
279
209
349
315
396
297
288
300
349
311
283
326
316
309
418
301
293
328
187
285
260
309
340
299
408
321
414
272
336
236
404
308
242
296
340
253
411
283
330
311
273
326
339
297
299
311
276
303
451
308
351
227
313
316
273
249
606
311
445
296
351
238
308
313
491
311
333
301
220
179
436
334
350
308
454
303
340
303
348
315
358
310
574
295
226
358
387
316
431
262
278
260
183
236
375
298
334
303
248
261
296
313
383
311
364
290
189
286
377
326
629
308
284
291
355
296
294
304
424
321
469
288
281
271
334
238
233
303
311
311
428
308
376
308
249
327
356
170
303
127
381
298
349
326
272
301
258
314
311
340
406
228
389
308
414
232
339
303
354
301
346
253
394
298
408
189
324
298
384
290
338
293
251
168
348
188
384
296
338
311
343
283
446
326
431
208
346
311
383
308
351
217
333
290
418
301
294
187
359
321
331
238
233
193
327
313
451
197
456
315
379
291
326
298
269
207
375
309
379
306
426
253
391
293
406
313
436
290
240
298
418
311
411
315
323
296
399
260
401
300
374
325
267
298
378
298
289
193
416
170
308
249
208
296
424
259
431
314
282
308
403
295
419
266
406
261
398
310
444
291
426
303
436
232
268
207
349
295
436
207
421
237
259
313
303
225
230
295
387
242
366
321
373
238
413
310
246
179
441
304
388
206
333
315
366
304
436
295
261
249
285
311
333
283
281
295
284
308
401
293
303
271
275
301
359
315
704
316
316
244
251
92
389
273
316
260
383
329
331
298
195
331
262
273
328
318
156
294
226
326
251
290
346
303
403
238
255
155
271
276
408
313
209
141
313
290
421
298
385
296
390
256
293
221
334
241
260
296
307
331
283
311
439
326
401
346
394
296
373
321
355
271
329
295
326
301
326
336
241
331
419
313
404
280
403
259
441
301
346
306
363
311
439
171
333
313
431
300
308
369
343
300
398
291
305
232
418
291
446
240
413
230
371
324
361
278
429
155
396
294
338
299
321
283
428
301
396
283
380
220
449
321
296
295
404
323
405
291
355
268
411
311
193
203
356
258
439
330
280
303
331
245
226
169
396
308
394
298
433
299
376
93
416
301
431
316
386
232
418
311
426
258
252
303
365
343
424
306
321
351
282
283
421
311
231
257
356
300
634
324
434
306
425
311
378
295
359
303
292
293
439
318
289
306
386
290
304
303
405
140
391
294
406
309
309
306
399
301
306
192
443
323
451
296
429
224
441
304
366
296
317
308
388
296
434
346
283
229
368
218
481
288
428
173
441
318
424
231
168
316
326
200
354
346
395
227
373
308
433
323
326
291
328
179
281
303
239
314
445
253
441
303
426
315
393
199
321
116
331
210
381
301
431
323
391
309
348
298
411
245
388
281
416
303
271
306
359
306
349
300
369
296
222
288
379
328
381
308
431
240
426
318
306
250
461
346
342
250
381
309
319
303
301
304
382
314
406
303
419
319
421
303
330
321
357
301
411
303
411
316
336
296
429
318
439
311
404
295
391
263
397
315
333
349
275
291
421
133
403
280
489
301
434
307
289
301
431
188
307
301
341
283
393
253
391
301
301
295
221
313
324
183
321
218
363
251
227
301
361
309
279
218
411
270
393
182
250
198
435
299
299
186
335
314
413
296
242
248
361
243
405
301
312
215
287
331
390
202
359
313
197
306
413
283
340
311
421
316
353
215
339
238
354
301
431
122
459
230
403
283
403
318
227
313
323
229
370
316
283
303
391
196
425
130
409
288
375
296
476
125
623
263
409
331
309
283
409
326
351
207
453
273
386
261
270
311
369
321
411
308
247
296
426
296
361
250
421
316
281
325
421
249
416
313
431
301
421
300
411
301
444
301
323
325
444
249
395
301
331
311
269
283
288
308
418
296
311
310
323
306
413
306
288
283
316
301
321
283
270
306
240
316
323
311
259
316
207
323
261
211
333
303
242
165
413
301
436
296
389
277
291
304
308
303
291
309
182
105
336
293
426
201
459
233
250
220
265
295
354
305
393
273
226
128
256
273
233
293
276
301
381
290
371
324
368
303
429
315
290
290
368
296
428
315
449
328
301
201
378
313
201
169
299
131
421
300
291
291
183
315
426
313
381
291
200
168
291
305
282
317
398
285
353
358
393
221
251
309
454
315
411
298
426
243
380
247
398
160
308
301
204
224
245
280
421
303
339
217
411
308
320
251
344
346
245
296
394
189
195
306
421
306
323
294
305
203
261
167
271
318
306
298
207
315
223
241
240
309
333
253
294
270
299
316
343
295
461
313
246
184
311
224
284
303
369
329
318
294
373
331
421
307
306
306
241
323
226
331
351
306
323
298
356
296
327
294
351
308
363
328
223
311
363
311
230
301
222
174
233
294
347
286
458
313
397
306
287
289
356
315
321
224
265
308
418
301
264
296
333
295
335
311
346
303
436
221
316
216
444
304
393
307
335
301
366
321
223
248
326
266
333
308
363
215
389
318
345
316
348
225
288
313
283
283
351
301
353
311
250
329
353
218
333
313
408
241
354
229
269
237
516
313
286
309
215
188
421
296
337
293
599
303
418
311
353
253
466
316
343
298
299
205
307
313
348
301
403
223
330
244
511
288
347
246
265
296
260
318
248
293
346
316
426
225
300
211
199
301
219
336
328
324
181
296
274
313
356
316
368
313
303
213
369
306
133
284
401
308
263
321
300
314
383
316
338
306
371
301
411
301
326
300
302
190
331
295
338
326
264
105
356
308
339
189
343
313
327
296
375
298
353
311
300
311
366
316
331
295
323
225
268
303
334
232
399
306
433
331
217
303
329
303
437
299
254
158
336
316
333
158
389
238
359
296
341
311
404
299
261
270
283
293
413
286
363
331
373
326
490
125
343
300
433
313
346
300
388
311
451
309
375
217
401
304
331
323
381
146
225
244
336
303
318
294
326
296
383
253
217
283
343
296
112
276
306
285
366
306
356
172
433
198
371
310
408
173
334
256
343
316
336
291
407
313
441
177
361
304
411
168
360
303
416
226
245
118
436
299
227
295
299
88
428
288
409
303
436
313
300
301
385
179
366
308
255
134
419
236
401
273
329
263
408
300
182
79
433
318
378
301
356
253
268
296
439
207
269
187
356
291
413
323
426
234
364
296
227
290
358
295
511
242
356
305
411
270
514
311
516
308
371
211
351
310
326
176
286
317
339
235
379
311
405
239
356
306
408
316
356
313
191
162
233
133
428
343
424
300
230
317
427
320
260
298
371
354
179
298
267
313
223
311
427
306
286
313
163
286
359
267
278
224
369
277
289
261
269
321
323
217
361
321
300
295
589
293
579
306
244
313
172
295
361
283
206
305
304
183
421
275
278
333
411
208
337
243
339
328
282
308
177
305
349
303
290
316
403
293
313
298
337
311
346
262
350
303
321
234
325
144
371
316
408
284
202
315
396
313
354
318
335
236
319
304
416
303
351
264
260
213
454
319
247
299
419
298
296
296
368
295
339
301
389
313
335
303
219
159
325
309
375
336
326
154
295
298
363
205
319
321
356
177
336
197
346
283
423
319
549
251
345
310
373
293
318
296
385
301
311
180
437
313
394
232
326
331
391
301
259
296
293
324
449
313
376
296
299
120
434
301
221
319
383
308
376
281
469
313
370
300
420
134
306
180
289
245
291
296
275
170
406
316
413
308
316
328
388
283
184
323
252
310
426
293
341
324
434
323
351
328
239
316
428
321
302
294
221
135
410
222
311
307
396
308
373
304
281
310
764
303
556
303
293
311
388
301
350
283
246
188
381
303
385
303
343
206
225
269
311
310
365
300
304
237
356
309
346
321
243
190
346
311
293
301
361
249
316
249
350
308
542
305
461
319
241
311
360
321
318
248
315
309
394
308
223
309
321
320
348
212
441
268
355
153
238
305
371
326
207
308
266
316
348
320
249
280
456
309
284
189
344
296
370
239
321
294
343
289
277
311
313
192
380
295
336
270
291
173
293
304
346
288
316
333
344
255
242
177
260
215
213
303
322
303
354
291
341
298
329
293
281
314
349
316
299
301
389
296
344
248
266
184
301
286
350
177
258
176
258
207
284
211
476
316
441
310
215
308
331
295
387
298
321
313
416
193
354
295
341
303
343
283
305
301
287
303
317
141
415
316
376
308
333
307
340
333
411
198
336
264
423
260
371
306
379
296
351
303
136
283
293
291
369
253
321
308
314
318
353
291
287
182
393
234
268
283
318
308
346
255
285
308
355
316
313
281
346
296
261
299
344
236
371
306
449
303
353
293
273
169
348
300
238
206
222
231
405
329
446
238
419
295
356
303
316
299
208
293
418
296
339
296
288
296
300
324
346
318
336
293
260
265
421
331
368
315
391
296
365
329
336
210
380
295
411
280
249
153
687
316
298
283
350
281
161
307
304
313
326
309
351
184
381
298
310
291
431
320
419
144
398
295
359
211
390
304
343
323
212
316
326
304
314
265
283
309
305
308
391
308
277
310
433
139
433
206
374
283
419
306
345
313
318
303
395
321
362
313
424
228
441
261
311
308
370
233
421
284
378
211
233
301
363
303
427
301
371
244
354
324
338
304
344
320
279
152
314
202
459
301
361
290
237
298
301
300
233
314
267
237
350
191
421
326
294
295
356
299
237
259
258
316
348
316
368
290
624
245
426
319
459
306
427
303
343
182
399
321
378
296
290
228
361
310
385
293
414
296
376
321
361
300
444
227
321
258
281
248
343
189
434
305
441
205
373
291
431
313
301
275
322
301
409
305
257
286
417
283
356
158
281
343
365
306
282
212
165
290
308
209
401
262
227
261
418
260
590
331
394
296
393
230
340
314
316
241
406
301
446
306
363
203
219
159
388
310
363
227
408
311
429
320
384
243
448
313
156
266
326
313
363
318
354
122
295
308
401
297
338
311
386
308
266
293
441
316
311
271
448
300
337
300
227
127
252
123
288
313
298
205
444
326
297
214
438
313
269
153
324
301
376
307
239
301
335
328
429
301
415
296
341
300
275
256
425
303
249
310
354
326
359
326
574
296
383
298
431
331
319
301
300
321
414
264
384
313
293
318
362
265
443
316
394
310
361
301
366
323
507
307
284
310
428
318
411
311
324
295
369
310
328
253
328
304
177
228
344
311
244
226
408
134
324
170
446
311
329
253
386
305
436
288
394
298
350
299
351
328
426
319
413
320
435
304
230
311
383
268
397
309
326
230
416
296
399
283
373
236
333
316
393
238
288
315
483
213
356
248
315
301
244
196
364
283
308
260
370
257
366
301
375
301
389
285
339
295
354
300
436
315
266
255
448
324
383
142
235
313
408
306
350
295
359
318
380
305
359
298
369
296
203
98
340
314
303
320
431
216
434
313
371
298
414
276
289
235
414
301
290
311
375
276
358
301
383
256
429
192
336
311
231
293
435
308
260
313
444
306
154
298
202
318
541
185
367
313
209
293
353
311
326
311
313
293
421
316
459
254
313
295
388
299
290
281
345
303
439
214
304
301
440
85
385
175
446
316
321
132
361
318
383
307
271
325
431
219
371
316
369
306
344
175
300
174
320
268
327
283
408
315
434
309
449
308
376
293
423
129
334
308
323
339
222
329
403
300
358
248
404
299
389
299
413
311
209
296
428
311
214
319
406
308
465
245
267
299
457
294
304
301
433
330
238
286
414
283
298
320
345
300
300
234
459
323
461
319
418
291
255
173
441
301
413
330
424
309
659
303
411
293
418
293
459
316
370
323
441
310
304
309
454
300
431
314
389
238
426
200
425
310
387
298
398
290
399
303
263
306
375
173
361
310
431
246
293
288
378
308
343
296
376
207
399
278
439
288
463
295
368
181
195
307
405
233
451
316
423
323
373
300
200
138
409
263
303
310
273
113
363
283
346
323
376
290
333
290
393
243
501
316
466
219
396
333
384
206
311
293
548
311
345
168
338
163
451
245
379
293
333
291
415
300
288
153
361
179
360
303
386
221
296
287
361
306
358
300
418
313
431
225
451
298
391
309
417
299
405
331
394
311
433
303
361
311
418
328
328
300
429
313
326
309
351
326
323
182
378
303
220
295
298
237
307
143
346
169
328
309
276
321
280
300
240
323
333
229
453
146
268
199
296
317
423
291
323
263
374
240
247
209
408
300
290
343
446
313
298
206
471
178
396
174
404
321
325
316
446
296
396
300
373
316
401
296
411
321
361
319
226
283
340
190
331
316
355
284
451
291
444
256
336
303
376
293
282
110
677
306
408
300
431
311
180
291
374
256
593
260
421
314
234
308
238
299
435
316
419
290
355
298
350
177
300
283
423
293
413
149
391
296
421
295
382
293
564
284
264
321
421
308
447
243
458
293
431
293
439
326
369
307
439
329
351
308
411
123
429
171
403
301
421
320
373
278
386
301
296
320
401
213
451
311
323
170
328
308
305
296
386
321
451
301
404
311
451
311
651
326
297
228
413
252
419
326
279
204
409
301
399
308
305
310
424
298
408
309
327
169
270
293
411
238
378
161
416
296
184
286
355
247
471
241
341
296
279
295
454
316
366
298
228
296
256
115
377
296
607
331
371
329
320
119
458
180
316
225
386
329
302
220
275
149
326
300
370
310
416
263
441
298
437
300
369
252
313
311
369
296
451
326
686
263
363
308
326
259
288
286
271
301
390
261
346
221
326
218
282
333
479
296
304
206
369
215
297
306
255
89
436
171
256
158
