260
326
258
170
258
158
233
321
421
331
216
257
296
239
269
343
253
318
284
316
376
336
207
230
291
313
331
242
301
325
196
298
261
328
260
261
253
334
177
186
484
323
351
303
368
344
361
316
160
323
312
321
341
137
313
331
273
240
364
318
316
311
221
321
356
305
271
318
353
343
343
306
109
328
138
212
313
328
361
336
293
217
196
340
241
186
205
306
350
336
290
331
278
258
314
328
185
315
252
341
314
325
527
318
283
303
181
310
162
147
366
280
169
179
368
326
369
333
311
252
351
236
179
170
374
341
171
200
258
328
319
316
245
175
294
189
346
285
263
316
280
316
355
316
399
316
336
313
240
311
285
318
333
316
301
339
253
320
223
231
243
323
241
338
301
318
296
328
438
355
216
324
204
323
286
326
341
341
283
341
286
333
262
212
316
318
351
9214
383
261
351
263
229
343
275
326
148
318
240
324
336
286
286
326
275
343
381
205
366
316
343
343
265
323
157
178
265
323
223
333
172
316
360
316
111
335
361
265
238
173
371
338
374
340
184
313
306
378
351
328
258
135
377
284
178
306
278
195
227
251
273
306
165
331
288
239
361
316
424
213
224
336
283
323
284
217
157
239
353
212
285
323
359
318
268
318
283
321
348
315
291
318
326
316
243
333
300
328
226
306
398
323
160
188
361
331
222
336
260
188
298
325
290
346
373
336
285
291
358
336
341
323
301
178
288
175
321
324
306
318
437
304
201
231
395
243
350
313
454
326
381
270
197
336
307
334
283
333
259
311
356
286
286
353
290
209
369
341
312
308
466
290
200
223
228
319
260
214
253
161
333
263
391
334
360
278
284
316
256
341
363
321
375
321
337
241
255
314
258
328
256
335
358
353
364
364
247
326
250
195
385
318
424
232
321
341
246
327
246
318
691
328
373
306
193
283
283
313
376
326
296
219
417
331
256
303
337
250
282
306
383
318
296
343
198
318
350
330
379
251
413
321
448
334
340
323
355
348
205
306
338
316
245
291
270
253
401
323
171
129
268
314
356
333
295
288
217
254
149
306
257
343
386
328
361
269
311
331
330
316
333
339
408
286
193
271
361
323
338
328
293
348
181
236
170
316
381
226
270
326
324
249
202
323
278
323
283
305
205
315
258
242
215
316
251
315
192
321
268
200
190
145
311
316
396
280
301
324
203
305
291
303
283
212
293
324
371
329
266
319
184
321
286
309
263
326
279
313
232
318
348
326
296
173
289
323
378
309
381
219
366
326
293
329
342
341
177
273
167
195
285
333
283
325
309
301
134
162
273
242
156
316
126
333
561
331
359
318
310
231
268
323
293
323
361
321
288
318
293
341
277
243
619
319
274
319
299
334
333
316
316
333
271
328
413
190
132
188
332
223
263
356
159
348
180
326
275
316
214
315
210
326
183
350
306
313
280
287
296
330
339
333
241
333
280
266
348
306
386
379
266
341
393
330
248
326
214
348
378
323
155
336
325
327
358
320
225
279
323
296
232
170
369
323
243
336
323
315
301
240
124
190
247
329
468
205
343
279
296
329
271
278
229
318
268
343
254
324
275
323
313
283
260
266
371
330
263
318
433
313
383
333
361
168
528
336
233
184
401
344
233
305
266
341
243
298
370
331
376
323
389
323
423
315
341
326
251
328
236
320
418
180
313
131
244
329
249
275
349
235
361
223
268
239
436
333
363
333
259
326
312
331
309
306
335
318
268
306
308
256
361
329
299
299
248
325
243
331
293
323
261
331
276
306
221
316
351
313
357
285
333
271
386
321
333
323
421
316
216
293
301
336
408
313
296
258
258
320
188
313
240
315
355
271
369
328
311
310
307
207
355
336
373
330
179
181
308
265
271
315
220
266
268
316
202
219
281
201
145
191
316
326
331
313
529
337
185
142
359
341
360
328
228
331
344
291
362
334
255
337
199
244
404
343
348
318
281
333
179
339
277
236
381
130
210
306
386
141
345
318
260
323
175
166
318
336
325
331
236
316
176
327
295
296
210
254
453
330
370
258
389
316
344
237
303
331
259
333
197
300
388
323
294
311
378
321
353
350
313
334
331
306
261
319
345
331
331
211
361
247
344
314
323
215
316
314
275
314
268
331
249
261
290
214
266
285
245
341
409
277
269
343
386
305
389
336
246
328
366
293
276
296
418
317
258
230
321
135
180
148
364
276
228
341
451
320
273
226
238
189
368
345
527
329
263
318
359
321
341
341
368
334
242
328
206
306
437
333
643
328
361
330
310
316
368
344
350
235
338
326
283
321
305
313
343
288
298
330
361
323
336
275
358
306
589
326
361
316
368
323
333
344
346
306
311
321
459
341
384
315
383
324
361
319
373
338
358
313
343
278
333
344
451
313
216
321
271
334
502
266
351
311
373
323
524
349
338
319
323
361
286
319
254
210
314
318
371
326
343
303
308
321
418
238
476
333
338
313
361
272
376
315
441
318
451
320
434
328
242
306
416
331
446
323
454
318
331
306
436
288
444
316
438
229
344
323
229
179
501
339
453
326
310
316
447
211
360
368
356
326
341
321
292
226
393
279
439
329
406
318
241
330
220
172
366
331
421
331
418
341
408
328
224
316
413
298
386
338
418
323
297
313
351
316
290
325
346
321
341
328
381
339
449
325
339
326
443
318
453
330
330
257
369
328
300
262
271
353
344
211
313
323
438
299
431
346
431
316
461
323
334
228
443
329
458
331
391
318
236
131
309
252
418
223
248
318
448
240
390
344
429
326
370
202
323
287
391
318
351
316
632
311
286
323
249
328
299
331
256
331
462
275
401
334
466
340
609
343
442
331
444
303
338
346
479
321
326
315
414
323
365
297
373
349
368
333
210
344
374
341
433
318
291
341
439
328
421
283
323
343
373
306
465
313
448
306
373
334
326
331
361
316
589
242
416
211
413
323
378
308
413
331
436
334
389
315
441
326
433
328
344
328
381
315
164
318
439
238
366
313
278
304
348
321
416
311
436
201
423
316
311
167
381
336
358
274
428
326
317
240
471
329
328
313
341
310
196
321
224
300
617
314
449
326
341
328
363
318
489
298
298
336
449
318
258
183
336
333
264
341
293
325
421
313
351
283
308
316
348
328
365
133
330
326
353
300
280
333
426
335
281
170
406
339
543
310
356
321
296
316
319
295
469
321
238
346
293
340
323
326
235
323
396
286
444
326
471
238
367
331
371
353
293
234
248
324
235
328
240
326
363
319
396
341
330
318
423
319
328
336
446
323
318
327
456
171
563
228
393
331
336
334
321
201
423
327
468
323
294
318
371
341
364
238
512
324
441
318
443
328
434
316
249
328
232
334
446
178
443
340
394
275
433
183
415
281
381
331
446
320
311
211
489
258
369
331
331
318
394
331
436
333
360
325
251
266
413
343
363
341
429
350
351
333
310
293
669
316
379
319
464
323
461
318
421
315
476
318
433
326
391
333
270
330
466
329
371
340
439
318
389
281
202
331
444
240
302
194
436
323
441
296
451
320
243
172
438
326
389
330
373
333
438
323
436
328
344
321
451
291
486
136
387
320
453
346
448
327
331
341
221
323
364
323
354
268
349
316
329
328
316
328
386
331
428
316
436
239
441
346
443
327
319
323
473
331
378
313
341
326
464
268
245
331
373
349
426
323
441
334
445
343
294
313
408
331
448
331
461
318
359
333
451
303
319
313
378
316
398
318
448
321
385
293
561
331
358
321
421
338
441
328
453
316
247
123
341
293
421
333
403
318
461
343
341
333
288
323
456
330
455
323
311
306
370
351
297
178
338
336
406
324
447
319
343
328
443
311
363
310
433
246
346
330
424
323
437
323
341
328
436
175
437
316
396
308
459
305
423
323
353
319
436
244
441
180
410
316
481
341
441
324
371
319
403
351
431
331
341
232
451
300
250
138
435
328
398
253
459
315
347
333
463
295
456
323
444
326
451
316
361
197
349
346
396
343
279
343
499
334
391
221
609
335
340
316
418
243
438
334
268
327
462
180
431
330
325
203
444
241
391
343
447
316
441
355
381
331
355
268
408
321
415
326
421
316
406
323
461
311
438
336
446
315
354
351
439
343
423
333
355
341
418
340
252
263
376
301
403
248
330
138
364
300
554
341
467
311
431
331
426
323
459
318
424
323
368
329
365
325
311
335
287
230
376
304
427
314
398
276
361
325
457
331
408
338
331
313
411
320
208
288
603
324
323
313
414
320
260
328
296
333
377
313
314
274
421
333
266
324
354
364
448
328
421
310
246
213
203
333
424
325
472
326
423
320
414
316
445
331
270
318
443
286
456
341
207
333
353
273
405
306
396
267
361
242
461
333
451
321
371
316
399
323
338
321
425
343
364
329
333
255
572
278
340
320
363
316
356
255
281
138
231
311
225
244
275
326
426
323
428
321
664
318
346
323
321
266
373
343
386
310
364
333
341
196
458
263
433
331
433
323
361
326
426
231
349
331
441
328
213
315
300
275
281
303
320
333
469
311
361
329
283
330
363
303
310
277
295
272
464
316
231
333
346
328
184
306
276
288
351
333
356
220
267
181
464
346
344
331
371
216
259
321
391
334
361
341
371
329
388
296
341
343
328
329
321
318
293
331
275
323
228
310
371
321
322
203
391
331
404
356
453
316
399
245
306
255
238
331
451
241
291
311
394
273
449
305
323
193
351
283
303
333
413
331
323
161
242
265
389
283
192
227
377
316
281
190
386
304
727
303
241
326
308
323
371
316
336
318
313
333
471
328
436
288
336
179
218
333
329
326
351
125
316
261
456
340
391
202
262
333
319
278
331
291
404
331
316
323
444
285
366
298
368
356
305
336
418
318
288
323
356
329
331
251
466
230
355
313
481
346
305
180
300
318
349
328
305
294
200
112
342
250
302
174
337
331
418
336
388
323
387
318
461
339
446
315
371
316
591
318
376
319
416
338
328
176
461
328
453
328
290
181
381
318
341
307
381
326
399
361
398
328
361
331
364
309
363
319
256
326
368
321
428
291
283
318
418
338
277
319
333
319
354
313
283
326
258
314
366
124
378
265
418
313
350
329
456
348
364
316
421
330
366
335
341
338
351
286
365
331
308
276
431
331
355
306
363
341
356
333
353
301
387
301
458
328
368
328
280
161
439
202
287
306
433
328
280
253
386
181
441
336
346
326
453
264
353
318
389
308
318
241
396
328
356
343
416
333
386
348
439
336
622
213
235
160
376
326
413
326
411
303
354
341
376
331
358
333
366
316
366
326
468
138
225
185
376
323
436
326
363
263
291
365
359
331
413
330
369
319
213
151
302
341
380
239
383
324
346
247
197
323
343
230
416
331
474
318
229
331
424
338
379
298
350
343
375
245
411
320
261
202
478
211
343
316
286
138
302
328
348
222
273
313
426
139
359
264
493
275
336
316
418
310
367
266
358
333
396
225
355
139
369
320
326
315
386
105
182
324
438
333
230
314
439
319
378
331
391
328
378
333
373
323
476
283
312
168
383
323
345
316
276
316
444
226
358
331
481
326
360
308
348
353
416
197
364
320
454
256
416
299
333
306
383
325
374
286
214
331
419
249
414
303
273
323
231
283
358
238
391
326
305
229
343
329
194
163
434
305
297
313
346
338
365
331
105
323
381
246
345
333
401
208
331
341
476
276
468
333
113
308
270
283
242
349
381
326
296
341
267
340
217
315
381
328
325
316
363
323
343
318
373
301
256
323
280
328
401
331
451
315
371
328
346
331
353
311
441
293
318
321
248
333
298
238
298
326
455
329
344
236
348
333
284
316
396
334
324
181
389
228
216
129
341
318
314
295
343
303
270
321
277
358
358
308
351
336
228
321
359
311
381
265
388
248
340
326
384
240
291
217
277
224
321
212
294
313
425
313
270
253
371
318
549
344
341
264
361
266
452
251
331
288
358
318
361
257
436
323
344
331
274
135
359
316
316
331
328
328
378
343
446
318
447
306
329
323
451
327
323
318
370
328
336
319
434
313
393
315
418
333
324
286
498
329
456
323
446
333
309
328
336
341
273
200
651
336
433
336
274
318
238
316
360
249
331
316
316
348
310
273
231
326
415
318
444
311
397
333
388
388
436
264
365
315
187
328
283
311
457
361
214
192
333
323
476
316
443
276
403
318
382
311
341
318
434
218
351
303
381
336
384
167
421
341
368
328
346
341
361
331
428
333
281
346
356
323
349
324
317
319
348
348
279
196
405
318
191
129
361
186
311
181
742
253
390
260
429
285
318
305
304
327
340
335
398
356
434
320
554
333
363
329
386
323
327
258
457
324
231
331
351
328
343
328
360
318
346
221
353
317
239
293
289
310
337
328
304
188
184
128
381
331
393
328
417
243
363
321
377
272
309
328
345
233
385
261
371
306
441
199
341
313
348
239
222
346
356
330
317
315
379
341
319
245
295
211
291
323
381
323
177
23953
396
321
294
295
283
244
321
319
331
319
416
315
356
177
358
329
299
313
220
225
374
331
333
330
396
286
240
183
458
238
413
329
292
343
368
316
401
331
419
321
499
325
331
313
421
316
351
331
401
279
406
323
356
346
391
320
404
336
326
306
344
326
333
331
251
318
439
319
303
306
227
179
356
331
426
329
293
319
361
203
396
180
348
331
373
303
328
326
349
314
237
177
534
198
354
236
369
281
270
323
258
318
537
183
309
168
351
308
389
348
255
321
268
328
408
275
226
318
271
327
415
338
367
336
441
329
382
313
392
321
381
324
204
323
346
336
355
328
363
326
439
288
433
353
411
341
269
293
405
323
354
319
268
326
358
329
476
323
321
316
369
295
356
314
355
165
256
305
324
306
308
320
330
330
548
278
336
247
271
316
323
321
449
343
265
318
436
334
261
336
255
220
413
328
371
256
411
333
304
300
464
277
471
326
363
320
427
341
321
323
366
328
370
328
418
276
349
343
350
194
441
140
419
335
338
212
303
338
437
316
456
316
283
348
330
321
321
138
333
340
281
324
433
321
290
338
619
328
267
313
429
326
438
267
669
318
413
327
228
325
353
326
329
331
346
334
323
331
333
314
413
297
349
316
361
241
373
334
328
335
341
356
419
345
377
343
301
285
356
326
438
211
438
329
416
291
439
349
333
319
451
321
365
320
422
321
461
333
546
340
571
309
421
348
374
323
381
336
396
247
419
319
280
177
335
305
316
251
381
326
373
331
231
182
459
336
317
277
221
318
353
329
437
302
364
328
424
211
383
258
291
333
393
344
408
328
365
341
371
236
340
338
291
238
321
179
304
343
405
329
441
324
348
323
419
319
376
328
321
333
431
331
438
311
338
279
309
321
396
320
422
284
398
321
299
325
407
341
408
331
462
338
303
351
388
331
361
341
456
326
397
196
444
328
435
343
250
258
453
351
319
328
438
334
428
313
439
328
356
341
437
343
363
358
444
345
361
321
401
379
244
323
416
323
353
323
447
263
341
313
394
273
331
318
399
317
394
331
438
313
419
231
398
326
358
308
251
338
380
330
397
318
364
227
363
326
451
366
369
208
375
213
411
233
326
323
341
336
336
9811
329
306
441
321
256
318
358
331
240
323
299
131
393
254
383
341
308
331
364
325
365
333
359
318
423
306
363
317
396
319
345
313
279
249
254
112
367
281
300
318
514
314
371
323
435
356
376
326
309
316
423
325
351
317
429
144
496
316
414
331
409
305
178
321
369
252
356
333
343
311
351
306
429
324
366
318
282
313
257
303
403
343
391
343
290
356
396
321
427
316
368
317
418
236
426
241
258
320
328
341
338
333
323
316
425
306
474
344
216
188
441
331
270
323
435
223
446
331
316
318
371
330
336
231
444
338
350
341
359
295
212
341
436
313
258
278
373
289
456
329
403
316
350
266
378
328
471
316
461
243
236
180
359
254
448
338
456
221
644
313
320
225
494
331
446
248
664
293
381
321
326
257
454
326
307
326
409
265
385
331
283
233
452
325
285
303
248
304
429
316
436
361
318
323
367
251
436
275
378
336
643
351
451
334
384
313
320
214
458
313
421
331
429
328
454
251
390
333
458
216
390
331
224
226
121
101
411
318
373
212
366
329
434
316
471
328
454
336
436
331
401
259
463
306
421
333
428
295
628
323
679
328
242
319
369
266
286
313
319
321
233
316
398
328
431
316
258
313
454
154
294
331
425
318
415
313
393
260
282
198
437
190
195
328
248
317
464
328
429
331
418
270
471
190
444
305
416
336
308
331
383
207
260
313
443
325
511
321
311
334
178
323
428
331
444
329
381
326
457
323
312
326
293
316
378
338
379
333
398
276
278
290
240
257
345
316
466
321
449
329
356
316
243
323
418
140
396
277
423
333
371
340
425
333
425
316
279
169
436
285
408
133
456
257
433
335
281
321
274
229
399
181
406
323
411
305
416
331
434
321
455
326
395
306
398
329
312
259
436
343
443
253
373
323
354
331
441
343
383
315
414
250
262
220
358
351
269
306
506
343
408
323
461
331
261
326
360
333
184
321
444
105
305
143
310
263
396
335
425
333
429
327
361
176
428
313
434
323
321
287
421
236
255
135
179
121
388
271
364
341
425
341
446
311
378
328
416
323
454
331
353
323
379
333
434
318
384
333
433
346
459
346
339
313
381
333
352
331
378
325
419
321
365
260
371
328
447
316
420
314
332
330
431
279
408
331
386
331
475
308
270
318
431
323
388
315
401
330
431
269
413
257
446
323
356
316
220
158
463
320
425
335
284
321
393
333
385
318
418
344
377
315
401
305
438
331
444
321
439
314
307
328
438
329
481
353
431
333
414
336
441
368
431
328
436
311
361
345
398
333
327
250
388
330
613
269
415
329
496
181
335
235
341
321
421
328
413
343
423
315
411
331
451
319
451
316
391
326
416
340
431
328
373
272
416
356
421
346
255
318
309
260
345
323
401
329
411
328
323
336
273
133
594
320
496
330
389
323
316
251
386
319
310
306
456
328
426
335
399
181
413
261
434
303
262
136
185
215
486
343
249
329
344
310
449
305
387
260
180
323
413
333
441
237
286
321
323
336
436
345
282
326
294
339
186
315
342
318
406
195
301
331
444
328
