285
145
361
343
259
179
296
285
343
266
298
333
296
230
190
305
386
189
259
326
244
326
166
343
200
323
368
211
114
147
296
323
301
333
582
344
271
324
381
185
150
179
361
323
376
183
353
329
280
303
245
249
306
318
308
318
301
329
229
297
173
137
233
186
231
326
153
191
301
278
378
182
386
328
248
319
308
196
258
336
374
328
254
196
232
336
131
286
290
208
271
324
376
336
177
177
281
346
279
333
566
341
258
314
383
303
251
351
579
303
376
320
361
333
331
318
326
324
291
319
375
354
326
313
383
328
353
194
150
333
283
341
345
330
366
187
117
329
273
243
192
313
311
254
343
286
364
333
356
341
333
328
249
341
263
333
348
330
398
249
277
307
160
331
280
204
291
331
421
338
266
329
273
324
348
343
383
330
309
316
278
333
222
326
399
316
311
319
329
316
348
319
328
334
271
341
372
191
169
194
356
315
381
212
244
207
363
316
291
321
379
239
321
281
363
181
241
193
284
314
347
304
191
234
296
303
331
313
218
310
317
316
368
316
281
190
355
333
308
315
256
293
222
275
180
334
394
220
443
255
271
212
270
343
160
325
363
331
200
212
257
324
281
326
364
208
208
263
290
315
237
333
344
323
272
313
247
326
261
274
301
328
326
333
181
180
307
321
278
235
300
338
263
189
365
306
165
300
278
330
262
273
333
343
374
331
371
329
177
155
438
335
339
323
216
327
272
316
183
311
298
330
203
311
341
208
227
199
411
311
331
314
256
346
383
330
406
316
408
328
351
351
349
319
384
302
301
319
320
334
283
189
303
140
359
323
425
283
264
295
274
201
449
341
391
321
285
230
190
304
266
313
255
325
200
248
243
311
294
340
296
323
378
224
325
323
421
324
296
199
387
336
261
314
239
323
363
335
298
226
413
339
355
304
328
321
306
318
361
230
341
333
179
340
331
326
236
177
238
331
276
319
301
325
288
240
314
315
248
244
361
273
473
326
295
252
346
316
373
304
208
331
197
315
288
314
371
318
369
316
374
318
395
323
379
325
293
326
237
336
331
359
354
300
356
306
293
313
334
333
297
311
391
333
238
316
396
320
386
323
191
301
287
324
326
333
197
343
206
264
313
254
182
323
208
313
218
316
152
306
359
331
311
300
168
315
298
321
378
260
433
126
291
319
280
331
288
328
378
336
263
283
283
333
235
306
227
323
218
316
274
211
321
321
250
325
363
309
366
336
289
333
441
328
193
326
223
266
378
271
360
361
217
317
338
326
273
241
396
334
373
346
276
250
233
314
300
183
358
333
270
313
265
328
351
318
283
199
271
318
190
328
291
348
341
331
193
331
254
187
276
182
348
254
348
336
351
324
341
338
355
257
354
266
181
313
276
316
365
318
289
340
386
325
361
140
244
140
105
331
219
240
222
313
268
334
313
240
336
343
238
283
210
323
270
331
269
318
286
324
278
328
316
231
238
353
281
250
280
319
154
324
328
318
323
323
358
324
363
358
456
340
290
331
257
325
215
313
368
226
439
253
378
275
406
318
235
290
366
328
277
311
234
134
303
324
267
311
268
313
273
323
260
331
368
275
261
326
187
263
343
311
140
160
368
334
422
172
453
316
373
321
361
326
358
181
259
318
448
194
511
331
259
330
243
334
375
339
269
276
256
187
376
328
179
216
414
286
349
261
343
315
340
253
277
323
358
316
353
331
283
314
281
315
474
231
283
341
156
306
261
215
369
320
288
313
296
275
373
318
282
326
365
330
366
303
387
280
396
316
260
325
241
267
264
353
425
295
429
268
446
328
215
305
316
333
348
296
280
263
386
301
298
310
303
249
299
341
356
329
248
346
431
313
273
313
350
334
238
318
206
216
289
338
173
330
408
309
104
173
190
196
262
318
461
235
245
155
343
321
275
212
210
274
255
324
358
131
184
139
338
333
401
323
418
324
166
212
371
303
209
235
388
210
363
341
296
329
270
333
293
316
266
318
224
314
404
323
343
306
320
318
226
333
268
306
193
266
351
329
294
326
378
215
266
331
234
318
280
309
375
317
195
264
337
368
263
305
366
231
286
341
366
329
259
247
526
163
291
280
288
331
397
320
381
353
361
316
197
265
192
323
288
313
286
220
341
329
331
320
290
288
288
315
286
316
296
250
411
325
364
303
376
313
619
311
261
318
604
318
391
331
283
306
346
200
321
325
266
190
303
280
361
341
311
328
363
331
556
321
321
324
224
326
348
287
321
331
365
336
365
306
245
258
248
318
478
351
448
242
233
245
193
128
333
316
336
316
376
334
279
323
378
326
234
303
157
131
360
330
291
315
212
324
224
272
465
341
359
263
359
253
240
338
429
328
370
200
285
249
444
328
351
275
364
334
226
292
338
333
307
300
374
343
280
324
186
336
285
318
404
235
282
246
280
214
324
318
275
328
261
176
419
336
326
219
312
326
431
250
434
321
426
323
373
323
326
326
248
328
303
276
429
222
390
319
384
341
370
333
436
338
409
315
508
314
368
323
416
222
453
260
599
319
270
219
379
341
227
346
376
281
364
338
359
241
281
398
368
309
298
316
202
183
327
316
356
316
444
348
413
331
226
177
318
326
263
316
305
323
369
265
251
309
350
231
381
318
388
321
265
318
374
329
279
311
461
329
428
333
230
328
397
318
408
333
273
323
355
328
444
316
351
338
429
336
448
248
354
329
253
334
371
284
360
331
573
159
269
144
266
334
308
310
456
248
325
326
652
295
429
316
151
237
421
246
349
218
361
293
383
281
444
278
431
340
383
318
418
331
441
318
466
303
305
333
292
318
398
326
486
251
463
311
436
308
317
323
395
330
289
313
276
335
349
328
343
329
469
231
376
309
455
336
383
336
358
327
463
331
441
330
281
323
363
328
370
293
464
331
361
343
384
326
394
333
425
341
356
333
366
316
361
313
356
331
424
338
337
267
369
216
404
333
344
327
423
160
438
300
439
325
421
317
518
323
373
323
674
253
275
336
484
323
429
325
479
318
439
320
423
323
369
326
394
320
346
361
211
237
249
306
471
326
291
258
426
326
371
255
348
317
336
338
183
316
414
321
373
323
245
346
313
349
408
331
414
315
373
313
262
305
343
333
391
242
204
319
355
315
311
321
353
227
249
323
229
316
310
325
333
311
378
248
274
306
301
171
350
360
456
316
276
260
263
318
397
326
377
323
356
320
202
315
260
219
303
329
302
334
371
326
261
320
334
313
461
316
469
296
336
330
363
323
255
273
343
331
369
321
351
304
471
219
447
326
424
331
408
326
524
318
261
318
409
341
360
333
343
217
416
316
469
318
287
270
399
344
448
323
377
264
366
264
247
213
401
130
333
254
341
336
312
333
479
298
631
345
373
346
441
318
351
313
301
328
373
243
449
316
433
314
374
349
407
252
336
333
369
271
429
184
373
245
287
248
388
212
439
250
356
325
446
339
357
287
382
316
439
243
456
329
210
316
443
334
415
311
381
316
361
331
408
323
314
313
421
333
456
323
283
226
325
246
431
340
461
316
394
177
152
135
295
185
341
305
439
306
228
331
212
315
426
333
338
343
267
330
476
331
395
316
428
264
346
330
438
316
334
356
371
313
300
183
400
311
408
334
451
345
330
217
458
203
448
278
340
286
422
327
319
333
250
248
448
319
335
334
373
246
371
324
606
316
379
319
444
346
421
323
363
308
437
240
416
329
459
324
378
329
416
319
457
351
248
104
403
275
392
333
394
214
396
330
364
336
243
314
366
346
464
321
393
330
426
316
351
333
436
326
318
318
419
338
367
266
375
327
421
353
334
329
416
318
363
208
382
311
353
236
281
194
521
329
446
294
274
346
313
321
291
333
396
324
423
263
454
316
642
333
406
326
341
331
418
306
403
331
441
326
446
346
431
315
453
331
325
330
451
305
434
242
438
316
396
269
469
203
431
335
371
158
334
323
354
326
303
318
391
331
323
323
361
358
466
320
416
328
384
333
293
318
408
333
391
331
210
326
441
315
364
315
403
331
441
331
415
324
298
218
424
323
338
326
431
343
476
315
323
331
453
336
427
343
363
331
421
266
273
306
446
326
464
326
486
311
405
321
350
317
401
221
454
328
451
341
339
344
429
316
463
230
466
305
407
218
461
319
261
318
424
321
366
190
405
228
446
336
359
319
451
336
466
328
413
343
263
198
408
306
363
324
395
346
411
330
401
299
374
333
419
285
443
328
361
321
186
333
253
331
241
203
266
308
428
341
331
305
264
182
438
328
436
328
267
326
364
341
466
316
378
263
384
268
433
318
158
330
361
334
436
319
365
341
391
313
386
337
190
321
449
174
278
326
290
336
380
321
380
253
375
329
334
337
298
341
444
321
404
326
256
138
212
247
258
274
371
326
471
343
335
328
253
344
410
310
526
315
441
328
378
346
299
376
229
334
446
333
320
316
394
253
218
319
271
339
459
319
464
343
253
235
205
331
424
315
378
331
454
173
451
330
9541
315
286
328
503
211
252
278
413
297
223
260
373
321
337
323
433
325
186
132
184
303
363
217
477
331
288
316
237
315
252
311
375
345
431
232
372
319
206
330
341
311
366
351
354
339
381
331
296
301
300
158
258
263
325
287
374
287
631
316
434
331
343
269
437
315
401
341
296
338
278
331
361
326
399
283
664
243
376
318
265
331
389
336
361
211
534
282
361
228
321
323
431
343
406
328
436
316
381
254
273
330
288
330
258
318
391
293
579
333
418
238
491
216
457
247
284
321
329
319
431
316
419
331
361
341
300
244
361
316
394
241
205
321
383
326
488
242
329
356
439
263
306
316
290
341
421
323
349
329
361
331
423
316
219
326
297
319
458
210
338
319
297
266
356
336
369
328
351
241
345
324
406
316
356
349
353
335
339
210
288
181
438
336
310
182
358
310
404
331
425
301
331
323
378
329
466
323
381
328
301
318
298
323
339
314
386
324
417
316
439
325
276
319
363
304
331
338
416
266
416
310
338
351
264
189
368
316
312
326
348
318
426
346
379
244
391
216
268
323
386
323
451
316
445
209
403
297
290
319
364
241
341
341
355
349
324
130
428
340
361
295
358
319
284
335
378
333
401
316
362
206
414
330
441
341
319
325
328
306
348
203
459
328
371
316
238
299
451
271
456
325
225
248
358
328
341
233
351
274
481
316
381
325
350
323
461
242
374
323
471
343
373
345
476
308
396
277
377
237
443
339
341
261
359
334
356
331
378
190
344
136
278
335
409
328
258
315
401
327
381
316
333
321
311
341
336
368
236
328
248
288
262
329
431
316
369
305
428
341
487
134
336
258
446
323
456
328
289
321
339
252
285
316
256
157
436
341
320
173
301
305
363
325
413
260
496
310
404
283
307
323
366
311
343
336
423
295
463
323
441
328
464
310
359
323
371
330
383
317
441
333
406
270
211
333
329
154
289
100
345
325
403
336
336
333
261
311
351
331
353
336
507
323
456
251
471
313
384
270
396
326
371
330
361
323
321
318
461
331
371
325
280
339
300
313
396
348
357
318
328
336
343
343
439
323
357
194
321
337
331
316
441
331
154
319
433
319
634
355
457
331
361
313
349
318
356
315
418
318
370
318
461
318
347
313
366
318
301
135
354
257
376
305
424
253
451
324
437
343
395
323
255
331
315
306
456
336
449
318
343
318
351
321
423
336
311
234
457
336
228
351
355
316
275
308
303
318
363
283
178
321
384
313
351
258
348
315
362
195
333
331
190
174
298
219
368
316
319
233
374
328
338
313
335
324
234
182
451
331
384
330
364
336
346
323
432
341
273
280
336
323
352
321
349
331
366
316
434
311
343
318
363
346
438
319
338
328
454
351
403
325
363
316
287
333
366
356
335
276
353
344
353
318
338
244
210
182
312
314
374
284
361
323
398
318
373
266
421
172
275
254
456
335
262
319
368
220
317
331
441
324
350
328
428
306
391
343
338
298
319
346
503
328
264
263
373
195
317
328
426
323
336
316
413
283
353
303
414
331
491
331
303
338
458
308
477
321
334
235
376
341
268
150
310
328
356
242
334
316
333
189
383
244
451
316
324
306
176
326
423
358
299
325
363
328
306
328
291
202
471
331
408
336
346
314
371
304
421
270
369
320
464
323
429
336
278
277
366
259
345
328
371
307
453
213
383
259
356
324
368
316
233
311
469
333
327
329
431
191
333
278
364
163
359
303
373
333
388
316
284
324
463
240
323
296
373
319
278
201
379
313
343
304
321
331
328
328
311
331
381
308
446
318
346
333
306
222
666
323
365
324
307
281
233
316
426
265
364
246
283
320
293
341
397
202
180
139
253
241
175
319
429
319
355
253
433
314
389
315
363
240
274
266
381
301
458
318
280
318
418
323
374
338
200
233
441
190
439
266
268
254
354
311
230
217
436
315
327
173
304
320
246
171
281
306
353
314
265
218
373
316
458
319
328
182
374
175
355
326
358
299
272
303
288
343
373
157
350
318
316
333
244
163
373
324
310
217
349
241
344
246
428
321
387
323
371
331
361
316
441
265
449
331
334
331
417
241
328
321
474
328
361
321
371
316
194
306
335
328
217
368
258
343
304
366
197
335
479
331
116
361
403
333
393
168
273
326
371
316
403
326
406
343
364
172
231
189
261
309
419
343
404
361
352
320
421
264
335
262
383
303
424
326
353
229
298
328
274
323
341
256
255
343
386
185
414
313
411
248
281
122
386
333
381
248
389
326
306
321
296
326
411
336
423
237
456
328
363
305
454
248
446
324
245
270
379
326
352
204
221
164
378
215
428
333
433
325
379
309
354
348
271
314
380
318
232
334
425
331
230
325
454
315
339
348
365
331
443
328
373
318
356
348
244
286
451
328
331
258
394
265
451
258
396
315
431
341
360
316
381
313
369
245
336
330
351
331
428
273
704
273
376
313
416
338
263
341
396
261
316
271
409
348
260
341
414
288
283
286
406
283
353
318
321
244
649
331
506
316
481
319
376
320
371
314
314
226
219
333
301
330
408
316
314
328
360
330
387
266
259
316
338
316
431
316
386
343
330
305
344
185
230
323
699
214
195
325
354
321
453
331
426
321
471
324
457
306
471
325
413
316
436
280
426
343
311
326
331
291
263
343
441
266
416
261
323
324
354
331
365
320
399
334
195
318
338
301
323
316
351
257
385
336
373
318
296
356
428
331
367
326
248
328
319
328
383
325
324
321
350
221
371
281
377
303
414
326
373
326
434
323
366
333
399
326
356
174
316
323
529
261
439
271
303
323
609
298
465
161
478
282
357
336
370
256
343
341
345
313
247
179
396
293
467
330
311
222
371
328
336
334
426
263
352
278
332
356
451
333
386
334
363
249
446
323
270
324
419
328
448
343
475
301
392
236
410
249
401
340
333
306
309
174
239
121
321
204
502
258
456
284
317
329
469
331
327
213
191
316
429
336
441
311
343
326
288
315
384
261
441
341
449
310
423
323
389
346
300
323
478
241
361
330
454
325
574
340
451
311
448
311
396
333
431
331
454
334
380
331
268
227
428
346
416
324
393
258
363
321
329
313
338
323
286
311
333
189
631
338
444
315
447
321
607
333
401
308
431
316
388
300
441
315
304
127
426
328
406
173
371
265
295
313
353
328
702
298
439
331
411
242
409
328
359
177
372
333
449
184
184
301
438
326
416
266
109
316
302
177
333
319
359
321
230
349
429
331
361
306
429
331
249
129
376
323
411
301
328
256
240
316
351
268
454
336
451
301
426
330
349
338
313
341
263
331
356
330
272
319
479
153
333
326
363
315
230
252
367
323
331
313
454
321
401
316
385
291
373
331
424
331
489
319
353
315
295
339
394
323
387
318
333
253
391
321
418
323
263
345
361
333
459
343
397
341
365
229
491
331
421
315
431
316
594
329
421
306
471
336
433
324
426
321
409
235
397
315
444
265
471
293
474
328
467
251
341
329
340
316
456
328
464
328
298
301
403
343
473
323
243
341
414
326
396
321
438
242
336
298
376
331
202
343
406
333
366
326
474
341
429
217
298
314
399
348
382
156
291
137
471
311
356
340
301
318
345
341
395
335
390
311
525
321
633
301
456
330
423
318
356
323
386
198
609
323
222
228
339
256
493
303
346
313
569
328
465
325
375
325
283
311
431
172
217
333
436
313
399
321
414
306
406
315
240
227
275
336
328
300
339
341
391
313
363
314
431
341
451
333
403
318
373
318
391
195
265
319
361
325
408
143
277
277
343
306
459
323
359
236
444
334
194
139
391
320
537
291
397
333
396
311
479
329
368
206
473
278
419
358
437
264
421
261
383
315
472
306
423
305
404
343
446
258
549
273
421
281
464
334
28636
335
187
328
379
330
380
338
602
328
449
313
207
155
280
181
436
318
599
272
348
181
391
255
324
211
401
248
434
202
632
248
404
326
461
240
547
212
348
328
373
300
411
171
356
335
364
333
353
308
464
276
524
343
441
331
389
310
469
326
261
319
444
343
424
313
418
328
413
323
396
333
363
323
431
336
381
305
431
288
377
308
346
203
431
218
416
343
416
279
369
249
378
315
406
351
416
333
398
349
409
331
461
323
338
286
420
280
414
305
339
303
349
318
493
313
438
323
359
249
444
195
384
313
394
278
374
298
714
326
444
331
436
343
426
333
398
311
379
221
468
276
399
318
396
244
358
331
449
220
355
274
426
321
428
320
419
331
419
328
349
321
240
112
429
341
300
341
323
325
328
245
399
334
355
270
464
228
414
329
425
269
271
335
457
180
474
281
441
324
447
330
362
218
320
321
449
316
301
326
366
319
456
323
413
333
429
334
316
313
431
261
426
328
361
230
364
333
444
331
466
326
612
251
416
326
227
316
349
323
381
208
380
234
451
328
494
306
368
171
471
323
262
316
449
330
389
293
431
331
261
314
336
323
456
319
456
151
373
138
373
305
447
343
426
328
451
329
451
331
346
325
644
271
400
316
451
329
245
140
424
282
449
321
311
306
323
293
250
313
411
358
468
216
439
313
451
326
399
316
418
319
423
327
391
243
451
316
454
119
325
318
483
266
283
331
368
336
