325
318
283
333
326
336
202
219
278
336
278
298
175
318
240
333
306
320
330
229
286
230
111
150
158
316
289
239
366
289
403
331
310
334
306
323
358
219
260
252
380
195
254
318
263
313
356
331
365
329
298
323
348
337
280
346
288
331
386
353
387
135
158
336
349
319
299
154
367
273
369
331
361
316
273
351
376
306
341
321
354
309
238
188
250
211
279
326
298
169
234
329
253
266
274
308
281
330
178
326
376
329
166
328
158
220
306
275
361
323
189
333
281
301
329
304
366
338
293
321
353
330
348
293
594
239
198
184
330
326
323
331
124
318
359
170
383
296
333
306
156
306
439
336
361
323
291
340
318
295
433
331
627
318
339
241
221
328
256
241
285
338
381
246
250
324
359
356
346
323
258
336
268
326
426
326
251
331
252
326
381
323
298
313
359
341
298
333
277
340
275
326
368
242
268
321
298
343
361
329
273
249
268
318
296
231
351
210
361
259
699
293
236
323
323
316
295
331
519
249
316
323
255
330
280
318
331
346
181
249
131
325
306
358
165
189
426
318
177
203
273
341
298
343
283
275
349
303
386
363
366
210
229
313
350
215
356
241
308
315
291
223
310
313
301
344
143
178
277
339
159
351
293
246
234
316
189
228
190
248
374
326
298
336
390
189
231
316
258
266
381
341
228
326
286
283
258
290
241
219
363
138
451
230
373
321
374
306
274
325
401
323
150
216
174
266
247
223
351
325
292
259
286
207
237
192
326
363
321
321
368
331
333
323
112
316
401
331
230
194
353
318
291
311
279
336
350
176
356
333
363
306
366
220
464
252
288
311
163
330
349
367
367
334
366
330
489
266
360
210
291
347
268
306
384
311
375
328
361
253
298
276
358
325
191
138
281
314
348
195
447
266
456
306
391
327
237
179
191
231
258
313
276
293
351
166
389
289
261
212
317
283
354
318
341
331
170
321
237
318
259
356
398
316
308
316
293
313
273
217
271
331
285
234
359
243
424
326
274
353
301
341
275
185
256
261
270
340
248
328
213
295
266
329
246
326
288
328
233
313
341
326
311
333
221
181
261
323
431
323
290
328
165
182
258
336
343
300
314
338
283
328
291
196
328
306
156
310
326
228
361
328
201
205
149
200
281
316
262
318
354
313
216
310
391
135
295
321
364
318
268
135
289
330
266
315
288
331
270
339
185
331
251
318
255
186
345
313
373
310
261
316
279
316
295
199
297
314
366
296
320
261
296
315
328
341
219
313
341
296
339
316
273
333
353
336
263
319
334
264
281
316
182
212
301
334
243
217
266
318
368
259
298
242
232
338
266
340
273
326
253
329
363
341
258
341
202
214
222
220
359
314
376
134
266
226
291
206
235
323
281
315
142
318
152
184
368
313
328
326
226
321
431
316
301
263
418
140
409
331
245
324
315
323
336
317
314
313
289
296
202
329
301
313
281
316
330
308
298
316
260
217
258
333
359
316
171
221
319
318
271
319
361
298
331
341
361
326
319
331
263
318
303
204
363
231
214
179
154
258
360
112
228
127
266
173
436
331
198
308
423
110
271
300
273
333
278
321
254
319
348
336
276
266
278
318
276
264
176
324
436
318
289
316
269
317
244
303
279
316
386
328
298
171
279
306
250
212
341
258
353
328
407
345
378
316
449
248
227
267
257
295
251
331
301
326
234
331
353
341
276
328
335
250
188
336
309
346
202
341
386
321
268
315
357
321
291
334
359
328
268
341
331
289
423
245
604
361
190
326
245
306
371
173
255
278
273
316
370
239
339
250
298
321
296
339
226
333
363
326
299
360
340
353
299
331
243
336
315
325
352
333
348
341
363
314
401
316
295
341
329
324
283
323
353
326
410
313
328
318
245
326
285
166
266
313
358
256
363
8356
415
313
358
317
221
331
371
333
326
331
383
316
363
277
205
345
343
139
354
345
391
222
157
184
211
313
363
197
356
321
360
203
375
318
419
326
343
316
25579
323
325
294
375
285
315
288
286
318
226
315
371
288
215
187
186
316
288
268
254
313
180
256
427
209
353
343
526
118
368
329
258
336
335
318
455
320
381
240
308
230
435
328
229
315
246
243
379
328
389
316
374
329
403
247
267
261
151
328
283
353
293
306
324
318
193
328
314
321
226
314
226
325
243
358
298
283
226
166
366
318
318
324
265
328
189
146
283
318
199
220
421
336
381
331
341
336
574
187
191
184
366
326
252
331
361
326
343
343
371
321
313
331
371
302
325
200
337
311
241
323
373
315
363
185
333
326
283
335
376
331
290
196
349
330
274
329
281
238
278
346
240
311
293
225
339
318
261
223
411
339
337
305
431
336
183
160
351
328
283
251
291
264
276
279
189
330
434
271
335
336
275
285
336
356
355
340
457
334
278
330
337
333
354
330
393
335
242
271
298
333
324
234
393
366
366
161
364
323
193
328
386
333
386
306
279
252
288
182
348
349
351
323
471
285
622
328
352
321
385
329
281
260
391
242
351
358
453
244
403
316
285
328
301
326
346
308
369
255
446
281
354
313
298
343
353
318
316
300
316
216
383
165
334
323
444
334
436
356
424
331
315
278
234
167
242
176
431
268
280
321
230
252
343
291
383
336
427
138
354
330
346
251
583
253
434
335
351
338
358
331
408
331
326
328
336
333
448
328
410
319
331
318
296
241
356
334
449
320
327
323
734
341
336
343
331
329
430
318
436
331
333
328
431
358
216
335
366
328
310
343
351
268
273
333
291
321
321
334
418
259
373
331
285
323
339
269
436
327
373
333
338
319
189
326
351
325
437
326
393
287
436
316
366
318
436
331
624
338
459
323
359
266
380
325
386
321
363
233
448
341
358
313
346
323
418
316
319
343
439
243
436
326
437
340
359
328
341
329
391
318
446
301
346
334
369
328
331
328
409
294
405
320
443
338
428
336
451
328
270
270
421
323
381
177
446
258
371
344
316
316
340
194
398
331
270
313
361
216
378
313
335
318
407
218
348
313
601
279
448
189
368
333
427
252
363
230
401
309
507
316
449
347
458
306
368
344
338
330
343
334
353
333
443
331
378
251
636
328
553
358
237
331
268
316
373
329
396
326
333
230
451
266
446
343
274
318
441
319
441
329
361
222
433
331
381
261
295
351
292
161
232
366
263
236
201
199
236
328
389
278
549
335
243
315
376
331
383
171
501
266
270
336
313
318
360
221
325
333
326
298
255
333
303
333
253
323
291
401
220
311
433
251
451
320
351
323
444
333
603
271
358
269
369
308
654
276
250
318
464
333
439
321
427
348
441
331
341
331
381
178
436
304
193
276
449
328
346
164
195
230
364
328
409
328
434
298
479
321
348
326
374
269
429
245
349
316
350
123
461
241
424
317
301
339
441
326
321
320
435
270
443
306
394
323
357
262
421
323
356
311
436
214
374
304
344
278
359
303
436
321
396
316
359
305
419
223
184
229
445
250
386
335
356
321
359
266
413
326
349
329
428
338
454
316
318
253
303
338
230
313
451
336
361
288
428
316
466
173
439
324
319
298
443
369
423
253
439
271
238
127
444
145
234
305
348
319
431
205
449
315
419
306
431
338
306
329
336
250
423
331
484
316
221
265
301
200
328
306
359
348
333
326
361
343
429
308
359
318
421
328
368
302
266
333
451
266
303
313
375
313
429
313
436
316
282
313
446
333
431
308
377
236
353
315
363
311
291
313
428
253
441
321
431
180
401
346
396
313
426
331
438
334
364
245
659
328
298
276
660
344
361
340
334
313
281
316
421
344
314
331
416
334
431
333
411
323
699
318
420
318
393
336
436
238
453
253
331
341
426
326
307
316
351
343
348
308
304
210
464
331
441
290
453
336
448
321
328
313
438
315
259
341
289
341
485
326
498
323
449
315
454
304
461
334
353
333
437
326
469
311
245
135
446
248
291
233
360
318
416
313
333
165
378
308
301
316
477
333
437
316
369
316
574
329
318
331
348
267
431
287
308
338
394
304
171
316
323
219
323
331
416
318
459
329
466
329
326
325
464
216
348
311
323
326
353
253
415
331
366
328
210
293
426
308
366
283
290
238
378
321
354
244
356
260
429
328
436
187
461
281
405
318
421
242
409
276
343
264
429
323
160
132
414
250
619
323
348
306
343
324
368
318
461
333
368
303
366
333
366
213
371
343
392
269
392
240
506
323
386
331
428
288
293
279
361
303
368
328
368
288
429
331
337
254
446
281
438
346
346
333
404
326
363
341
279
331
216
305
248
314
441
326
375
176
343
202
228
249
489
260
455
318
448
358
343
326
489
321
396
299
449
315
350
324
386
318
286
341
404
331
391
336
364
263
356
329
351
334
282
154
278
333
441
331
394
222
403
333
393
306
340
326
691
306
389
263
284
201
261
134
271
138
361
217
444
319
410
318
441
210
258
319
271
299
431
331
312
184
379
241
269
169
273
329
280
291
452
319
358
318
371
221
271
343
439
298
232
328
363
331
266
321
326
315
434
316
313
318
289
258
306
336
231
270
333
315
264
319
431
331
343
331
338
135
242
313
448
281
373
325
438
329
271
278
366
316
222
320
301
209
278
321
409
381
669
328
351
316
333
326
363
276
369
350
346
258
219
315
275
334
335
209
379
321
289
213
273
328
299
333
262
266
351
263
373
269
451
323
333
142
356
326
517
279
272
219
447
295
257
157
355
328
426
309
375
333
303
318
345
233
416
358
267
134
210
334
399
316
361
344
268
279
357
313
281
296
374
327
391
329
345
318
296
211
333
325
286
329
358
321
449
311
283
250
441
361
289
318
464
251
448
318
314
254
456
346
348
371
365
333
343
328
448
255
234
267
273
313
297
316
343
313
347
316
366
320
328
323
356
274
396
308
314
321
418
235
698
316
291
330
212
182
471
321
384
349
413
333
369
333
364
328
399
321
647
348
340
323
376
348
464
331
522
315
358
336
389
329
380
341
381
186
361
326
253
345
354
341
343
335
424
341
429
348
428
263
371
314
271
281
358
336
341
318
441
313
376
326
375
344
343
333
398
331
336
233
365
341
439
316
290
223
323
286
439
337
325
318
336
331
338
314
366
237
392
311
278
319
401
152
446
290
356
358
526
321
280
317
424
313
353
323
319
338
401
331
349
331
401
315
292
311
361
328
443
316
369
333
363
328
451
316
338
323
374
316
326
208
233
316
453
134
336
236
350
263
363
318
574
333
351
334
354
329
269
320
359
261
253
359
448
331
357
333
406
346
275
303
427
252
398
228
291
327
196
323
421
336
350
330
405
278
454
314
407
331
278
330
230
190
364
330
704
275
342
284
379
333
434
343
401
325
423
225
346
243
350
223
358
276
359
329
456
248
366
311
265
336
428
323
419
255
273
316
336
341
255
333
341
328
414
323
386
313
215
181
548
346
367
344
434
357
426
286
356
331
276
329
368
334
444
316
431
321
363
276
333
336
373
301
369
138
456
331
401
330
380
316
275
313
361
333
441
313
365
327
361
333
398
319
449
316
294
151
438
277
504
299
363
328
458
328
385
263
454
179
343
325
371
288
339
341
259
317
396
331
263
318
366
248
379
323
341
326
500
228
361
318
471
243
434
323
326
331
378
212
316
250
347
349
388
182
388
315
383
293
343
320
355
316
313
338
456
329
353
324
436
296
376
222
207
230
271
355
370
281
392
128
391
194
351
285
401
336
360
311
424
319
429
328
273
328
323
328
321
303
227
316
300
281
347
330
225
201
298
331
339
333
256
315
356
348
313
278
271
316
381
320
373
316
343
258
436
318
361
324
444
315
299
311
281
226
356
315
408
331
201
323
341
316
579
256
341
275
268
327
344
305
330
328
411
189
481
318
371
333
364
326
373
355
343
234
282
334
298
282
381
318
302
162
333
318
186
308
386
327
461
306
113
146
189
142
363
317
343
323
329
326
319
303
276
323
466
135
433
313
381
186
311
318
368
324
346
227
471
315
381
313
359
309
529
344
471
311
323
326
368
316
424
181
224
326
331
323
283
184
230
210
310
328
308
296
281
315
418
328
226
210
457
336
408
318
424
325
264
320
364
331
361
341
363
180
240
140
365
323
283
321
426
316
368
316
354
301
456
328
286
333
409
333
333
323
448
319
378
311
231
318
599
269
343
328
421
329
381
270
391
324
258
323
378
328
189
140
233
283
235
183
330
330
552
336
381
314
559
316
286
315
411
237
311
326
371
316
285
236
431
281
469
316
334
333
302
336
273
321
275
136
310
283
414
321
282
316
411
174
366
248
234
243
336
329
216
187
433
346
338
311
558
317
409
328
356
165
376
314
363
325
363
328
258
326
244
172
321
267
370
323
359
321
350
318
348
253
331
316
414
311
461
311
393
266
313
333
456
325
373
334
424
324
381
323
353
350
227
196
383
320
326
323
349
327
316
296
260
305
391
299
366
329
297
310
319
324
435
181
383
331
349
256
414
291
293
328
381
311
270
333
355
325
709
329
422
175
446
343
249
330
270
326
447
331
283
328
385
267
261
194
318
324
320
255
378
260
443
330
416
313
283
315
296
358
358
321
396
354
341
316
252
131
369
318
353
258
413
343
411
326
355
333
282
219
345
161
325
323
273
243
327
330
351
310
411
239
381
325
441
336
461
197
414
326
226
190
300
287
365
116
234
306
454
270
352
319
342
237
391
273
424
249
325
315
319
280
408
323
401
331
249
139
463
328
398
318
515
356
363
278
382
329
426
328
285
313
328
327
233
142
346
240
348
323
453
324
346
316
325
323
491
262
266
323
441
233
300
326
406
341
446
328
131
167
366
317
196
325
358
315
394
247
368
318
313
320
281
253
413
306
218
286
924
336
418
339
368
257
397
361
328
328
441
330
298
308
266
331
444
366
206
315
297
341
346
184
473
333
423
324
438
329
735
335
377
280
394
324
366
334
291
353
341
333
288
323
446
346
349
348
341
319
380
326
376
181
239
334
353
329
419
311
366
326
322
283
455
357
456
316
323
341
311
326
443
331
408
321
354
263
401
260
344
328
322
343
325
323
276
279
358
315
416
323
361
316
411
331
281
224
336
263
286
274
416
331
283
331
516
333
621
311
359
331
323
316
300
212
429
323
354
313
298
326
338
192
217
324
449
334
270
233
391
122
429
258
374
230
310
318
223
188
423
261
469
313
394
346
349
289
343
326
428
310
270
316
459
305
363
333
379
316
265
344
346
319
381
313
391
333
409
313
411
331
316
200
436
331
358
333
451
338
443
335
590
240
389
334
453
268
243
173
321
320
413
170
284
255
354
316
414
235
250
316
297
330
346
335
341
334
383
279
436
294
400
331
431
328
223
292
272
335
354
319
336
326
471
328
466
346
376
314
411
333
428
313
421
321
323
164
351
290
382
323
373
181
434
333
408
324
330
208
541
348
348
182
406
108
411
323
411
319
486
321
439
333
373
318
366
328
251
156
346
316
341
319
373
314
252
209
391
318
431
324
444
315
299
321
349
326
298
316
456
318
297
143
336
356
576
335
469
331
304
334
351
303
434
337
341
356
378
323
360
327
391
286
476
328
449
316
434
328
419
318
276
329
295
323
259
343
265
305
419
331
438
341
401
286
618
184
423
316
436
343
411
341
474
251
353
178
311
314
403
269
366
316
378
290
446
178
439
325
387
268
451
330
210
298
469
343
449
216
451
218
424
333
356
307
209
126
433
325
373
331
448
358
434
308
433
321
419
349
281
326
418
356
293
321
491
276
216
308
330
204
267
318
328
318
296
323
348
316
224
320
438
343
391
344
312
160
424
308
385
250
434
328
368
331
341
318
441
278
416
134
269
228
286
260
456
315
414
326
365
313
434
328
426
343
481
263
424
323
341
345
354
315
364
359
434
326
398
350
520
306
383
290
355
313
308
331
303
184
443
331
326
326
417
330
391
329
451
253
389
251
446
316
341
331
441
330
424
333
413
263
396
319
404
318
411
333
413
329
401
148
442
346
301
303
463
336
302
316
405
265
426
225
408
331
267
206
441
310
388
313
249
136
421
331
322
315
265
326
479
323
468
273
360
261
309
276
214
237
344
315
393
324
383
340
446
224
374
357
406
258
331
321
323
306
411
323
257
336
401
319
311
336
609
290
441
318
431
314
267
115
461
353
323
334
368
323
391
338
344
204
444
316
436
323
223
316
421
313
304
328
376
331
292
316
451
306
391
330
397
187
401
324
261
321
342
200
242
316
338
324
453
323
399
331
438
321
418
144
484
313
376
308
472
336
387
195
375
313
455
303
449
329
421
121
343
328
331
316
361
335
706
331
333
276
416
341
466
306
461
236
329
309
221
182
435
353
291
130
444
331
261
346
365
254
399
278
426
316
371
268
281
315
376
321
421
278
475
349
340
214
388
184
456
197
398
321
401
323
419
143
325
266
474
321
370
199
376
137
357
333
471
330
424
318
381
306
381
316
426
326
379
316
417
331
466
321
232
328
343
288
427
316
443
328
254
141
491
327
419
376
438
323
299
289
264
141
336
324
336
319
241
151
366
298
401
326
386
187
254
313
429
338
349
235
467
241
371
326
383
289
319
330
301
343
310
339
375
323
438
331
456
326
454
323
399
318
429
316
428
333
461
338
386
334
354
343
436
311
428
311
413
218
361
340
272
328
349
331
400
254
419
272
504
293
508
334
381
318
396
303
348
330
438
253
468
230
437
333
401
218
439
334
291
301
436
343
403
313
398
351
463
311
338
321
446
331
321
324
468
301
395
328
340
316
403
321
431
231
311
316
256
301
439
320
361
262
388
316
481
326
423
328
346
311
413
328
454
318
260
343
331
279
354
252
413
319
441
315
421
304
405
263
407
271
434
329
435
326
380
278
414
321
354
321
461
335
443
331
371
346
359
326
393
318
341
279
411
137
448
238
396
320
356
329
463
305
505
331
377
200
401
333
324
341
334
310
252
326
373
180
395
331
443
338
383
320
308
340
449
305
379
330
277
163
464
243
346
316
381
318
301
303
411
330
331
321
431
314
290
315
336
345
263
316
636
316
326
314
355
343
446
328
353
315
441
317
262
313
250
333
349
321
290
319
433
334
606
291
