258
323
295
338
386
384
301
268
368
323
276
164
195
137
343
333
358
298
303
348
275
368
375
401
153
197
268
366
445
369
371
379
373
331
439
323
351
370
152
338
306
343
337
230
376
361
421
381
168
341
153
204
340
319
348
351
364
324
304
272
389
366
280
326
439
406
378
368
291
331
312
344
232
325
340
376
471
331
298
265
300
361
311
273
258
383
365
298
321
301
303
356
375
338
389
385
346
366
371
348
434
251
366
353
627
341
293
326
368
246
284
381
409
379
453
383
286
345
435
378
306
388
240
149
361
313
426
341
326
368
275
246
301
320
303
328
248
326
283
333
393
341
345
356
270
338
426
252
296
386
393
403
251
371
368
315
135
313
388
235
336
370
347
351
202
161
388
351
358
369
271
318
195
351
367
383
363
374
219
338
286
379
378
229
423
258
336
351
313
390
431
198
396
331
394
366
285
371
441
354
212
384
428
394
299
249
373
365
198
366
365
313
300
286
311
353
300
247
313
339
339
282
255
336
373
339
368
333
238
333
293
341
176
184
198
242
301
235
354
258
271
279
453
349
326
274
364
330
381
328
284
391
221
341
391
326
391
326
287
333
306
311
381
383
251
229
334
341
341
401
379
325
120
153
401
323
311
138
393
398
403
371
258
336
316
351
393
378
456
348
321
379
253
368
328
275
278
369
374
373
241
341
391
371
398
326
200
346
444
313
352
262
445
321
424
391
272
335
286
346
273
338
398
253
311
385
371
185
244
345
243
321
348
212
265
415
398
383
313
365
361
200
234
361
393
366
251
135
192
181
418
344
469
366
211
353
295
376
451
351
389
338
361
150
307
326
742
346
303
226
471
384
478
383
471
331
458
333
359
356
356
353
381
386
299
188
331
371
428
376
370
331
293
376
186
329
194
136
363
143
385
330
383
368
471
193
459
343
351
386
378
188
363
218
301
389
301
353
281
333
263
341
254
384
260
273
419
338
439
329
431
383
308
376
379
338
363
246
427
366
449
336
396
363
421
386
295
338
384
328
299
321
466
338
319
272
368
383
289
353
419
278
210
343
307
302
281
319
256
200
358
338
325
364
436
383
291
336
446
197
351
377
296
334
169
361
237
270
305
383
279
166
388
371
385
336
313
330
309
273
334
334
286
381
341
261
313
185
396
227
250
383
388
371
323
386
323
366
408
268
281
314
310
336
351
383
312
302
281
368
424
302
336
391
311
388
366
389
226
358
258
378
387
374
283
336
438
331
379
235
379
368
265
341
368
358
288
389
296
376
399
289
373
330
376
311
326
243
366
341
310
383
287
353
393
328
312
305
235
371
271
225
174
384
298
325
301
388
242
376
337
310
147
226
303
328
301
133
246
306
406
356
356
339
313
309
404
371
153
383
245
373
288
339
360
383
408
371
329
308
319
333
281
343
293
232
273
348
313
345
325
384
344
358
301
204
239
346
323
377
384
369
438
416
289
351
135
370
328
231
229
219
371
304
324
365
413
206
361
341
394
282
218
345
423
336
303
331
346
381
259
148
299
369
463
325
491
386
276
383
266
326
226
321
464
348
336
350
371
334
215
246
277
374
333
371
202
326
298
378
682
311
383
284
338
334
413
396
305
339
283
351
482
350
192
369
419
368
377
379
669
286
325
377
288
321
472
330
383
376
408
355
341
273
429
384
404
133
379
303
283
371
381
346
499
371
283
383
378
351
298
321
360
368
358
379
389
384
396
376
371
333
474
347
354
394
237
345
293
351
383
297
371
325
293
323
461
383
302
330
364
371
258
338
341
184
383
329
366
339
390
328
419
388
358
309
383
205
552
250
311
379
398
379
318
338
314
383
198
251
349
335
344
376
195
311
353
385
376
273
238
350
285
338
441
371
356
310
321
360
358
336
383
217
469
379
378
371
391
385
192
168
409
257
307
193
374
344
279
225
291
386
379
384
303
383
294
313
280
348
391
358
408
383
416
338
506
319
291
326
401
329
278
226
333
371
319
246
481
331
276
338
309
338
381
328
369
367
449
369
313
371
346
371
403
262
149
181
277
386
231
369
311
366
401
381
396
338
262
335
234
339
518
371
277
371
283
341
189
337
383
338
286
236
363
341
383
325
296
334
293
217
247
346
451
157
192
201
331
245
404
375
233
296
293
333
278
329
429
368
339
359
368
368
163
182
363
391
137
184
406
359
304
367
389
355
397
361
388
255
383
361
260
338
320
385
657
371
494
328
370
361
356
287
346
186
394
375
421
373
267
313
307
371
444
365
270
371
361
353
258
334
395
343
386
378
376
380
443
239
492
323
464
387
441
335
304
333
255
283
351
369
407
174
376
274
307
336
311
339
457
359
343
371
303
339
373
384
311
384
301
298
204
303
238
326
449
298
391
371
316
255
260
340
406
350
318
343
394
398
379
370
352
383
426
339
334
353
243
331
457
338
356
335
321
390
604
384
306
330
456
383
449
296
220
353
411
351
376
383
286
365
431
368
449
305
181
333
425
341
377
291
344
333
375
334
448
354
394
368
446
243
491
371
393
343
414
277
353
325
287
234
398
368
503
378
291
384
299
371
494
386
481
333
383
196
312
314
327
339
484
330
389
353
414
360
391
368
275
371
383
361
419
336
298
387
506
368
357
386
431
319
382
354
429
336
439
370
223
216
312
328
396
349
466
329
381
359
389
371
464
326
325
343
295
353
348
274
340
366
347
326
454
383
403
267
441
373
491
335
436
331
384
373
487
321
263
371
456
384
506
338
426
349
373
371
464
368
315
286
429
256
301
349
298
326
353
338
436
349
277
134
361
371
358
375
391
211
509
373
409
323
376
257
394
305
290
396
456
281
496
321
481
368
318
284
334
340
303
286
398
351
455
273
386
376
356
351
487
368
439
370
508
318
416
373
481
383
357
304
639
381
711
341
476
366
330
221
345
359
466
235
452
393
396
272
391
339
357
345
457
356
393
330
474
338
469
348
531
311
341
338
494
383
395
359
375
268
449
376
476
267
501
291
446
272
424
306
496
371
523
281
494
351
406
391
519
161
304
313
262
338
335
181
385
378
288
368
468
371
481
338
396
308
319
386
378
361
368
333
361
349
468
383
273
375
458
359
474
368
301
336
329
247
421
358
327
389
301
328
361
251
334
351
318
231
388
270
356
390
397
355
320
388
291
283
290
336
395
295
310
353
421
329
371
328
471
348
418
370
283
383
224
204
316
335
404
294
318
296
381
283
289
365
501
368
365
348
486
271
399
387
366
328
513
387
368
333
401
278
453
351
456
291
368
356
262
332
471
376
373
350
322
261
469
376
458
157
368
341
284
370
476
306
431
353
381
359
474
333
423
333
361
363
383
254
281
149
441
353
400
371
396
338
476
361
484
383
448
371
488
325
390
326
506
389
474
343
381
345
464
338
408
335
243
325
461
341
398
325
389
376
709
369
429
335
371
343
392
335
448
353
384
259
394
262
397
386
393
339
476
359
409
385
381
341
368
301
388
338
456
333
288
376
476
381
484
369
462
358
471
333
373
383
474
368
461
379
256
135
312
365
436
248
496
373
474
326
364
360
459
325
388
328
444
326
491
339
417
335
193
158
304
324
327
360
491
371
415
370
459
378
436
185
497
281
481
359
401
366
591
363
333
371
445
383
386
383
542
259
364
376
378
331
391
330
431
358
366
329
388
355
417
371
489
359
448
387
456
346
471
335
409
374
458
333
320
237
584
369
476
272
359
260
461
375
324
196
331
272
420
333
509
335
474
316
439
384
327
336
455
376
484
361
458
328
453
321
432
283
473
374
365
184
428
326
372
371
395
378
441
368
306
338
455
393
434
305
475
384
209
321
757
356
507
384
401
368
403
381
304
245
444
356
448
158
516
373
439
368
506
341
449
386
258
338
397
338
474
393
405
386
494
341
489
258
478
351
373
346
394
277
466
381
330
272
386
371
506
359
391
385
403
371
423
343
341
331
436
369
478
385
682
371
454
387
436
350
466
353
373
386
441
340
488
194
629
383
461
346
397
269
436
323
564
283
343
343
338
360
346
371
453
196
454
341
318
371
289
379
481
358
371
325
354
365
482
384
411
299
479
348
479
389
461
349
446
343
302
336
469
339
422
222
421
220
476
281
407
271
469
359
434
361
338
341
338
330
509
311
527
386
454
246
378
329
418
376
464
368
304
326
458
369
333
326
501
344
316
374
401
324
431
341
479
375
434
338
478
331
438
339
441
343
378
359
331
339
203
224
392
333
361
331
431
326
353
343
345
375
479
359
529
384
256
345
358
339
319
272
398
361
437
384
426
401
311
373
484
323
372
361
364
339
305
326
379
338
433
193
273
290
409
373
290
338
384
368
499
361
394
324
333
336
403
384
391
339
261
132
372
368
289
341
441
344
433
383
291
233
251
280
308
388
381
369
363
314
383
381
699
176
338
375
421
298
307
376
189
325
346
378
391
341
619
300
411
334
457
366
356
335
311
383
363
353
362
248
488
284
401
384
403
374
303
302
347
251
534
313
422
296
474
220
451
376
413
306
361
358
426
378
338
321
398
391
404
383
461
384
376
331
353
325
363
340
276
361
454
374
361
308
363
336
294
320
410
386
318
355
448
217
477
385
481
386
401
282
356
369
245
378
403
350
345
359
488
385
358
276
434
368
297
379
309
224
366
326
676
298
433
338
444
283
503
376
371
331
361
343
411
376
371
331
416
326
224
343
301
383
468
369
200
162
376
373
413
376
479
315
386
278
391
356
436
348
324
323
272
160
471
365
459
280
321
375
374
343
421
336
441
304
451
341
366
168
447
323
328
338
426
366
448
383
269
371
294
383
423
335
359
346
648
326
431
371
328
367
371
353
416
316
429
339
461
374
467
323
275
293
378
313
359
371
446
350
439
351
403
339
429
297
343
353
428
330
478
333
364
350
385
210
401
281
378
384
509
369
416
319
421
358
453
318
408
275
391
375
483
373
461
356
293
259
735
311
180
363
369
318
379
388
399
318
369
368
411
381
371
333
396
364
375
383
373
331
379
325
253
325
398
351
398
245
416
376
421
373
489
373
404
366
433
371
454
302
421
323
381
369
403
338
634
249
296
331
326
338
376
346
224
163
346
329
563
247
435
336
398
386
428
366
403
263
242
338
499
230
365
301
456
348
423
222
399
338
398
369
614
386
453
323
363
378
348
200
363
320
366
340
395
291
415
334
198
383
355
323
429
354
404
224
381
328
429
281
391
187
619
368
314
375
398
246
259
326
383
248
429
288
656
226
374
326
152
193
357
369
393
325
397
371
389
335
409
264
323
331
383
339
369
351
388
341
460
333
381
237
501
368
423
369
488
315
389
359
305
326
464
251
446
325
336
344
563
375
374
263
406
378
451
354
418
353
393
281
461
273
458
384
433
359
301
248
318
393
473
388
390
338
391
368
383
279
373
359
237
199
421
353
473
345
459
333
426
369
363
330
391
316
391
376
378
333
466
341
439
363
409
384
418
364
398
326
421
305
487
338
384
378
438
366
469
370
458
376
376
371
356
337
361
370
546
343
491
338
302
130
368
319
124
163
451
335
368
232
316
377
368
218
344
223
262
343
376
346
461
384
341
248
491
358
441
273
441
384
388
275
318
386
342
321
483
315
397
338
398
386
664
290
337
279
123
326
290
346
436
308
303
278
404
187
363
334
190
376
391
298
531
309
253
340
394
222
715
328
455
373
303
371
396
383
326
385
383
377
403
187
462
381
321
386
501
295
455
324
401
280
383
170
391
376
315
276
318
290
316
324
391
343
368
242
401
371
350
338
411
358
396
226
394
371
446
353
443
140
435
255
398
237
303
331
394
386
408
367
388
343
466
361
456
323
381
340
626
375
345
231
439
386
386
273
315
326
471
339
436
263
453
258
371
281
284
369
391
376
494
245
509
358
375
253
374
374
325
219
379
376
508
278
479
376
405
383
704
367
394
374
315
221
434
321
354
242
453
376
312
369
459
331
379
306
393
384
285
248
386
359
399
354
406
338
317
157
640
331
352
255
306
338
414
344
452
371
197
153
424
224
471
200
358
329
313
366
398
335
456
256
363
341
448
166
414
383
477
371
439
388
509
248
458
354
476
385
363
378
313
326
270
383
491
333
409
341
300
186
176
368
489
331
404
311
191
371
405
388
370
308
457
338
331
368
345
282
286
379
403
341
401
300
457
334
506
288
451
366
441
232
373
348
249
339
448
334
390
375
426
343
389
324
603
384
449
326
313
383
414
298
360
317
281
373
263
368
261
318
344
336
371
252
476
323
225
296
516
321
227
375
371
314
404
383
318
345
386
338
368
338
469
312
474
257
401
303
451
338
712
353
347
384
287
326
379
376
358
367
191
326
344
371
391
346
303
376
363
313
485
386
363
238
386
378
447
338
393
306
378
343
386
341
461
381
335
287
431
302
438
306
343
339
563
321
372
373
468
225
403
274
421
391
273
370
391
358
401
378
413
272
424
379
421
147
232
329
444
256
488
339
486
338
421
367
467
273
331
376
271
377
370
173
308
351
396
364
329
301
363
353
401
328
328
326
416
376
509
348
447
377
364
341
419
371
301
368
414
356
456
377
348
339
491
351
383
358
333
368
383
371
302
376
446
287
401
328
391
341
277
383
403
384
383
388
222
229
421
333
363
338
391
353
459
326
291
162
479
381
456
379
489
375
374
330
331
326
457
338
436
329
486
361
501
214
354
383
364
219
670
283
390
343
180
132
358
351
422
349
220
376
386
336
268
191
242
227
419
232
496
388
511
358
464
338
461
329
493
393
418
306
404
376
255
139
239
369
429
383
285
385
261
338
293
331
448
246
416
346
484
276
327
378
455
290
306
339
368
313
476
371
396
169
304
177
443
335
461
331
469
369
358
341
381
384
606
323
323
296
446
339
514
371
386
371
310
222
461
354
412
381
488
326
349
368
459
343
895
289
384
388
454
166
411
368
449
341
379
323
378
393
338
383
341
326
377
363
386
254
746
281
401
343
354
351
431
383
468
283
407
323
666
325
603
341
418
307
336
378
514
397
312
303
476
303
373
341
447
241
459
373
287
243
371
331
358
234
428
328
424
326
453
341
735
366
461
338
350
321
484
380
598
385
382
353
299
343
368
341
371
350
375
383
411
385
499
394
493
338
364
343
389
386
408
386
471
375
397
331
423
296
391
328
364
384
393
396
395
313
408
369
461
368
414
383
260
331
436
393
404
310
237
147
401
373
418
308
328
270
381
321
363
326
384
359
439
328
611
323
399
378
378
300
456
389
338
378
291
247
446
357
259
359
459
368
446
335
381
358
473
338
468
331
361
200
361
368
355
344
391
275
481
257
451
369
453
351
371
326
395
353
390
368
426
371
404
277
247
341
446
311
366
346
297
336
384
323
383
174
368
346
288
336
476
200
192
324
361
361
468
343
389
341
198
325
461
349
459
306
386
266
418
384
359
177
379
334
473
376
435
311
383
389
401
383
372
368
384
323
362
325
453
376
421
329
416
368
429
378
426
310
264
320
471
378
434
363
393
294
267
278
476
341
463
373
419
383
325
328
428
385
417
300
361
383
379
339
473
357
446
366
388
335
447
272
504
340
472
331
446
398
333
334
295
338
300
325
456
379
447
323
389
354
436
331
323
151
358
368
448
371
409
383
276
386
262
157
396
343
428
323
624
182
463
327
429
384
434
383
331
381
240
177
386
286
444
346
631
378
418
368
364
315
346
356
311
383
171
285
399
358
471
368
489
256
318
338
351
338
399
325
466
339
285
237
401
255
519
281
403
228
364
338
381
339
376
344
456
273
246
311
397
368
403
371
438
371
476
366
884
344
350
341
425
376
483
281
471
366
481
383
501
358
371
341
454
144
389
328
475
313
432
153
451
337
474
386
473
386
443
376
286
270
404
256
477
361
481
374
253
391
411
321
479
298
413
329
459
384
471
315
502
108
436
157
469
329
284
384
346
373
396
314
314
376
471
368
475
276
443
326
309
346
524
305
415
248
486
379
413
368
457
258
488
351
501
305
318
346
484
358
309
221
468
310
426
376
434
335
348
188
436
345
463
336
423
204
404
369
399
351
469
384
421
374
292
374
385
310
284
311
422
338
394
373
457
371
384
358
384
320
262
374
441
255
337
199
496
378
373
333
521
313
291
386
463
293
481
286
387
323
456
333
499
371
476
389
339
338
377
320
454
219
476
351
313
313
386
353
446
306
374
374
469
343
456
376
447
383
454
333
386
345
320
365
403
376
439
172
451
259
454
328
204
379
407
341
455
325
390
366
386
371
463
366
430
301
346
210
391
338
341
336
462
359
398
383
408
338
652
293
380
343
438
386
373
326
471
337
416
384
397
223
312
325
473
280
424
345
494
298
481
329
308
386
468
384
328
386
717
305
413
230
448
344
477
330
399
371
361
386
463
328
272
340
404
209
376
343
428
321
378
356
486
329
235
160
229
376
461
333
344
277
449
356
455
353
426
336
196
351
418
335
632
377
501
354
308
170
451
263
443
276
431
338
476
283
508
368
436
335
506
351
363
371
261
145
308
361
473
275
677
341
454
373
304
171
448
373
433
200
389
356
324
220
464
304
429
306
280
343
366
383
444
288
501
333
436
313
451
163
502
384
484
384
474
376
377
255
377
340
463
326
416
313
427
327
486
329
439
369
484
252
426
336
461
383
411
359
379
366
381
356
383
356
483
262
455
329
471
353
491
371
473
275
467
331
409
353
393
366
468
343
435
344
354
162
403
391
467
383
574
374
453
383
416
368
297
373
464
381
371
364
471
333
344
193
474
383
496
236
465
311
378
283
411
379
374
346
426
303
594
351
446
234
399
315
391
350
466
368
306
313
381
310
454
339
399
259
434
384
414
371
421
380
433
338
669
368
421
376
486
306
715
331
300
368
358
329
378
323
439
326
546
301
311
339
469
383
359
371
281
309
702
217
429
388
411
367
329
351
437
399
385
194
453
339
697
193
448
329
380
381
396
350
297
316
518
341
412
323
486
375
491
358
311
388
479
249
501
371
364
351
449
377
278
344
274
163
341
386
393
376
