344
303
293
193
368
328
273
303
281
318
291
321
323
296
284
298
373
230
371
303
371
193
270
341
136
330
304
296
225
309
295
246
423
242
248
161
263
318
298
320
160
187
338
193
356
314
296
153
298
250
371
313
263
140
293
215
220
253
476
293
369
202
346
298
348
316
185
290
338
303
320
308
366
288
148
311
250
301
230
227
485
197
335
294
299
331
348
309
431
203
333
212
371
9241
286
217
160
283
361
311
324
321
368
251
344
305
278
308
250
290
221
303
199
218
103
284
348
170
338
306
379
240
291
283
178
293
187
202
219
328
217
300
206
296
396
169
421
329
253
280
226
163
303
296
217
236
444
219
348
321
187
326
526
288
544
333
169
253
243
157
334
296
335
331
406
293
260
266
436
249
285
303
288
313
321
320
333
295
185
249
261
310
215
313
318
283
248
301
431
331
139
303
323
310
345
306
363
315
111
316
306
308
236
328
426
329
195
211
264
305
336
316
406
325
331
235
381
316
289
172
226
300
239
301
273
309
331
320
256
284
271
248
346
311
253
313
356
300
368
313
185
208
240
233
328
316
279
202
258
293
371
293
334
299
288
311
272
204
309
296
348
313
226
281
340
127
243
308
220
308
228
280
10183
315
396
296
273
210
252
316
167
126
346
313
113
299
378
316
331
303
353
300
260
301
272
233
323
291
363
318
336
337
371
299
156
196
326
295
348
311
205
300
355
308
328
240
229
197
246
306
251
207
389
293
208
200
268
334
233
306
316
123
243
278
313
198
270
304
265
236
320
281
275
296
283
316
222
202
265
251
276
238
259
323
353
288
329
306
333
240
286
259
318
296
256
309
354
249
245
124
270
296
296
221
293
204
180
303
240
306
401
306
250
313
289
303
270
327
244
160
305
341
230
293
235
301
264
294
325
336
337
293
297
298
259
328
271
260
356
261
361
202
291
281
274
164
199
298
250
315
236
248
373
300
211
331
225
306
276
315
353
226
334
294
353
311
209
168
308
298
328
306
222
288
231
300
174
296
345
327
316
236
291
234
363
328
258
158
180
311
345
313
622
310
272
288
351
299
273
313
481
313
187
247
168
306
270
283
120
158
181
178
281
333
265
223
247
296
301
298
237
236
286
326
237
221
219
313
484
298
361
298
269
191
233
227
281
330
351
283
374
296
250
321
281
298
203
309
299
290
220
299
151
260
277
165
293
194
238
323
438
293
268
313
242
280
281
308
291
231
310
238
212
263
353
211
283
239
274
290
326
313
301
296
355
178
328
331
303
306
309
253
121
192
202
296
275
260
258
299
190
258
333
308
231
306
275
232
221
242
286
313
305
303
291
318
336
208
206
313
208
220
311
263
318
296
300
296
308
251
235
313
248
196
353
313
339
197
256
230
271
288
351
301
278
323
354
228
269
301
175
283
215
288
277
299
274
308
351
303
343
300
271
273
238
296
349
249
236
301
263
316
266
308
261
247
261
240
238
293
329
316
206
182
356
303
271
300
421
301
253
288
324
191
444
308
428
297
151
136
358
288
263
154
266
306
234
328
358
316
349
295
239
311
389
311
330
207
428
333
333
283
119
109
248
161
139
284
177
261
273
226
417
318
374
296
426
173
256
308
606
234
267
305
266
300
295
261
223
308
319
213
271
111
314
180
249
303
246
344
271
156
246
218
268
309
346
261
330
291
229
253
296
206
286
260
323
270
253
304
340
298
514
153
395
334
258
192
356
298
429
293
391
296
292
303
196
188
356
197
276
314
178
338
356
310
335
314
280
313
261
293
410
237
174
313
265
295
300
313
345
325
255
303
286
313
373
343
286
291
339
300
178
306
395
303
474
318
401
313
347
300
313
321
296
346
167
316
241
296
262
295
214
308
308
316
291
314
241
199
338
290
324
296
271
174
323
296
346
226
366
295
381
303
245
315
253
310
250
331
353
316
228
294
398
289
263
321
363
303
253
303
195
301
267
291
258
331
156
213
268
260
299
295
278
301
306
128
265
303
256
316
345
303
286
303
418
162
215
295
313
287
582
321
347
300
261
308
237
260
249
330
456
210
303
300
339
316
343
229
316
301
423
316
423
232
256
296
380
251
309
263
304
318
251
301
278
271
139
308
198
303
197
201
211
299
356
351
371
313
174
303
179
326
303
203
403
298
256
283
341
304
275
218
361
316
356
311
272
290
346
296
278
216
279
295
217
198
321
296
246
303
343
315
301
316
235
318
256
124
341
266
266
311
358
188
323
233
414
208
343
306
386
298
139
140
282
310
246
328
399
293
290
328
350
252
396
266
348
321
345
305
347
306
191
301
264
239
386
293
263
249
329
301
343
323
371
323
277
216
224
311
343
238
321
301
338
329
371
306
268
206
300
299
261
319
309
155
344
303
333
309
248
313
260
249
411
321
204
276
266
205
419
348
388
294
411
316
348
323
306
241
694
298
436
296
323
216
358
316
302
256
388
168
366
345
408
296
283
299
293
289
346
304
401
295
404
279
319
286
295
308
330
296
172
354
386
314
301
246
368
333
439
283
415
298
343
298
341
306
144
263
306
293
426
311
513
196
342
173
346
318
347
218
441
299
409
286
331
313
234
78
451
309
438
300
423
264
343
296
209
307
341
328
243
295
428
297
336
178
471
133
403
329
351
300
414
296
376
253
346
316
198
298
416
324
426
244
357
300
360
316
439
316
266
254
385
229
444
205
377
315
423
296
326
313
310
301
363
316
329
321
383
201
280
306
433
328
428
188
220
298
453
326
290
331
401
277
426
199
368
283
331
307
326
329
324
311
363
192
351
254
454
309
414
316
331
269
231
92
429
209
266
331
403
295
386
301
293
329
446
316
381
291
300
328
359
315
266
293
276
209
351
238
356
296
426
316
434
326
398
296
416
308
403
308
361
316
446
163
343
301
291
335
221
187
679
180
343
311
284
336
235
172
441
208
454
303
340
296
421
314
206
321
353
311
408
299
323
294
434
309
310
308
394
280
253
295
411
295
411
241
328
326
421
301
421
321
371
320
336
318
391
283
424
310
239
286
415
285
399
307
399
299
406
306
338
288
371
330
365
303
356
304
326
300
416
290
366
209
348
298
439
195
281
300
259
313
433
293
220
212
353
308
411
344
351
331
358
315
261
313
305
308
325
308
132
353
236
304
252
178
371
258
261
293
273
309
354
225
347
243
338
238
341
311
421
278
323
335
326
304
353
316
167
315
173
288
221
304
391
323
394
293
443
313
326
320
383
303
371
241
414
305
414
189
404
301
411
293
552
235
218
298
419
283
411
280
414
291
637
306
313
288
424
314
408
293
411
296
366
308
409
296
281
363
386
268
306
275
379
321
395
308
398
290
406
301
333
249
351
291
321
291
426
321
386
208
365
311
408
300
281
252
299
231
391
218
423
301
408
293
361
235
283
301
443
308
443
311
185
293
399
269
352
297
341
238
431
334
476
296
711
206
365
325
393
306
312
304
351
318
378
298
424
318
361
185
355
303
436
315
279
252
302
299
311
178
416
295
444
323
405
234
379
285
283
280
352
293
228
147
352
309
338
306
438
306
423
243
296
248
231
303
436
300
414
247
328
305
456
298
404
311
384
308
439
283
373
295
441
301
378
246
428
303
428
313
326
293
368
320
378
262
308
131
393
313
419
253
371
252
298
313
403
313
444
200
396
291
307
319
399
343
221
129
376
333
424
220
408
298
439
304
426
293
418
235
211
311
265
295
374
290
436
321
309
301
416
303
398
311
700
306
356
311
306
286
479
274
264
319
443
316
376
306
331
293
454
288
326
239
416
333
401
291
421
303
458
309
381
306
463
296
418
313
444
298
293
328
427
251
403
298
416
300
369
303
283
301
418
336
353
310
224
143
362
239
366
300
544
315
386
261
357
328
333
301
431
301
351
308
385
293
414
294
486
333
358
283
444
318
280
233
423
286
424
141
448
296
446
253
436
333
280
323
446
308
399
228
624
316
279
224
337
198
298
310
427
339
441
316
434
303
408
133
711
304
386
283
319
296
388
326
431
311
217
294
237
172
304
176
414
260
421
303
434
300
444
314
256
303
428
126
382
318
352
319
404
308
244
303
447
303
354
325
441
206
389
198
314
125
333
296
356
321
249
308
275
308
445
218
340
321
375
323
391
283
441
255
391
296
345
293
278
296
368
303
379
308
363
321
397
291
363
305
411
224
279
291
277
122
379
295
236
295
426
296
457
313
384
299
363
308
263
313
239
301
281
240
366
300
398
301
326
311
316
260
286
278
275
308
391
295
370
300
348
311
366
98
378
166
368
301
291
309
375
291
429
247
335
291
280
318
439
311
255
114
401
161
265
290
366
326
278
298
267
298
438
338
344
311
278
318
341
314
571
296
409
200
413
319
286
317
339
306
222
308
474
314
406
301
379
293
206
119
266
301
437
308
426
210
338
296
355
288
286
289
346
316
396
308
358
225
240
308
174
304
336
311
288
142
429
168
311
310
418
316
421
296
391
245
408
186
291
284
299
301
340
318
436
335
426
246
231
303
439
315
162
314
353
288
383
255
328
242
345
210
331
301
341
316
351
326
275
245
378
309
333
303
353
341
373
240
296
271
189
219
361
306
281
205
366
331
250
308
324
250
338
313
425
306
389
248
406
304
265
310
271
303
324
293
333
183
281
301
298
231
398
317
301
290
459
318
308
303
212
137
311
309
451
162
308
300
310
296
373
308
238
313
315
296
393
310
226
230
344
220
309
238
329
295
367
261
333
293
348
315
225
296
431
299
383
315
281
315
336
210
396
319
446
239
326
298
366
296
262
303
400
306
330
293
351
248
225
316
227
295
351
329
355
200
339
308
451
310
356
286
353
296
378
255
435
301
373
316
305
301
271
301
333
321
358
309
328
296
336
267
436
171
333
304
485
170
398
323
424
315
479
300
289
321
300
286
446
313
323
356
191
306
308
320
411
313
328
162
273
249
235
162
444
281
313
223
333
243
295
260
471
285
346
301
409
298
328
161
289
298
232
175
336
211
346
313
285
316
334
313
378
308
324
295
165
306
441
318
331
268
338
309
351
300
461
329
336
253
314
280
388
306
224
176
232
331
298
162
333
311
335
250
285
315
344
301
353
313
268
303
343
321
511
300
341
241
401
320
351
130
265
309
229
296
343
306
336
305
419
215
373
290
192
310
388
290
295
321
180
193
343
232
346
326
381
193
433
313
346
296
476
311
357
293
199
166
320
296
240
137
366
228
260
295
234
188
289
301
253
310
444
313
439
318
397
293
201
316
349
256
361
321
288
235
306
293
483
200
306
247
384
293
292
206
341
262
344
310
248
311
411
308
306
194
328
293
375
310
384
288
175
306
431
186
403
298
356
329
212
173
431
328
320
198
240
284
222
295
229
291
419
298
289
217
274
298
336
309
408
303
343
260
428
231
431
299
321
197
267
283
388
303
343
303
411
308
202
305
354
303
326
299
286
280
463
208
426
283
449
316
308
299
424
336
343
308
386
305
346
311
281
316
305
298
434
268
328
310
356
318
339
301
308
309
337
295
368
293
268
281
247
286
310
345
311
300
306
296
194
295
232
270
298
307
284
176
420
308
201
183
316
310
331
244
411
308
399
293
436
306
379
132
338
313
397
308
467
296
271
341
394
306
416
273
350
291
455
189
234
299
283
311
314
147
418
315
353
131
336
133
376
293
343
301
303
278
293
184
258
303
308
321
431
311
201
268
471
301
335
323
319
293
398
303
350
188
325
161
351
253
301
172
335
296
374
145
356
165
341
304
338
321
441
294
114
142
223
316
351
295
424
301
453
207
367
284
344
160
464
308
279
214
361
311
346
296
356
321
381
308
206
251
343
281
411
277
323
298
351
326
356
303
360
239
373
311
354
329
353
291
349
318
398
326
399
329
285
305
256
170
394
238
357
170
245
231
298
303
326
307
433
318
374
323
290
165
431
243
355
313
400
308
253
330
323
290
344
310
297
234
321
290
353
298
416
203
415
301
373
251
387
222
115
135
361
314
386
286
424
176
345
301
337
320
383
313
429
194
441
328
338
306
334
293
228
181
411
291
344
308
339
246
118
121
312
298
418
307
426
290
333
334
426
311
416
308
336
331
320
301
343
295
363
333
431
301
419
296
261
319
364
271
348
321
351
313
185
131
307
295
135
283
336
316
371
298
356
296
221
301
456
301
191
167
439
260
421
235
354
291
318
311
389
316
291
300
384
311
379
303
313
290
419
318
329
317
406
215
273
297
389
227
338
324
276
198
315
281
199
308
421
311
686
341
324
293
298
300
249
212
358
293
318
219
338
315
290
290
293
328
222
324
146
303
345
331
303
175
361
204
268
293
331
296
431
122
416
304
343
321
351
158
281
293
351
303
311
316
387
298
330
318
363
298
271
310
361
296
231
301
355
318
372
309
270
326
200
283
436
315
303
301
403
326
310
311
421
295
388
293
316
320
334
329
350
180
316
313
409
161
417
231
451
300
333
303
170
291
338
311
346
306
366
319
421
313
310
301
353
316
421
325
333
283
343
303
388
293
253
298
370
301
348
300
359
298
354
299
336
328
378
331
410
296
413
329
313
248
252
318
353
271
348
291
399
313
434
301
343
301
365
223
396
149
391
245
189
313
331
283
326
307
353
305
263
326
318
293
411
276
411
353
366
341
326
306
239
320
426
313
339
228
398
301
419
297
376
262
327
323
309
291
431
308
240
328
351
303
245
321
515
314
256
211
403
303
351
306
421
211
370
296
379
298
333
186
263
283
355
293
316
290
428
184
416
314
408
301
351
324
434
300
261
306
350
200
304
306
178
278
244
306
351
308
358
263
381
218
326
280
265
202
411
311
358
289
657
301
436
315
239
311
363
276
356
253
418
301
423
303
408
291
180
298
361
303
418
308
401
308
276
303
268
314
405
201
404
301
376
310
378
247
399
293
378
308
396
308
347
301
293
298
351
308
325
319
200
157
374
256
453
328
338
301
431
331
414
298
359
298
271
308
291
290
318
283
414
316
318
225
388
298
335
291
364
311
383
306
351
260
230
250
323
334
365
307
536
323
328
301
283
201
333
231
192
246
408
287
353
203
366
318
353
316
327
321
396
303
306
298
346
216
393
168
456
303
393
275
429
295
399
271
323
215
331
298
296
167
238
207
332
316
339
153
318
296
243
202
253
310
343
295
285
315
371
241
385
301
255
311
315
293
311
195
354
200
356
283
189
303
428
286
341
236
320
275
489
316
247
218
381
295
319
331
401
308
306
300
298
301
345
296
370
305
278
301
424
306
356
300
415
293
159
311
416
303
316
248
294
180
321
291
241
308
384
290
252
315
326
308
231
300
445
314
338
296
419
279
285
310
353
313
333
296
223
296
223
311
306
246
429
314
409
264
354
308
346
316
403
296
308
291
431
296
206
325
456
235
331
296
459
253
345
313
438
317
178
182
411
190
293
245
323
161
417
301
152
105
230
105
374
304
369
296
320
336
421
346
353
215
320
138
364
328
421
313
368
304
292
184
395
330
266
308
328
304
351
286
431
320
211
295
388
273
346
299
321
293
375
247
255
222
426
313
377
305
426
328
383
311
213
308
363
293
311
250
386
293
321
294
411
298
386
185
393
308
196
96
418
299
335
298
262
291
418
300
365
298
421
289
411
223
396
318
421
313
371
298
391
301
356
299
248
293
451
278
416
264
325
295
404
296
351
335
331
313
424
316
409
169
356
232
333
308
436
306
249
308
406
136
271
300
429
329
363
291
213
286
421
296
371
231
436
303
402
303
443
318
424
221
361
321
394
300
305
308
410
246
466
329
652
266
416
291
398
295
383
301
252
341
178
123
288
245
256
306
308
221
431
301
296
249
426
306
421
315
467
327
328
296
416
301
419
303
359
308
401
256
340
328
468
303
240
84
378
258
260
141
378
301
315
308
294
276
403
221
246
90
177
318
383
296
316
291
391
308
421
299
239
115
401
291
386
266
449
314
413
221
374
306
429
324
310
311
364
152
366
295
375
291
427
305
411
303
414
283
357
255
328
308
416
326
427
273
426
318
291
308
436
303
466
283
284
178
436
199
411
314
393
313
421
316
331
310
426
230
414
216
229
159
352
203
398
238
474
217
290
313
434
306
403
310
385
291
389
326
310
295
247
119
436
130
372
241
313
308
220
260
326
316
261
328
317
193
584
212
391
169
413
273
172
126
424
246
276
301
328
211
185
325
383
293
437
165
353
299
351
183
364
289
288
291
396
221
401
316
616
316
216
311
375
303
431
348
356
205
448
151
367
234
717
248
403
303
404
208
274
122
366
270
272
293
408
173
426
281
381
308
411
214
373
255
459
90
409
331
386
296
444
328
330
315
284
266
388
300
461
328
252
283
388
173
400
205
637
291
451
328
241
316
393
304
325
296
178
171
257
293
356
299
217
280
353
313
381
306
324
308
356
303
258
293
354
305
408
301
331
308
369
329
283
283
389
316
457
313
253
298
431
305
321
321
281
236
341
306
431
310
406
308
366
317
304
257
201
129
441
324
370
295
333
328
393
295
431
341
356
314
371
323
423
328
351
311
421
309
428
294
406
316
296
298
383
296
395
158
395
256
303
308
329
293
243
246
340
249
338
214
398
200
178
278
350
325
381
296
399
196
398
301
367
204
459
315
355
223
421
301
301
168
418
326
291
177
385
310
426
262
451
258
436
303
416
299
428
238
436
241
424
316
408
205
293
184
381
326
428
306
341
334
439
306
288
132
374
288
426
298
365
301
383
306
333
305
431
283
395
266
247
293
349
297
323
291
354
285
411
306
431
300
441
280
366
310
451
218
223
296
439
328
439
329
265
300
464
265
411
269
316
310
308
301
305
320
271
299
193
191
340
296
300
303
358
309
419
320
418
316
335
303
258
287
27179
126
404
278
396
298
444
301
411
329
423
273
401
320
308
308
755
318
224
179
426
318
299
290
284
324
433
301
433
316
386
301
292
343
356
300
417
308
377
301
421
329
378
310
433
303
247
209
466
248
285
220
353
285
705
293
364
301
363
296
441
304
313
298
381
157
194
239
451
288
