318
384
321
336
391
329
172
193
377
301
182
393
159
193
356
391
303
259
248
358
398
388
291
381
286
353
278
356
325
348
426
369
447
375
468
379
331
379
368
341
379
366
488
376
406
343
251
252
386
165
401
379
403
323
338
313
416
387
194
356
396
263
388
351
226
367
241
340
258
375
352
355
247
298
308
339
321
279
311
351
296
330
284
368
316
301
227
373
243
213
378
348
344
378
251
391
298
334
371
373
404
333
323
346
291
323
207
350
242
213
403
358
323
379
170
225
367
208
443
361
221
341
278
381
191
136
400
378
345
318
381
323
288
373
206
274
361
391
451
339
353
348
276
356
616
325
378
274
413
389
347
319
401
381
418
350
434
215
293
381
414
383
270
351
365
346
371
153
456
339
396
363
230
254
354
384
181
213
381
363
319
334
369
247
301
235
283
411
358
374
205
351
451
348
298
203
238
190
381
241
311
381
351
378
394
339
262
373
298
364
379
358
234
348
341
383
235
334
397
239
296
208
469
378
353
389
313
224
396
361
353
363
300
195
318
323
221
223
369
336
285
384
301
341
376
348
439
254
424
353
323
384
348
391
221
346
401
384
358
346
338
276
356
311
326
393
356
381
296
338
305
349
389
363
207
376
413
378
387
351
327
376
461
331
325
343
368
306
325
331
331
386
379
341
239
206
365
361
330
377
393
345
326
387
386
354
433
314
407
349
361
396
496
323
319
364
336
381
265
248
348
321
396
381
262
391
433
379
409
413
426
286
345
365
486
326
368
401
401
348
393
333
396
345
378
349
371
349
367
264
413
250
448
341
375
391
318
336
426
385
395
353
298
233
320
406
496
376
404
371
410
389
368
386
209
371
242
207
394
222
428
383
379
389
335
399
485
401
388
384
401
366
315
388
498
391
235
147
486
202
318
369
306
353
323
359
297
323
216
386
244
208
366
351
291
336
594
268
427
384
414
370
337
275
228
379
391
391
383
335
368
345
439
146
489
376
268
346
364
381
311
344
124
373
279
285
378
381
371
351
361
341
311
351
416
314
321
375
436
365
377
368
381
336
266
356
388
381
311
373
391
351
667
348
137
137
314
351
306
241
411
393
389
334
275
323
323
383
298
245
324
270
166
379
311
351
426
383
308
234
300
251
238
293
406
359
393
237
319
343
252
295
354
361
383
386
313
381
329
356
314
384
194
371
328
386
381
375
609
361
224
276
301
386
374
229
328
286
451
404
359
393
365
348
377
349
304
365
325
350
377
346
399
391
376
391
361
391
189
348
221
238
223
334
336
330
282
391
286
378
351
261
311
161
315
355
393
385
386
336
288
381
373
356
352
393
364
386
389
348
331
389
183
378
341
366
232
222
308
338
381
376
386
361
271
345
173
363
317
399
301
363
321
408
296
210
222
376
384
353
404
351
328
265
423
299
391
361
361
224
221
383
318
381
454
373
323
278
321
391
283
259
368
200
413
297
287
300
378
226
316
216
399
237
290
406
343
377
311
268
386
360
254
208
419
373
205
125
344
374
391
221
308
323
374
369
489
376
353
361
393
386
298
338
306
378
265
249
374
323
249
405
418
373
275
300
329
375
383
305
398
388
388
396
194
253
413
391
433
384
326
355
371
353
393
371
389
376
301
290
391
313
365
353
353
323
379
394
379
375
458
386
426
387
296
369
303
199
479
394
381
340
249
351
216
375
393
354
333
338
393
381
235
231
344
340
292
349
391
252
215
335
293
363
321
333
315
373
285
393
242
284
321
367
395
376
338
219
386
351
316
344
318
391
518
376
421
351
443
339
203
343
163
376
521
365
326
331
319
389
321
345
303
279
316
373
336
255
206
222
352
282
376
345
305
351
328
351
350
383
333
194
314
353
315
343
461
338
298
386
296
366
170
353
311
364
343
338
321
393
311
335
436
300
406
316
391
353
320
354
393
386
229
336
310
311
433
414
273
323
476
411
301
381
344
314
368
323
418
376
528
353
351
374
393
346
309
336
333
356
246
324
371
363
383
297
441
356
481
333
401
312
308
386
201
373
275
336
293
361
408
297
409
381
287
231
381
363
271
394
451
294
391
336
407
388
325
389
391
112
354
366
433
376
441
356
612
338
398
379
424
383
368
375
378
318
375
349
381
376
219
250
411
391
315
388
343
399
514
281
401
351
381
364
338
348
329
360
304
363
373
345
327
348
333
389
295
381
343
387
254
291
487
389
396
338
414
389
363
317
314
346
371
356
339
386
272
196
346
326
338
380
446
346
468
318
568
355
473
277
403
286
421
361
302
269
363
391
385
260
333
378
330
290
258
381
298
350
259
349
474
165
391
301
459
394
411
254
521
391
403
364
431
289
348
401
375
379
332
366
329
339
371
334
321
384
343
256
368
323
308
268
348
348
408
381
391
381
486
343
449
348
465
253
464
380
332
346
271
281
447
338
182
344
413
286
341
242
414
333
399
266
305
278
488
374
481
246
364
305
336
390
417
207
323
390
461
395
461
351
511
394
396
373
494
313
298
353
236
343
449
391
458
208
409
338
388
378
381
324
391
358
441
353
418
393
458
351
309
351
469
383
316
266
306
374
378
323
476
191
478
222
286
247
506
363
434
346
321
269
342
314
361
356
373
358
448
338
466
386
386
383
446
343
471
376
331
361
321
394
411
391
281
376
461
364
344
351
732
391
305
366
476
339
365
378
411
351
477
339
474
333
371
330
335
388
417
369
461
358
399
340
376
258
381
386
269
335
468
373
453
381
451
343
369
298
446
337
363
345
308
337
455
290
306
366
393
376
511
167
439
285
416
368
312
336
454
196
406
364
339
297
467
335
428
325
386
378
258
186
483
348
416
338
481
356
257
311
366
391
305
319
326
344
375
257
379
394
364
376
363
385
381
348
312
361
427
314
353
180
339
346
443
291
357
396
463
391
459
235
471
380
463
349
484
346
461
331
524
368
361
361
224
391
424
365
379
366
339
261
477
375
489
245
341
383
324
393
456
358
369
379
316
389
361
351
314
278
338
336
334
245
641
365
198
131
471
367
421
384
202
226
291
212
487
386
370
351
396
275
388
366
313
155
467
356
486
391
316
341
238
381
384
389
326
270
245
336
250
361
373
378
329
378
266
379
311
234
203
344
359
397
306
240
253
334
343
387
272
337
300
386
210
388
331
365
471
364
196
260
234
341
378
386
424
381
604
349
373
391
346
379
396
303
310
364
323
348
343
366
376
378
444
317
413
371
488
381
501
363
363
361
371
232
707
321
429
391
369
361
376
363
354
278
373
391
463
386
429
399
471
340
468
351
416
353
486
348
529
318
458
349
481
381
376
397
491
253
650
391
444
298
449
349
479
394
488
363
599
361
288
377
421
394
374
388
433
336
478
295
509
345
481
346
331
376
393
340
201
175
483
379
454
335
491
244
413
295
451
338
419
386
493
360
481
293
429
363
464
291
429
349
397
219
391
233
448
384
451
335
396
381
469
391
408
374
484
416
436
336
383
363
386
393
394
334
359
391
476
391
471
345
491
375
431
173
396
337
519
331
451
391
495
339
453
321
354
373
384
351
431
364
511
378
375
254
369
326
309
364
487
309
389
343
461
349
298
238
418
364
385
366
463
365
454
271
380
339
485
348
451
353
461
368
336
364
471
300
291
390
446
358
466
388
484
324
458
281
508
381
456
380
461
373
445
318
486
343
528
374
436
351
424
321
302
234
419
379
464
361
426
351
399
287
387
393
469
333
444
381
509
331
491
393
475
340
416
405
454
358
478
366
413
379
437
391
419
330
441
379
484
391
383
233
521
318
454
331
406
267
410
398
356
373
401
379
413
346
321
336
438
333
496
350
391
313
484
351
423
323
493
351
250
148
240
132
459
358
389
349
476
338
503
391
411
388
368
331
444
356
456
355
373
350
519
391
502
378
307
378
363
373
451
363
453
346
262
379
454
374
662
246
386
282
547
369
453
189
310
339
469
376
277
170
425
329
473
198
384
274
303
355
368
350
524
348
487
343
892
345
334
350
386
348
464
346
351
366
323
165
334
281
487
343
388
379
429
341
455
379
439
363
496
356
423
394
381
391
468
384
606
341
511
288
443
318
617
363
344
225
473
264
737
336
509
356
244
348
469
368
489
378
484
380
684
369
361
195
401
348
469
260
453
239
509
378
404
336
434
391
526
378
391
338
388
326
441
365
479
353
365
353
344
386
434
351
491
374
321
334
469
391
275
129
141
157
559
381
329
336
392
348
308
344
452
384
481
379
404
336
288
391
398
379
423
262
454
380
438
349
506
376
373
335
293
351
391
245
491
381
401
338
388
241
363
338
268
383
227
341
386
333
489
386
659
383
378
353
484
324
376
346
491
381
464
394
363
379
277
136
291
363
674
339
418
380
461
350
310
157
298
350
264
232
398
350
379
384
421
394
313
183
232
293
389
377
463
353
358
391
406
343
280
356
481
371
378
363
195
203
329
287
396
346
527
366
642
205
468
270
479
356
479
364
311
376
476
348
414
310
303
383
323
364
474
335
293
393
481
305
211
173
227
212
403
318
349
333
328
276
323
368
334
349
419
369
323
337
479
365
265
391
394
393
427
373
418
366
326
381
214
256
236
394
456
353
311
306
262
338
381
331
411
336
391
343
315
339
331
378
464
339
350
384
169
169
519
338
491
379
396
340
453
389
348
363
273
285
322
351
294
368
363
356
476
324
433
359
454
330
404
394
388
353
266
373
408
394
464
391
364
394
481
356
371
365
378
348
443
351
396
373
407
323
439
366
356
361
443
375
459
375
421
341
381
374
413
393
436
394
391
366
478
381
319
381
488
356
434
301
319
390
327
309
479
378
386
323
409
391
296
371
418
361
379
378
409
394
308
376
403
393
431
366
369
359
444
350
304
309
369
336
395
334
298
329
363
339
379
336
474
404
396
293
494
346
481
346
358
345
281
346
631
375
323
394
519
309
397
313
363
378
383
363
474
384
381
351
391
255
421
378
413
343
391
339
227
361
434
381
305
338
426
378
360
336
419
368
393
361
393
331
263
238
453
391
415
379
425
338
315
279
419
383
414
398
299
296
468
364
401
353
368
308
416
393
406
350
396
283
424
391
368
364
437
379
381
383
389
283
446
296
406
378
306
389
383
358
351
320
381
393
401
358
234
349
383
365
491
379
416
383
374
370
489
398
401
308
436
313
411
182
392
298
316
239
414
359
424
341
461
321
217
363
479
369
407
351
421
363
366
308
426
373
428
363
286
364
393
378
411
291
441
369
303
399
406
391
358
360
451
388
494
296
474
324
369
273
283
356
468
368
378
314
474
378
469
358
438
281
351
383
476
391
441
373
471
278
461
375
408
253
492
319
303
358
400
374
363
373
283
403
459
383
493
331
404
351
501
331
379
363
373
267
232
343
338
318
314
253
452
349
320
381
476
374
391
305
234
315
432
275
486
381
282
204
459
371
383
361
459
353
474
349
541
394
387
373
353
348
454
389
570
386
496
188
401
329
393
375
471
363
228
348
391
349
375
393
443
308
386
351
306
190
233
286
259
341
454
293
352
393
501
376
411
323
328
333
349
331
461
368
281
376
314
338
476
241
341
174
336
369
381
261
425
215
381
378
360
317
376
257
457
341
308
335
396
353
448
224
385
368
336
384
358
341
341
331
396
351
319
272
371
394
416
188
481
388
405
385
187
331
293
373
383
348
413
310
373
349
299
331
375
350
411
388
321
394
441
391
664
373
323
363
398
346
417
398
358
264
399
384
426
270
383
351
466
388
309
249
508
376
466
348
337
294
374
349
391
338
210
378
401
373
283
338
438
290
368
323
301
366
434
393
322
269
564
283
331
351
453
366
428
394
319
327
302
393
403
348
413
378
371
388
237
182
401
376
331
381
334
333
341
381
439
366
453
366
384
339
255
225
601
339
398
303
431
378
522
381
421
391
498
380
413
350
436
386
409
361
191
365
383
338
375
351
209
166
406
341
348
373
433
356
192
226
212
393
271
369
611
391
288
343
466
263
485
384
411
300
499
363
369
384
308
303
289
253
348
248
391
338
391
394
418
394
377
290
411
381
449
398
316
140
322
373
366
374
441
298
363
333
395
361
366
278
335
339
371
394
368
351
398
285
365
297
403
359
387
389
383
225
329
391
373
275
478
289
403
340
381
376
366
258
401
351
271
373
349
239
388
218
459
338
401
286
414
341
498
386
370
213
370
374
403
311
579
239
253
355
391
388
391
350
503
336
315
250
487
386
373
204
404
343
393
241
372
379
242
218
252
201
403
386
292
346
391
286
404
183
521
278
532
381
368
376
285
333
444
197
458
323
371
385
479
363
272
381
506
366
421
295
449
284
380
338
371
257
336
389
408
321
283
388
471
339
481
341
383
326
33870
197
375
391
481
379
283
239
393
365
492
271
212
361
260
366
544
271
476
363
388
341
366
260
475
373
394
397
229
345
413
383
373
361
383
338
446
390
387
381
389
235
237
336
385
238
696
323
399
333
385
377
486
388
404
351
325
336
383
368
451
343
376
226
465
376
443
388
361
333
391
383
449
323
426
376
433
285
431
366
448
286
483
388
456
374
456
411
408
288
422
336
378
361
436
381
363
278
394
364
299
185
504
383
391
351
441
202
233
220
393
342
233
261
421
303
395
338
319
343
554
346
439
378
303
282
528
351
363
370
439
391
166
177
386
350
383
258
386
383
479
351
511
303
433
359
368
356
389
329
388
351
378
351
246
219
260
363
396
200
293
343
504
156
363
363
471
314
405
379
501
311
391
349
433
326
459
222
411
403
349
250
378
246
326
321
509
286
429
351
481
351
408
378
486
373
446
391
353
329
411
311
407
283
250
351
433
309
200
388
473
333
526
263
463
394
443
391
370
285
458
393
301
336
348
176
679
376
346
394
401
391
418
378
431
348
321
301
401
326
685
338
365
361
387
235
496
316
484
383
453
363
310
304
389
222
516
359
250
177
321
356
371
351
388
346
467
391
388
336
517
338
464
399
395
340
314
305
366
390
403
377
178
338
244
349
323
249
411
333
366
344
330
358
459
374
394
341
479
374
471
329
511
394
325
324
464
177
301
351
355
364
476
351
401
354
285
272
399
302
471
349
282
376
370
341
396
338
378
341
288
351
481
334
476
184
319
266
348
347
471
391
379
376
310
235
371
376
456
274
411
338
240
381
386
346
458
378
443
349
431
391
272
349
504
384
421
351
201
167
471
381
407
379
383
361
351
346
323
361
299
206
389
356
393
356
504
385
409
393
469
344
391
365
393
388
471
363
419
314
454
193
418
381
363
329
368
303
444
391
278
151
654
346
351
336
430
334
316
325
333
367
599
333
369
208
501
377
466
315
393
183
476
389
320
331
481
205
443
343
434
383
446
323
212
409
424
358
498
379
189
174
401
374
399
337
642
391
391
341
319
267
311
389
459
364
428
380
373
358
318
336
425
346
462
349
513
313
471
381
411
345
401
364
376
371
614
320
447
381
473
323
338
348
451
391
469
326
463
336
744
387
366
358
404
378
261
389
481
173
347
381
376
315
431
346
306
380
321
384
336
383
293
373
481
358
486
348
466
378
499
336
327
346
384
355
381
305
496
385
368
363
441
374
456
351
386
341
476
389
466
295
376
277
325
339
459
363
468
381
364
306
478
348
418
218
496
378
282
324
366
192
453
328
491
333
438
321
419
391
476
338
481
225
456
348
346
393
762
293
381
361
286
363
449
313
350
378
466
276
294
147
374
381
428
361
446
209
511
288
411
311
384
383
455
375
463
357
213
169
378
284
489
336
291
391
421
354
355
373
465
344
365
289
507
391
475
338
494
346
389
360
313
380
357
376
458
346
189
161
344
376
461
336
464
346
451
378
310
325
426
401
284
353
479
351
553
340
257
397
463
348
345
349
464
356
308
341
436
342
429
224
283
141
474
367
290
403
351
341
491
369
408
381
280
373
360
368
457
363
419
383
497
358
464
381
498
274
408
189
378
353
484
358
243
187
323
312
406
307
498
333
201
378
363
374
458
353
345
332
323
341
405
381
546
378
493
378
542
386
378
406
619
393
464
416
468
378
473
328
461
344
461
338
439
363
207
151
421
391
422
321
493
366
413
358
473
338
484
202
489
365
384
331
496
399
408
369
197
168
378
351
446
346
223
150
413
386
468
350
736
348
464
379
411
326
446
306
466
318
484
368
471
375
464
389
408
237
491
353
373
349
394
296
305
401
492
376
345
326
449
367
461
351
453
335
401
325
415
393
326
220
471
363
419
270
471
394
479
383
477
289
449
416
455
374
383
378
261
378
405
301
441
338
424
323
350
265
332
231
483
378
463
348
409
391
464
355
468
336
491
379
340
333
411
373
546
336
380
394
262
357
484
381
400
296
348
287
471
366
274
135
489
313
458
333
424
364
453
338
521
132
501
363
409
381
248
226
481
289
509
343
474
408
203
150
451
348
337
391
458
297
391
353
464
314
459
383
447
149
275
149
453
381
481
315
396
376
366
293
372
345
451
363
443
354
379
348
264
366
321
341
464
154
707
336
368
341
451
384
328
376
406
364
496
383
704
369
491
383
489
333
308
386
496
386
316
344
486
381
498
363
428
333
408
351
380
369
455
315
453
353
523
169
401
391
471
346
379
386
496
366
501
365
335
337
478
383
516
385
302
356
527
365
297
351
496
321
326
338
707
334
376
305
506
217
307
348
499
313
446
351
416
326
473
364
472
380
454
366
315
343
397
316
463
391
383
383
524
373
405
387
499
376
352
269
375
380
453
158
483
308
389
296
446
391
383
406
454
273
464
381
431
389
435
323
459
353
499
279
389
353
445
375
386
343
349
348
396
398
681
391
473
346
436
351
273
373
498
353
443
336
332
184
449
301
322
282
463
250
514
383
356
363
419
353
368
351
669
307
391
341
363
305
471
335
406
383
461
329
416
246
517
389
337
396
466
383
476
394
378
394
493
205
472
373
399
161
411
336
416
326
397
272
339
376
488
320
386
361
489
378
491
380
384
366
394
333
356
348
448
217
437
358
451
321
454
331
479
376
