313
355
400
386
361
341
394
301
296
207
333
325
277
333
406
345
368
323
449
330
282
351
167
351
423
390
285
334
321
285
416
349
318
303
381
348
369
356
261
213
359
356
276
333
375
343
315
373
361
386
383
336
241
252
356
386
414
386
248
338
361
379
229
396
414
244
323
356
396
384
419
373
166
171
307
348
191
386
261
198
416
201
381
399
383
353
283
325
293
216
409
380
333
171
142
389
338
381
406
376
408
391
393
386
318
373
254
249
366
346
319
391
283
391
403
317
458
378
219
132
346
378
339
154
411
336
409
357
394
276
499
373
327
331
389
309
481
282
295
369
391
278
309
343
394
343
288
253
439
308
370
346
347
293
371
331
444
364
436
351
471
348
401
391
279
341
341
363
317
246
306
323
295
391
378
337
348
373
321
338
165
354
398
256
411
393
433
383
190
228
388
378
244
284
418
375
318
206
300
149
210
363
431
246
381
350
176
329
272
286
303
373
353
368
256
391
256
221
471
378
373
348
395
361
439
356
299
331
406
381
324
378
293
202
386
343
426
378
411
275
426
325
386
394
303
383
499
296
261
200
323
284
415
366
384
304
496
378
323
280
396
336
281
227
295
266
499
336
349
374
311
207
410
369
326
328
318
349
256
200
294
179
310
348
373
238
333
403
288
394
321
343
277
186
411
388
406
231
494
180
384
356
368
350
269
391
386
346
426
381
270
378
230
353
344
351
381
358
364
338
358
374
499
376
303
371
376
336
396
401
175
283
487
356
321
354
239
359
383
348
401
378
570
309
401
381
467
378
393
411
210
275
416
325
276
375
308
222
338
195
413
378
234
363
326
368
200
350
134
270
399
348
320
324
318
187
380
389
463
363
411
388
221
359
405
383
376
378
275
356
215
361
396
318
366
348
428
379
481
389
321
309
318
348
323
388
287
141
296
248
373
284
386
324
506
351
373
366
384
366
323
323
263
358
434
391
495
391
288
202
335
355
331
158
401
330
257
235
441
381
290
388
295
348
279
302
306
291
347
333
396
351
390
366
399
378
313
368
276
378
289
391
319
338
329
401
418
351
346
260
406
334
316
371
265
378
190
221
384
276
368
220
366
393
306
308
252
386
300
386
380
385
335
373
222
336
316
378
384
358
241
359
449
290
304
331
187
145
318
396
298
346
249
327
239
263
217
202
339
347
286
393
234
376
337
366
300
348
208
381
293
339
252
391
205
353
319
288
304
358
393
273
364
391
353
389
371
189
391
346
378
291
331
273
306
349
348
368
366
385
306
386
219
346
371
387
244
217
311
338
159
351
306
343
351
287
276
358
413
348
391
384
261
391
130
363
277
351
391
272
192
389
347
338
396
391
386
149
308
381
288
277
291
349
301
421
319
336
385
353
386
393
308
391
411
391
255
281
391
364
316
376
282
353
316
245
316
349
369
217
321
359
126
348
322
236
409
266
319
371
297
387
368
376
374
258
419
331
346
274
226
208
389
386
384
316
348
343
393
246
288
354
226
391
262
351
237
349
421
336
381
251
601
304
368
364
230
272
309
271
474
323
488
345
313
343
336
389
361
117
408
391
358
381
252
364
285
351
391
380
163
204
311
386
293
348
179
349
486
331
459
411
328
379
306
246
388
381
306
301
391
330
298
309
375
391
419
308
289
348
405
330
308
344
406
155
326
375
434
386
281
278
221
378
326
367
215
356
393
368
417
196
426
394
463
260
378
326
316
242
301
349
301
334
345
365
390
348
358
333
471
356
491
308
654
388
280
373
250
341
336
394
254
286
320
384
297
317
410
338
137
351
409
295
376
264
381
344
366
354
371
349
259
346
136
351
324
333
541
323
165
160
328
209
209
373
375
346
413
381
251
388
511
376
347
350
360
255
549
351
350
378
321
391
366
363
281
275
313
380
291
348
397
334
303
388
295
373
366
379
368
339
448
195
216
202
307
373
338
336
285
374
465
353
366
363
737
381
346
298
509
338
300
341
291
353
409
396
350
380
230
373
292
364
441
260
384
266
401
373
306
386
280
381
333
383
311
334
378
211
382
379
599
381
403
351
289
393
303
374
261
361
451
423
295
361
230
363
654
353
457
291
448
358
429
378
164
197
451
344
391
393
281
358
216
301
319
240
239
375
396
403
453
378
311
245
301
340
290
146
333
311
309
343
395
350
425
391
363
391
405
198
439
391
409
318
378
366
298
346
403
324
366
351
116
153
405
383
278
388
416
351
396
351
314
315
371
253
336
281
286
331
406
207
506
351
457
326
381
293
333
260
344
356
347
167
260
393
359
369
303
303
328
294
400
368
386
374
385
384
546
393
363
279
383
394
358
323
361
386
409
376
470
252
391
346
282
375
305
364
323
285
304
326
396
374
537
384
303
339
478
381
426
322
456
232
323
333
434
346
401
351
465
393
192
270
599
338
361
339
476
330
453
351
306
383
385
386
378
339
393
356
328
291
277
374
471
393
334
325
375
389
461
336
389
391
477
351
404
364
325
381
333
348
289
289
443
391
446
343
325
378
374
323
424
344
313
394
389
346
486
259
262
388
348
376
408
386
387
398
312
381
493
318
261
336
335
377
303
284
279
225
524
374
496
379
386
351
461
296
376
343
288
385
494
401
366
316
479
351
394
333
361
348
305
345
474
346
363
389
378
346
286
353
371
281
256
257
396
363
541
376
571
338
469
361
609
388
333
301
496
391
646
368
411
389
278
255
531
391
430
373
354
406
300
389
388
391
306
356
401
348
486
391
464
378
406
162
398
319
301
373
383
276
241
279
401
386
225
160
519
323
377
338
495
389
767
346
391
378
229
338
376
383
479
381
424
394
404
386
386
283
421
393
484
391
461
391
438
354
376
369
461
353
323
348
476
365
421
411
380
353
371
336
365
280
506
381
275
333
446
351
449
363
384
329
441
361
386
358
411
393
448
366
315
217
340
278
438
346
443
285
481
391
393
389
433
290
471
350
752
333
473
336
476
385
524
349
398
343
484
390
261
321
425
363
749
343
331
386
346
363
366
364
438
335
361
423
349
331
148
359
336
363
505
399
486
386
652
376
438
369
431
390
366
358
363
383
406
365
399
147
471
363
376
297
373
376
393
326
386
378
383
363
391
326
594
381
220
351
421
377
269
294
311
356
401
391
371
378
429
283
355
284
328
333
321
328
451
284
394
368
371
395
409
333
417
391
353
396
399
373
303
384
303
283
276
365
337
289
396
375
286
262
483
348
388
330
488
375
350
373
293
298
513
377
453
366
267
329
471
358
451
358
461
375
393
378
428
393
461
339
421
394
429
343
454
329
514
299
444
388
324
348
403
387
388
363
389
373
406
328
484
384
371
343
511
239
319
373
488
366
575
328
358
296
413
351
301
351
381
339
401
346
438
201
468
257
439
338
399
369
300
338
374
333
444
216
381
381
427
335
421
360
486
337
446
383
471
333
425
325
399
341
332
378
383
338
454
336
501
379
491
350
566
347
378
375
375
348
383
336
371
353
298
323
366
360
387
265
465
386
511
374
445
348
405
345
365
214
451
367
275
364
434
369
372
351
436
258
476
367
476
351
463
346
378
351
489
381
303
188
406
378
373
366
290
376
396
377
371
378
396
378
471
381
501
245
346
386
499
311
403
319
632
291
399
331
376
288
496
341
386
344
437
366
356
375
456
348
448
371
474
345
436
353
340
363
277
338
509
396
392
287
436
323
240
323
461
336
471
386
418
164
495
346
473
331
370
365
465
381
476
348
526
373
484
297
468
356
471
286
429
393
451
172
496
391
481
393
451
386
501
391
443
336
461
373
458
303
381
261
371
390
377
327
441
391
461
366
401
285
276
391
393
374
471
363
438
363
451
359
251
163
291
139
503
290
439
329
274
378
413
306
481
383
418
356
447
346
441
338
469
363
377
355
326
396
314
211
463
373
458
369
376
235
478
326
394
350
314
384
405
355
375
338
471
351
383
376
449
339
365
346
333
251
393
398
359
270
301
381
426
361
297
349
443
356
426
321
356
390
391
377
463
218
401
390
446
295
378
354
408
363
471
385
481
373
396
270
298
363
441
253
444
348
509
379
463
378
497
262
516
344
651
350
456
225
449
339
491
376
476
335
456
343
424
363
434
353
452
361
463
364
471
366
270
350
436
351
458
249
446
243
396
275
393
316
533
380
301
313
336
245
393
307
454
363
334
180
376
373
408
388
323
287
504
403
375
355
317
351
364
331
253
318
393
288
374
323
453
191
302
377
521
369
496
272
332
376
338
338
385
359
456
361
498
273
349
336
279
261
301
363
386
393
468
316
448
376
407
358
351
242
364
363
398
370
426
348
381
366
406
375
353
363
318
363
349
356
463
388
459
351
323
346
399
339
327
166
383
351
475
351
331
370
391
323
404
376
297
391
521
269
474
335
365
386
453
391
370
393
408
366
356
231
371
393
517
376
324
396
373
359
454
351
359
328
239
350
651
293
466
374
433
385
275
384
414
356
404
311
311
378
376
315
376
388
376
210
396
355
421
232
385
351
289
375
315
305
355
326
304
366
391
281
298
378
369
338
245
366
385
368
434
391
408
333
288
389
252
279
428
374
368
383
321
391
315
348
323
391
389
354
446
396
373
366
161
196
413
356
361
358
398
346
246
378
456
337
431
389
424
351
391
278
386
298
321
394
351
378
283
351
306
408
356
346
327
296
373
384
258
254
367
348
479
336
335
376
354
309
467
214
451
390
493
336
484
280
464
289
394
222
438
354
346
366
446
361
385
234
391
351
349
381
436
355
179
249
463
341
438
289
451
283
401
345
446
393
428
354
336
344
408
385
464
361
375
346
308
206
333
284
506
388
391
384
381
351
463
298
389
384
388
345
410
378
394
350
373
391
489
339
417
361
386
336
268
329
396
235
431
300
386
391
361
367
354
225
453
339
349
331
377
363
576
346
411
386
278
376
299
366
288
374
384
373
260
153
481
315
393
351
488
380
511
393
311
324
461
363
332
283
219
385
315
341
381
386
366
366
409
210
423
309
373
333
355
361
414
401
200
378
279
315
225
256
409
378
388
335
248
348
406
244
361
319
401
393
395
379
361
364
474
388
381
303
239
198
403
364
389
403
369
335
258
179
454
338
363
344
324
338
496
378
396
359
312
279
361
391
401
313
300
356
375
348
431
356
384
336
391
391
526
376
256
379
443
355
481
374
274
395
396
358
471
358
389
344
488
290
366
386
441
378
471
339
461
354
614
333
390
356
494
378
357
338
471
371
406
326
379
288
298
204
396
393
438
386
473
343
324
363
255
301
451
361
444
313
381
338
357
385
389
371
516
391
441
336
378
383
506
373
355
390
399
323
363
333
386
351
366
256
426
348
447
390
336
371
414
235
324
279
411
391
298
311
323
271
428
375
319
306
310
270
403
306
496
363
281
385
531
271
392
291
365
363
449
310
431
363
602
391
386
331
455
316
464
336
417
213
487
346
491
253
501
381
443
346
464
284
371
391
384
184
305
336
316
159
416
366
491
385
501
316
328
361
416
345
252
349
443
209
365
313
396
296
529
339
353
394
356
355
566
290
399
335
394
348
261
379
413
336
289
378
478
379
385
386
395
363
393
338
401
268
436
396
395
336
408
311
446
366
474
348
457
351
381
355
271
394
375
351
409
363
321
391
329
279
411
283
356
391
429
293
436
350
379
341
409
365
395
379
436
336
387
376
509
381
300
283
423
334
413
391
386
391
652
349
291
390
418
349
294
349
321
268
401
259
374
386
474
304
417
381
306
275
376
383
401
353
335
330
526
288
499
354
636
391
348
8873
401
376
194
388
601
376
481
269
395
361
396
341
404
405
481
323
408
387
376
278
421
374
306
360
184
378
400
336
346
235
367
324
270
378
248
201
338
336
356
157
433
394
381
346
349
371
403
381
476
290
336
383
313
354
424
348
339
378
699
394
456
339
504
391
275
273
409
379
323
363
534
349
667
391
468
363
498
358
417
291
411
343
331
366
230
290
313
353
375
324
421
235
467
348
403
378
375
394
488
363
453
359
313
241
484
369
380
377
373
379
449
341
401
391
461
217
446
366
294
150
211
152
371
338
386
384
491
348
501
391
366
368
409
358
368
344
348
393
479
374
373
333
454
191
491
389
391
393
391
389
405
364
454
324
405
249
391
186
444
232
323
374
388
345
326
274
373
260
517
370
436
333
479
356
473
363
301
393
268
316
414
381
414
246
372
323
200
346
494
391
385
363
232
323
481
349
391
373
355
259
361
366
519
381
256
346
371
391
287
343
413
373
414
309
401
374
291
339
398
346
391
338
409
338
404
378
454
363
359
349
391
325
423
378
348
383
404
348
381
381
318
291
311
354
441
268
496
383
408
393
353
343
344
376
301
388
384
368
300
196
381
354
399
338
413
351
426
388
504
363
354
381
409
351
399
373
275
336
286
226
359
311
327
346
471
326
368
351
462
340
443
353
393
358
258
373
499
391
465
215
178
143
454
353
331
415
378
278
378
358
398
300
368
348
398
348
441
386
408
223
443
354
476
351
484
366
393
381
381
371
329
346
519
391
404
378
486
351
473
223
454
358
209
142
318
271
502
413
303
381
436
331
337
394
461
393
727
366
468
273
427
388
193
148
384
384
317
309
461
383
133
306
349
376
295
378
408
328
433
350
303
192
421
381
387
298
443
373
302
351
338
393
378
389
388
231
479
280
396
374
443
356
386
277
474
242
379
371
399
376
444
351
266
141
473
388
401
348
352
210
468
401
459
391
416
311
398
346
195
154
431
393
404
378
452
338
333
348
254
241
453
250
330
338
360
279
376
336
376
356
370
373
503
373
486
280
472
308
370
348
253
351
536
378
481
294
466
375
331
324
494
217
449
341
451
335
474
371
338
348
438
388
437
183
391
351
370
244
466
394
361
275
275
184
383
309
337
388
473
383
383
391
383
192
381
351
396
390
663
391
498
394
371
338
444
378
376
207
401
323
391
349
468
396
321
259
261
363
391
307
240
376
676
364
296
239
181
201
439
366
381
336
291
336
441
266
311
270
405
375
404
373
271
239
380
327
365
384
384
155
378
341
393
373
481
378
471
279
439
379
494
374
436
328
378
354
411
421
277
363
303
346
375
353
394
358
344
361
421
351
455
378
376
391
264
246
421
388
381
341
323
391
315
247
327
182
609
293
366
356
467
370
413
391
516
364
486
288
347
334
340
229
644
348
401
391
321
263
659
336
269
188
397
328
508
376
416
348
393
339
396
244
443
386
420
292
341
376
451
350
456
271
419
297
481
250
410
240
473
204
411
311
424
281
475
218
363
348
274
168
401
255
449
331
391
383
453
351
413
351
316
274
336
311
363
366
428
388
461
365
461
378
472
388
396
401
531
393
426
348
519
381
394
331
536
375
463
368
456
196
404
351
388
354
524
206
499
391
172
337
450
202
429
326
268
316
486
346
459
333
439
280
411
381
441
344
451
361
431
386
498
385
436
336
413
373
285
308
353
258
356
348
300
354
351
341
496
391
396
365
478
391
325
314
266
222
343
266
394
211
464
350
454
391
483
391
536
343
443
374
429
343
310
344
419
325
331
366
423
356
399
341
465
391
483
383
478
345
319
377
378
379
469
323
468
376
323
285
545
146
476
391
198
339
345
299
471
358
481
378
411
237
677
338
434
339
415
351
456
349
332
359
368
361
502
341
214
377
461
393
446
351
501
361
417
415
428
328
409
357
456
217
373
378
458
335
459
156
353
338
231
310
393
230
345
389
355
383
504
335
369
388
273
338
414
379
365
232
471
276
341
388
305
183
491
383
473
341
389
363
676
231
469
356
448
373
441
288
420
335
365
389
484
379
512
358
396
192
323
391
363
290
471
364
454
345
481
366
514
371
506
354
443
390
518
381
468
271
379
346
453
398
423
363
481
348
438
341
488
356
491
351
345
406
395
346
469
378
501
349
377
391
459
356
506
306
493
388
300
379
448
346
473
371
451
353
392
345
396
245
388
337
413
381
375
358
359
197
397
353
478
408
471
348
291
178
350
416
471
271
349
378
481
381
471
339
360
384
361
391
441
391
291
376
466
326
241
148
484
135
425
366
375
331
468
379
477
381
433
363
491
219
481
333
454
196
261
326
275
234
451
306
478
366
451
376
403
269
481
376
444
364
391
391
511
383
403
272
435
152
219
348
455
391
391
318
427
303
454
321
501
390
411
338
486
348
401
351
461
383
392
212
495
381
412
391
499
366
366
255
486
316
469
351
413
384
388
379
332
331
451
189
323
147
473
270
491
379
475
271
441
364
373
293
454
378
517
341
396
165
366
266
469
335
464
222
464
296
451
391
329
165
486
365
394
356
489
336
378
278
496
413
364
339
444
307
428
341
416
348
340
334
305
226
369
348
385
336
436
334
459
363
321
383
471
401
263
146
257
143
479
393
334
327
466
353
472
203
486
335
489
341
486
374
408
323
308
348
485
333
413
378
350
216
398
341
497
281
496
378
363
339
391
271
381
325
315
323
454
276
291
389
354
341
305
374
338
401
491
391
403
364
431
376
289
339
426
336
361
193
363
388
433
360
407
312
370
379
286
292
376
351
493
374
617
333
418
359
362
389
456
353
459
333
405
284
458
390
451
364
384
361
413
390
499
386
451
351
414
359
479
346
471
403
324
188
415
347
449
350
391
356
403
238
494
381
428
337
381
346
391
302
461
167
306
336
399
346
355
266
464
361
474
351
414
296
401
344
429
373
474
319
479
368
491
391
426
311
441
371
509
393
448
376
451
359
363
160
516
376
499
240
446
323
252
363
501
335
398
379
461
363
371
279
379
349
519
391
459
368
531
316
451
288
282
343
390
398
418
333
496
333
398
300
444
147
416
338
443
326
405
381
396
367
391
381
357
214
266
166
424
321
318
375
382
294
394
391
467
249
278
151
426
378
471
336
382
393
418
338
270
348
465
405
471
317
479
186
495
368
441
378
368
281
471
348
456
366
379
318
405
281
189
393
397
353
291
356
468
188
441
354
486
326
471
383
401
365
207
389
481
340
484
356
479
389
304
323
