398
381
301
335
364
398
304
388
180
199
323
373
405
327
536
376
368
368
382
235
409
368
331
378
219
354
295
344
376
399
323
346
278
363
436
383
379
293
371
241
568
338
548
306
252
331
275
222
501
389
271
390
207
274
173
371
401
333
241
198
406
387
287
368
202
223
398
373
251
391
414
393
254
356
385
236
358
186
328
391
323
371
329
336
379
323
300
341
391
365
426
348
298
336
321
273
223
326
391
327
467
346
288
391
441
379
386
229
184
363
282
233
383
277
367
254
338
374
384
159
313
309
366
159
180
146
285
394
269
376
353
393
313
338
483
244
356
136
486
330
214
386
368
391
341
376
246
257
426
393
378
341
408
366
391
283
306
408
311
374
379
361
242
190
257
346
306
363
421
391
274
348
202
335
319
346
300
363
236
316
184
343
317
286
646
355
343
383
386
250
408
379
413
386
319
286
244
186
399
381
181
349
393
296
401
376
347
268
326
294
389
277
322
148
369
328
389
145
467
338
240
208
376
250
316
347
296
408
315
381
320
349
341
339
278
226
385
346
239
338
356
363
428
303
283
363
171
349
258
380
267
263
303
356
277
379
335
376
319
363
293
376
242
319
164
368
391
379
300
363
356
373
269
345
394
381
364
359
471
369
315
391
396
378
383
249
386
333
416
381
215
373
358
356
393
336
203
257
377
257
476
384
479
386
334
277
187
393
393
335
398
383
278
255
315
368
326
293
381
384
315
336
245
391
274
364
336
391
481
383
491
182
169
201
366
345
337
345
304
341
406
383
426
400
227
383
436
378
419
363
376
341
331
376
365
356
275
386
351
368
403
384
248
209
290
219
127
383
354
336
381
185
385
363
465
284
463
207
378
261
291
381
411
391
378
316
287
361
486
326
271
300
385
349
371
246
331
381
284
9231
385
207
542
343
399
253
384
147
358
255
341
247
297
376
378
356
386
302
355
323
251
300
443
343
401
379
391
306
272
391
300
376
411
374
396
289
491
252
264
398
316
338
304
366
306
386
353
351
324
364
301
341
298
383
431
341
315
391
305
319
301
396
195
376
326
325
371
354
338
395
328
351
321
381
361
383
448
374
334
169
226
202
370
351
268
336
306
316
393
207
366
314
246
181
416
374
190
337
406
391
227
351
286
391
186
383
283
274
288
255
373
356
396
351
134
154
166
194
331
376
381
323
296
373
403
361
358
379
209
155
255
341
421
381
381
381
311
351
253
390
284
366
326
406
186
217
398
325
333
333
377
276
226
380
471
378
289
361
367
291
165
373
436
376
404
314
306
229
276
375
239
316
355
361
303
346
260
228
395
366
326
386
299
361
378
381
341
376
316
318
190
367
196
378
379
381
124
374
220
193
260
351
191
355
317
235
301
340
431
384
391
391
388
323
273
325
212
258
386
376
308
348
599
378
316
360
279
356
371
284
354
368
130
351
328
376
191
199
308
353
271
379
329
384
403
335
298
333
393
378
236
255
504
235
371
393
451
388
393
279
318
302
411
373
329
176
383
366
375
399
364
307
391
333
313
378
246
334
227
363
401
393
228
348
313
358
308
388
486
378
453
338
318
336
394
348
315
351
308
351
132
189
338
356
163
206
300
394
205
337
331
357
291
336
476
376
259
343
293
336
315
374
290
370
304
235
363
331
261
325
317
393
262
354
381
356
396
359
315
386
408
277
479
336
309
391
346
376
287
416
394
316
406
296
418
388
479
389
290
394
293
373
262
170
284
341
316
374
381
273
285
384
275
373
494
391
446
276
365
356
377
355
329
381
303
334
306
349
395
336
317
341
325
349
369
316
364
363
162
356
358
326
443
361
369
341
477
351
219
366
204
338
250
346
229
309
286
363
374
361
366
346
336
336
396
338
379
351
406
365
498
321
393
358
226
356
299
337
288
306
328
348
268
298
239
336
252
232
202
264
338
338
398
354
305
346
519
379
389
338
388
192
282
327
365
373
378
333
309
361
371
363
306
348
424
381
301
331
564
336
308
321
308
346
325
381
377
339
207
192
295
298
311
378
455
383
404
374
483
297
365
385
189
336
264
225
436
336
244
346
393
236
404
373
348
338
329
323
434
252
374
350
341
350
170
351
140
138
397
317
225
344
329
259
343
369
271
291
286
366
406
333
331
391
366
338
224
192
260
232
409
394
405
351
209
191
410
339
390
297
496
275
416
384
374
358
269
368
242
288
321
381
337
373
426
301
424
391
277
224
501
363
308
364
308
339
325
378
311
349
391
400
296
378
408
333
471
391
413
349
365
378
381
280
434
401
349
343
361
292
413
333
193
386
386
353
433
384
289
243
411
227
403
381
395
388
401
354
243
193
296
378
381
272
299
348
431
381
248
383
244
325
438
379
332
348
355
353
315
351
302
347
405
356
471
258
413
375
445
323
529
366
483
386
379
339
459
378
478
351
464
337
386
343
491
301
396
336
340
378
371
393
388
351
325
346
479
336
416
378
408
378
479
310
391
350
401
343
321
350
416
346
241
386
682
393
378
343
416
197
619
316
444
279
365
388
497
363
504
388
484
261
268
330
461
348
612
378
378
391
451
381
511
169
396
341
493
316
474
363
449
143
390
260
318
390
338
309
411
345
413
386
398
351
415
391
424
328
459
282
293
338
471
349
257
390
499
391
317
377
418
376
313
318
471
289
426
351
319
336
398
341
373
267
502
386
479
333
511
282
371
379
399
364
267
391
610
333
380
239
415
336
379
356
516
341
361
351
443
349
471
351
393
336
444
363
391
135
237
379
376
353
461
383
384
349
424
307
376
293
337
270
449
263
431
373
267
242
317
351
332
353
411
391
374
325
496
378
660
336
373
338
416
333
491
246
376
378
398
378
494
353
357
381
516
391
407
363
381
354
403
348
384
351
289
364
439
376
464
376
503
363
466
364
418
278
487
381
419
283
504
381
509
393
416
296
479
356
446
318
403
285
473
381
408
361
494
388
386
363
501
409
375
379
373
366
496
376
278
409
443
391
133
141
476
363
409
349
324
221
379
305
303
281
233
324
498
393
375
393
385
363
432
368
336
363
481
391
461
276
371
338
288
335
355
339
355
386
366
310
411
214
384
391
482
257
346
368
486
244
391
386
354
374
363
364
421
316
350
393
254
367
343
306
398
376
294
216
316
381
647
339
396
356
325
351
310
361
385
241
389
408
353
338
398
379
474
407
425
301
215
346
360
348
314
298
308
381
310
389
478
215
258
195
388
354
386
345
409
273
406
396
394
393
394
253
381
326
386
366
469
318
342
348
455
376
663
260
386
383
521
391
383
349
373
365
446
348
261
213
501
326
214
333
453
381
365
373
466
333
464
378
342
307
231
388
498
394
354
338
524
379
461
323
722
386
424
358
261
377
308
349
436
351
403
308
659
385
471
343
398
338
471
309
373
384
403
391
312
376
559
339
556
361
426
376
408
391
459
364
501
391
656
334
282
254
449
319
468
389
448
349
416
346
453
368
489
287
314
348
451
309
461
354
378
405
385
288
446
391
447
353
459
381
380
391
405
350
304
216
334
293
491
353
379
346
458
333
386
363
454
350
361
391
750
261
466
375
388
381
469
354
426
368
431
385
250
371
453
375
386
366
474
373
453
353
428
336
465
351
523
389
466
214
491
335
461
289
469
391
484
299
484
349
269
146
356
281
438
363
471
325
429
283
464
351
486
408
460
389
423
336
469
376
523
381
446
391
467
351
311
235
469
251
388
359
486
361
427
342
521
391
488
268
732
348
588
355
390
379
379
386
389
349
489
175
351
391
429
348
453
364
471
257
494
316
486
383
458
374
461
394
347
381
417
389
429
323
348
175
340
211
433
363
377
364
411
363
456
305
529
270
282
150
268
147
354
384
474
339
233
381
451
400
364
376
466
336
462
393
381
374
564
381
406
373
371
339
417
295
456
408
491
381
454
346
459
351
496
363
381
358
349
351
444
235
448
208
421
351
564
383
285
343
466
321
263
320
602
359
339
283
466
391
491
361
489
396
609
378
388
388
451
316
516
381
466
376
391
386
497
330
486
375
471
356
433
383
419
343
451
381
471
204
466
391
716
350
456
359
454
383
451
334
496
259
451
391
469
265
464
348
481
348
401
391
465
267
481
305
501
323
493
391
361
284
444
341
401
356
464
345
386
341
405
374
474
330
501
376
431
377
385
339
411
346
320
211
366
391
356
391
393
337
434
351
469
335
424
389
193
142
448
351
403
326
399
379
333
349
256
316
317
376
441
377
394
358
265
339
301
293
417
377
489
378
590
364
403
291
267
259
468
316
485
381
437
265
493
391
394
389
453
338
341
351
381
336
293
436
409
386
463
336
371
379
446
379
451
344
451
305
426
376
316
293
405
343
270
349
458
150
359
351
271
374
379
351
368
381
373
293
434
258
443
323
197
391
388
358
398
301
496
321
369
366
389
373
313
356
319
301
393
385
451
358
360
411
356
208
498
359
445
394
361
363
291
349
439
364
358
338
389
388
646
363
371
260
421
356
421
380
509
302
376
346
374
381
396
351
481
373
399
366
449
378
345
364
388
280
176
279
240
152
301
355
405
337
373
333
409
207
483
345
369
323
451
350
339
366
265
351
388
384
327
333
456
298
396
187
421
393
393
281
478
262
256
396
415
255
491
348
421
384
318
376
461
350
448
350
449
369
163
194
416
388
386
361
369
333
401
331
383
340
428
361
297
391
315
346
298
351
303
336
352
351
333
331
295
171
311
353
370
191
422
379
389
330
476
326
445
383
366
363
330
320
423
399
426
378
391
376
367
318
509
373
454
381
343
348
488
273
473
363
377
318
399
374
358
358
398
274
356
364
404
384
377
300
271
391
465
365
381
348
321
353
361
386
298
299
391
323
515
391
353
386
278
351
403
318
411
348
421
301
392
361
371
388
471
395
379
366
316
293
369
391
464
351
461
347
459
351
498
250
411
328
496
356
172
200
381
411
339
376
341
353
319
383
341
356
369
356
463
287
198
115
314
353
317
361
464
334
348
345
478
389
401
366
403
389
491
393
376
239
335
363
284
361
356
391
379
378
397
351
374
353
297
351
496
351
421
391
436
391
294
334
381
278
323
8916
428
361
492
303
295
233
393
242
459
363
436
396
471
298
488
391
376
405
458
386
381
361
384
349
373
374
396
383
418
393
413
317
431
353
406
324
321
351
463
358
454
391
450
375
387
356
377
264
499
386
396
346
491
361
455
388
471
179
411
378
388
391
406
376
388
349
354
379
426
271
404
363
398
353
486
177
438
401
419
363
328
391
371
291
344
269
368
353
287
204
366
303
494
356
300
344
399
391
401
284
426
286
351
376
484
336
374
366
394
336
302
293
378
373
351
248
381
269
459
391
436
264
337
365
381
350
388
384
467
348
451
391
436
351
356
356
403
391
414
341
396
348
493
381
467
303
471
379
431
391
388
383
493
356
401
393
275
383
369
286
351
350
399
349
412
348
443
353
388
213
316
351
250
341
361
197
203
351
406
361
491
335
451
336
404
345
394
346
418
384
214
373
386
350
511
389
423
154
419
323
401
350
389
358
476
363
391
356
190
143
381
261
246
373
198
154
448
195
409
391
346
377
381
271
499
381
408
336
393
375
396
354
356
366
343
338
431
371
126
272
403
388
396
209
350
297
481
222
389
391
384
373
305
303
396
341
202
351
418
329
456
381
404
348
238
231
333
391
364
323
421
343
227
363
399
364
423
193
616
394
403
361
348
348
365
339
305
358
319
351
449
383
313
351
458
301
309
303
363
363
377
356
430
381
481
365
361
241
326
323
447
388
289
149
443
156
461
348
338
318
409
349
411
344
403
354
496
242
423
269
381
308
416
398
373
366
410
379
428
194
391
351
376
345
401
325
365
347
354
388
393
378
342
361
431
351
385
374
404
383
468
383
456
351
389
386
669
369
389
346
247
215
493
350
469
310
354
271
341
374
486
393
441
258
407
293
385
348
456
381
469
389
433
378
408
376
357
296
355
225
394
350
434
219
366
333
489
288
589
338
468
350
392
384
287
201
662
348
386
379
335
336
363
379
322
301
611
361
469
340
329
247
391
351
396
334
361
346
302
376
391
383
396
324
311
331
250
207
463
277
395
390
361
350
300
192
374
339
319
270
333
343
478
373
278
351
373
311
353
196
476
291
258
374
393
379
451
343
401
351
461
356
403
324
297
343
361
308
358
381
348
364
399
338
378
347
255
200
365
333
461
366
381
378
368
341
374
393
481
366
459
351
371
376
325
343
491
353
714
350
417
373
366
338
356
167
354
386
299
267
329
383
344
351
676
381
370
364
244
333
471
363
353
383
454
316
484
371
398
346
436
397
300
248
469
378
374
345
368
285
346
346
349
331
408
354
403
264
393
390
373
416
680
354
418
356
526
363
377
338
325
329
421
301
391
348
311
271
488
378
462
335
414
381
443
391
451
349
348
376
403
386
709
367
290
348
273
340
455
274
376
338
396
179
261
282
484
384
421
379
498
383
370
326
401
391
401
364
409
378
747
339
380
380
444
391
444
361
244
343
272
340
438
307
366
253
299
393
534
306
313
321
396
356
409
147
413
313
491
365
369
351
466
379
373
268
381
296
417
240
476
373
533
364
187
388
487
364
416
394
390
353
180
376
436
262
305
337
426
345
461
388
405
374
368
346
378
361
259
341
451
383
179
364
325
328
286
376
376
366
446
348
549
333
365
319
453
222
486
304
479
160
461
381
208
394
256
156
303
351
471
396
377
378
376
366
509
365
328
388
411
257
574
383
379
348
393
381
471
274
148
161
457
202
406
207
481
351
441
451
694
393
520
251
406
211
372
232
395
303
264
270
276
260
391
366
369
216
344
288
483
379
496
356
416
396
460
340
385
353
397
341
296
311
311
340
496
391
376
373
475
363
195
376
323
226
383
335
656
330
376
316
391
351
388
335
319
282
457
363
446
381
587
319
441
363
257
216
416
221
459
312
361
351
449
349
351
276
164
194
383
349
273
374
448
261
335
389
446
338
584
335
431
363
461
384
393
378
463
378
320
343
317
328
244
245
323
318
461
373
349
406
428
253
491
376
409
301
384
336
484
367
474
376
294
253
467
341
471
349
376
275
376
195
313
384
607
386
365
381
378
376
396
373
116
388
408
383
408
223
399
293
322
151
358
354
487
284
371
391
334
247
392
249
213
318
345
377
536
262
441
338
463
326
498
252
377
339
378
406
245
353
359
206
310
348
461
396
488
393
329
363
393
279
464
400
426
364
424
391
461
373
376
404
356
341
209
147
315
242
413
353
429
363
435
291
244
351
340
313
529
391
398
376
333
363
342
340
496
373
456
381
445
345
388
325
231
195
466
309
361
325
394
366
378
308
539
348
448
217
394
356
366
384
435
348
451
386
483
343
438
212
247
356
217
388
401
231
479
298
443
378
393
384
453
343
514
286
518
346
473
389
485
356
494
399
359
373
516
260
401
343
439
383
194
336
441
320
374
401
376
323
387
356
458
353
499
381
453
391
381
268
408
282
321
253
546
383
461
376
422
343
371
338
431
393
384
363
406
343
447
376
256
191
466
328
336
391
349
386
367
383
448
346
521
388
327
283
468
388
453
393
331
379
386
336
506
303
348
332
441
114
458
288
211
393
512
338
469
366
451
281
465
356
343
366
350
336
436
381
311
349
464
348
374
335
293
340
319
274
418
386
209
119
443
304
418
374
278
333
399
319
363
331
404
306
467
339
407
295
384
319
416
341
340
381
466
351
380
366
479
376
396
268
475
376
419
337
323
394
381
298
469
281
448
346
691
343
424
383
424
394
349
256
486
375
457
344
452
207
411
336
475
338
469
336
388
361
457
351
388
376
441
270
371
389
556
386
466
386
476
313
599
351
462
376
481
303
456
349
313
230
234
174
333
346
381
373
461
351
384
378
392
390
451
351
438
363
209
323
493
313
465
298
361
379
448
311
464
346
429
370
441
278
351
316
280
356
509
374
474
333
483
308
294
380
405
386
361
236
414
373
498
366
357
345
491
351
491
263
374
346
346
190
370
339
373
336
356
375
478
368
364
222
456
378
482
278
389
354
387
313
455
346
421
301
456
356
473
336
444
359
386
375
247
351
312
308
324
293
337
152
496
341
363
419
399
297
331
226
455
378
483
328
342
363
471
390
329
346
302
343
275
381
459
303
396
388
456
348
321
186
404
148
449
363
466
255
468
351
489
366
469
281
484
381
486
384
507
393
491
267
473
394
391
254
328
296
476
282
383
328
241
349
230
346
469
261
405
346
429
323
343
225
366
343
367
380
383
340
349
260
486
391
439
207
509
366
368
350
508
359
262
381
376
357
454
335
333
333
464
346
466
378
346
354
361
286
464
353
449
346
355
347
365
351
398
315
461
374
451
217
699
366
441
336
516
346
381
365
628
349
481
391
376
394
441
351
484
207
408
331
471
239
260
159
471
281
335
366
439
318
469
321
483
348
449
350
428
389
474
378
351
343
361
378
409
381
291
205
534
293
471
376
370
373
292
330
453
200
471
356
506
373
283
381
358
331
439
376
687
348
384
356
413
343
439
356
310
158
461
156
491
376
486
384
404
275
353
393
403
346
516
200
457
378
344
209
257
391
481
355
456
348
511
374
472
398
489
394
403
391
434
270
409
279
471
379
383
359
365
339
375
298
473
366
429
364
451
313
376
245
409
351
477
178
476
323
471
373
503
305
439
351
427
383
463
353
393
368
499
391
456
295
328
172
338
349
435
290
479
385
366
336
458
363
511
313
217
144
293
223
444
345
471
374
428
282
449
399
488
351
459
394
208
379
417
234
371
354
468
215
488
235
491
364
406
310
343
383
488
364
254
340
446
346
474
384
481
403
389
355
297
385
431
344
371
376
360
232
270
158
478
386
461
338
426
353
459
330
468
356
456
370
494
401
406
373
303
348
382
263
505
378
375
325
516
421
443
384
297
249
346
374
374
393
386
351
491
279
394
343
390
387
443
363
450
363
333
203
466
394
396
363
449
351
476
351
373
321
262
364
386
378
464
383
411
273
432
321
