401
384
348
353
273
353
158
348
318
391
270
285
351
381
355
348
395
385
253
293
391
338
158
189
385
376
341
385
237
378
191
212
266
263
303
390
484
363
331
356
396
368
399
386
371
281
371
399
371
351
303
326
334
393
303
364
394
373
380
166
128
156
328
394
441
371
290
234
354
384
301
323
206
231
431
376
391
345
276
337
293
348
188
236
313
364
296
143
389
338
438
384
160
197
443
389
269
213
396
390
321
268
349
350
484
341
387
384
326
373
399
393
299
350
317
401
361
389
326
396
411
396
391
141
245
205
386
295
288
384
384
196
177
175
280
358
222
142
170
349
296
198
329
421
292
384
136
267
330
384
471
316
316
271
302
391
398
386
393
255
393
386
388
201
278
264
421
162
401
381
356
331
299
246
335
396
384
381
324
385
309
344
395
239
319
268
323
338
351
188
418
363
264
233
366
285
662
348
311
349
339
391
317
384
413
391
290
381
206
302
309
349
275
173
411
391
389
350
363
353
293
343
298
388
240
201
409
353
329
283
359
328
301
353
264
249
305
350
385
241
494
334
394
378
341
346
291
376
314
291
389
301
293
252
243
388
235
351
281
383
204
384
386
339
476
391
418
344
311
262
399
206
301
386
404
354
336
365
274
386
257
319
368
396
242
348
282
351
363
310
406
358
371
364
193
243
348
379
254
378
247
223
429
378
494
255
345
300
397
371
245
358
411
376
173
346
419
303
408
381
401
391
449
383
433
346
225
202
267
234
380
215
298
379
388
351
365
341
131
339
318
351
418
374
186
358
425
366
172
323
293
283
494
278
305
350
409
374
305
398
321
348
373
255
411
226
129
338
328
386
398
394
413
391
329
364
374
379
391
357
235
363
421
266
266
336
303
391
283
375
316
336
267
383
431
334
325
340
401
363
435
391
314
374
324
366
321
349
388
351
479
394
438
366
338
378
359
366
388
303
266
214
295
381
318
379
261
253
358
341
396
411
467
161
361
369
376
348
182
431
347
356
363
379
288
331
295
366
246
189
453
356
271
384
439
229
424
343
355
331
188
209
326
381
486
333
128
165
290
336
418
339
275
380
263
255
326
235
320
386
306
336
193
391
299
205
336
348
398
196
383
336
287
201
308
337
273
388
306
172
357
388
175
351
234
358
298
379
279
331
248
359
363
341
351
381
286
323
268
393
237
199
206
226
310
378
271
355
321
375
244
384
333
397
343
366
357
394
373
363
379
356
299
416
368
343
296
228
516
363
380
197
267
383
345
319
315
353
386
310
259
384
374
384
376
348
286
329
319
377
350
212
305
351
346
350
401
376
225
394
240
377
237
350
416
345
298
346
339
351
366
351
306
383
244
341
158
140
198
348
419
368
386
351
388
383
245
354
271
365
375
333
280
367
338
338
297
348
178
388
411
326
391
359
279
388
350
378
289
391
399
245
336
365
381
316
375
208
316
394
218
182
296
348
321
341
368
351
521
361
373
368
257
291
360
383
291
376
298
379
313
409
127
343
254
381
399
241
253
391
459
292
306
375
288
356
334
186
356
286
325
351
286
389
311
391
287
326
368
351
291
339
350
277
241
163
283
388
398
326
134
188
285
154
333
181
341
376
386
391
323
396
284
257
466
389
224
351
416
338
465
260
202
373
324
293
428
313
309
378
338
273
167
207
203
120
393
374
328
351
311
385
511
390
368
243
322
344
281
391
429
324
315
225
428
384
338
356
332
378
375
291
213
252
343
343
242
253
287
343
384
341
351
378
489
346
383
338
358
363
393
303
286
341
246
348
368
253
328
363
408
393
400
369
361
375
399
343
368
334
409
391
371
338
201
336
475
338
287
258
311
376
316
336
318
301
288
336
331
373
323
344
414
329
128
370
395
366
391
321
493
393
306
406
508
374
303
394
449
391
387
389
254
154
234
363
274
303
324
351
391
313
331
207
308
263
476
336
389
361
391
361
436
354
308
351
321
394
326
249
185
259
303
398
299
307
411
329
376
336
353
383
484
364
711
383
406
218
126
346
491
343
271
359
263
384
414
374
303
316
167
338
321
394
385
208
389
351
381
391
436
350
493
381
219
371
328
384
309
243
426
313
381
361
355
386
391
266
212
234
328
388
404
348
401
275
232
255
389
383
294
278
471
385
315
340
385
351
454
359
438
339
504
298
369
351
366
143
383
386
486
198
215
390
176
351
354
207
288
223
301
366
321
244
476
288
303
413
419
163
327
371
331
376
389
373
449
167
331
391
335
341
388
235
363
356
411
307
326
368
415
376
385
401
393
338
364
387
388
343
322
247
398
373
363
346
300
341
361
341
411
346
377
285
496
386
322
315
125
354
488
389
365
404
371
338
323
381
385
311
208
279
378
378
408
371
524
374
497
293
397
251
231
348
496
363
302
215
388
376
395
378
444
386
196
336
386
366
478
381
521
363
375
338
401
204
381
378
270
143
399
356
431
343
506
203
320
311
461
266
463
346
466
236
389
387
497
356
409
316
471
374
365
373
319
275
321
398
287
177
390
391
471
251
428
359
491
374
444
381
354
223
489
380
398
346
355
273
408
376
361
357
291
163
329
338
331
413
312
348
290
155
393
348
345
369
358
377
344
292
385
389
449
311
381
319
416
337
422
341
494
351
486
354
363
381
468
345
323
331
301
343
357
389
449
329
467
385
424
383
406
363
466
374
376
377
387
353
391
326
434
381
404
366
378
349
383
349
380
289
348
381
363
278
647
374
447
396
437
294
471
260
334
379
307
303
441
364
469
346
464
399
471
271
378
391
451
358
346
354
727
385
667
350
339
346
478
364
438
356
423
391
277
339
431
380
363
391
326
333
336
353
394
404
469
323
389
283
446
364
331
291
346
295
391
341
474
381
403
361
179
209
511
396
408
386
441
351
352
379
461
385
496
331
449
363
488
378
275
285
312
235
381
385
401
391
351
338
367
363
201
396
484
391
448
376
456
381
501
374
346
389
448
383
479
330
547
378
406
325
313
335
388
343
404
378
556
343
366
383
398
366
128
348
199
216
301
391
301
383
387
378
471
356
468
391
479
329
393
351
371
375
313
296
324
406
348
291
375
351
404
336
278
345
415
285
481
368
408
303
385
373
454
381
318
388
323
359
320
393
350
348
314
229
310
384
301
364
386
353
519
381
366
376
353
241
318
358
400
320
391
254
487
301
488
313
321
242
288
323
326
361
368
363
324
381
303
350
331
398
339
269
331
142
488
345
393
361
403
248
381
331
481
354
505
348
501
246
354
344
455
364
378
348
453
304
441
340
504
391
477
336
398
391
451
297
358
165
389
380
404
361
365
393
441
351
451
355
451
265
453
351
389
348
383
401
448
396
406
381
343
349
461
366
536
388
528
279
409
378
606
401
489
306
451
373
451
345
401
355
279
378
438
291
484
391
466
393
289
226
426
345
446
349
413
255
286
189
391
366
732
381
611
351
286
387
264
211
475
378
457
363
496
324
509
315
379
315
396
343
431
387
466
376
719
279
280
259
471
366
461
318
396
388
484
339
469
390
273
194
486
336
421
351
486
341
489
376
366
381
286
363
396
335
385
337
451
257
451
363
506
252
443
368
401
346
233
242
448
301
357
356
394
242
405
389
454
361
497
339
381
373
441
350
377
209
398
363
371
276
374
351
414
348
464
360
494
283
434
375
466
353
474
347
386
350
381
344
464
336
461
346
434
344
486
393
319
335
461
368
471
244
301
350
457
346
491
376
466
336
468
383
492
365
436
383
457
376
333
383
478
391
337
351
491
376
472
350
507
365
461
291
371
345
479
348
486
333
417
365
323
340
374
203
426
363
501
361
343
277
489
219
476
375
472
399
478
391
503
403
434
346
273
134
280
407
458
233
464
389
458
279
428
381
453
356
443
371
463
345
476
316
498
338
449
292
456
313
332
349
429
378
674
272
473
378
311
351
446
381
264
363
308
363
576
378
481
340
469
344
376
379
431
348
366
364
409
262
426
364
371
350
425
378
385
348
491
374
431
303
383
361
411
323
419
366
388
378
668
383
293
351
286
381
489
391
343
379
363
351
403
242
331
351
462
391
453
364
362
333
370
236
454
391
486
277
505
252
257
146
400
376
488
394
381
361
481
354
466
343
434
378
367
306
351
364
383
323
466
375
467
286
461
349
502
330
461
339
481
391
451
323
481
381
513
341
456
338
383
348
483
378
466
376
464
323
437
335
397
356
283
350
403
363
358
336
409
384
224
324
388
280
464
381
468
306
289
265
216
376
384
318
424
364
471
399
383
360
374
323
263
146
461
328
357
358
387
246
456
330
499
373
448
363
451
377
336
298
461
346
429
393
376
345
349
358
371
344
443
383
303
368
263
217
410
391
285
396
507
351
263
315
316
378
356
333
353
376
453
366
481
299
400
341
396
351
122
383
327
306
212
363
339
383
236
262
401
335
405
381
697
349
439
391
323
288
312
275
423
331
370
391
329
373
413
386
391
390
461
383
391
358
311
391
306
337
311
378
494
332
489
371
431
391
426
388
373
346
290
305
305
343
409
378
503
391
388
338
389
365
383
376
411
190
350
346
371
378
391
361
380
206
404
381
278
411
368
353
484
339
393
211
512
363
306
348
399
366
401
258
457
326
519
368
396
338
246
365
396
384
369
348
316
388
386
291
286
331
363
386
484
391
383
356
389
348
439
391
426
378
315
353
422
340
339
305
346
358
311
364
283
373
315
378
405
247
404
389
520
156
376
384
436
356
353
373
425
297
438
403
431
246
535
381
395
378
407
283
622
378
669
340
513
339
391
351
481
378
463
348
395
343
416
356
437
361
416
338
461
293
388
273
368
330
423
380
376
388
359
365
363
301
414
216
326
373
298
394
285
393
398
391
336
377
398
363
353
333
408
349
423
391
541
391
471
388
371
344
491
334
426
345
451
291
388
335
386
341
438
283
394
351
340
264
381
373
378
333
398
210
408
296
336
290
311
378
482
376
288
277
371
371
335
353
386
156
401
366
411
339
296
343
458
312
446
246
393
378
303
335
316
365
379
373
466
356
426
371
424
388
385
368
391
348
200
324
322
379
386
368
354
391
468
349
458
351
418
394
349
386
384
379
357
291
383
280
401
324
479
355
568
323
347
348
363
278
356
388
331
351
277
351
401
346
421
381
174
401
404
295
441
334
474
336
428
380
391
131
204
148
364
291
220
363
373
150
230
288
36116
141
419
375
399
281
473
393
398
381
404
351
316
351
441
331
334
249
426
346
424
291
375
288
391
363
234
378
373
242
394
358
309
394
378
351
411
360
383
381
231
396
397
363
360
266
363
351
423
333
386
369
489
363
461
351
436
376
391
323
446
390
320
391
311
338
313
381
303
353
448
356
348
376
264
202
431
345
341
305
396
293
471
326
441
373
351
391
502
353
514
391
325
374
341
366
323
341
441
351
481
383
456
381
374
353
344
378
337
297
312
283
388
303
391
414
235
316
294
353
251
325
461
399
366
378
223
364
471
367
401
376
306
269
296
250
484
378
491
423
393
374
426
165
393
220
391
284
282
255
491
291
367
383
391
379
329
376
414
376
207
158
479
239
416
388
441
283
415
338
383
224
421
293
476
339
456
152
394
368
388
353
331
315
462
329
479
196
474
394
258
253
528
394
322
276
326
390
396
357
296
279
453
268
366
348
368
379
255
391
354
389
314
349
366
331
476
385
476
349
386
359
421
308
308
333
401
401
424
391
401
390
417
351
305
231
399
406
464
393
394
337
297
322
441
311
313
379
306
366
381
356
375
330
367
379
388
383
401
376
398
196
376
387
220
376
414
333
465
373
366
173
391
348
303
373
405
388
436
373
350
343
439
353
366
358
298
356
354
363
287
245
416
381
418
259
506
299
321
336
340
374
336
381
198
394
435
271
409
378
358
323
341
379
459
339
522
391
482
336
403
349
422
368
306
270
496
253
395
391
501
297
397
341
421
376
461
373
439
380
381
354
363
318
456
384
340
247
521
373
265
368
383
390
380
386
355
302
474
388
386
411
374
374
454
349
255
134
519
377
438
376
386
378
386
381
302
310
443
389
386
346
391
335
387
283
336
363
384
406
472
398
491
339
436
393
298
349
446
359
371
303
289
258
333
381
371
356
634
391
488
391
341
255
340
295
267
146
501
393
478
187
596
383
476
350
383
306
421
361
418
201
393
364
416
264
371
303
323
337
438
343
443
368
305
379
391
142
376
304
366
373
553
338
279
323
321
325
656
343
456
195
439
256
411
391
403
351
396
303
444
366
366
293
331
388
416
164
419
388
487
399
386
281
433
376
503
263
329
286
381
354
326
353
394
371
433
338
420
384
378
351
396
370
365
255
393
378
391
359
646
336
441
391
421
386
316
333
343
316
358
363
408
336
314
337
486
356
393
217
413
350
409
361
341
351
398
270
431
345
403
381
489
391
304
381
391
381
641
348
461
189
433
396
357
255
367
368
466
246
346
224
398
346
395
201
300
397
371
378
401
345
383
391
384
389
374
379
411
364
160
198
484
356
304
394
389
394
487
376
424
381
446
271
379
367
506
309
376
276
421
339
456
366
388
242
323
379
401
348
308
391
433
348
331
346
406
384
384
214
439
268
609
303
508
376
429
281
384
358
496
268
228
351
449
336
303
291
431
205
507
336
374
206
275
303
423
254
474
289
351
238
337
343
184
336
386
359
333
236
464
391
453
180
578
379
366
351
489
333
438
383
394
339
411
356
419
232
272
163
441
391
365
343
471
339
351
335
456
306
393
349
386
197
408
331
463
354
380
267
496
374
366
341
389
338
616
391
376
363
439
293
368
391
523
391
318
366
496
343
451
364
483
264
321
185
310
353
459
376
458
346
544
381
394
260
321
176
484
358
507
365
316
383
293
214
176
196
488
378
481
378
397
381
278
151
396
323
443
391
325
381
403
258
300
224
328
343
321
338
466
388
396
351
448
360
388
257
496
393
381
388
463
303
321
354
265
373
383
391
274
350
203
391
279
161
449
379
512
376
694
265
358
367
316
336
342
230
399
391
358
338
328
217
328
346
406
374
365
159
379
337
464
405
448
338
491
391
393
335
313
338
436
376
469
338
376
251
511
388
388
361
315
353
314
303
349
374
373
391
304
381
311
365
346
279
406
399
441
222
433
389
409
376
249
338
286
187
471
338
392
390
368
333
183
373
143
165
389
357
385
193
242
214
387
343
323
379
386
311
279
276
411
321
391
295
276
255
505
351
523
376
391
232
367
249
396
376
459
228
445
389
504
391
379
351
394
348
246
146
468
252
303
386
323
346
461
399
304
311
304
286
849
336
451
341
451
388
476
224
382
338
311
343
449
363
350
386
416
206
474
388
483
325
518
391
358
323
476
351
376
221
603
351
328
346
476
391
453
364
441
293
459
338
448
390
315
377
448
333
251
209
279
218
416
386
542
378
399
330
397
386
503
384
366
247
514
374
454
309
472
314
326
383
199
384
336
341
319
295
408
375
254
223
473
334
368
363
506
312
395
379
518
388
319
336
438
353
391
343
409
254
471
276
393
320
323
363
390
351
478
363
427
180
465
351
439
363
474
337
523
369
422
360
261
139
679
317
260
223
501
346
302
313
249
377
504
367
527
206
425
364
366
146
517
288
355
251
391
336
441
344
474
348
424
374
451
323
423
249
483
343
359
355
451
338
352
207
409
308
401
379
428
338
266
272
378
216
513
391
354
293
439
394
375
364
532
266
451
383
491
381
443
364
692
383
396
343
383
339
260
379
461
326
469
347
321
355
481
339
327
386
466
333
364
371
428
414
471
303
358
226
384
359
461
338
441
323
466
238
491
356
471
380
503
383
374
337
501
376
403
378
481
389
473
214
484
261
312
216
508
391
499
379
478
419
396
333
277
224
448
344
491
399
453
295
469
316
496
237
466
373
448
313
392
339
318
391
407
391
422
363
391
384
629
349
479
343
729
333
401
386
478
324
444
350
439
363
451
376
431
360
481
344
449
351
276
334
324
389
337
389
489
385
477
364
280
351
484
371
457
381
479
320
461
388
453
393
469
391
314
341
431
378
321
207
375
164
481
386
312
346
451
383
481
383
484
351
376
324
431
318
479
287
427
378
446
417
347
306
461
349
692
303
449
348
481
387
512
378
460
333
364
391
458
376
381
386
453
276
458
293
269
210
276
323
421
358
373
252
463
301
614
212
446
394
464
305
453
373
403
321
491
391
419
365
368
345
353
376
476
194
411
129
464
316
257
211
266
383
451
270
286
394
441
238
378
378
465
253
509
393
506
204
757
216
451
361
461
343
386
364
350
376
501
356
320
313
496
376
441
341
367
391
283
127
436
333
438
368
392
244
425
320
491
373
373
343
243
199
381
375
379
323
484
351
427
363
391
376
263
216
314
333
454
393
224
376
396
391
373
368
483
321
495
373
476
205
503
408
471
394
551
381
484
343
455
143
443
358
322
336
357
321
461
355
292
350
458
359
444
323
509
314
431
375
617
380
428
309
449
357
403
353
497
378
498
339
307
308
319
351
393
378
476
374
394
371
403
323
451
338
501
247
506
381
350
391
469
363
248
154
492
203
434
353
376
272
371
383
316
336
396
338
399
386
475
351
285
376
383
373
487
361
434
346
481
391
438
383
384
354
443
376
476
338
451
355
335
207
448
345
459
343
459
393
411
353
469
389
415
343
479
393
478
335
458
162
285
337
332
340
369
379
468
241
473
386
373
370
469
331
448
371
499
389
425
330
396
391
471
355
405
394
461
366
338
391
523
374
436
383
375
181
493
342
388
388
332
364
329
200
463
374
493
376
281
376
430
245
374
312
484
394
463
351
448
391
389
347
482
338
401
269
341
363
494
351
439
216
356
351
329
353
472
364
373
376
283
186
476
345
448
339
467
351
484
391
397
356
441
348
409
283
418
405
401
399
491
381
398
394
542
373
464
381
261
376
418
315
255
155
363
389
267
386
474
293
341
224
286
255
465
378
304
365
451
378
476
338
315
373
433
187
240
143
393
393
411
373
349
199
475
273
406
349
446
268
313
378
352
384
