369
351
326
353
246
195
491
214
393
338
381
363
140
349
397
338
373
396
453
217
308
351
298
349
388
338
303
344
448
304
187
206
334
309
308
334
512
303
388
325
191
146
353
378
398
333
377
236
300
338
230
186
310
366
371
195
389
374
439
378
306
383
365
391
424
243
376
277
416
328
370
348
270
206
218
338
374
336
298
363
376
369
298
193
183
346
198
283
251
169
288
363
270
349
376
376
276
366
401
341
388
361
329
386
401
391
249
336
315
387
419
376
401
349
303
349
315
351
294
356
338
309
311
358
306
234
172
369
313
351
328
356
378
371
408
236
239
161
419
201
232
330
395
203
312
171
383
333
416
353
396
147
282
228
368
373
396
378
288
376
399
345
386
203
321
386
363
335
364
378
243
306
349
374
212
163
366
305
313
336
318
354
393
356
448
384
311
289
381
242
292
356
388
346
239
343
245
198
401
196
381
346
294
339
300
279
214
251
293
279
383
249
411
243
376
368
466
295
356
391
313
386
323
376
373
367
394
386
374
364
368
347
316
376
409
416
313
335
260
212
322
321
514
242
235
241
289
348
381
234
346
349
296
207
434
386
299
282
483
389
267
316
233
341
413
388
403
333
403
334
406
325
489
137
301
363
307
180
181
326
253
181
366
338
395
373
461
151
408
318
464
386
283
269
346
373
421
376
300
349
418
202
465
348
416
379
364
351
398
386
436
188
403
313
313
190
327
315
359
310
306
341
366
381
409
368
421
356
423
193
459
353
201
223
378
376
290
390
393
337
257
308
317
346
308
165
464
335
398
371
301
214
305
373
409
378
233
386
283
376
316
299
506
399
375
269
417
349
376
383
469
391
498
320
310
285
403
225
474
381
274
270
446
335
391
336
446
345
380
318
371
311
391
364
404
388
388
391
285
305
323
387
411
381
331
346
373
376
363
361
308
355
341
356
308
278
387
376
172
350
320
260
354
314
280
345
464
353
384
399
356
376
469
250
514
376
369
161
373
346
368
353
368
373
361
394
316
285
398
391
408
381
293
375
346
351
363
351
328
374
376
348
374
351
351
336
496
154
307
351
376
348
416
364
247
351
313
371
237
391
381
254
298
323
228
374
356
333
251
391
321
230
246
237
582
278
369
350
224
189
313
395
283
291
196
203
363
378
310
229
364
394
394
351
356
257
256
391
339
367
306
200
463
225
286
349
301
338
301
364
280
341
268
391
414
378
397
384
259
379
419
354
404
371
308
374
301
293
386
353
170
210
408
383
369
409
126
168
328
335
172
398
275
393
321
363
285
265
281
234
398
355
333
331
213
385
300
339
247
253
306
354
411
290
324
386
298
385
255
199
343
384
311
338
406
251
311
267
133
140
293
351
394
351
383
275
303
383
341
384
254
218
341
391
363
329
396
194
499
236
316
391
348
359
321
411
291
363
378
358
256
326
300
339
401
351
391
404
167
323
338
286
301
349
614
381
288
359
128
378
328
378
386
391
501
393
196
325
292
358
222
393
421
376
319
199
255
323
448
378
257
141
233
255
292
343
291
358
313
363
399
389
604
223
277
241
496
236
321
371
393
347
360
408
275
139
306
329
226
338
310
187
447
225
334
378
335
376
321
361
398
383
426
316
188
209
426
207
386
326
274
323
189
358
337
230
293
353
415
363
388
371
313
318
270
351
551
391
431
353
320
381
383
366
293
346
249
228
383
363
301
383
323
378
451
351
194
128
319
350
273
211
399
309
351
378
277
384
304
386
666
338
266
356
483
391
291
357
323
270
434
386
384
336
244
383
385
391
493
373
326
269
373
349
378
377
438
326
301
375
359
261
454
358
410
296
461
384
303
228
228
379
233
326
296
353
323
343
403
343
471
301
385
391
311
376
283
391
438
374
366
378
331
388
255
285
237
366
337
366
378
351
321
381
313
393
311
391
434
386
303
363
326
214
311
374
280
378
366
356
456
378
180
331
263
349
300
341
308
336
358
394
389
350
296
261
288
346
388
391
296
337
378
242
281
394
281
318
291
321
247
346
215
351
342
340
401
383
424
363
165
355
404
391
319
262
373
333
393
364
416
381
407
386
316
388
289
335
281
391
346
407
315
363
383
255
286
287
468
369
333
343
381
375
190
376
291
323
404
358
385
346
390
283
371
330
468
331
472
373
345
351
390
223
233
165
211
104
341
288
290
373
300
268
210
251
328
160
291
361
382
348
384
378
364
233
345
381
441
393
293
379
340
298
314
379
298
373
308
405
218
379
488
379
376
383
279
293
363
364
401
376
255
291
389
358
212
147
479
355
433
321
226
212
300
351
449
386
456
376
417
408
376
338
478
350
371
388
199
357
284
284
317
264
337
354
283
304
389
388
306
331
413
373
301
279
414
351
476
283
459
371
339
394
489
391
354
355
253
293
453
268
383
311
393
349
441
353
421
339
344
395
451
353
436
311
386
338
348
336
323
404
398
353
642
346
448
361
503
375
404
358
279
334
364
376
468
339
414
351
729
323
354
356
391
371
436
353
386
338
398
335
472
341
388
241
361
222
459
391
329
351
339
234
417
391
388
346
294
363
369
272
317
141
270
197
408
391
479
411
326
366
379
346
376
348
431
381
394
373
495
346
468
391
313
339
289
333
311
379
321
338
374
377
363
373
413
252
315
277
460
375
398
171
336
346
404
381
322
250
481
391
434
308
411
287
411
375
411
386
405
398
386
348
368
351
391
344
10766
325
374
378
471
391
461
351
461
338
471
285
679
348
433
374
521
384
523
380
345
378
438
335
533
326
365
368
478
254
197
161
278
376
446
265
473
351
664
404
366
351
486
313
531
383
488
336
379
391
406
336
315
284
414
376
669
376
278
338
471
351
364
273
498
349
679
378
453
324
459
338
319
384
448
257
589
346
376
350
477
383
451
376
476
336
446
366
483
333
471
260
396
363
327
341
451
289
496
384
436
351
481
338
483
391
401
378
464
316
339
383
348
348
413
348
483
336
415
277
405
299
369
363
326
393
476
281
509
417
466
391
396
359
260
338
449
343
499
361
446
391
468
414
432
318
573
267
378
351
419
388
491
253
416
381
313
351
303
325
421
341
315
210
146
251
413
338
443
339
273
264
379
351
424
379
422
291
338
377
320
343
333
348
308
253
300
378
309
341
391
296
444
338
233
331
333
386
416
374
594
340
379
368
364
293
413
393
376
345
368
396
254
333
318
394
321
388
222
270
371
350
391
386
319
326
396
351
421
300
506
376
353
371
368
366
369
390
372
335
481
231
464
376
446
338
401
226
471
268
491
383
475
272
358
391
437
334
498
361
371
316
381
383
380
356
458
381
465
210
488
288
247
224
499
348
223
336
389
200
391
285
399
378
405
346
481
349
468
363
466
338
541
393
511
400
519
403
481
378
441
353
346
391
459
303
449
375
408
391
405
317
491
378
358
247
474
389
451
338
503
393
391
351
472
273
264
365
282
359
429
335
471
364
387
338
462
256
473
253
441
389
428
358
438
248
456
335
507
383
409
376
473
232
429
348
429
294
469
338
478
140
445
389
474
379
481
374
327
353
518
376
262
216
406
388
411
391
496
374
456
340
358
351
462
330
473
336
512
176
512
394
459
384
483
356
521
376
381
323
349
341
678
361
419
346
475
391
383
373
356
381
386
298
437
323
182
155
358
406
461
304
451
363
398
391
428
399
313
381
481
363
471
405
416
351
465
268
466
379
479
381
382
394
383
378
412
343
484
348
485
345
461
363
491
354
377
391
436
348
408
376
494
389
444
336
478
373
489
271
458
331
438
355
461
366
468
308
464
351
441
363
338
359
441
287
457
377
499
279
295
189
506
378
369
391
443
336
569
309
439
375
448
374
268
142
262
163
334
379
471
361
392
373
478
380
596
386
468
373
396
376
455
384
410
384
483
373
469
355
446
385
461
351
348
345
471
195
469
379
454
346
366
318
344
388
486
369
484
336
441
343
518
304
584
394
349
370
446
369
507
378
471
401
356
298
364
364
478
378
371
351
386
361
487
366
461
375
416
373
304
361
416
374
341
356
405
370
504
306
429
217
344
334
469
359
474
311
448
274
390
283
481
385
394
319
337
349
439
351
453
336
466
328
501
374
496
363
419
354
504
366
339
211
451
349
399
363
511
359
441
351
471
331
483
337
476
356
461
364
474
390
479
366
425
359
311
381
479
363
449
336
339
215
506
391
401
351
487
397
486
284
516
297
479
381
316
150
372
316
371
174
471
278
416
356
459
376
381
351
368
323
428
281
448
390
373
348
413
336
403
278
391
267
531
376
308
383
378
346
566
406
381
351
366
408
429
388
279
386
391
351
454
391
316
371
418
366
451
300
446
383
387
346
391
391
416
284
424
356
277
170
404
379
373
376
276
356
589
289
469
335
448
310
408
286
381
343
298
371
458
343
297
221
411
391
383
299
361
366
431
345
394
293
230
335
491
301
486
330
421
393
403
346
403
366
188
343
252
120
487
366
338
336
386
356
379
343
449
363
381
369
363
376
419
338
388
386
303
353
391
388
579
347
514
351
671
383
398
351
419
351
414
301
340
198
394
391
381
376
411
346
334
194
283
391
375
388
272
365
376
326
461
271
476
401
514
258
479
281
318
288
409
376
316
378
486
356
314
311
376
315
401
338
269
383
491
356
516
323
466
388
471
345
309
359
344
350
298
343
441
351
397
344
275
260
401
383
393
399
317
338
463
336
288
351
379
239
359
343
458
388
388
337
386
391
449
378
391
391
313
348
498
376
313
347
468
349
381
348
382
348
421
376
394
351
461
376
454
311
428
293
316
286
384
363
469
381
378
353
397
358
274
327
386
354
355
384
444
374
376
272
424
320
388
348
400
346
323
336
243
381
414
306
373
351
379
381
369
363
339
318
242
296
476
343
376
348
421
379
388
366
391
351
381
396
375
278
479
223
421
306
380
336
394
383
356
346
381
315
349
379
383
375
489
376
507
339
401
336
351
282
414
373
363
238
317
359
299
281
319
295
415
368
426
351
376
363
370
262
396
263
464
386
394
336
361
368
242
193
380
377
303
386
386
250
328
363
357
364
434
323
448
390
403
333
444
394
373
358
393
224
365
226
516
386
396
358
489
351
471
394
464
318
381
310
349
348
321
336
354
358
401
374
359
288
361
383
305
323
499
333
321
364
456
356
365
386
409
378
449
351
208
140
468
376
361
381
274
267
405
349
439
338
484
361
448
393
389
301
329
261
379
277
393
351
316
385
426
371
376
285
403
366
491
386
419
206
328
284
403
336
191
378
454
333
336
381
348
373
247
389
365
229
380
176
458
331
319
290
451
369
315
177
454
346
424
386
306
346
481
380
404
391
207
373
421
271
384
323
290
338
293
225
281
180
489
331
377
341
478
363
488
391
487
348
363
366
389
378
401
373
441
381
481
256
327
253
484
326
493
393
371
339
379
346
391
206
393
321
489
318
405
333
494
393
384
335
370
354
508
353
386
375
376
391
461
296
423
306
381
351
438
325
410
192
458
353
381
346
468
398
350
296
378
353
408
315
484
391
273
163
381
386
358
383
494
379
299
391
388
364
516
234
338
388
393
323
512
312
478
346
471
346
389
233
361
355
374
273
200
158
421
345
497
351
423
262
434
343
406
156
383
385
436
381
388
355
394
363
189
371
519
373
454
380
463
391
416
163
401
364
435
390
504
395
361
373
373
356
383
343
486
388
391
349
365
361
313
361
326
357
411
343
341
338
451
375
310
391
379
386
372
346
418
378
361
350
408
354
393
368
335
351
391
393
387
351
486
335
349
207
433
399
370
364
405
323
379
389
426
221
388
394
266
373
358
306
426
366
296
386
456
365
411
276
353
388
403
353
368
351
314
356
376
384
199
405
388
299
383
258
408
374
309
380
291
198
381
366
469
401
318
286
401
374
389
373
281
366
391
379
248
199
277
154
463
393
421
396
449
332
325
364
386
344
514
223
446
379
350
378
411
379
305
363
384
341
226
335
326
245
459
376
449
336
134
346
421
329
314
239
413
388
359
378
248
154
379
394
242
211
374
391
371
345
161
351
382
251
381
335
489
391
468
357
406
336
308
389
408
391
406
364
394
345
335
366
443
346
423
378
335
325
423
378
463
384
373
383
386
369
423
348
351
388
484
373
310
268
332
391
511
386
424
371
378
361
464
409
346
233
321
287
424
268
388
376
141
353
278
224
488
366
446
348
304
378
403
298
508
344
374
351
292
198
473
355
399
391
484
363
451
335
403
396
421
339
248
349
376
341
393
384
666
349
394
346
408
375
464
358
356
281
493
350
431
378
239
338
381
273
393
346
381
333
453
386
380
373
381
333
479
345
319
367
486
406
362
254
451
336
451
376
369
308
381
281
359
343
377
376
242
345
409
230
383
381
368
378
321
363
381
368
336
350
373
331
388
294
371
326
451
351
694
333
409
375
198
344
251
366
306
335
421
378
456
306
311
343
437
380
433
387
465
199
336
344
301
346
336
272
396
351
381
386
491
391
379
351
399
348
343
389
239
336
456
302
451
203
359
386
401
386
434
201
401
323
398
379
481
336
356
261
464
251
506
305
381
373
445
374
497
379
474
336
424
164
403
290
394
298
378
373
443
358
461
284
491
379
473
366
370
373
469
391
309
360
459
349
389
314
323
389
282
380
403
386
503
399
463
374
561
370
398
341
518
338
277
313
287
404
711
374
499
313
404
217
511
182
386
391
363
391
460
336
262
259
477
376
424
348
419
338
415
380
329
349
394
260
456
293
488
208
441
356
394
384
321
349
471
368
431
366
468
196
391
225
257
308
373
301
479
351
410
351
374
341
348
380
379
369
262
353
413
338
420
321
461
373
363
367
406
389
463
366
327
380
402
390
386
338
411
243
228
335
331
219
418
383
453
351
393
350
276
368
657
349
414
379
458
336
481
316
269
155
335
337
524
351
364
348
474
396
403
383
417
315
411
185
421
351
511
356
401
408
376
378
391
348
355
371
264
373
219
329
463
369
446
368
434
357
236
341
454
368
438
364
469
350
299
235
241
383
294
391
415
401
403
386
386
339
461
401
407
338
428
259
408
386
486
379
501
387
521
391
419
378
473
378
393
349
481
373
449
303
367
366
682
334
383
346
379
383
249
351
336
393
366
314
381
353
255
399
238
320
373
403
331
267
454
351
411
291
346
298
373
351
374
309
479
338
245
190
366
348
403
393
407
358
147
334
406
378
391
348
413
363
241
335
395
378
344
189
439
393
386
378
364
386
391
388
479
292
456
345
481
341
466
394
393
353
380
348
371
313
372
206
453
335
398
376
384
389
390
384
476
381
303
383
473
349
302
198
373
385
379
336
333
363
451
310
216
353
519
341
506
305
486
365
386
391
436
344
375
338
371
391
444
391
441
375
432
385
336
383
391
345
459
351
330
369
371
303
379
366
185
114
352
368
484
391
448
291
355
391
469
378
409
325
381
309
237
353
438
338
466
381
313
173
381
376
391
328
446
336
249
391
427
391
462
368
277
367
243
346
594
348
477
344
416
343
392
361
378
354
352
378
303
301
321
381
481
207
488
373
471
296
394
325
522
191
293
176
509
173
513
376
248
336
468
363
464
350
391
384
379
365
477
263
376
350
401
164
434
323
399
323
380
255
340
338
463
260
466
391
473
343
449
376
368
388
421
361
415
378
481
341
475
333
398
351
464
327
130
128
365
308
398
343
396
381
401
366
379
323
474
311
667
383
303
361
345
384
481
343
401
258
397
248
423
239
468
217
483
395
453
349
355
381
290
311
333
385
444
331
379
391
300
273
314
356
299
351
393
375
489
390
288
239
360
342
386
387
434
347
350
348
252
338
461
385
446
296
529
288
371
339
358
215
458
348
481
389
454
381
405
309
481
376
416
353
346
391
481
391
484
219
499
378
466
315
499
270
415
373
401
212
374
349
465
363
478
349
704
343
528
393
503
331
318
333
482
361
459
343
405
277
478
210
471
346
441
380
439
376
191
155
413
218
458
356
504
314
506
323
251
359
471
383
445
379
448
343
361
378
446
348
471
378
276
363
441
360
438
336
637
353
717
261
417
379
492
321
578
378
448
383
502
376
399
378
461
381
469
370
486
375
471
319
636
190
451
374
456
333
419
285
507
391
410
248
446
345
704
343
418
257
317
334
385
391
464
363
491
326
424
222
433
394
466
351
372
168
424
222
496
284
431
300
414
388
446
368
383
376
245
184
381
390
251
351
275
171
461
336
379
366
292
338
464
355
277
146
411
288
549
351
321
210
347
270
456
385
379
318
428
340
396
349
401
349
379
341
513
408
504
351
416
358
376
275
476
339
451
349
461
349
444
341
300
383
451
303
360
381
496
379
477
348
387
345
449
386
396
354
506
315
366
364
471
386
389
341
434
341
466
354
393
373
381
363
563
364
359
363
386
295
410
251
373
301
421
350
331
247
220
361
363
311
260
349
469
364
594
381
446
348
243
349
481
381
378
351
356
336
356
346
464
388
297
381
255
391
376
378
285
334
441
336
403
331
466
364
458
356
542
379
476
391
308
324
501
353
493
341
434
305
489
313
263
375
485
330
371
404
462
373
454
351
434
391
390
353
267
134
431
391
376
348
408
297
453
364
397
399
446
345
468
354
321
151
356
370
312
209
464
170
248
203
437
366
381
258
396
391
471
264
496
308
444
331
451
351
446
391
376
338
506
377
434
371
418
389
486
393
421
338
297
346
431
390
531
350
383
347
300
166
453
315
363
403
448
364
318
391
381
399
463
353
652
366
611
381
283
351
338
316
464
389
474
304
361
181
337
349
391
341
249
356
373
391
499
338
411
386
456
378
396
384
443
336
434
246
411
353
466
346
394
375
448
271
447
351
489
374
340
386
468
326
416
355
448
356
439
165
408
390
471
338
484
416
455
356
446
368
449
391
354
387
456
385
381
353
398
376
319
368
416
391
421
381
357
309
463
391
487
292
331
341
396
374
518
389
361
322
396
391
438
355
429
338
190
351
203
381
318
378
380
406
496
378
331
316
521
384
439
333
451
269
329
336
