371
346
315
374
166
324
439
383
431
182
359
363
506
373
298
378
285
388
441
240
347
269
321
338
379
388
168
215
220
256
374
338
334
373
391
379
525
340
326
374
375
376
124
176
328
351
388
338
383
399
164
359
329
326
378
350
386
379
526
346
278
154
246
364
481
387
388
293
196
155
256
393
294
376
220
339
504
381
316
351
310
275
212
351
336
379
303
359
391
189
366
394
285
195
383
351
369
348
164
213
193
373
253
353
285
383
363
217
194
315
232
254
366
351
298
366
378
338
293
366
217
226
306
351
299
252
251
338
290
357
296
229
328
333
427
222
406
381
178
346
366
341
443
391
323
344
378
358
285
361
319
343
374
281
403
363
376
288
311
323
328
351
329
223
311
373
426
391
234
391
259
366
401
374
283
351
226
366
486
368
296
386
354
351
331
344
293
383
350
250
408
351
198
338
166
212
378
308
308
385
273
399
413
379
314
386
433
257
251
266
394
375
309
336
514
393
356
331
379
373
296
353
333
376
323
388
184
198
280
349
371
386
397
357
247
348
192
351
257
308
411
356
245
323
291
358
306
272
323
356
364
309
302
361
429
379
374
351
275
263
384
285
166
201
318
366
395
386
311
368
323
203
441
313
393
338
386
333
339
346
319
388
453
187
387
257
208
318
305
389
333
212
444
399
389
316
330
361
389
361
284
208
358
349
376
350
275
336
275
338
381
373
459
323
311
219
421
305
351
331
276
351
296
335
212
242
464
344
461
181
409
137
306
331
383
354
393
325
453
159
286
379
391
379
211
251
413
192
145
351
429
288
275
333
375
354
366
361
345
379
298
361
360
309
406
393
300
373
360
353
366
376
312
350
288
390
272
374
308
356
268
159
444
383
461
255
210
378
389
381
292
348
195
279
185
356
363
378
501
388
428
291
298
334
283
375
371
391
386
300
295
310
376
356
469
373
353
329
416
336
415
373
313
386
438
353
300
280
384
326
421
379
398
148
264
250
396
323
388
393
383
338
386
391
237
381
386
406
273
323
391
351
428
364
381
270
348
272
311
394
342
374
376
351
324
336
256
207
395
343
263
355
333
295
336
214
276
239
406
384
170
345
301
145
156
221
353
330
311
301
309
337
214
194
436
340
409
374
305
336
381
376
136
308
306
348
286
398
311
351
288
253
311
388
315
341
408
339
255
276
317
378
245
394
301
334
368
378
288
321
260
358
386
334
271
309
381
354
303
361
484
373
401
374
404
385
296
292
428
378
474
336
436
386
273
363
371
145
124
346
407
291
283
351
409
351
311
386
329
345
303
393
308
351
264
271
323
301
389
384
394
319
293
193
324
394
389
385
423
391
351
371
298
358
389
353
323
386
291
374
368
331
376
326
290
257
326
347
386
379
385
341
311
252
328
386
488
306
263
358
395
386
203
208
363
356
379
399
417
391
293
383
326
158
396
334
495
224
308
384
295
364
333
346
414
288
311
381
275
364
328
268
186
394
387
343
299
363
295
338
383
356
394
390
421
388
366
351
285
285
244
134
317
364
250
344
310
336
408
374
273
255
384
331
243
223
183
240
329
381
289
346
293
348
166
195
401
323
202
140
424
338
133
360
308
376
283
378
308
351
283
338
281
379
267
217
318
345
486
383
489
323
413
203
181
341
338
351
371
401
343
259
186
208
298
374
424
373
339
394
290
331
303
359
271
391
291
340
393
361
319
383
301
280
311
355
386
141
285
366
346
232
373
273
335
373
293
292
219
356
481
343
289
376
363
350
288
339
324
338
173
343
446
308
368
378
327
375
496
376
359
404
374
390
309
341
374
354
309
345
311
354
293
318
195
177
384
317
364
260
405
313
172
344
235
335
320
396
191
343
416
399
253
388
293
339
219
325
251
373
459
350
340
389
215
383
416
378
244
393
409
349
444
265
312
391
238
363
395
356
297
259
424
388
338
283
478
356
408
396
399
265
466
151
288
366
358
279
137
394
681
393
329
346
303
387
258
145
290
258
280
388
403
351
316
323
338
370
316
376
170
313
136
92
289
373
320
361
303
220
444
178
375
350
449
305
202
388
222
391
406
383
414
358
431
170
348
276
423
378
444
391
308
348
320
383
228
363
323
383
313
394
325
389
299
151
173
341
589
353
418
345
456
391
271
381
526
384
441
373
365
363
378
358
366
338
359
351
255
381
247
354
359
326
338
251
282
239
373
383
601
389
371
351
378
386
268
297
306
394
611
376
369
384
299
177
390
338
289
394
303
391
404
329
666
379
393
406
326
202
481
324
366
383
320
390
353
378
396
361
384
376
445
239
316
391
343
351
391
376
371
366
376
351
448
383
146
391
323
320
317
374
346
393
434
379
428
364
376
200
219
363
290
337
339
346
214
336
372
316
504
394
380
316
406
386
308
316
308
277
424
398
331
258
466
363
504
345
384
353
331
333
374
343
334
361
431
303
506
379
333
294
491
349
378
351
393
288
337
184
232
377
308
391
219
323
385
276
334
262
471
388
331
373
333
211
361
340
369
219
455
368
420
255
441
319
494
379
406
408
358
366
458
394
336
363
241
384
298
341
424
311
408
345
386
338
366
361
508
389
363
366
381
379
389
391
355
361
483
331
467
359
409
338
396
336
363
394
461
374
381
391
456
343
486
381
381
326
433
388
395
391
416
368
486
378
379
371
347
258
446
341
428
333
424
331
421
391
416
294
391
225
421
359
461
374
337
301
409
323
368
296
372
206
436
349
469
390
348
366
424
348
434
391
363
350
339
339
429
333
457
273
443
343
313
355
406
348
492
369
370
252
396
339
486
380
350
339
413
386
463
348
451
184
411
290
453
348
388
306
405
384
320
390
386
391
644
224
382
304
359
356
479
349
418
378
481
351
461
388
390
391
454
333
381
343
428
408
358
371
441
366
411
391
393
364
371
350
501
373
451
328
417
366
368
323
492
323
321
391
127
388
449
366
481
396
488
329
370
293
404
379
479
260
406
336
396
358
393
337
341
390
290
198
401
361
374
323
381
301
273
336
368
378
419
339
378
393
449
346
521
391
471
379
451
300
484
351
285
355
371
329
384
361
433
391
230
251
409
338
446
256
259
212
346
375
373
326
391
321
466
361
462
356
265
323
291
371
267
393
399
346
247
280
333
394
391
396
347
281
504
304
326
275
242
258
301
384
361
303
303
363
290
351
528
378
406
367
286
341
434
388
254
315
311
383
335
351
288
365
391
308
308
384
342
385
311
394
385
371
459
370
455
388
426
351
306
278
312
353
556
283
383
288
451
350
747
371
436
313
363
356
371
261
352
356
451
377
677
333
491
286
275
371
435
378
479
350
459
335
340
221
438
304
436
339
393
303
458
391
487
363
398
379
486
261
484
381
399
351
506
398
493
374
457
326
386
366
401
290
471
343
504
411
455
351
391
264
471
373
393
365
416
391
409
348
453
348
376
346
479
391
312
366
401
391
334
345
459
294
439
361
287
408
414
378
298
376
486
341
421
276
451
350
371
351
375
242
637
291
444
388
508
333
436
391
405
333
269
144
396
356
431
407
621
377
459
318
473
331
327
326
687
316
467
359
396
386
483
268
354
391
466
376
466
304
477
364
506
333
419
386
381
384
503
393
416
253
394
209
464
391
478
379
456
416
413
363
474
390
436
366
456
391
291
333
473
341
487
391
364
336
383
333
459
384
666
335
393
338
506
384
466
313
466
350
532
348
368
243
436
363
409
354
388
291
412
285
452
375
348
390
393
351
511
345
376
246
353
374
469
366
459
338
398
351
519
373
454
353
443
363
494
366
493
378
519
411
458
298
352
242
505
246
439
348
466
336
378
373
471
379
406
381
341
359
486
366
436
316
485
378
237
123
505
139
394
274
461
338
436
391
469
349
489
381
534
391
446
365
388
333
417
391
476
355
488
391
451
338
444
346
438
391
479
378
454
365
374
355
317
325
279
388
429
381
401
289
414
393
471
391
334
347
350
245
370
283
323
361
473
355
379
353
396
350
373
414
487
341
458
319
489
355
415
333
474
231
314
333
477
404
451
353
366
336
468
391
421
384
448
353
368
379
461
391
475
364
458
351
474
378
471
351
441
378
433
393
376
361
355
376
463
338
451
401
522
376
466
338
431
374
441
266
484
364
466
335
430
188
441
349
451
279
481
388
486
386
421
349
484
393
461
266
423
376
431
348
471
391
476
343
494
168
344
265
451
354
483
338
448
375
659
341
408
350
311
327
316
335
386
378
401
374
409
358
396
373
283
318
408
388
454
361
498
331
325
333
386
301
488
152
469
333
481
339
373
351
286
391
415
346
394
383
393
363
343
331
401
256
416
403
404
364
459
296
401
378
447
385
343
391
227
338
292
383
646
323
469
156
433
381
356
283
388
381
344
304
325
367
466
252
306
356
286
254
268
259
680
376
409
386
403
338
273
199
315
333
464
383
269
262
276
391
431
323
455
348
301
379
378
381
385
351
378
349
499
151
474
383
458
366
404
394
347
388
461
360
335
405
283
386
287
265
361
338
371
383
326
383
406
386
303
350
373
391
518
369
384
388
404
364
381
348
395
323
363
344
396
383
366
375
220
367
483
399
398
346
413
361
393
246
498
379
378
376
400
393
537
303
254
297
393
385
351
272
471
377
393
394
407
295
288
336
471
290
357
298
368
367
531
290
368
298
317
351
272
377
389
341
353
376
427
311
306
351
414
393
321
363
504
358
464
403
361
235
524
373
499
336
324
359
359
308
506
379
386
333
415
383
644
291
411
339
381
376
458
363
483
348
471
366
424
296
466
391
308
379
471
343
428
361
410
376
694
386
388
381
710
391
295
146
401
365
391
335
381
391
497
353
466
284
411
344
449
409
446
381
195
176
394
391
427
307
448
291
366
363
388
293
386
272
438
373
375
390
254
377
363
363
439
361
306
338
479
394
486
388
434
209
411
345
474
244
463
391
386
361
293
381
347
396
331
356
448
325
371
9354
381
379
393
343
230
188
379
350
333
279
326
218
314
354
414
314
363
348
395
348
385
316
339
384
413
377
356
338
474
308
308
401
354
393
424
319
500
358
484
361
471
373
373
396
429
391
337
340
363
381
359
375
319
381
409
378
401
391
386
313
711
399
368
358
476
244
295
268
409
334
265
349
397
365
378
309
350
366
333
334
424
316
308
326
373
348
396
384
353
376
433
323
285
158
360
351
184
268
366
349
381
367
376
374
384
253
453
351
383
355
395
363
345
246
326
384
393
232
406
356
403
349
374
344
420
249
240
318
398
366
353
339
416
338
381
361
414
291
397
327
347
235
355
376
200
146
526
239
477
330
453
355
424
376
454
363
419
381
469
364
478
376
468
339
419
297
474
336
649
288
319
393
386
348
455
331
446
335
382
344
503
323
408
346
371
327
386
376
481
278
464
378
443
385
453
316
461
348
396
391
333
338
334
401
401
381
292
379
428
331
740
341
391
391
298
391
313
323
448
323
386
264
355
345
199
142
348
247
246
191
356
369
496
383
425
255
271
264
378
281
436
353
356
338
386
353
274
356
428
345
436
394
379
346
409
299
339
349
456
313
293
264
501
346
459
351
473
334
476
378
492
358
458
235
418
376
461
344
390
321
189
349
393
379
331
358
511
225
330
350
471
384
396
346
393
339
223
364
264
353
325
219
381
285
364
341
406
391
214
349
393
391
308
351
400
175
326
388
421
288
343
394
379
378
319
379
434
376
241
383
324
275
375
331
353
387
210
353
379
347
376
348
386
376
478
294
454
339
337
378
411
358
246
351
491
268
351
356
504
319
413
259
453
386
346
396
416
383
382
348
444
297
366
388
421
260
393
409
517
243
311
264
381
381
252
350
262
319
375
331
351
296
193
376
334
323
451
339
421
359
438
381
393
375
426
378
429
378
229
336
369
349
396
388
304
391
401
341
491
223
278
306
511
351
471
297
392
356
313
393
481
285
406
333
417
381
413
376
471
201
386
348
479
356
441
375
360
355
469
226
458
346
469
330
354
190
272
354
401
306
439
331
408
390
391
341
280
174
287
159
353
321
702
331
436
383
384
205
414
393
461
379
433
280
354
273
339
351
419
208
443
350
291
376
451
384
466
378
346
220
375
339
323
393
467
383
620
374
370
336
293
364
497
313
240
384
433
396
458
378
482
163
291
359
399
346
363
353
309
353
393
391
467
388
372
375
371
381
413
159
519
207
346
388
358
240
350
396
342
288
371
350
436
336
311
220
388
353
380
386
399
237
371
314
308
353
321
264
341
344
459
391
451
391
361
369
347
320
487
350
252
193
446
343
463
376
438
366
336
214
333
282
316
235
381
348
356
335
381
376
586
348
464
334
466
336
449
336
469
384
205
344
441
365
386
337
393
348
394
391
353
252
436
323
331
374
396
338
379
374
401
272
369
351
129
346
403
252
369
300
384
381
483
378
448
333
233
272
368
323
449
229
406
318
381
333
387
378
256
237
366
329
388
388
489
333
366
350
261
209
466
358
397
344
396
376
316
339
476
333
471
344
495
273
418
339
291
378
453
338
396
334
378
363
468
244
363
318
398
333
386
354
381
366
471
373
464
167
366
331
383
339
444
391
413
306
401
374
449
349
478
379
308
383
368
400
467
386
396
338
454
339
504
236
313
389
293
373
437
350
281
390
519
329
378
336
370
336
398
375
196
142
373
228
484
371
380
334
187
306
431
364
471
338
419
325
461
391
384
360
289
333
223
343
285
333
473
261
421
334
489
373
359
329
321
172
347
341
431
309
381
356
464
231
247
222
472
393
379
296
349
391
245
373
406
346
374
218
468
388
306
356
403
351
444
153
281
278
389
353
469
381
378
341
368
374
353
295
310
375
358
368
288
333
296
348
384
232
448
366
419
368
451
223
285
178
416
219
326
323
365
358
385
358
413
331
300
358
418
270
454
386
414
256
674
348
266
339
359
380
468
354
461
393
349
373
240
276
498
368
327
269
501
383
383
351
276
376
363
379
255
297
431
238
356
157
298
348
371
285
333
381
256
334
700
361
421
275
431
404
351
338
391
354
359
291
378
255
374
346
493
363
257
361
394
376
363
240
488
341
401
379
329
383
331
334
397
393
471
378
406
301
322
230
378
383
418
283
469
387
243
191
308
315
454
376
393
28117
331
348
418
344
329
277
403
341
389
197
476
336
386
351
493
355
269
333
378
391
437
341
356
356
261
329
358
358
345
340
453
366
207
351
368
377
323
236
476
379
355
309
303
343
365
334
414
348
451
384
366
343
251
389
403
350
366
285
591
346
281
263
462
356
395
330
333
333
348
281
324
313
317
356
406
368
488
340
321
391
436
323
526
376
401
323
419
381
454
384
327
353
498
388
443
344
447
381
446
391
400
391
471
317
288
399
461
389
499
363
399
338
491
338
454
360
394
376
335
274
309
376
298
344
381
393
367
378
458
351
404
355
519
311
486
386
414
349
547
358
399
338
481
285
395
273
429
313
408
379
442
159
525
155
519
194
391
345
403
312
426
295
463
373
271
381
332
338
479
381
397
340
321
284
415
246
414
416
469
364
304
356
443
346
330
381
388
326
479
421
503
348
375
376
353
374
262
147
409
356
381
329
289
383
481
346
416
298
350
378
399
265
477
383
428
324
444
358
466
326
441
344
393
368
443
383
321
378
514
396
342
278
485
356
407
346
342
335
249
349
476
374
501
294
396
338
321
333
339
338
746
286
416
349
396
351
536
301
469
278
451
303
398
337
464
346
471
355
361
288
453
323
329
338
380
323
381
338
393
346
335
335
409
358
511
275
489
253
392
209
517
284
305
197
369
213
411
378
191
391
479
378
416
391
476
286
393
301
383
336
465
224
467
305
451
338
469
381
315
324
467
200
423
333
472
350
463
280
474
328
711
301
473
373
428
376
751
368
290
206
468
384
368
316
476
351
271
262
451
271
504
393
489
376
382
351
483
378
491
376
403
311
441
351
514
378
461
316
457
373
454
202
732
393
471
302
459
336
449
331
468
374
342
207
451
349
456
391
268
349
419
285
441
353
468
285
483
348
444
338
439
366
371
237
303
293
389
343
391
351
469
277
468
381
483
388
308
333
464
363
491
386
396
345
376
323
473
346
298
376
507
391
456
305
476
202
254
326
471
376
446
358
389
296
458
316
381
381
448
346
426
344
448
321
479
336
356
162
300
234
366
303
397
220
421
351
441
336
429
326
478
326
252
283
307
356
410
356
309
371
310
341
444
313
453
302
458
383
274
363
306
226
449
386
423
160
532
142
467
339
376
381
509
350
421
296
461
411
354
373
453
394
384
351
378
348
381
199
483
331
272
373
316
323
599
349
259
149
458
394
410
366
403
379
493
389
375
321
415
376
491
378
701
288
378
363
499
306
391
358
398
386
365
381
427
360
380
337
370
329
395
381
391
316
241
161
277
365
374
290
481
373
369
351
431
350
409
338
526
303
409
381
513
391
474
397
364
389
446
386
442
215
489
323
396
338
591
380
481
321
403
358
414
365
353
278
381
346
244
343
481
296
376
284
376
226
496
336
418
341
448
361
496
358
474
333
418
350
471
351
443
383
491
388
452
351
468
395
464
361
402
350
243
343
464
336
446
158
464
358
409
164
348
289
466
359
459
348
519
391
459
222
486
381
441
391
484
350
255
222
469
191
358
355
486
366
456
391
451
385
522
383
533
380
286
284
501
354
461
313
375
235
443
350
401
396
466
368
429
248
371
303
494
376
379
325
325
350
489
376
451
379
393
389
376
339
431
324
445
376
330
195
496
366
318
221
484
353
474
391
487
381
432
311
459
312
484
341
408
384
399
343
491
324
496
375
414
391
404
373
513
383
448
334
598
341
484
366
466
345
496
394
484
333
399
336
451
334
451
152
451
211
415
304
455
374
507
378
458
401
361
333
390
374
389
386
400
318
411
356
441
364
481
351
379
391
386
141
358
293
478
336
486
343
436
376
244
356
413
391
242
180
458
383
382
313
398
296
426
341
366
335
401
361
420
287
396
171
431
315
419
325
405
336
383
385
388
336
404
396
499
294
373
353
