377
340
268
396
283
329
365
353
374
350
398
263
198
162
263
358
329
391
406
241
413
391
295
205
411
366
363
391
443
297
166
391
274
356
358
375
403
398
474
326
421
255
293
358
311
281
418
391
326
341
285
363
384
403
357
391
420
391
203
386
337
378
171
215
438
320
299
349
190
391
509
239
263
212
313
404
339
388
215
264
300
363
339
386
421
301
378
361
313
349
197
343
381
245
383
378
465
281
396
403
180
260
401
343
284
376
154
358
218
326
456
393
237
333
345
278
448
295
311
356
318
404
276
394
388
388
381
363
364
396
175
363
178
385
184
369
311
376
201
198
379
360
336
404
295
267
189
346
214
338
414
376
405
348
253
348
177
224
264
411
349
403
287
250
395
368
381
351
316
327
289
351
325
294
311
311
313
265
373
388
296
401
526
383
340
423
330
328
327
237
258
378
303
338
466
386
373
229
371
353
223
371
282
286
459
310
358
226
329
351
423
391
403
391
196
223
391
351
194
323
341
344
478
343
411
343
434
391
408
386
401
366
320
356
253
269
336
358
376
353
311
302
310
374
370
363
416
406
244
184
386
403
351
348
220
364
376
394
484
371
296
264
236
189
315
310
348
231
283
235
399
381
411
268
371
265
388
215
338
257
288
269
182
199
326
368
345
393
429
398
313
268
381
419
371
276
335
411
381
391
403
399
457
363
464
370
227
287
363
272
314
223
388
341
484
374
244
300
438
376
418
399
361
353
398
398
305
393
401
348
405
409
260
172
404
404
240
356
378
254
391
366
358
291
506
343
328
201
351
379
744
358
436
386
506
360
331
428
308
341
319
338
371
404
311
286
226
341
396
353
376
404
504
378
383
270
486
366
263
391
320
368
419
398
359
406
429
323
429
293
318
313
416
386
370
329
306
334
434
290
417
197
376
346
270
233
296
354
393
374
481
338
414
403
355
343
390
351
313
349
331
354
343
340
394
356
265
338
306
359
425
396
389
376
322
306
335
148
411
228
449
236
396
391
311
386
188
351
376
282
371
306
356
386
201
363
395
404
298
371
374
356
318
404
306
404
383
281
298
391
264
245
414
375
391
404
311
385
418
339
404
380
323
401
245
346
247
274
314
411
371
298
358
351
306
361
383
368
291
385
310
353
329
368
321
401
278
358
300
361
306
348
449
354
341
358
281
387
371
386
303
421
461
353
259
355
359
358
421
391
330
390
494
411
328
288
161
388
404
401
371
343
298
361
301
411
285
212
331
383
365
364
212
363
538
288
336
148
313
359
381
280
406
406
266
346
403
353
394
235
353
356
311
386
321
272
418
346
350
340
329
388
286
388
326
356
311
386
308
366
316
358
287
375
358
391
286
343
128
168
396
343
355
343
316
356
308
353
310
361
359
389
332
278
286
258
288
193
413
209
383
389
358
295
310
322
297
348
300
396
387
386
147
401
371
354
391
383
254
364
415
205
369
384
403
376
366
354
192
368
293
263
403
363
240
395
210
359
291
245
311
333
499
401
282
359
340
344
204
359
255
129
384
383
232
391
405
361
549
354
339
390
296
356
294
196
312
194
438
358
310
413
349
316
384
250
396
371
368
343
494
404
303
370
301
280
631
344
258
144
384
343
217
289
280
378
346
356
344
308
306
335
201
351
391
386
353
398
313
343
276
356
385
391
413
384
300
356
388
351
333
363
393
348
421
339
424
199
278
361
659
378
394
242
421
239
246
274
301
366
342
246
263
228
168
165
456
385
371
389
326
376
321
348
236
260
326
366
339
403
187
200
471
388
381
381
474
404
383
351
172
396
398
351
323
314
477
389
459
396
306
391
251
348
323
363
604
356
473
353
315
373
337
391
295
388
373
353
389
329
306
333
481
383
306
284
188
386
200
388
297
394
309
378
346
403
307
408
321
294
384
396
276
252
365
283
269
349
479
356
382
313
327
262
362
339
428
345
413
373
302
261
481
140
305
391
433
398
406
346
341
215
419
405
338
331
421
343
309
249
524
388
395
363
331
369
324
401
393
328
285
351
361
391
266
388
447
260
303
388
366
199
408
359
445
359
280
153
315
305
304
391
378
356
389
401
332
272
398
413
365
354
303
356
228
186
350
217
354
240
330
376
387
341
329
381
356
341
481
401
326
251
471
407
358
389
268
386
309
343
363
331
304
343
405
290
489
325
217
123
277
381
339
210
296
355
330
389
400
361
393
356
365
363
481
401
299
356
411
346
316
404
376
343
418
368
358
339
229
361
393
221
366
373
491
404
443
396
414
366
383
371
367
401
373
348
325
401
423
403
391
404
334
208
296
388
403
363
317
329
279
219
334
370
287
329
391
389
439
366
311
330
396
373
433
361
404
396
339
359
346
378
358
386
324
378
343
318
388
285
323
373
304
338
359
358
423
359
401
390
534
394
379
256
527
396
447
361
368
369
356
339
315
312
514
365
379
242
488
404
501
385
384
368
474
179
494
199
413
306
348
293
501
9224
391
393
418
371
434
391
294
356
331
353
446
326
383
339
457
327
526
406
423
398
352
356
298
343
396
396
246
199
408
329
423
386
447
398
398
388
388
289
257
391
376
319
357
343
226
353
271
318
449
361
419
386
474
252
447
265
350
323
694
406
483
231
468
403
474
393
356
349
371
366
477
386
386
365
341
389
408
424
369
182
384
368
404
394
478
385
464
404
468
369
383
321
744
343
446
366
441
387
465
416
473
355
363
391
395
341
444
391
496
358
283
378
476
346
403
403
413
394
328
431
459
315
469
401
365
329
421
343
443
361
379
386
689
389
499
309
399
306
331
353
373
333
422
390
449
406
485
396
453
200
456
388
363
356
441
398
235
390
301
341
499
403
499
381
457
381
383
305
373
356
406
399
436
404
438
378
246
190
463
395
391
358
325
319
235
339
534
378
509
403
369
399
461
363
403
371
496
397
446
388
496
358
387
348
498
358
259
371
513
349
317
403
401
388
444
356
384
304
474
363
457
371
413
355
671
295
204
389
471
198
511
283
385
303
496
221
472
255
387
289
349
376
399
389
479
406
536
341
403
351
310
396
343
394
266
307
403
314
474
330
389
403
426
297
324
9200
458
339
394
349
433
385
254
331
481
346
281
421
479
337
301
345
306
386
316
391
290
356
321
381
376
359
479
408
438
385
426
358
331
394
228
321
251
289
395
365
305
396
410
335
455
336
386
343
436
355
288
346
300
252
291
356
322
341
592
406
473
341
441
406
309
343
311
317
413
393
398
357
506
396
451
356
451
393
463
339
388
370
403
356
389
391
316
356
388
391
491
413
459
308
498
293
386
241
466
354
391
348
300
314
456
356
411
403
368
241
485
346
479
360
454
337
436
335
400
381
501
316
474
379
411
312
486
391
304
344
472
356
518
386
472
331
489
389
436
356
488
396
443
344
468
359
555
259
434
367
315
270
421
378
335
177
339
351
406
356
459
356
506
348
694
277
344
363
312
213
504
388
378
267
394
211
441
401
353
356
401
370
641
353
466
404
419
374
498
360
496
257
459
363
499
399
484
341
274
165
411
401
456
371
423
346
448
398
240
165
385
318
454
345
461
406
304
379
479
348
479
399
368
404
406
330
305
411
465
411
333
353
376
323
517
394
284
238
386
233
431
351
401
374
355
403
374
363
446
388
471
388
461
391
421
118
337
205
446
296
496
399
366
333
431
394
541
361
503
403
251
260
418
346
445
409
303
276
489
389
511
405
466
361
388
355
505
202
449
295
416
256
388
336
461
358
331
391
432
353
357
391
515
396
477
353
488
328
429
331
453
345
474
361
423
328
476
371
483
386
514
333
636
260
426
241
408
401
377
357
304
226
418
344
534
338
426
397
509
418
404
289
257
393
473
313
378
298
454
344
393
399
474
365
481
331
456
358
416
389
461
386
319
356
391
404
389
358
453
343
314
389
433
364
461
393
341
331
441
331
315
391
257
386
448
356
471
358
451
396
466
197
383
374
668
389
458
354
458
277
441
223
441
353
476
341
311
338
411
389
361
261
487
359
449
313
479
265
513
406
491
306
451
411
395
391
690
250
534
354
422
202
454
391
453
259
423
401
566
279
419
391
502
383
403
388
323
399
465
378
366
386
481
360
454
329
437
386
463
421
365
356
494
398
501
269
359
368
261
167
479
339
466
353
534
339
486
403
431
354
474
338
397
244
494
371
349
268
427
386
340
198
413
164
457
379
494
353
461
365
393
277
468
341
333
394
381
369
324
276
396
391
388
351
304
367
373
386
448
292
423
408
378
419
327
267
341
371
444
356
275
290
389
388
386
295
483
391
451
231
292
343
451
343
474
369
326
393
406
356
438
404
531
386
499
394
351
344
491
331
379
429
331
315
413
319
504
323
273
158
248
344
481
344
327
414
459
330
311
351
401
266
356
396
391
341
454
26649
486
348
321
396
383
327
481
265
363
356
399
394
411
371
270
371
430
305
333
391
262
343
368
351
507
409
332
338
408
378
394
359
391
283
328
400
386
418
450
306
405
344
300
329
381
323
235
368
398
348
479
252
484
389
399
341
461
351
407
391
381
304
378
298
504
327
419
355
364
363
409
401
273
355
323
376
439
283
431
283
444
376
258
295
319
411
295
339
408
395
386
391
309
366
654
388
366
364
449
353
389
263
368
356
385
343
468
348
323
396
498
403
451
355
366
206
283
368
306
408
456
358
378
403
361
306
398
403
491
408
288
328
421
401
316
288
384
356
720
340
486
391
443
359
350
318
289
224
371
345
314
212
408
363
319
391
310
363
488
336
264
393
474
361
403
343
474
357
396
404
331
406
321
391
383
376
259
398
366
396
647
355
396
361
398
348
516
405
319
345
366
390
375
369
378
386
378
376
411
295
385
144
391
259
431
325
316
348
363
265
320
363
383
396
488
346
388
356
468
321
391
416
506
388
368
388
384
364
398
356
366
391
404
368
383
396
383
361
493
298
373
210
447
390
445
370
329
285
579
397
366
351
303
386
376
379
204
341
393
298
433
371
401
378
314
351
406
384
344
350
221
252
411
378
411
401
418
303
434
339
478
393
471
403
319
340
494
398
496
401
473
338
408
398
461
363
361
338
386
354
358
403
363
381
399
336
376
318
341
389
316
406
434
401
333
349
391
361
381
344
425
356
365
388
571
379
374
374
308
356
464
358
328
356
248
258
498
409
300
247
463
401
464
155
333
366
386
311
356
211
366
356
376
231
318
294
448
403
305
354
397
391
370
373
380
361
386
292
377
342
449
388
456
346
302
396
418
376
471
401
177
401
378
358
374
356
448
389
439
356
483
388
469
356
270
339
486
295
419
404
346
279
334
401
401
386
401
278
385
286
469
348
441
396
469
200
401
363
414
385
369
363
394
366
398
340
358
414
404
349
366
361
491
406
379
274
368
306
389
263
434
396
393
361
361
353
439
395
445
391
326
338
391
349
416
306
487
406
328
294
473
351
443
364
473
346
316
348
393
346
503
298
403
316
388
361
371
396
434
232
254
343
409
396
398
365
391
415
201
398
347
354
252
163
363
391
366
259
396
351
521
326
280
396
286
371
394
285
248
386
378
353
479
385
326
393
414
381
297
358
449
400
391
230
456
368
686
393
490
286
261
147
404
393
403
394
407
217
413
394
391
341
461
358
312
291
373
361
204
334
381
237
449
351
416
389
381
343
391
404
487
255
342
356
374
356
423
329
360
391
458
353
377
376
391
408
386
387
639
353
366
346
487
283
303
203
291
363
393
265
262
391
372
259
474
356
471
388
436
403
389
391
364
375
268
209
453
388
444
363
302
221
319
304
377
403
308
260
414
266
424
363
416
419
407
341
411
393
443
268
439
396
153
355
404
348
419
366
363
343
446
346
394
359
427
291
274
357
321
366
391
321
396
398
519
202
398
373
300
326
441
343
690
293
384
271
329
351
411
403
319
232
411
358
361
356
445
358
436
391
415
388
333
401
468
401
380
232
421
396
461
329
453
408
619
349
345
309
200
140
399
361
322
230
493
369
443
381
436
394
464
341
496
401
381
396
198
186
391
301
316
244
445
207
257
204
373
353
453
381
375
306
463
391
298
391
446
391
300
391
486
305
421
403
499
291
439
295
279
353
314
276
447
343
393
358
413
404
408
424
481
353
234
191
369
344
408
225
357
398
418
391
255
351
483
258
389
202
494
419
517
253
300
343
476
274
387
349
249
154
378
359
421
401
388
339
426
401
483
404
274
414
423
390
363
371
441
337
195
156
425
191
391
378
377
391
346
278
353
353
439
387
387
353
436
401
334
361
394
346
378
222
381
401
363
356
317
396
186
333
476
386
381
426
389
358
394
354
344
385
411
329
491
318
384
343
411
344
391
371
402
363
401
387
458
281
258
298
388
281
383
393
234
354
464
386
439
401
427
298
280
224
323
393
319
356
361
235
278
319
296
203
419
381
459
407
389
323
449
255
404
338
376
308
413
398
378
386
388
371
681
350
236
286
388
353
241
360
366
355
370
356
346
300
321
339
376
404
264
254
443
388
239
204
279
330
321
406
235
381
425
398
363
300
286
395
345
406
416
228
529
257
323
349
311
244
312
404
494
385
569
355
521
413
457
245
341
159
234
239
499
386
463
403
661
404
262
263
434
371
683
342
411
199
315
353
295
359
385
336
481
399
285
221
366
344
331
357
391
346
491
391
318
219
483
341
346
358
366
213
374
353
511
393
281
368
431
353
467
326
246
343
341
349
310
158
451
369
441
356
397
341
254
369
448
339
399
369
311
197
451
371
406
291
388
388
323
397
386
391
506
270
259
219
481
310
541
346
486
213
369
237
351
374
229
147
509
343
507
303
394
346
341
331
331
313
484
396
371
381
461
353
219
300
308
192
426
217
368
373
478
408
431
235
424
386
349
353
424
391
489
401
220
383
321
229
461
323
471
404
448
366
391
306
441
326
328
248
276
347
398
395
421
331
544
401
245
388
454
186
418
356
466
391
245
222
176
220
479
307
463
403
253
391
197
261
486
404
499
344
466
302
371
222
481
356
489
366
365
234
409
346
372
338
286
373
416
403
311
202
469
207
501
386
396
404
391
291
268
398
476
401
634
274
351
231
375
371
332
404
311
404
471
250
403
343
481
384
471
338
386
338
424
329
404
349
358
355
444
356
386
278
502
315
369
355
503
291
414
320
416
404
376
356
381
315
383
356
396
301
351
266
316
363
271
363
680
234
399
333
471
404
413
356
428
389
373
379
501
318
391
403
386
354
481
371
373
396
411
341
361
343
456
393
411
281
508
391
415
347
436
361
428
376
401
371
451
389
449
404
466
414
386
371
449
400
321
250
367
388
456
358
351
280
350
246
463
353
393
346
361
304
320
406
453
401
416
386
484
345
970
368
386
199
497
390
466
343
456
397
466
381
348
334
483
383
315
277
506
344
415
411
289
393
601
366
451
351
358
344
376
388
389
379
479
360
439
206
324
174
473
298
361
271
331
386
431
370
192
129
414
278
411
312
471
331
391
343
446
331
449
387
322
368
330
270
479
406
424
361
456
356
431
326
459
307
428
373
367
274
388
356
379
222
429
398
464
401
466
396
341
220
401
396
381
391
506
331
359
341
456
383
381
357
496
378
429
262
504
396
429
335
431
371
494
391
310
244
339
346
421
406
669
356
387
337
276
396
270
363
374
301
434
387
446
227
413
391
471
393
528
371
384
386
329
262
461
399
537
403
308
385
361
375
456
403
359
364
494
404
423
324
393
340
391
391
188
356
651
328
393
257
336
238
459
356
346
378
368
339
409
383
493
388
449
391
491
344
401
375
368
399
386
371
381
351
376
304
297
157
474
374
418
300
425
368
383
399
439
403
446
343
471
341
446
403
476
351
377
368
473
363
491
393
409
385
478
403
381
349
466
330
496
375
458
389
506
368
534
345
395
315
444
353
331
289
461
311
473
388
468
398
270
345
513
221
454
404
338
177
329
381
365
345
429
165
464
356
646
306
529
396
272
360
269
343
479
406
464
391
364
395
232
398
419
323
559
396
505
401
421
396
398
416
302
375
651
391
408
346
436
286
494
413
481
403
476
319
282
146
629
383
431
344
532
314
406
404
316
277
383
404
476
380
422
343
451
345
488
356
379
386
463
337
409
231
458
386
354
191
365
385
657
356
267
269
501
286
324
233
397
313
503
369
433
151
426
399
381
379
456
388
387
356
397
305
404
426
405
346
268
401
426
363
407
284
487
321
501
316
265
346
449
403
434
373
291
388
479
356
494
423
439
170
271
168
469
356
426
164
273
229
531
399
448
388
290
347
373
393
398
401
538
391
472
283
396
363
437
373
456
270
436
349
351
364
476
404
461
284
459
403
594
309
481
401
467
406
461
299
457
391
471
368
389
379
443
354
358
361
318
341
373
353
391
297
426
391
405
393
464
281
403
151
256
386
301
356
388
388
331
296
398
377
406
381
416
401
458
321
310
356
587
192
462
364
479
177
293
404
441
356
344
283
475
311
385
368
403
384
292
276
439
285
464
253
469
360
246
361
294
287
481
396
429
381
674
391
454
375
501
331
359
271
478
394
448
196
423
353
484
416
281
344
461
371
531
359
473
367
493
358
451
398
454
301
458
331
381
356
554
318
454
353
380
267
403
364
371
348
514
389
468
306
506
383
186
223
389
356
431
375
503
319
493
351
403
386
376
377
383
215
472
355
466
195
396
356
488
368
515
356
471
371
453
373
357
343
428
393
436
338
411
343
431
348
434
401
438
302
248
389
381
351
413
406
464
370
461
413
341
308
222
359
341
389
368
344
469
353
494
371
330
163
448
378
407
356
361
377
441
404
472
378
396
391
411
353
514
341
435
335
476
348
372
403
434
404
339
391
399
401
411
356
381
393
441
398
464
358
481
296
326
348
387
360
486
379
386
343
506
341
401
326
514
401
354
394
424
391
466
237
437
349
313
148
431
347
468
272
358
341
381
386
453
343
425
348
389
406
508
393
378
256
281
245
332
369
428
401
410
238
338
381
376
187
243
401
473
284
381
359
418
401
451
319
441
348
506
396
459
374
