399
348
275
364
321
374
471
336
286
368
318
276
346
331
411
346
174
391
320
294
323
386
393
408
389
368
378
401
385
356
238
391
415
389
489
406
351
383
256
238
381
426
369
367
454
390
386
391
396
354
356
349
366
403
489
361
326
311
418
162
393
171
381
232
373
219
311
395
131
351
434
404
215
261
351
404
383
394
314
387
290
333
303
356
355
391
288
147
249
197
321
286
320
194
323
317
286
267
159
388
301
339
299
373
361
356
312
275
318
401
403
351
373
238
303
325
368
388
341
353
299
371
351
386
272
401
298
336
378
370
481
353
293
211
366
346
288
366
198
155
413
393
262
393
446
391
281
266
313
266
373
385
251
404
208
281
504
226
219
250
230
361
272
268
456
393
185
205
371
289
411
350
301
329
338
404
265
297
379
366
311
318
250
385
255
193
421
396
414
304
451
388
326
411
428
407
374
257
483
265
193
234
371
365
257
406
384
395
288
351
260
231
411
394
242
391
299
388
301
334
198
411
389
393
381
404
441
289
238
398
394
369
186
226
173
355
374
378
426
254
416
344
346
385
292
394
314
371
384
355
315
374
282
364
344
356
381
354
454
401
332
343
473
386
171
351
311
368
421
389
308
338
383
383
394
390
288
239
296
343
218
407
359
210
336
337
513
399
242
369
388
388
444
406
164
356
301
331
381
401
399
343
413
406
325
406
193
349
409
393
468
319
200
379
166
383
393
394
401
351
283
250
394
366
421
390
342
396
172
391
339
385
385
233
416
330
471
211
393
170
326
150
451
387
320
331
416
225
220
271
375
337
385
265
263
401
471
359
265
227
300
386
409
396
385
403
303
344
339
355
306
371
385
274
239
204
370
267
419
400
408
368
444
275
293
346
309
343
310
404
411
348
257
274
141
341
147
389
278
199
391
403
291
346
383
211
290
270
398
396
247
214
343
310
339
391
391
359
414
341
291
405
308
353
404
391
314
369
336
262
286
401
376
164
486
272
474
358
398
376
311
186
486
398
265
381
311
403
321
388
406
300
391
401
318
388
436
396
413
394
373
371
266
371
371
358
361
394
315
343
217
423
326
388
381
270
501
399
310
9449
388
328
328
356
259
384
349
375
273
413
301
356
361
343
291
361
289
226
205
239
257
239
308
344
288
371
308
325
415
401
356
349
328
387
333
346
224
343
264
297
288
403
438
346
485
398
333
368
191
388
282
345
343
394
407
370
369
202
391
356
285
363
408
309
389
357
239
261
267
373
298
289
371
371
295
356
296
365
343
399
323
341
286
406
311
232
340
225
328
376
418
404
389
309
328
333
274
219
306
237
214
218
334
403
321
304
270
285
328
403
334
348
208
182
344
376
224
386
235
326
354
407
406
321
376
216
243
270
418
284
316
391
423
381
296
346
266
329
441
259
343
368
449
386
316
399
431
396
351
319
464
358
416
325
394
353
601
224
257
386
403
378
386
394
295
255
408
252
332
278
240
396
466
217
315
387
378
326
439
373
245
278
387
403
381
381
337
403
237
344
264
283
431
403
301
355
228
376
234
351
297
254
341
393
321
230
394
202
473
398
375
274
231
270
300
230
331
343
277
361
428
308
390
296
441
368
403
369
266
348
310
284
396
389
176
331
353
399
359
358
347
388
270
344
189
170
396
300
426
349
481
215
371
363
464
373
361
408
265
369
320
356
434
351
379
394
317
399
293
411
295
368
301
343
205
224
313
231
226
411
413
385
476
386
388
341
366
353
326
235
316
369
391
220
296
274
302
300
239
356
338
266
333
354
288
403
418
385
391
303
519
231
644
349
391
389
309
363
277
341
296
347
315
321
321
319
421
356
183
356
383
318
299
326
290
345
328
251
310
348
225
213
478
403
305
413
310
389
416
391
318
308
248
291
314
356
589
358
283
224
300
381
486
364
441
353
385
356
405
369
329
398
451
406
492
333
430
361
337
389
386
351
350
374
311
366
388
361
401
406
411
343
323
343
399
341
342
396
337
356
393
358
393
370
193
386
331
404
306
354
440
399
389
353
313
355
331
379
298
388
426
346
357
348
308
229
456
355
206
227
214
337
376
356
365
306
289
266
393
401
375
356
188
391
325
317
405
291
391
356
426
373
301
365
177
277
311
281
393
353
376
353
595
400
171
343
376
359
348
393
384
386
296
398
311
338
408
398
378
375
386
344
388
356
276
338
357
404
212
358
248
204
346
391
421
394
271
399
308
309
396
304
353
399
554
369
315
339
331
369
286
251
448
278
378
381
373
386
381
346
475
283
705
337
212
343
436
388
306
351
418
388
361
399
465
379
323
378
373
341
338
398
395
405
356
386
371
423
424
386
262
300
401
305
379
381
408
345
565
384
278
156
563
391
323
394
386
356
376
356
413
404
255
322
269
353
396
356
394
359
448
350
403
363
408
407
391
398
293
369
451
346
374
404
455
375
151
376
446
358
248
361
428
379
464
336
393
396
421
378
339
344
466
355
348
398
365
396
515
258
238
351
553
378
343
298
336
371
405
231
386
359
384
331
504
363
387
355
434
355
461
344
323
358
466
371
617
386
393
381
401
388
259
387
378
378
319
379
301
368
307
340
381
368
481
406
408
303
351
396
393
258
381
388
388
331
411
394
461
356
367
393
423
341
387
381
365
384
359
304
336
358
406
368
341
381
348
351
393
363
396
349
340
348
382
389
464
403
489
359
461
244
414
385
371
353
361
364
433
399
474
386
414
376
774
403
479
354
339
408
398
355
434
256
453
363
393
361
354
398
291
293
434
342
449
393
391
331
386
388
471
346
428
389
441
289
425
272
414
371
302
224
406
401
734
259
310
333
383
389
223
386
473
368
411
379
461
327
471
375
210
340
305
361
479
315
376
358
521
391
308
404
514
395
379
361
458
384
493
146
479
404
380
369
499
398
411
366
383
393
461
293
467
384
399
338
389
365
494
394
330
344
409
398
391
344
471
356
493
338
381
356
443
381
404
406
404
278
366
291
308
353
319
258
471
266
466
346
421
396
456
373
308
286
391
404
531
409
371
401
489
268
284
193
434
401
451
358
396
340
439
348
403
401
391
401
376
403
385
358
272
346
428
388
308
229
241
299
415
391
429
351
413
386
426
369
240
353
401
276
371
386
324
277
407
374
320
401
379
274
426
299
413
395
336
383
397
356
364
391
236
339
378
356
342
341
381
356
306
396
217
356
413
329
317
363
281
296
431
217
465
396
436
390
516
391
295
378
376
297
351
386
395
404
734
396
486
348
366
346
301
228
546
361
428
408
474
321
321
357
499
396
607
403
408
314
463
356
418
426
466
346
471
182
254
388
426
221
502
378
303
262
391
399
289
201
469
301
469
273
435
348
449
390
488
313
483
385
304
271
411
404
447
356
369
307
378
366
279
200
371
287
419
355
513
388
381
351
459
337
368
347
441
374
674
348
421
266
376
396
395
353
471
321
429
391
471
361
467
344
414
399
379
366
443
398
381
356
364
237
364
367
496
269
514
381
418
388
463
389
479
386
443
390
467
221
481
298
541
386
393
386
468
356
483
401
481
364
473
353
418
382
401
363
461
385
398
291
319
203
474
323
443
401
401
218
401
389
394
386
310
395
376
386
499
329
466
368
398
401
426
403
441
298
498
403
404
353
449
361
284
195
487
344
464
161
443
354
386
356
468
355
416
152
301
356
348
175
363
341
444
408
376
356
447
369
451
388
424
343
445
361
472
343
352
246
284
168
476
403
579
404
506
401
424
336
479
411
439
151
401
364
401
381
481
277
501
404
554
343
454
368
345
231
498
346
451
366
413
321
383
308
441
358
416
416
463
406
345
371
279
351
504
388
506
363
504
371
464
346
366
186
283
293
399
320
318
329
474
343
497
408
420
316
488
370
454
399
403
283
391
404
439
401
463
391
548
339
368
356
363
341
438
354
511
404
481
343
506
406
393
396
361
393
418
290
491
302
461
371
503
374
415
361
491
310
438
368
477
386
290
206
446
346
388
359
320
391
426
386
196
169
503
411
246
381
492
174
312
379
692
393
515
404
366
296
492
301
496
376
314
291
487
337
411
356
382
197
498
391
445
358
473
371
466
383
418
333
330
359
446
351
455
356
503
328
486
343
506
344
505
356
371
371
291
336
332
329
376
359
454
306
438
371
389
404
434
385
454
341
471
356
410
371
369
234
447
396
464
351
268
330
258
368
315
386
529
389
496
406
359
319
410
368
263
393
364
388
451
348
504
391
383
343
394
399
427
359
368
344
263
387
498
315
413
369
381
375
420
416
459
348
484
404
323
371
348
270
469
338
309
321
368
272
459
283
481
290
378
321
459
355
514
406
496
411
446
401
504
381
494
361
378
343
448
382
453
358
459
347
371
371
416
399
453
326
368
356
437
345
398
357
349
398
456
346
469
363
398
375
260
355
185
356
369
320
331
398
381
385
324
403
334
341
353
403
326
384
379
386
337
186
409
394
456
346
313
356
409
391
224
365
323
369
395
386
426
358
373
348
265
358
408
351
477
300
479
419
393
391
341
270
285
203
386
294
248
220
361
396
433
385
544
340
419
363
406
326
491
399
318
360
421
333
336
398
429
391
466
243
469
389
311
416
422
381
481
328
267
333
331
363
316
384
277
356
389
359
331
403
373
351
399
289
471
416
371
290
323
317
457
371
391
336
253
208
383
394
489
388
363
396
489
419
403
363
326
401
375
369
396
388
309
360
368
366
496
337
449
361
384
393
406
404
298
386
389
356
228
363
365
346
469
401
331
368
396
380
471
391
411
308
398
297
469
391
446
329
401
376
431
391
499
348
411
331
256
348
413
357
377
348
419
367
388
315
471
406
383
160
466
343
238
210
391
343
406
398
441
201
321
371
576
269
304
378
393
369
331
396
277
194
406
388
449
343
389
241
646
373
347
348
339
340
459
397
438
249
404
329
401
344
370
419
406
391
445
371
313
220
381
333
479
403
426
406
381
390
401
340
406
388
391
212
443
394
331
289
378
305
333
363
389
303
404
328
455
321
547
349
384
346
407
387
348
299
398
405
383
366
717
368
328
391
446
318
491
403
426
386
393
361
471
358
446
406
296
416
426
386
439
320
386
399
454
340
348
396
384
358
384
351
374
350
481
268
331
403
408
396
443
356
388
391
281
346
484
388
413
270
369
319
622
263
408
364
438
371
502
383
471
353
448
403
467
389
313
404
368
381
332
349
276
172
393
343
379
369
409
409
363
350
409
379
403
396
173
386
416
266
473
356
320
323
365
391
424
364
393
401
355
366
461
356
457
363
373
355
246
349
454
353
266
364
394
227
473
291
481
350
418
385
327
419
302
220
388
369
285
210
489
286
507
401
229
376
397
384
468
391
396
369
465
194
302
193
391
328
471
406
436
353
555
321
391
439
386
338
341
408
267
383
504
343
337
245
389
321
511
408
441
363
399
398
468
315
378
394
371
394
467
269
494
386
471
291
411
304
496
404
429
385
237
353
393
386
369
252
242
343
316
351
429
308
396
398
419
378
517
371
369
396
328
391
354
389
323
353
379
234
383
340
222
159
429
391
370
357
469
248
413
338
386
355
324
371
368
399
419
388
696
395
434
371
305
278
420
268
441
371
447
368
340
366
299
319
468
343
408
263
443
368
244
356
306
368
458
364
371
286
429
328
471
336
421
394
323
371
457
368
269
375
298
346
320
317
396
349
172
330
403
226
416
404
266
384
398
368
241
369
344
389
391
353
423
396
416
381
391
368
299
395
466
376
298
359
398
404
408
343
311
357
396
314
421
391
493
403
429
297
373
398
214
160
335
202
389
381
305
302
391
356
376
218
441
346
401
313
229
207
288
369
281
435
421
298
459
282
351
230
364
357
344
174
230
170
403
338
287
237
340
354
461
256
371
349
389
368
403
358
406
341
449
291
506
403
504
400
504
386
466
204
314
202
431
363
313
358
395
358
486
304
509
242
471
361
484
393
309
285
300
202
375
401
185
220
404
235
343
200
325
403
485
170
488
254
363
361
320
341
462
346
361
363
219
160
365
346
459
379
463
385
383
361
138
386
284
217
386
357
487
388
374
299
322
338
404
381
461
401
386
151
493
315
386
404
507
351
321
288
431
360
491
395
428
403
401
388
371
353
375
278
404
394
377
388
363
386
209
150
235
388
292
348
386
210
416
360
396
358
439
406
435
373
384
398
394
172
489
388
381
346
443
331
523
371
438
404
302
391
413
386
411
369
408
279
191
386
360
413
325
346
411
356
388
386
433
354
379
359
393
344
424
356
416
321
237
313
335
282
406
296
406
394
408
331
339
221
348
296
405
418
399
343
411
386
444
334
399
364
368
301
334
314
447
346
431
323
404
389
397
356
330
399
259
361
403
356
419
328
279
344
388
366
484
406
405
349
230
361
349
376
380
171
366
286
365
238
295
181
509
371
180
369
404
276
494
388
395
344
371
379
391
373
458
393
421
300
570
368
386
300
361
331
391
361
320
403
269
260
396
394
419
406
424
358
413
298
471
323
262
228
391
270
291
376
459
221
391
343
369
353
492
394
386
340
306
292
401
388
391
414
447
333
467
356
327
346
488
403
496
378
388
371
388
385
339
396
497
386
341
389
358
365
393
295
392
309
468
316
493
339
493
343
467
351
429
348
469
393
388
258
441
293
406
406
316
371
445
394
453
299
437
270
499
389
441
363
499
399
341
391
487
383
340
206
700
369
333
229
371
348
546
320
328
404
501
403
416
365
349
269
509
326
388
313
308
261
427
240
332
397
348
305
411
404
373
340
398
394
345
393
179
356
403
151
456
290
401
389
368
399
464
359
461
386
404
358
501
391
457
338
471
346
498
332
389
313
479
390
218
338
336
329
403
356
191
210
404
343
428
192
319
280
531
396
251
353
406
354
391
391
498
278
426
393
471
230
384
346
446
217
245
222
467
356
428
404
379
204
416
386
476
328
293
266
386
381
391
338
508
391
254
222
276
344
469
399
326
221
359
281
461
371
321
391
386
222
342
361
229
199
240
205
383
368
453
381
461
262
386
385
484
363
396
230
407
289
443
358
443
384
318
401
302
386
333
343
201
236
418
305
326
348
406
386
165
348
427
302
464
343
323
303
534
370
331
404
496
356
401
290
274
191
261
351
458
276
446
391
494
381
383
211
401
197
465
234
308
356
659
356
466
293
425
283
466
353
299
274
292
206
356
253
391
348
473
336
391
152
408
310
436
389
315
356
424
369
388
391
358
388
384
389
466
283
411
328
443
340
431
383
308
203
341
340
484
353
403
356
373
331
368
196
501
235
287
353
446
349
299
283
356
396
397
368
418
401
448
398
437
404
419
349
353
348
366
369
488
398
487
195
356
399
463
347
462
391
454
351
521
320
446
330
424
396
469
361
511
287
401
351
303
254
473
351
474
353
486
371
411
398
421
390
378
270
334
325
473
394
431
385
386
376
378
214
481
250
245
356
469
261
438
361
401
403
447
414
261
348
339
336
374
331
494
304
401
389
386
363
582
346
444
403
542
413
468
377
291
288
331
317
469
318
373
359
451
203
443
354
446
276
361
344
428
369
456
369
456
356
476
403
486
306
458
239
414
416
401
339
376
331
237
361
337
224
576
338
461
349
571
363
443
373
339
391
368
296
280
378
446
190
466
349
420
381
330
373
466
340
731
363
463
346
489
320
427
376
466
406
274
171
170
378
322
174
371
371
378
391
375
351
464
348
453
196
344
312
190
346
493
393
464
403
438
247
471
417
474
404
354
406
479
358
469
290
424
378
454
379
237
195
329
258
406
290
382
256
379
359
457
367
308
364
449
353
252
200
438
396
419
354
326
398
413
406
379
359
466
354
463
391
317
388
389
310
454
267
443
368
341
391
445
348
514
399
464
323
355
353
471
338
261
333
242
134
496
398
381
334
469
364
474
358
301
351
245
385
466
314
308
113
326
403
674
338
419
307
459
390
486
349
466
329
463
349
464
293
481
344
391
346
474
403
394
301
385
340
342
389
422
393
614
381
521
388
389
394
456
349
451
358
433
371
479
356
424
314
190
356
455
370
449
384
446
404
461
140
492
286
411
400
454
341
356
358
487
223
391
344
469
346
481
276
484
316
409
356
448
331
467
363
504
388
461
368
379
235
423
384
501
233
421
347
270
386
401
356
381
383
409
241
356
389
468
426
348
360
423
318
301
356
476
358
380
395
499
288
466
366
451
288
469
270
327
376
502
346
446
388
471
391
443
404
466
361
330
386
432
331
438
363
433
157
571
366
493
291
473
390
410
208
534
366
386
331
481
408
464
404
401
310
403
338
516
391
325
164
352
368
499
305
451
336
416
368
291
387
477
345
426
403
287
343
338
329
471
356
443
375
441
364
469
278
484
363
412
345
491
343
307
338
453
174
428
358
408
301
478
403
699
282
476
351
353
224
484
356
406
328
328
379
282
353
383
379
396
243
280
242
315
244
459
358
459
303
428
386
369
403
483
403
393
351
332
404
398
406
469
401
459
353
501
308
331
388
429
331
443
356
456
404
423
368
518
384
449
399
481
399
441
396
443
406
438
401
464
353
464
223
486
389
365
421
484
401
449
359
508
393
405
395
464
200
486
318
272
341
499
363
521
398
307
388
536
351
466
345
658
343
423
354
327
355
443
393
346
283
457
399
494
341
268
344
421
356
495
356
483
394
417
396
479
326
416
388
351
391
474
403
399
296
454
373
357
343
406
324
471
345
406
397
321
401
455
383
389
353
338
356
494
399
433
348
537
344
365
343
481
277
484
182
477
391
378
196
451
363
414
344
399
315
508
386
386
293
409
336
476
371
456
331
436
361
509
270
477
353
511
388
441
313
511
268
389
360
461
404
494
404
379
239
445
338
241
224
428
331
337
310
479
391
323
327
439
369
471
211
438
351
385
349
493
356
456
358
354
227
458
321
388
291
337
338
434
307
348
356
508
338
478
328
481
360
342
361
541
201
458
341
393
401
388
363
485
363
436
371
386
343
431
393
453
355
393
351
702
343
481
286
361
383
363
373
499
398
438
333
471
403
