351
304
464
174
158
167
137
294
347
324
238
176
289
309
276
212
388
249
289
294
235
303
207
296
350
316
368
301
230
300
358
306
289
188
279
277
337
301
342
258
328
261
263
303
431
231
338
313
234
326
293
293
283
185
211
226
353
230
278
315
253
205
206
196
283
171
348
177
196
229
330
311
261
293
333
325
222
300
215
131
363
321
261
346
125
296
117
283
271
144
353
186
140
300
260
306
341
303
169
296
291
308
331
278
300
301
336
306
182
168
251
126
301
226
383
314
266
210
142
326
366
238
245
298
336
256
426
237
318
316
311
291
330
301
336
228
204
285
378
286
311
213
356
228
331
242
414
222
163
252
238
298
255
276
145
308
309
229
268
162
326
309
524
316
338
244
326
318
413
293
253
162
178
298
182
152
336
244
336
296
254
299
324
251
161
318
269
303
211
313
321
296
276
225
263
319
291
346
313
311
231
308
359
211
137
166
311
180
250
298
263
270
214
316
353
293
175
129
256
321
252
303
338
193
115
169
113
304
276
255
275
329
211
308
334
315
230
311
166
220
166
124
280
233
271
309
293
315
313
228
265
304
336
308
245
283
325
197
252
228
371
298
225
328
263
154
270
328
278
321
256
301
328
161
303
301
144
177
163
212
353
311
214
311
393
220
156
199
156
313
366
313
320
346
270
213
348
223
270
303
398
263
636
296
348
190
338
294
393
319
350
313
249
290
293
309
246
124
341
298
343
316
356
305
145
188
315
301
326
295
358
304
275
232
283
298
351
308
323
293
364
311
246
318
312
298
303
281
268
306
270
326
326
306
181
303
346
328
311
197
321
253
165
316
323
122
276
213
251
209
313
248
328
260
271
313
283
329
276
313
361
301
204
169
361
226
596
308
263
293
257
300
357
290
273
284
276
320
346
306
281
323
253
289
153
306
351
303
358
251
373
336
291
186
244
200
262
311
235
237
273
294
184
183
341
305
246
306
155
286
395
296
260
329
199
336
307
306
451
323
278
326
103
130
338
306
294
308
329
296
343
308
238
310
238
202
303
317
400
296
291
303
313
293
257
319
301
230
321
316
313
308
291
239
233
314
202
311
265
311
354
149
286
209
261
298
270
213
263
316
244
306
260
303
273
248
363
329
225
306
276
329
181
336
141
283
288
293
253
295
443
350
273
205
263
295
269
324
158
163
341
313
283
205
155
296
359
324
335
318
384
306
253
276
345
329
275
316
258
313
263
324
221
259
253
311
264
315
98
308
151
319
256
313
373
323
263
295
229
218
272
288
301
308
336
315
285
308
303
238
260
303
373
314
192
306
253
234
204
249
270
299
178
313
250
168
323
293
243
243
333
303
291
303
303
299
306
298
341
298
333
298
290
208
215
303
258
326
286
276
363
319
246
163
296
299
300
325
330
313
333
323
210
283
279
301
325
293
295
298
354
303
250
316
301
255
399
202
320
231
297
187
255
306
269
166
293
202
243
296
221
283
255
319
255
188
251
298
146
162
348
290
260
221
373
328
386
303
306
250
311
268
332
291
271
316
267
315
328
288
231
285
368
310
270
309
273
293
185
271
396
308
226
304
394
293
280
160
225
326
253
218
298
301
169
301
384
315
271
235
344
174
411
326
313
166
246
316
172
311
268
128
340
316
304
239
413
308
301
334
321
333
288
295
306
351
228
310
311
264
366
296
271
234
127
319
255
326
609
290
473
355
343
250
388
315
149
145
346
318
273
286
364
323
260
156
375
293
313
238
202
280
339
278
457
314
351
283
313
310
279
285
172
293
369
303
341
303
336
249
278
316
316
326
364
319
149
136
278
283
159
301
261
271
340
303
318
294
190
291
245
244
300
311
337
309
454
285
368
171
182
210
379
336
245
298
299
316
326
293
225
196
251
188
268
318
335
301
341
298
317
325
348
315
301
162
356
296
361
283
358
328
293
309
328
315
223
306
381
309
275
321
436
286
203
308
190
291
343
301
285
303
426
310
376
319
273
300
335
321
363
330
677
298
281
143
361
308
204
321
242
187
366
319
260
295
178
249
258
127
247
324
184
207
394
293
266
313
373
306
346
260
396
243
174
303
223
276
347
329
291
265
333
213
233
308
173
308
236
301
331
256
375
321
245
291
234
296
396
321
271
298
240
158
214
329
309
304
229
260
374
190
387
315
518
328
336
311
351
264
304
293
349
311
383
305
339
320
245
175
337
314
350
251
356
234
280
236
204
298
340
361
172
295
346
301
289
266
521
281
295
316
243
211
337
286
317
179
341
318
233
329
333
298
291
283
353
323
258
266
308
313
287
306
343
315
329
316
278
296
203
273
323
293
368
329
349
248
240
301
275
311
398
235
340
208
357
244
270
260
251
301
467
328
344
311
340
283
309
222
378
308
403
316
363
293
318
245
268
207
279
308
445
333
259
229
354
326
292
245
419
294
369
223
454
326
345
310
331
293
380
313
435
323
226
296
355
283
258
224
321
296
429
296
341
228
305
313
291
182
294
308
363
175
365
293
311
308
366
298
434
308
349
303
441
361
319
294
335
300
323
281
356
308
323
230
687
308
399
298
411
245
453
295
403
139
563
333
411
220
331
288
303
233
358
326
410
300
406
308
301
308
358
316
321
298
404
228
336
308
421
215
395
283
421
308
358
311
355
318
265
321
379
286
306
308
316
304
273
283
316
290
339
183
425
316
461
329
414
293
320
288
336
295
426
306
215
293
306
281
328
324
338
325
335
296
398
318
346
303
441
283
248
304
411
303
409
288
401
310
303
296
421
311
377
209
352
291
418
305
408
296
192
162
431
326
396
305
367
171
371
215
303
311
326
237
369
305
353
293
371
323
337
297
368
225
354
301
270
246
344
313
340
303
318
300
449
316
396
308
366
308
411
308
354
315
439
290
321
298
421
244
446
311
393
328
276
152
414
315
433
293
376
156
424
283
375
301
399
232
704
288
321
296
364
306
407
316
384
309
391
220
379
301
289
329
441
331
296
295
346
130
395
250
301
303
336
319
395
299
316
303
441
304
281
328
364
328
273
199
456
313
346
325
423
313
248
326
298
310
371
301
208
177
264
266
423
308
376
305
281
283
353
310
361
316
303
296
328
194
358
311
344
299
348
328
368
290
200
281
333
320
266
184
122
310
250
298
343
323
217
291
294
311
358
295
283
177
258
316
318
291
344
315
343
142
361
301
356
328
293
303
215
303
278
291
301
289
396
246
351
294
421
217
356
168
351
246
369
285
403
263
411
303
416
305
436
300
371
303
321
296
356
291
373
323
443
326
368
291
456
310
421
308
431
319
446
308
333
328
387
311
431
260
305
313
551
315
356
313
385
271
437
301
676
294
162
295
354
301
394
316
341
313
313
296
416
311
338
230
285
178
361
316
461
299
323
300
403
301
431
171
274
316
394
226
319
308
308
311
454
225
398
309
347
311
313
316
278
309
436
283
355
321
376
295
328
269
413
298
380
153
351
299
418
303
444
303
572
301
421
284
353
240
262
316
378
233
255
291
348
296
343
285
318
157
318
301
287
328
409
301
351
301
448
122
335
193
262
294
441
298
238
173
390
321
320
296
358
290
361
333
354
338
351
323
405
303
434
316
330
298
340
286
419
319
388
169
428
300
426
311
421
219
441
315
428
296
454
299
382
301
544
196
343
313
397
283
348
315
384
220
433
295
456
276
409
316
424
308
448
309
439
303
411
308
378
142
411
306
313
314
363
303
383
237
431
301
416
321
431
296
444
301
399
240
481
306
441
313
413
298
411
334
409
333
398
184
331
286
466
313
314
196
328
248
194
311
228
276
424
276
221
224
433
237
356
338
351
295
418
301
429
320
421
308
358
316
311
296
393
301
345
316
393
225
453
271
304
328
416
293
423
316
386
306
328
284
451
324
377
296
356
329
413
304
401
304
351
328
371
291
381
295
411
296
358
316
443
229
259
203
333
201
343
306
324
310
398
310
421
300
245
249
181
251
377
293
386
279
434
291
419
304
419
296
351
303
409
181
411
327
352
303
378
241
227
315
403
298
396
228
363
293
290
298
424
264
401
326
397
303
555
299
361
311
373
316
282
299
484
306
384
309
453
303
321
308
399
306
410
321
424
314
434
286
294
315
437
326
436
224
330
313
447
313
363
296
379
298
408
293
409
246
429
334
415
309
614
291
403
210
466
316
303
97
351
313
387
238
406
316
189
163
463
306
378
296
333
324
373
307
360
311
273
301
368
305
260
188
430
300
441
313
234
183
297
288
361
296
471
310
287
295
445
262
406
303
469
315
270
296
209
130
260
321
426
339
388
311
383
296
445
308
416
303
263
316
401
321
421
316
338
97
437
306
409
311
419
239
334
298
448
256
385
283
406
270
250
309
408
172
326
331
433
316
351
333
316
127
365
295
251
270
308
296
406
234
409
311
227
126
428
293
241
308
434
297
239
125
341
303
306
309
366
300
338
156
269
325
175
182
355
325
428
308
406
245
320
301
195
130
333
313
313
262
285
298
413
316
348
295
225
288
431
291
356
326
451
300
399
316
155
329
223
168
356
233
265
304
233
174
278
184
300
318
349
231
235
311
346
311
308
303
256
311
275
303
333
316
341
328
273
166
330
291
269
281
408
338
354
303
411
311
307
326
281
303
318
336
310
383
337
226
363
299
428
308
348
305
236
198
456
314
349
305
229
113
381
264
283
303
419
279
404
343
324
202
289
249
286
303
283
251
343
318
239
301
263
218
331
328
338
252
476
300
354
290
366
295
333
295
308
295
328
316
386
328
359
293
341
293
403
251
371
333
327
321
438
331
373
302
333
170
429
311
351
280
270
209
306
194
244
303
250
220
356
288
253
343
326
333
364
297
260
233
311
291
246
217
239
304
304
288
371
296
345
341
396
306
341
316
300
301
373
283
373
300
358
249
311
303
208
217
316
276
238
300
230
310
356
234
319
225
321
243
354
218
456
288
439
264
253
298
371
193
355
316
230
169
323
305
271
329
398
286
242
306
363
320
320
281
336
290
338
308
307
311
383
257
371
159
320
218
354
293
339
280
367
326
285
268
424
306
330
301
360
316
398
283
288
212
401
179
405
296
323
295
162
116
330
303
336
300
236
291
343
293
336
310
374
306
298
313
336
203
349
293
268
211
358
330
371
279
381
323
351
326
291
208
345
268
316
323
316
293
381
338
310
301
348
326
434
306
349
299
278
308
361
283
304
303
341
290
399
303
359
251
349
283
303
308
296
320
363
283
424
198
416
243
298
293
386
305
257
313
243
308
345
301
250
316
328
303
258
311
401
306
308
328
381
263
263
313
313
316
371
329
408
311
349
298
426
191
371
341
286
308
341
241
391
283
378
313
230
161
423
300
424
253
213
174
406
235
395
315
273
288
271
298
299
280
261
320
246
250
375
313
292
314
283
260
336
316
183
135
318
301
259
181
348
231
262
287
343
248
349
281
233
318
411
306
309
313
336
308
371
253
191
112
351
95
231
285
607
290
351
288
180
319
423
217
386
318
437
271
375
296
325
310
427
290
413
313
364
301
313
297
236
146
304
208
355
296
363
202
348
310
416
325
307
316
446
316
167
298
295
131
435
328
363
316
285
247
466
301
363
318
336
303
451
314
415
339
323
308
444
293
426
308
345
300
341
296
429
315
314
284
363
177
409
306
375
326
187
308
289
296
242
308
273
287
348
161
424
316
283
331
353
318
381
285
336
291
338
301
301
310
375
298
311
293
263
301
301
321
373
235
208
293
298
301
348
303
323
321
348
297
338
255
319
308
398
328
283
210
406
303
300
274
228
160
386
306
288
308
258
172
264
202
328
299
330
261
284
295
391
311
318
224
342
328
304
303
271
296
566
319
348
261
358
335
419
305
429
296
206
215
220
148
367
218
250
129
300
169
416
240
424
317
344
304
341
195
214
180
415
223
416
296
186
306
451
157
343
311
323
293
269
290
351
171
336
301
188
274
403
170
381
318
211
300
273
288
293
233
284
298
338
311
309
184
281
305
227
294
324
318
386
296
256
185
403
331
258
213
244
299
401
273
438
298
298
291
356
291
256
303
351
250
332
325
208
316
423
300
408
172
388
296
410
311
269
306
301
303
396
299
443
257
383
222
407
213
451
270
381
300
351
241
249
124
556
175
428
301
378
238
330
295
271
311
509
311
344
283
343
303
336
313
265
318
341
311
351
306
321
323
235
203
211
283
288
308
436
313
336
300
391
323
348
314
338
291
235
164
413
240
459
321
449
308
369
266
436
316
371
262
355
323
266
316
353
308
235
139
342
210
234
259
329
196
376
313
346
351
340
231
322
306
366
231
259
169
361
316
326
288
351
321
429
301
323
304
220
170
354
317
358
321
339
298
353
294
346
304
441
210
338
313
313
191
351
303
193
163
324
205
351
150
397
307
270
204
227
178
343
328
376
266
296
264
455
298
288
305
331
304
396
252
311
295
363
250
355
311
330
291
336
330
358
321
288
298
328
316
231
294
374
183
459
301
373
316
330
215
304
296
423
264
338
335
353
307
519
300
278
162
316
170
269
301
283
163
325
215
341
289
343
236
266
257
336
222
359
311
259
129
351
283
369
321
385
303
264
321
342
290
253
233
285
265
426
291
257
122
346
288
407
313
219
313
384
321
238
310
162
173
311
249
287
215
263
293
235
295
664
303
282
303
456
328
311
333
421
326
243
321
441
323
346
316
273
313
346
203
421
310
325
201
314
259
290
246
336
303
403
309
406
321
414
260
336
284
303
290
335
300
338
315
263
145
414
301
361
288
421
267
286
303
317
203
418
293
320
321
383
297
428
331
481
291
311
300
308
207
428
215
203
318
261
167
427
219
433
288
334
306
223
218
356
305
394
228
376
309
408
246
319
237
298
318
328
240
323
318
219
290
391
296
351
323
361
341
311
247
419
226
411
296
514
260
385
287
296
316
251
290
391
293
404
296
401
319
401
137
288
294
453
347
259
308
324
303
364
313
388
286
245
177
363
191
320
323
363
179
239
303
420
301
261
263
423
253
306
279
334
286
426
303
336
295
461
329
339
283
356
310
306
295
416
324
353
311
449
301
358
199
282
235
234
165
336
301
310
313
349
268
437
290
224
311
356
185
403
313
231
173
425
298
373
319
433
241
307
173
326
321
326
311
179
163
327
230
363
293
277
301
381
204
258
314
326
190
344
316
272
310
445
298
354
316
441
216
386
206
469
317
434
321
330
283
343
313
212
283
326
162
351
213
283
276
451
295
351
207
360
308
278
311
346
306
283
311
366
295
349
318
313
235
399
283
356
278
341
306
403
311
411
316
351
329
413
294
431
303
408
293
436
230
295
200
348
240
343
296
400
311
361
316
461
326
446
310
341
296
231
296
329
313
351
316
248
299
454
221
261
331
439
293
364
325
393
258
284
308
436
314
281
175
319
308
364
313
459
321
316
301
338
299
389
309
468
174
340
313
423
213
359
295
375
308
413
112
447
293
274
171
613
311
406
298
329
210
389
331
434
290
259
215
436
298
416
303
365
261
250
311
429
293
285
283
346
295
451
318
349
310
371
208
431
296
339
293
466
328
441
291
356
303
456
314
290
193
376
280
331
301
449
313
398
283
388
303
242
283
441
241
376
309
453
326
363
286
421
311
264
141
421
251
454
313
420
265
357
331
369
319
290
255
278
290
239
270
308
296
371
288
285
120
302
328
326
299
426
306
159
293
326
238
354
314
319
293
350
320
331
311
446
280
441
326
431
283
365
301
378
316
348
300
348
299
415
320
365
284
279
253
434
231
354
315
288
298
416
247
341
313
291
293
409
293
330
303
297
318
280
290
415
232
408
208
343
311
401
304
451
249
276
94
426
194
333
265
396
301
235
295
532
318
451
311
419
293
369
310
419
316
347
308
408
296
281
301
250
308
471
184
427
313
456
313
431
301
407
286
310
364
406
180
289
296
356
304
337
258
431
291
434
331
478
329
388
265
401
310
384
238
414
305
437
92
431
316
446
278
338
323
318
295
403
263
406
258
457
303
323
258
421
295
429
250
325
283
421
316
401
291
364
301
358
172
414
223
396
313
418
291
335
261
383
241
393
281
350
295
426
298
371
314
250
306
436
324
421
179
439
283
403
295
386
313
353
291
436
306
399
314
348
298
409
256
441
300
276
197
368
306
341
232
333
331
255
210
431
311
324
328
438
298
263
276
341
310
298
222
401
296
276
226
423
300
421
335
232
323
437
303
297
295
431
315
401
310
434
303
324
198
255
295
403
288
338
242
416
318
365
294
336
219
451
314
434
308
409
123
378
197
429
311
383
301
416
293
448
295
334
326
277
231
289
273
353
316
418
303
359
308
336
308
381
291
323
200
281
237
431
309
159
308
336
273
441
318
303
249
474
304
461
233
224
308
411
223
387
291
333
299
335
285
393
313
431
306
438
298
431
283
354
305
269
310
348
188
277
216
477
303
423
299
296
186
398
315
290
308
384
303
459
303
261
183
428
305
338
217
381
313
297
264
406
331
336
293
764
253
398
313
425
309
438
300
316
310
349
247
163
301
411
247
332
321
426
295
409
311
391
308
386
308
441
305
350
290
285
122
433
258
343
201
277
123
381
308
436
325
431
245
406
169
434
299
381
308
346
162
446
308
406
303
431
211
439
196
274
295
371
316
259
105
451
236
367
313
401
298
404
313
662
301
336
328
293
303
439
254
345
303
353
266
346
313
389
308
398
329
404
309
415
304
401
316
300
323
423
247
388
240
323
172
327
338
325
291
356
182
346
311
315
291
353
291
384
211
411
291
308
320
371
301
335
290
709
328
401
313
284
217
304
244
374
266
429
307
337
253
429
303
431
310
393
295
423
315
218
329
347
316
354
318
348
318
444
320
441
341
401
311
274
305
170
288
451
308
431
298
429
324
325
303
411
318
411
309
383
298
414
326
393
230
301
213
381
293
267
333
381
308
346
261
424
304
421
218
343
320
368
299
429
236
394
243
646
321
376
241
343
283
429
309
413
313
412
316
301
311
391
287
406
291
383
236
614
316
259
291
344
293
338
303
