386
318
271
316
276
336
239
328
230
244
265
178
269
245
275
313
170
178
449
321
278
328
538
293
219
318
229
226
275
344
290
323
373
308
239
153
251
315
243
179
343
316
237
325
475
331
353
329
314
316
286
301
255
196
366
318
246
316
303
348
291
324
326
313
371
192
223
216
291
321
353
333
346
324
310
325
359
219
341
268
220
160
280
303
331
320
197
325
371
202
283
218
351
223
313
238
233
239
346
315
308
316
366
331
188
333
283
319
150
170
266
333
271
327
213
317
270
306
369
320
289
333
374
333
328
306
253
298
401
286
361
313
319
264
346
333
263
336
322
336
358
334
363
333
215
323
279
328
363
277
371
228
296
303
336
319
255
346
294
263
309
299
353
328
290
212
361
336
290
258
254
333
299
313
356
323
384
315
285
333
293
318
380
326
298
353
131
313
164
191
119
141
196
196
163
327
315
331
130
333
280
253
206
241
439
328
373
328
138
329
257
329
321
316
232
321
164
325
356
326
270
323
326
326
288
331
259
331
433
346
219
229
313
321
300
331
203
177
368
304
338
134
196
344
328
288
355
316
320
334
375
207
341
321
363
333
279
303
428
330
455
354
370
303
255
264
193
226
340
311
164
339
258
318
414
301
254
331
298
222
286
354
264
320
143
331
266
331
250
318
233
323
336
223
283
253
276
239
303
192
351
325
222
323
363
309
383
333
293
286
389
323
155
329
389
314
346
356
391
323
359
323
286
316
381
318
373
333
227
328
376
318
289
331
337
313
368
331
431
316
348
231
277
250
351
132
677
306
215
313
366
136
323
327
358
327
406
310
453
318
368
251
182
325
310
185
311
141
296
303
306
316
454
326
334
328
273
341
333
277
320
276
336
213
386
326
426
324
165
146
384
285
205
299
200
190
443
341
236
318
361
279
163
283
238
135
306
330
331
336
383
315
431
329
290
246
271
328
204
250
378
178
188
213
343
326
258
138
274
350
230
320
376
321
473
259
248
220
373
329
376
238
269
315
254
270
259
204
260
318
177
326
236
283
265
333
155
316
336
329
275
316
239
361
306
231
358
217
271
318
336
233
343
343
358
325
366
318
399
333
387
325
261
330
369
210
299
300
489
315
298
311
244
321
255
308
411
328
339
315
356
318
296
329
169
209
361
180
326
246
542
331
299
316
350
261
348
326
204
232
376
344
188
303
230
184
266
273
285
316
280
326
371
343
295
323
357
325
378
316
335
233
250
323
174
173
341
191
181
142
353
304
364
319
210
321
355
308
341
264
295
316
279
328
280
315
263
264
324
213
268
319
187
343
157
326
250
318
290
333
271
325
381
298
311
333
276
311
224
331
253
285
246
313
383
323
143
323
275
303
278
248
119
316
283
175
285
171
275
257
398
328
250
339
366
351
273
336
306
291
353
270
387
171
549
354
309
329
290
325
358
328
276
328
324
219
374
316
301
223
214
266
293
333
359
210
361
270
168
333
204
316
281
336
308
306
371
331
286
283
302
250
167
232
406
313
448
331
283
328
130
328
348
133
301
311
281
259
278
313
238
220
305
328
306
348
196
336
255
343
235
303
197
317
366
288
258
330
248
331
476
333
249
328
339
316
283
324
288
325
502
212
251
330
300
241
126
319
380
313
371
335
371
313
359
323
246
315
306
323
448
329
110
119
302
334
281
318
242
334
321
324
248
334
491
333
275
303
202
328
359
326
231
319
544
315
333
330
318
319
266
324
351
347
288
256
250
323
309
248
423
336
340
323
239
318
376
318
286
192
172
107
286
333
528
330
281
336
170
227
281
269
238
316
184
241
417
333
294
343
366
341
321
251
258
323
371
242
336
331
341
316
246
135
276
278
308
324
303
306
403
329
418
323
153
319
307
185
318
233
278
341
266
335
341
276
272
168
281
316
149
330
296
279
260
333
431
345
359
301
331
260
353
333
186
306
225
323
328
319
246
230
284
206
361
273
301
315
344
357
336
170
171
315
386
305
531
230
371
326
259
319
314
267
254
326
339
313
129
341
231
331
346
341
237
333
414
324
326
328
303
121
293
178
456
328
253
318
331
274
283
334
446
348
289
313
360
162
345
321
449
341
386
309
283
323
429
266
303
320
375
211
130
100
219
317
364
341
144
333
211
295
419
321
280
236
687
333
267
318
268
321
327
222
335
238
207
239
586
311
226
305
166
348
309
323
133
100
434
341
361
331
366
326
182
94
225
257
197
203
347
339
9324
181
351
303
591
229
353
278
444
295
293
272
300
271
294
343
270
331
339
300
310
313
281
313
440
323
302
264
233
316
288
321
301
318
134
206
245
316
247
306
361
266
290
335
333
345
466
303
303
336
389
209
272
318
341
338
265
316
441
356
361
271
305
239
168
214
356
231
241
197
388
243
240
330
427
333
261
330
343
291
273
324
286
186
391
318
335
193
289
321
293
328
304
226
279
344
511
250
329
321
375
249
355
304
401
318
189
328
361
319
338
184
433
331
438
212
265
260
458
328
406
310
236
313
446
323
353
219
346
323
282
334
333
345
383
326
428
323
348
396
386
228
443
336
369
318
318
331
352
263
431
281
617
338
278
318
343
182
436
315
321
319
371
330
326
326
348
229
436
233
453
320
354
313
449
316
353
349
381
285
304
315
320
326
346
243
431
328
366
331
313
270
385
285
454
189
286
311
444
315
336
318
346
336
286
150
255
228
431
240
449
333
391
331
363
316
225
316
338
315
394
320
288
330
319
305
388
318
320
168
473
286
419
331
441
329
370
325
644
333
340
340
426
263
384
318
363
341
281
316
428
241
418
331
315
316
342
323
330
320
350
341
692
336
361
340
269
155
429
314
277
343
448
328
347
358
381
230
444
191
549
341
280
301
332
309
464
233
361
310
243
230
217
131
339
310
336
325
378
325
467
313
394
235
351
326
471
318
376
313
441
338
446
336
426
169
384
231
429
349
464
329
421
343
331
155
421
318
356
333
454
333
394
253
446
333
423
316
448
176
298
336
416
331
453
331
457
306
414
319
326
329
263
323
421
333
441
323
293
306
358
289
521
355
411
317
386
341
348
218
360
354
311
246
544
343
433
331
283
333
324
331
434
286
307
261
359
343
320
315
397
349
369
331
527
287
451
148
286
338
284
343
227
323
299
316
164
343
357
334
350
311
292
190
200
349
265
330
356
325
328
180
458
331
441
254
268
331
333
318
234
335
285
331
256
253
376
339
341
318
383
234
245
182
574
182
375
319
391
290
276
318
301
172
301
234
336
333
355
306
433
173
453
326
482
285
484
321
269
326
336
341
329
340
443
326
397
346
356
306
390
313
411
324
386
328
459
331
255
198
270
278
351
298
398
311
389
330
379
333
444
313
359
319
337
336
393
296
349
268
458
182
454
316
492
324
356
343
253
323
441
323
268
224
435
316
350
329
434
326
413
331
408
323
426
276
359
314
436
303
434
313
443
336
428
321
290
313
451
319
391
313
704
316
323
251
441
258
366
323
438
310
346
321
421
324
453
328
371
263
436
334
664
316
354
318
356
356
255
139
374
333
409
285
434
336
356
277
418
239
397
201
439
240
368
276
436
331
451
243
479
252
261
317
468
323
279
323
371
339
448
321
333
326
353
315
302
315
338
325
361
328
421
361
408
293
373
328
451
333
391
341
371
309
363
318
669
209
474
326
441
320
368
321
296
273
340
343
350
311
425
324
405
326
376
256
439
323
626
318
428
146
459
328
405
278
414
333
609
260
403
331
421
318
429
314
369
294
435
315
434
158
366
293
451
338
349
274
418
323
393
305
279
313
443
214
419
353
426
218
361
329
343
315
184
329
386
210
335
326
293
232
426
331
456
263
416
338
414
216
421
333
316
196
391
268
403
323
290
326
601
341
516
344
411
341
438
341
427
321
451
318
429
341
461
289
262
331
416
331
426
318
361
329
364
230
381
331
295
301
344
319
258
341
591
330
419
325
406
255
444
318
433
334
401
326
441
241
371
242
453
336
441
304
451
333
361
328
426
318
363
276
426
313
421
341
334
263
325
316
353
321
423
333
371
306
427
184
351
338
451
333
367
349
479
262
419
339
324
316
308
323
511
321
429
331
359
230
267
257
458
314
433
343
333
336
389
321
311
318
393
354
454
326
433
341
354
311
352
272
424
255
423
326
344
324
439
268
356
305
437
317
431
330
324
313
362
318
542
326
263
333
439
327
464
318
448
305
356
319
381
318
255
315
349
233
294
329
326
333
348
326
348
195
333
366
283
325
466
209
345
248
383
206
384
338
354
248
233
316
438
262
345
331
454
323
458
329
377
328
446
334
326
336
364
313
414
328
453
316
411
253
461
273
463
303
366
328
316
323
444
316
356
306
351
222
370
281
250
142
431
306
317
326
346
321
375
329
291
296
463
330
355
306
309
201
448
325
431
316
436
313
461
278
283
321
275
331
383
316
463
323
297
278
356
257
298
318
381
331
351
176
353
335
451
341
411
311
463
328
307
264
349
328
542
249
321
190
371
316
429
350
456
326
366
331
473
306
275
202
296
206
352
331
256
347
381
347
333
321
300
328
300
328
311
276
374
341
371
325
338
333
381
306
409
333
371
341
446
263
336
323
425
333
296
321
345
318
419
321
441
328
349
323
431
277
308
323
183
318
256
320
371
258
364
356
348
331
386
236
364
329
458
341
355
311
273
265
233
359
306
344
391
329
202
320
160
323
378
278
361
313
393
328
353
268
458
341
353
306
364
331
593
316
356
328
288
306
154
255
254
207
451
241
311
204
281
333
369
321
232
348
408
318
408
341
434
293
319
283
343
335
261
260
199
326
314
336
235
323
339
315
353
313
306
336
366
367
279
136
406
337
266
188
394
331
321
326
247
246
303
300
418
265
371
339
331
325
366
205
361
237
416
316
471
331
365
267
335
244
378
336
446
211
454
324
369
328
293
326
433
171
259
302
338
316
327
333
464
338
366
316
369
205
459
313
341
215
378
329
426
325
109
173
368
318
349
331
401
316
383
316
371
348
373
348
413
315
421
255
333
330
446
306
343
329
494
323
358
288
192
138
302
300
361
305
434
355
282
320
411
318
395
338
356
313
328
318
384
283
376
341
361
326
366
331
447
329
381
261
251
326
365
318
379
331
229
252
289
178
341
294
276
341
438
313
149
179
438
319
368
315
389
328
431
343
384
139
308
320
461
331
435
216
200
300
356
260
273
314
441
335
268
343
361
319
274
326
351
311
281
328
185
303
359
174
376
323
270
256
344
329
301
339
353
303
454
329
345
366
401
310
361
315
361
321
376
331
345
259
346
308
481
316
416
326
343
331
308
327
419
261
472
327
348
330
426
313
346
328
405
326
310
277
438
334
364
251
431
212
426
328
353
188
189
184
309
294
374
331
441
311
368
321
358
331
323
138
404
259
353
303
171
323
128
333
408
316
363
303
306
242
360
264
344
318
431
258
346
324
384
335
444
258
448
328
361
140
363
328
341
321
441
298
351
336
343
330
355
334
378
333
286
330
363
328
361
307
431
290
374
325
249
171
366
306
221
165
341
333
290
313
325
323
258
313
353
310
409
308
401
283
323
240
235
348
353
165
441
334
433
220
302
333
356
337
265
323
464
147
233
321
439
318
231
173
416
293
366
321
562
331
364
225
311
306
428
293
296
259
331
329
273
318
375
264
332
344
344
328
355
188
280
191
353
315
379
326
353
306
320
189
361
318
343
323
245
326
225
328
414
338
280
303
293
318
300
272
426
333
371
218
386
331
279
326
338
338
240
179
323
188
339
137
349
287
433
316
441
338
331
340
438
318
488
308
358
357
343
331
433
333
357
326
340
329
444
341
398
315
215
308
229
275
268
276
368
327
330
328
399
331
279
273
259
311
445
323
223
328
388
321
426
306
377
315
366
328
373
303
293
319
351
188
415
318
366
328
426
316
431
326
443
303
421
305
366
325
356
341
279
321
308
316
293
336
241
205
434
196
334
326
258
343
394
172
436
316
311
326
436
319
418
328
374
189
453
259
431
306
429
274
456
241
371
242
363
223
353
300
375
242
408
192
353
333
275
338
357
344
376
339
311
326
376
276
353
316
406
306
338
328
379
280
406
340
266
231
303
197
446
323
356
326
312
336
396
308
379
303
278
316
379
314
449
311
237
185
433
313
329
286
276
296
473
162
343
324
426
191
401
314
341
328
299
311
331
310
361
328
466
254
353
331
451
321
270
326
222
318
448
270
433
328
284
335
253
319
328
311
356
331
288
319
359
335
181
149
221
182
361
315
336
323
441
327
269
223
251
323
190
319
389
329
351
311
409
313
286
326
230
190
340
341
301
330
354
241
473
224
428
308
413
328
288
326
348
316
332
366
477
246
390
321
364
355
198
323
338
316
325
321
351
295
275
316
384
326
369
328
298
326
297
258
403
331
351
318
288
316
326
253
386
306
404
321
334
324
338
263
443
199
309
306
223
315
431
318
386
321
342
179
338
326
183
266
381
310
431
336
391
266
386
323
333
318
343
336
376
306
454
333
489
318
431
311
279
333
424
336
348
346
361
207
326
323
351
308
425
321
339
318
364
334
375
202
669
316
265
328
173
168
368
265
388
179
313
301
451
319
283
243
354
320
270
319
361
225
456
354
308
222
249
333
273
331
200
115
435
316
457
325
184
275
337
331
444
336
380
225
431
321
191
333
459
350
381
328
329
343
285
331
370
259
304
336
388
328
365
290
286
318
367
210
439
331
287
319
359
347
488
139
290
331
448
329
401
305
248
351
296
253
511
348
363
321
351
298
376
313
414
339
326
319
358
168
622
329
406
304
308
215
339
313
346
316
487
364
566
174
333
303
366
338
323
231
429
333
424
330
421
264
393
336
503
325
391
304
249
319
326
318
238
298
306
335
361
328
273
219
360
344
260
316
323
333
458
328
351
343
304
341
378
196
436
323
391
316
342
186
451
232
446
285
421
326
381
315
317
326
443
313
364
331
453
323
359
328
394
138
287
326
321
323
297
323
659
328
289
331
409
343
368
301
441
246
321
263
534
343
229
181
371
238
349
341
408
331
341
333
429
329
459
328
318
318
403
329
434
329
437
333
357
334
274
315
318
211
396
319
461
331
386
341
196
138
368
329
119
334
289
205
274
263
261
235
348
179
424
297
423
333
408
133
351
333
377
323
279
316
273
319
376
265
375
328
425
315
401
316
691
263
270
103
338
325
451
266
296
311
266
331
233
190
498
318
317
197
290
270
431
326
446
331
368
311
414
239
309
257
396
258
415
343
514
293
421
223
396
328
363
323
395
311
381
346
416
333
434
264
444
341
322
133
238
326
451
281
373
267
327
240
401
343
273
334
416
331
466
330
230
172
449
329
662
340
288
184
404
313
305
301
329
343
339
331
414
328
366
303
467
264
332
318
226
321
178
318
317
343
374
313
431
303
281
242
431
331
358
333
433
266
363
323
429
336
687
323
444
328
368
296
333
321
242
257
251
326
426
318
416
360
466
315
459
257
463
185
353
316
468
324
311
313
152
133
431
325
299
315
491
326
406
321
449
355
433
333
381
318
446
328
441
344
466
318
469
278
307
331
357
316
493
165
312
326
284
323
219
339
511
331
287
134
355
175
206
330
434
358
309
184
359
331
321
186
451
333
545
219
411
219
348
328
373
324
361
301
423
321
371
258
376
337
388
318
295
192
328
185
406
328
180
326
447
148
431
315
433
333
443
329
251
240
350
333
369
329
361
224
423
324
256
333
358
170
474
350
214
175
577
325
235
330
446
328
313
305
312
160
340
186
252
328
326
324
424
228
439
326
346
336
368
315
193
111
298
331
363
319
371
313
323
323
343
336
418
230
415
316
194
271
388
279
436
181
454
325
456
326
415
159
441
326
421
318
224
315
395
235
411
330
326
122
428
305
416
346
294
315
434
326
328
338
383
331
339
311
154
153
399
331
420
212
466
326
399
323
276
318
344
207
411
276
317
311
319
323
227
328
461
310
411
306
441
328
446
328
473
296
405
326
479
324
436
144
511
316
446
130
368
318
426
309
415
313
381
324
463
318
434
331
439
331
488
338
451
319
375
343
452
318
423
256
421
318
228
316
279
260
431
326
417
309
426
331
436
321
446
318
381
328
443
314
340
343
473
316
241
323
285
303
456
344
312
300
348
326
439
331
313
309
420
318
354
356
461
326
431
314
451
263
385
333
212
153
416
251
424
290
376
334
423
328
353
253
336
363
379
331
331
279
315
197
446
343
456
313
401
325
363
258
419
337
443
343
297
215
331
319
413
178
451
343
394
291
257
118
436
318
381
277
290
233
320
358
186
120
449
298
451
293
295
323
464
141
348
313
426
318
340
330
411
351
473
314
187
326
361
308
389
330
285
343
396
324
411
308
334
277
391
252
351
323
344
311
449
286
409
285
263
305
337
303
351
341
428
255
279
313
338
280
387
336
357
310
423
319
293
323
331
144
363
318
393
319
178
333
340
280
344
273
293
240
345
316
433
244
459
333
448
271
579
196
444
261
312
168
443
31490
421
348
479
343
282
345
230
287
401
311
408
343
316
333
379
328
431
343
504
290
209
120
423
324
406
316
389
311
454
329
399
335
389
330
363
315
446
315
423
209
355
323
431
330
543
318
443
253
443
318
333
329
474
301
424
321
458
306
433
224
408
331
433
333
322
305
461
331
354
326
431
333
323
316
380
304
378
235
326
333
669
326
406
321
424
330
284
203
409
330
408
326
380
335
449
328
381
330
399
289
453
277
270
217
349
283
423
321
413
318
374
341
373
318
327
285
443
336
320
331
436
333
562
346
275
216
466
338
423
111
461
313
437
328
285
341
369
344
463
335
338
343
380
280
399
331
328
326
266
131
293
318
258
316
424
318
361
304
310
182
336
331
396
331
431
323
456
325
458
331
473
285
444
253
409
296
393
331
348
311
425
331
424
321
451
315
371
223
325
210
468
221
394
323
292
348
193
321
403
244
451
353
401
330
349
330
446
326
361
335
333
286
282
331
348
306
270
266
421
174
393
319
321
348
433
358
389
315
