421
343
346
316
569
291
351
301
353
311
163
318
345
285
416
286
215
308
334
303
650
304
256
283
244
158
333
311
277
298
301
291
308
221
215
304
301
311
373
288
251
195
316
323
561
325
360
123
325
313
269
296
238
187
303
295
221
248
361
311
358
316
151
217
328
235
226
283
318
316
361
305
253
250
358
305
224
204
115
143
325
326
285
251
369
308
348
291
326
335
344
254
352
319
272
325
338
263
376
222
226
180
310
257
188
303
384
236
275
311
336
314
328
278
165
303
351
280
298
303
315
293
331
263
371
303
281
321
263
245
299
291
244
288
348
313
346
188
283
291
219
171
255
162
429
298
399
257
298
318
277
296
301
293
328
283
268
202
562
318
384
310
438
306
385
208
235
313
259
159
624
328
253
291
155
308
341
301
268
291
456
293
348
308
341
329
350
301
256
311
346
197
323
298
318
295
409
295
313
308
267
331
276
303
361
311
418
246
273
196
186
308
297
301
269
316
374
311
341
316
223
309
356
304
245
193
238
204
367
246
351
299
323
293
391
300
278
209
461
321
341
328
411
316
351
293
377
246
223
303
354
250
326
208
315
301
188
303
298
304
240
130
644
290
356
306
374
191
416
308
343
229
346
328
311
303
315
315
197
301
117
323
208
308
423
271
301
300
304
313
331
293
323
303
209
200
361
303
383
325
223
285
232
179
326
295
356
171
248
208
241
328
406
226
353
316
341
122
260
304
347
207
235
304
240
314
356
259
368
291
371
331
381
295
366
316
328
325
298
168
223
245
232
300
216
283
323
305
338
281
326
206
419
308
335
316
166
281
396
344
318
209
416
301
375
321
356
305
164
134
259
303
371
293
521
336
331
326
434
303
413
246
330
300
285
293
498
293
296
172
279
283
346
177
135
308
308
309
305
308
200
301
376
303
451
303
281
241
229
179
219
304
273
172
165
293
308
223
287
239
370
298
263
303
301
309
398
315
294
328
263
305
371
321
369
318
416
241
321
293
711
288
124
311
323
304
354
313
417
306
353
311
429
323
264
308
276
209
234
173
305
306
394
303
411
324
421
333
246
316
289
307
554
301
369
315
346
349
429
286
221
253
356
313
263
311
182
269
291
316
316
293
250
327
336
284
292
223
258
300
340
308
288
263
214
260
371
315
338
293
423
319
333
335
411
301
219
311
250
296
446
296
275
225
277
243
274
197
389
303
349
281
237
296
346
328
400
317
358
290
282
160
294
308
355
283
343
315
385
308
355
313
433
215
208
178
305
279
609
315
355
316
328
260
318
314
229
161
297
301
137
298
344
316
358
296
302
301
301
311
261
301
110
306
294
301
328
283
336
328
213
308
529
301
310
180
319
138
298
235
331
328
313
310
223
122
328
301
359
303
289
288
338
301
273
321
325
222
410
301
306
291
353
316
200
249
358
283
232
308
333
293
346
293
273
195
153
310
351
314
298
321
253
126
213
278
361
165
263
303
227
285
209
318
393
301
316
303
303
313
373
297
431
303
338
153
348
320
308
299
391
305
366
318
316
291
308
323
258
296
329
268
204
293
365
308
299
316
225
301
351
283
173
129
435
318
248
190
231
289
261
295
593
357
368
308
230
290
285
276
285
283
257
270
408
310
299
308
368
183
311
278
194
313
453
278
299
271
411
300
449
314
463
304
192
295
224
299
277
212
283
296
394
305
343
316
278
321
323
241
232
298
353
206
344
263
350
246
423
295
318
297
421
309
265
291
355
238
401
295
401
328
424
270
411
301
388
283
419
301
448
331
328
316
343
328
220
233
315
319
401
301
347
328
406
209
420
331
401
177
394
291
429
323
331
236
404
313
358
212
404
181
203
164
133
296
176
209
144
154
218
295
366
295
334
315
454
321
351
300
175
283
387
296
284
296
406
300
311
228
311
281
286
328
261
298
328
261
461
328
270
298
328
321
438
308
253
301
339
301
376
311
331
304
353
310
361
192
333
301
324
283
386
200
295
310
441
201
315
281
340
308
431
301
258
326
386
218
313
305
453
303
361
329
354
165
338
284
251
316
238
293
662
304
446
311
263
174
431
288
419
310
358
316
344
228
439
300
215
296
313
301
424
291
278
323
363
300
239
293
174
240
326
264
275
323
423
315
739
316
269
328
304
300
248
167
403
164
365
313
256
293
301
296
413
309
326
290
419
309
348
254
380
221
401
320
398
331
431
286
213
241
182
328
540
171
275
300
280
127
314
178
446
293
417
286
244
238
291
306
418
316
135
311
314
198
336
313
431
296
411
313
333
308
436
306
248
131
257
293
437
301
444
317
204
313
247
283
378
303
189
295
431
336
416
256
318
269
236
331
384
293
323
120
406
301
363
293
381
216
300
331
425
320
328
301
419
226
273
291
335
316
427
190
297
293
338
290
308
296
448
305
245
293
361
308
398
298
391
299
321
303
418
303
336
309
368
314
411
328
388
290
428
293
341
306
408
318
371
325
385
241
338
311
229
298
343
313
348
318
345
331
403
303
374
313
451
172
331
316
359
311
424
295
303
295
363
174
351
296
426
261
382
316
418
316
388
264
349
291
601
328
395
296
421
311
411
246
443
303
353
316
300
180
426
245
344
244
398
313
314
310
413
329
292
311
371
301
433
303
373
301
391
303
372
311
277
308
408
306
249
271
223
301
326
316
500
298
444
303
396
251
406
296
381
304
411
303
257
218
409
239
363
303
384
316
421
296
342
272
354
220
359
260
391
338
427
303
423
313
348
224
418
323
409
291
355
305
313
212
413
308
787
225
333
298
288
296
344
248
288
239
436
301
424
303
331
211
449
251
457
222
371
300
427
288
386
299
389
293
411
304
363
296
333
308
411
325
428
301
431
258
411
221
406
315
456
323
426
293
263
153
426
318
411
290
234
304
438
303
388
321
429
169
287
316
337
306
268
293
424
280
459
215
320
216
421
308
408
296
436
300
445
316
267
300
393
308
446
301
393
212
293
251
390
316
429
298
429
300
378
300
246
305
303
299
429
319
421
314
413
248
286
276
206
303
408
267
416
371
429
328
394
313
458
304
270
321
401
331
215
203
293
293
410
313
268
293
316
217
415
313
361
185
369
297
443
197
300
336
436
308
423
318
267
168
559
303
421
313
250
295
258
319
273
299
325
127
202
306
418
331
383
263
212
306
221
303
258
314
435
313
361
293
303
303
298
309
393
298
265
316
283
199
281
318
244
311
308
296
417
316
466
214
269
157
345
316
451
253
298
308
349
288
419
319
639
310
433
331
396
308
441
323
343
295
428
318
429
311
431
351
413
306
396
260
309
313
643
298
369
291
324
164
349
174
396
331
447
316
451
321
408
293
373
165
419
316
357
309
320
316
429
313
431
293
423
198
441
303
372
205
396
298
310
233
431
298
399
293
274
290
379
264
441
316
398
312
471
317
361
330
438
230
399
238
431
195
401
311
423
308
461
169
491
226
300
220
417
291
444
296
321
308
383
256
399
288
359
313
453
255
445
308
446
198
367
290
406
306
403
304
451
251
424
255
429
211
328
224
399
296
419
293
451
313
353
301
428
294
411
238
382
311
358
281
381
308
378
316
439
321
433
303
421
245
387
296
376
306
344
222
428
303
414
293
364
293
424
310
279
288
393
311
421
309
401
264
435
191
336
316
444
285
365
308
391
252
281
146
459
293
372
149
252
291
423
304
282
311
399
321
341
281
406
320
358
296
377
295
441
316
398
237
471
336
383
295
255
313
375
311
306
318
408
304
434
202
461
301
315
318
433
207
378
319
396
238
370
310
418
308
325
310
411
283
429
260
393
188
431
166
303
226
414
283
537
321
376
305
428
264
582
244
426
308
345
316
423
288
439
230
319
208
439
213
345
262
355
330
473
298
382
258
433
303
407
295
418
308
396
311
428
290
428
260
414
303
401
298
397
334
371
293
444
311
408
293
501
371
361
307
326
296
319
316
457
316
441
309
506
313
354
225
284
235
423
308
466
202
397
308
344
313
403
311
338
308
439
290
326
306
434
298
389
303
454
291
267
153
361
301
664
296
410
323
419
300
346
175
353
306
395
212
340
211
398
243
417
329
321
303
337
242
387
309
386
155
411
321
247
316
352
213
409
289
280
329
431
328
424
300
424
308
334
321
345
227
651
250
677
323
436
197
469
291
424
299
408
313
389
306
413
310
413
304
419
251
249
117
369
301
238
301
423
295
443
330
425
128
443
313
256
299
298
313
339
298
346
300
405
315
353
286
318
333
389
276
348
291
436
257
318
206
384
321
417
293
297
207
340
227
288
283
284
138
448
328
626
309
431
311
247
333
353
303
428
316
313
291
421
313
411
178
559
283
484
315
464
331
431
291
399
296
310
295
303
290
323
239
303
144
375
180
307
177
328
316
310
205
323
268
403
263
300
306
434
331
288
301
217
119
443
318
414
301
441
313
426
288
171
127
383
318
449
325
199
294
346
301
423
309
441
288
313
294
444
331
381
311
313
321
421
316
437
305
329
288
352
249
428
304
243
311
454
248
314
311
358
310
415
219
471
254
296
222
344
303
308
278
323
263
265
227
281
210
333
331
305
303
180
291
333
215
218
221
358
309
426
327
428
321
341
249
374
337
390
295
443
329
423
314
421
233
376
308
427
249
332
316
366
294
223
301
339
326
452
301
353
241
411
311
431
298
328
306
363
303
373
321
343
162
414
291
366
296
438
301
349
308
333
323
344
343
328
163
401
303
311
311
386
289
293
321
451
303
544
345
290
310
324
303
333
301
419
303
301
318
373
246
417
331
431
295
355
296
368
311
347
311
331
205
398
316
281
240
336
196
251
293
451
272
346
310
348
301
415
328
321
291
313
300
427
218
368
293
338
301
288
278
236
331
351
313
267
228
353
300
361
298
366
246
309
178
393
335
393
311
369
190
360
314
321
281
428
301
343
216
416
333
303
308
448
306
310
300
331
245
321
308
383
308
433
308
212
313
644
296
326
209
411
301
308
301
428
288
409
303
174
278
339
246
331
279
301
311
321
311
403
308
255
223
328
198
339
271
344
199
350
304
511
303
384
220
241
303
343
316
406
307
376
305
328
301
389
296
265
313
343
330
347
299
350
325
336
324
416
308
476
313
380
314
444
323
347
304
436
256
358
313
317
306
363
328
448
311
354
259
291
293
381
295
358
310
408
318
345
224
434
316
481
316
401
239
433
296
429
294
368
253
344
314
374
207
323
293
378
301
380
143
387
313
403
301
213
303
346
304
358
308
378
276
436
248
348
311
262
130
391
308
378
296
332
241
441
293
457
251
331
316
275
102
327
276
298
313
386
166
321
313
359
298
431
291
424
268
408
316
423
273
404
308
408
311
441
361
318
235
441
313
471
138
348
240
393
320
233
184
237
313
443
331
366
295
244
326
431
301
211
294
423
316
401
281
394
296
310
299
305
275
436
311
381
303
373
208
443
316
358
288
413
295
391
246
433
290
438
216
295
294
433
316
451
296
177
287
305
291
324
310
321
326
416
301
359
316
433
311
255
156
426
308
381
303
315
296
303
308
306
326
291
194
331
301
436
313
411
291
316
317
406
294
351
301
401
266
371
308
393
238
404
180
436
315
346
315
406
301
281
171
338
328
353
311
394
300
426
170
443
299
269
303
171
300
384
291
214
177
321
308
115
140
437
306
357
281
491
278
385
165
249
314
301
316
290
145
306
331
339
311
358
181
296
316
353
228
280
162
210
314
338
296
318
293
269
303
341
223
391
316
351
329
277
160
373
288
282
301
297
304
321
316
141
171
318
310
425
311
426
303
388
309
351
313
338
128
333
303
345
179
270
198
192
308
245
323
356
308
346
268
274
308
359
318
375
183
393
278
323
318
311
161
461
328
459
303
205
376
370
301
312
251
412
319
298
163
316
291
408
218
431
306
323
304
272
311
271
283
416
331
421
310
434
316
192
283
367
134
451
303
404
323
421
308
160
285
358
256
368
291
389
311
338
311
403
301
196
303
234
108
326
308
424
316
426
293
401
303
391
169
441
310
355
324
378
251
351
301
387
263
346
230
356
291
390
313
373
291
219
162
396
300
351
330
425
124
355
257
281
310
411
308
313
298
437
318
336
316
359
328
341
315
443
316
435
346
308
209
331
237
321
296
444
298
300
182
426
295
231
298
346
293
411
308
363
315
243
299
429
303
205
169
336
309
414
218
391
307
441
300
529
194
415
184
347
253
268
290
353
311
371
291
298
200
303
238
424
196
396
233
295
186
337
221
353
289
223
296
401
321
242
167
391
316
154
293
321
328
313
223
254
306
305
278
376
320
295
317
255
308
331
310
363
298
211
313
358
298
304
300
394
331
329
257
290
301
338
301
308
283
564
301
404
313
329
251
305
309
351
279
366
283
335
315
367
293
215
303
444
296
434
303
305
158
316
216
307
311
349
309
371
315
376
328
296
323
371
313
444
333
408
283
369
261
343
303
316
323
308
303
363
169
423
326
300
301
248
309
355
298
349
288
336
314
354
311
374
261
221
237
404
303
335
303
325
298
418
298
427
321
328
301
334
316
334
308
343
311
346
311
344
233
174
330
336
235
259
301
398
313
348
142
421
304
278
313
326
308
231
316
398
238
287
306
276
331
426
328
282
293
331
219
292
202
421
318
449
298
325
326
366
296
426
207
305
204
341
315
333
301
295
299
341
311
361
256
296
188
338
195
293
299
333
308
240
323
339
248
455
309
413
249
394
316
323
293
278
293
401
309
221
303
245
297
282
293
331
218
441
295
444
321
394
291
361
313
406
301
183
295
172
308
322
237
433
290
348
165
303
165
311
325
451
308
245
313
344
296
217
158
361
311
346
308
361
306
318
298
431
298
331
207
383
331
386
316
385
323
307
319
236
132
352
176
366
318
219
323
304
123
325
243
274
296
388
217
404
296
456
301
358
315
453
429
303
293
421
222
386
286
424
333
401
301
391
173
388
301
411
208
403
298
393
311
330
311
250
303
299
300
381
331
434
295
416
227
196
157
358
313
311
185
337
319
358
241
421
308
566
331
293
281
338
293
326
309
222
298
338
316
388
310
321
338
463
316
341
185
269
303
451
249
296
170
426
261
401
199
419
253
235
301
378
122
278
291
408
295
350
253
433
310
384
309
331
146
400
244
439
224
418
183
426
221
341
214
433
287
428
297
249
304
331
299
361
305
397
281
353
291
286
291
282
296
288
281
486
127
277
334
351
291
433
315
408
249
434
168
479
309
235
306
434
344
446
325
219
176
421
236
424
315
421
305
433
316
358
360
413
290
429
303
343
326
456
122
361
252
413
311
389
291
439
318
386
291
421
321
375
313
390
226
341
256
439
314
413
313
399
233
351
205
406
308
323
283
537
240
338
311
446
323
373
328
416
207
434
316
376
316
383
211
413
239
385
323
448
249
401
311
305
298
348
253
348
308
291
305
451
227
394
301
426
209
453
296
285
227
423
299
376
266
458
313
330
266
353
290
421
249
483
267
426
311
327
197
391
298
419
321
341
293
424
314
213
180
421
303
309
290
399
308
222
147
313
160
425
306
373
310
341
293
388
290
399
300
439
318
324
295
416
255
346
214
357
263
395
301
463
315
386
286
325
304
418
263
371
247
426
303
433
336
401
263
394
235
394
301
429
295
431
309
381
326
351
213
770
321
476
313
336
224
393
263
298
303
459
290
297
288
325
296
319
319
406
306
254
89
396
283
385
324
352
247
441
316
238
136
414
291
331
290
416
313
409
301
399
309
361
308
421
308
381
286
351
225
338
283
333
283
273
298
331
323
311
295
434
294
358
325
376
249
411
295
436
248
301
283
335
203
413
308
346
248
436
225
443
310
258
326
454
293
240
311
288
291
403
237
308
293
418
313
289
283
421
289
433
319
325
300
302
188
431
323
300
180
401
303
421
313
317
298
398
183
441
203
428
328
291
299
401
235
334
328
425
284
186
93
636
320
471
273
429
233
391
306
394
228
458
190
433
328
411
303
391
222
537
301
346
296
332
301
394
168
418
331
377
311
429
168
368
323
409
298
441
313
384
296
441
246
335
215
624
299
426
300
462
311
328
188
433
326
396
183
309
270
264
159
299
303
394
210
426
196
396
296
299
303
266
308
426
318
431
331
396
281
426
281
427
300
291
298
341
205
292
129
346
321
378
293
366
212
370
173
363
319
327
255
239
175
364
295
436
248
431
309
297
306
241
298
409
293
416
296
361
316
391
301
332
164
434
224
410
283
431
306
305
255
426
181
423
273
431
296
264
127
468
316
411
291
280
167
219
311
356
313
411
291
486
348
305
291
439
174
421
313
403
310
230
303
271
290
399
298
537
265
356
305
423
301
409
301
409
267
277
313
388
295
396
297
426
219
433
283
310
283
438
321
343
324
413
225
446
331
340
297
413
323
409
316
429
326
421
313
428
308
381
275
403
320
265
280
351
300
307
291
320
313
426
303
401
216
441
316
423
241
414
293
361
293
448
309
296
304
368
294
361
283
353
321
389
298
271
306
260
220
421
304
326
291
374
300
401
299
398
280
301
187
315
316
443
316
403
314
298
297
474
289
436
311
428
280
468
178
285
171
288
296
398
313
312
288
286
168
314
298
404
331
381
283
330
201
433
295
434
335
421
249
376
218
416
315
347
298
243
122
404
226
384
316
376
222
423
221
241
310
349
293
441
328
451
319
220
127
421
329
383
261
429
216
228
299
413
296
319
149
433
265
599
291
252
329
426
315
242
304
438
296
376
283
459
268
421
308
318
283
339
308
351
316
457
303
332
301
419
291
356
328
653
289
431
293
408
295
257
308
436
283
392
291
389
320
371
274
359
298
366
296
421
301
421
304
403
293
333
133
422
218
374
296
456
318
323
301
356
311
414
316
363
251
405
137
359
215
387
293
405
296
416
291
381
228
289
321
366
212
312
157
445
160
415
216
326
329
385
310
436
311
352
230
409
294
439
318
431
271
356
206
295
321
336
300
341
293
364
304
266
211
371
323
366
308
318
321
424
311
418
328
334
296
406
316
273
306
243
289
327
293
349
316
