449
333
278
274
371
209
301
328
361
340
286
285
273
356
389
331
361
328
340
287
453
341
315
194
381
241
258
329
341
346
218
185
361
328
361
399
170
323
195
200
323
323
341
316
211
181
363
313
287
306
331
343
361
341
268
333
275
313
222
321
180
308
351
323
160
317
348
316
224
278
361
333
148
177
176
331
356
333
293
324
224
306
344
331
321
268
366
315
276
326
151
336
259
222
391
210
281
328
276
336
408
348
181
336
250
318
319
217
371
194
263
326
281
269
396
328
358
328
298
371
283
200
289
326
294
263
271
313
334
188
208
143
132
141
281
147
341
325
251
323
278
303
403
333
304
311
264
316
259
231
390
329
249
241
499
241
300
321
366
324
233
341
206
331
326
195
283
321
378
331
273
326
196
327
343
316
268
331
217
326
253
323
296
204
183
318
222
341
379
306
291
326
434
235
306
261
363
333
172
316
223
319
484
314
340
318
351
338
267
221
425
324
296
239
332
318
368
314
162
303
369
329
366
323
281
283
371
353
217
208
265
250
343
328
267
316
301
321
378
195
371
321
476
331
265
318
356
291
318
333
291
217
283
303
243
324
166
188
283
306
266
321
380
331
293
331
370
157
286
276
134
173
284
226
361
351
283
187
303
202
276
321
259
208
263
225
371
285
206
323
281
323
209
306
459
183
388
328
431
336
231
326
283
248
240
191
198
321
208
318
280
212
541
303
270
193
308
318
133
311
283
316
285
231
254
316
285
327
219
328
159
178
156
183
355
325
184
131
249
219
331
331
321
323
360
138
443
343
333
328
363
303
160
325
268
308
301
321
326
174
220
228
349
330
256
333
328
326
339
340
251
365
220
227
398
276
376
324
192
237
393
319
311
331
373
331
366
323
199
193
337
328
421
324
245
318
311
333
348
323
333
306
281
324
286
283
296
318
306
328
323
215
108
133
351
308
340
315
219
326
275
343
273
324
356
316
303
278
266
328
444
318
379
311
280
326
291
319
241
319
359
325
268
313
376
333
293
334
318
247
421
316
211
291
264
328
269
333
311
311
401
333
355
338
441
230
278
355
268
351
288
333
278
329
266
331
175
324
448
329
216
333
155
325
275
206
245
330
375
333
222
254
277
315
270
242
278
304
280
343
273
323
165
230
240
189
261
310
369
240
190
138
296
328
228
341
319
326
157
304
295
329
252
328
248
321
331
331
216
200
212
205
308
311
162
331
249
318
369
331
281
343
368
178
419
313
368
320
333
329
273
313
268
333
266
222
346
323
310
315
341
283
303
289
389
320
155
346
238
318
280
324
250
323
360
348
189
185
257
246
249
308
233
313
274
333
308
321
171
235
341
263
205
214
349
316
379
344
286
321
341
241
250
333
315
325
326
313
359
339
346
334
204
320
353
246
435
323
349
316
443
329
315
316
264
326
257
290
302
318
359
336
248
331
273
318
324
321
239
288
212
257
303
209
376
270
373
196
325
326
278
188
381
202
213
331
345
336
404
326
160
301
366
281
338
318
229
318
265
253
251
141
244
326
237
326
423
333
242
142
263
318
346
305
270
323
371
333
532
321
281
334
283
326
285
190
305
316
363
316
443
313
210
328
321
311
280
184
479
316
451
313
382
306
257
178
279
341
375
325
403
278
421
345
210
316
413
376
212
303
268
336
273
333
345
301
338
361
358
346
308
325
260
182
321
330
276
333
361
179
351
298
159
316
293
323
183
325
309
232
274
198
351
195
554
205
287
318
351
344
243
334
295
323
313
330
350
323
270
303
201
290
464
313
449
303
382
259
403
341
448
310
207
228
276
336
644
305
263
330
227
315
235
324
369
313
353
323
434
311
262
331
461
231
265
331
406
329
444
310
174
321
161
319
273
313
297
270
128
318
248
331
163
323
320
258
323
118
346
321
360
333
333
277
155
341
191
250
467
323
171
328
448
306
294
222
303
199
115
293
373
326
383
336
333
319
310
209
431
343
298
326
273
216
371
316
524
311
240
298
353
323
268
329
298
331
428
329
339
356
358
339
268
313
248
319
251
99
243
311
312
323
369
346
366
316
328
256
246
334
316
328
387
343
421
343
348
207
426
250
378
264
363
331
198
329
197
331
358
328
231
154
421
326
373
286
253
313
378
321
222
333
370
273
431
323
160
326
436
319
252
268
265
326
192
121
279
287
358
341
464
258
316
255
293
331
215
185
212
184
218
273
186
318
311
313
373
306
221
320
361
331
150
349
426
276
356
331
448
341
213
326
378
156
306
301
336
348
454
328
286
317
426
242
381
288
260
331
194
208
279
321
364
318
540
150
296
187
369
218
441
306
348
343
331
326
371
321
247
321
163
202
343
330
274
315
197
320
315
246
316
305
435
228
361
315
222
253
336
301
361
323
353
323
366
326
281
336
295
343
353
281
429
318
196
265
281
267
283
343
408
325
451
268
368
239
367
361
293
325
332
274
454
309
449
323
328
313
391
323
136
316
354
271
355
336
474
326
429
223
391
328
371
318
273
318
304
331
398
320
338
318
316
318
363
273
348
308
331
266
357
244
242
306
185
323
218
173
269
331
328
319
399
177
401
356
336
331
341
341
433
316
424
340
356
303
318
303
298
336
456
331
272
288
531
323
576
323
384
331
344
274
278
341
357
314
334
330
415
316
207
305
368
331
336
313
363
212
332
273
414
329
404
318
283
243
461
331
344
313
422
299
261
331
286
306
376
313
219
321
317
328
416
333
350
331
332
317
437
328
304
305
239
316
421
336
207
206
371
318
343
321
174
318
592
313
241
318
443
318
456
229
361
318
427
338
393
316
434
233
426
243
401
315
305
318
351
346
374
348
311
350
389
248
358
341
446
331
674
246
304
334
313
323
446
323
434
330
379
328
321
338
453
306
413
321
435
324
363
336
341
318
395
319
398
232
284
328
367
271
441
316
421
167
447
212
263
325
341
333
443
344
286
180
341
324
411
260
424
331
414
321
287
317
389
314
456
271
423
316
413
316
431
320
383
318
330
331
707
331
293
328
329
303
414
314
335
320
286
324
431
316
281
323
369
296
436
316
425
291
349
316
355
333
451
143
380
275
331
333
255
306
421
331
426
328
329
248
346
289
207
321
378
336
350
254
340
343
436
193
338
305
318
323
205
324
389
278
265
336
631
343
549
189
246
336
333
366
256
334
428
313
286
329
393
329
303
341
329
331
331
331
283
306
359
326
288
300
251
306
358
310
438
331
346
341
438
325
444
333
411
319
338
316
354
274
431
313
392
324
363
354
418
263
434
320
441
321
268
331
261
165
466
316
338
328
439
162
454
260
317
330
431
207
459
333
433
331
361
323
393
285
421
259
331
313
405
306
426
336
449
323
434
300
299
315
453
343
316
331
293
318
351
319
367
329
366
341
373
333
376
328
257
326
224
313
426
348
374
333
424
328
338
331
368
326
376
305
426
319
451
336
449
325
321
263
328
306
354
316
361
326
365
316
331
343
328
302
456
341
461
328
284
335
368
335
262
189
607
341
287
234
428
318
418
326
401
238
279
165
245
155
371
318
373
336
429
319
327
146
447
273
404
334
333
266
456
230
403
286
461
326
481
323
423
226
449
244
366
240
376
341
257
306
469
213
374
323
398
323
448
310
473
323
375
281
348
349
341
303
439
331
444
303
369
241
466
321
366
324
418
306
351
333
410
303
348
340
371
302
415
331
394
326
348
329
382
261
431
303
337
247
435
321
447
316
348
330
316
318
424
328
428
340
461
323
334
330
381
325
448
319
466
331
411
244
323
313
436
330
418
210
441
313
361
230
339
321
359
331
346
313
368
318
397
279
357
333
349
318
285
181
449
316
417
341
461
321
423
321
245
123
428
291
355
336
394
326
694
319
416
329
360
262
308
341
439
316
435
351
262
134
411
329
356
211
416
331
370
344
411
321
448
246
352
186
439
242
421
334
359
316
313
316
344
321
343
328
428
323
368
218
449
331
246
286
451
338
389
231
366
240
345
175
405
331
269
197
449
276
441
252
429
297
421
272
385
306
437
326
275
313
316
180
293
190
376
321
361
308
375
318
434
331
414
333
682
187
446
341
408
330
403
321
443
273
431
329
454
319
571
138
446
318
547
306
374
356
484
319
384
274
363
323
369
331
323
316
326
211
448
315
441
343
381
331
387
261
447
330
414
326
436
326
373
341
336
324
310
325
679
331
882
324
358
316
439
346
375
318
451
328
356
340
248
333
351
328
251
325
321
297
366
313
272
285
358
328
211
323
444
271
243
324
365
260
368
329
209
323
377
242
251
139
351
334
251
331
309
269
336
318
308
311
319
333
258
315
340
173
338
240
334
328
370
233
441
283
355
326
323
318
398
334
431
330
407
243
479
141
266
148
261
365
373
306
325
316
373
316
331
230
376
310
301
315
441
316
443
195
263
164
287
338
169
170
436
266
407
320
381
321
300
331
436
328
626
340
421
334
363
220
453
334
371
329
264
239
391
160
336
341
324
321
393
326
250
206
349
261
368
329
459
141
338
315
295
313
438
252
185
140
258
330
461
346
381
315
348
321
295
265
363
290
712
266
368
290
423
323
421
283
438
331
443
331
271
318
217
331
344
368
147
303
258
323
353
315
389
343
370
321
436
331
279
260
310
277
376
323
358
321
350
339
363
270
441
303
373
333
334
253
321
303
404
308
324
341
328
288
361
326
210
152
355
249
386
253
465
197
459
326
396
261
406
323
318
303
323
334
409
316
481
321
436
318
376
333
222
334
338
174
403
175
514
245
373
318
285
244
467
323
364
323
398
321
374
316
421
336
471
318
431
325
344
346
252
343
300
306
373
313
419
366
375
326
374
335
349
323
368
316
316
355
381
336
344
346
288
340
348
323
346
250
277
268
403
198
248
301
353
213
358
316
344
296
304
319
336
341
296
325
363
349
408
336
343
271
157
210
260
189
361
341
359
325
361
218
454
252
446
303
434
171
393
331
333
328
374
348
473
257
398
183
396
182
261
313
356
323
353
354
469
328
439
341
411
326
361
323
278
250
418
228
363
339
301
324
333
188
343
305
335
336
294
329
240
321
322
316
383
326
476
333
368
326
268
339
361
316
401
341
471
222
326
188
283
326
343
323
395
231
356
379
441
331
366
336
336
308
415
174
336
287
220
316
346
334
366
351
210
336
424
331
286
321
404
323
434
315
335
333
408
308
376
331
459
348
274
329
469
323
344
346
451
331
235
284
349
331
295
190
292
319
327
328
361
319
236
131
469
333
461
306
367
274
669
326
386
331
300
328
275
336
175
137
371
315
393
313
345
341
261
318
474
246
451
331
429
302
356
343
406
334
411
318
342
270
338
316
433
200
376
315
263
349
461
321
223
328
293
285
368
341
379
330
381
336
426
258
343
258
343
319
431
336
443
265
399
310
453
316
411
295
426
326
276
323
373
283
451
315
361
328
363
263
339
246
399
326
271
326
401
330
368
319
354
369
426
323
360
314
375
317
357
295
179
215
338
330
359
329
461
310
369
274
451
321
237
326
419
288
471
331
386
328
416
189
684
326
375
331
356
251
459
318
371
183
358
343
307
328
376
330
433
169
291
331
413
157
333
330
370
337
275
261
373
319
431
281
367
137
348
175
301
341
343
252
348
283
354
338
453
326
361
343
321
206
441
189
359
336
474
318
232
311
396
271
250
323
436
315
224
221
260
336
411
319
291
311
316
336
259
280
396
328
351
314
346
336
328
319
353
311
243
326
359
328
316
323
309
316
411
283
373
330
398
323
381
186
444
172
121
278
144
328
351
321
449
328
423
259
273
326
236
181
386
316
459
336
284
343
310
167
368
318
454
327
451
313
344
265
222
338
454
268
218
262
343
306
266
321
309
319
353
305
421
280
373
318
359
331
353
260
426
305
445
343
381
325
246
318
173
330
435
318
341
316
461
321
363
317
416
203
371
208
451
192
444
303
341
340
370
272
591
274
293
188
233
314
577
307
416
323
436
311
347
313
448
286
226
316
356
328
461
329
438
329
365
318
441
343
366
329
247
308
451
323
351
306
344
334
213
211
478
323
395
316
456
318
411
132
353
323
321
335
279
195
243
324
341
245
456
341
586
242
401
321
353
341
363
326
428
341
455
333
365
338
452
331
742
331
458
141
381
321
404
324
389
306
389
254
462
163
433
176
589
338
310
317
358
166
428
333
366
329
369
325
313
330
398
315
321
211
299
259
533
146
313
315
426
348
428
320
401
333
356
334
356
343
404
315
338
341
371
333
351
229
364
327
363
333
282
324
365
321
309
335
353
325
305
324
386
310
340
310
317
345
198
145
366
321
183
283
640
343
386
211
349
245
353
194
358
285
447
305
298
306
413
331
326
277
363
272
424
260
203
333
428
338
361
323
346
243
343
341
449
343
328
319
288
306
319
320
246
244
358
334
367
323
383
344
368
344
353
319
364
318
284
201
396
323
282
189
369
330
341
317
391
325
268
186
193
122
396
330
421
306
247
315
341
315
359
310
431
305
373
324
343
315
255
331
393
306
359
341
351
333
291
134
331
303
434
333
272
305
436
341
348
144
366
256
408
336
303
320
343
313
230
328
463
269
168
330
321
330
364
326
350
164
368
319
348
243
225
343
307
177
371
303
348
328
306
319
423
294
359
318
345
318
371
334
120
336
413
316
443
331
196
139
239
324
379
295
416
331
323
316
446
316
431
344
457
256
383
333
229
195
298
321
345
253
436
333
377
313
431
350
445
281
261
306
374
323
189
331
335
210
345
247
261
306
356
326
344
331
282
337
271
333
439
321
256
341
371
149
444
241
290
313
439
324
385
306
379
314
291
313
453
336
321
321
273
335
222
335
386
259
383
331
405
241
276
316
397
343
220
291
361
330
321
333
289
340
347
324
351
328
346
331
378
299
506
330
258
330
349
315
398
273
441
319
329
344
290
346
363
321
343
266
396
318
415
316
459
344
291
328
321
323
222
323
365
321
355
328
371
318
521
328
404
326
434
333
363
329
301
323
378
326
427
333
181
150
329
321
283
321
443
253
428
320
323
334
371
316
705
212
356
276
368
259
333
330
154
311
411
346
311
262
246
318
203
316
431
214
446
329
371
324
341
318
431
341
347
343
444
319
412
243
487
315
333
202
526
327
389
313
439
304
449
230
279
331
351
133
335
331
428
305
372
333
431
328
517
346
376
324
446
333
376
343
281
255
295
308
366
315
351
331
461
321
361
248
321
324
377
264
356
316
631
331
424
170
351
316
333
176
374
326
434
181
388
328
246
341
337
326
398
273
306
333
454
331
471
335
417
341
354
343
471
326
428
321
502
328
319
325
322
242
411
316
367
343
461
328
345
316
334
141
341
223
421
315
451
333
451
321
455
331
426
331
634
308
220
319
298
349
429
316
298
313
426
329
431
263
321
253
276
273
335
314
342
341
399
316
454
313
339
329
433
317
426
331
431
316
399
323
394
314
307
330
378
328
468
316
371
323
383
331
431
331
248
320
253
115
393
341
336
100
351
323
461
318
361
331
338
308
499
314
438
316
371
265
361
316
264
325
326
191
288
319
339
328
341
313
290
329
437
169
345
323
361
290
464
334
375
321
285
314
421
339
391
250
269
311
308
245
352
313
425
313
194
316
290
315
269
325
318
331
433
326
438
321
386
319
392
316
363
333
351
184
436
313
228
336
446
321
376
334
387
311
299
333
351
356
356
301
436
331
343
343
383
321
360
243
310
330
411
336
348
197
466
346
355
263
416
305
430
318
368
129
351
305
359
276
454
330
328
310
257
262
270
279
466
197
383
313
448
181
265
324
441
313
441
326
338
298
439
280
411
331
458
252
421
289
662
343
428
333
368
228
406
346
433
330
443
315
309
321
459
304
384
318
339
325
441
320
434
321
453
166
384
331
549
259
443
320
360
316
330
326
404
324
446
336
428
249
304
341
382
330
448
339
441
341
258
195
401
315
406
324
359
143
436
324
454
210
333
336
396
296
394
248
443
323
429
328
366
333
389
323
455
216
429
341
448
306
405
237
421
286
441
328
445
283
363
277
378
333
426
333
408
323
303
197
414
306
289
193
428
329
333
291
436
316
251
136
349
330
369
296
401
313
250
333
387
267
646
351
431
308
416
316
458
243
371
330
376
329
233
316
436
289
301
278
267
127
436
323
240
318
444
340
261
128
446
361
343
263
397
331
442
231
317
308
429
336
429
134
361
275
387
318
214
278
298
333
408
331
386
320
391
313
255
111
404
335
331
324
454
310
293
316
411
298
392
285
399
313
370
334
385
257
245
328
426
325
413
316
409
321
338
331
426
331
403
343
300
328
419
334
332
316
433
136
407
274
401
324
401
172
282
333
339
351
367
343
431
331
242
318
401
299
403
333
252
316
426
318
391
317
297
293
247
144
466
341
459
328
399
298
436
328
348
273
371
314
387
318
416
301
383
343
376
311
429
339
559
309
434
135
419
323
381
318
343
306
393
314
296
328
374
329
401
178
429
315
353
251
421
331
534
281
418
333
418
326
348
318
247
334
366
318
426
319
406
411
428
343
348
329
340
323
456
343
347
324
389
319
424
141
583
271
396
316
421
285
346
318
411
263
299
328
554
316
404
280
426
250
424
318
471
241
272
195
429
314
351
317
372
175
390
314
294
144
433
314
391
321
411
180
461
318
361
341
242
331
418
396
411
316
428
226
397
285
359
326
298
170
431
341
418
318
294
293
408
326
328
246
418
336
461
325
424
266
434
320
380
267
403
326
425
333
439
303
436
324
416
333
426
318
283
334
374
274
455
329
341
320
426
283
371
256
431
331
366
333
383
335
408
328
415
318
361
303
313
279
315
318
309
187
365
273
441
170
441
308
262
130
276
180
471
328
336
135
401
324
423
331
431
331
366
321
366
325
276
234
263
338
361
188
453
329
357
318
414
269
279
326
309
333
431
202
319
179
428
324
187
267
458
141
344
341
429
328
185
293
430
339
731
290
371
333
263
318
668
328
378
237
348
313
423
343
444
280
429
326
188
326
436
315
328
306
449
318
296
293
290
318
