194
335
423
338
288
279
273
386
176
383
288
291
331
384
375
383
338
258
378
336
331
374
278
331
263
355
424
249
243
153
384
323
296
378
311
341
373
386
276
280
478
375
376
194
384
199
416
293
374
254
366
331
381
327
166
344
220
329
374
361
293
266
201
376
298
306
394
252
361
340
366
349
361
378
184
338
419
359
449
374
240
389
366
326
313
343
254
378
403
378
281
212
293
341
367
373
258
343
473
236
333
388
358
341
316
216
286
276
361
274
364
350
423
384
403
373
383
344
368
320
406
283
379
371
394
261
361
130
413
376
281
366
398
133
398
183
425
373
301
368
249
348
365
225
361
219
237
354
386
371
649
325
245
338
304
384
298
323
326
251
222
246
201
144
305
202
378
256
384
356
331
338
217
334
398
264
381
331
317
385
376
331
326
343
446
341
289
346
483
391
323
138
444
349
225
374
288
339
431
338
423
349
419
378
271
226
387
356
368
328
294
376
192
175
377
378
254
371
336
376
284
138
326
324
300
326
318
341
250
338
361
350
183
229
345
369
301
331
308
359
364
393
197
354
407
389
306
341
257
384
305
226
374
383
231
333
436
329
214
276
438
408
177
381
421
348
358
406
339
378
287
291
303
353
243
368
305
378
320
356
313
257
288
262
277
234
249
369
325
361
279
368
333
374
368
340
235
226
261
373
411
143
411
368
356
376
348
336
371
328
381
359
298
376
235
210
393
376
273
373
456
331
366
324
304
348
384
336
376
348
230
371
441
371
366
161
439
288
389
338
397
378
506
368
391
237
365
346
376
325
172
371
429
338
439
271
375
336
411
258
301
353
459
339
467
325
361
371
398
381
396
353
371
303
398
371
306
369
298
247
326
358
321
262
381
144
267
326
257
345
349
383
293
341
463
177
413
366
378
341
283
351
233
237
434
310
418
376
278
354
438
293
433
353
453
389
403
353
326
346
244
280
301
170
384
371
293
370
423
376
328
383
303
356
366
353
366
343
325
371
293
379
285
211
302
325
229
248
511
369
285
316
399
336
300
363
348
361
366
279
242
371
435
320
429
366
386
343
341
378
428
376
363
346
321
324
243
205
370
371
298
374
377
386
336
374
406
182
200
215
261
316
293
353
300
327
391
379
370
326
383
330
318
262
409
313
229
289
348
371
245
225
295
384
336
403
303
336
384
343
415
371
371
321
285
177
519
369
378
388
381
285
373
331
321
343
375
324
361
381
307
313
403
213
233
320
301
354
396
368
288
329
457
370
320
379
126
335
391
371
311
336
383
346
314
328
351
343
361
338
308
279
301
381
422
371
335
354
303
255
213
391
549
353
246
373
379
353
394
361
411
269
349
261
301
227
584
255
641
386
321
338
331
263
376
215
301
336
428
388
303
321
178
339
443
383
326
376
367
311
283
335
393
341
359
331
313
343
388
376
353
358
268
139
210
273
346
371
301
281
359
255
194
220
295
142
399
275
273
333
318
375
409
381
449
327
296
255
376
371
386
219
484
208
461
381
379
330
251
378
243
138
272
133
423
286
418
334
154
326
352
371
363
338
318
354
323
318
414
324
368
326
343
358
132
381
260
394
609
196
401
339
263
284
398
376
261
298
334
348
358
340
438
384
306
245
343
347
301
373
167
368
376
283
328
309
374
257
394
377
394
326
293
246
363
383
381
353
388
321
325
399
476
327
329
366
270
353
325
368
246
340
341
270
386
325
333
353
306
183
197
339
287
256
468
203
357
370
401
336
373
356
189
359
293
370
303
396
320
379
169
377
296
321
305
376
133
278
356
341
386
212
301
383
443
286
337
366
284
389
458
386
315
331
371
366
306
293
323
373
370
371
321
391
328
325
429
283
416
374
132
358
441
281
323
368
393
337
491
325
209
282
399
323
334
192
186
131
335
351
468
334
341
287
275
353
399
368
311
293
283
275
267
227
276
368
250
177
376
383
396
325
406
371
497
338
381
358
234
388
168
338
306
384
366
293
136
146
272
297
210
156
310
231
343
358
301
336
276
343
278
335
280
246
355
376
395
329
317
249
386
330
403
328
401
341
386
373
291
371
309
336
122
179
271
325
408
381
291
351
313
289
419
383
433
374
453
367
301
371
343
368
301
339
335
309
339
361
219
155
283
333
347
371
341
217
395
331
363
346
320
323
516
358
349
353
388
325
387
218
471
341
391
350
394
241
309
361
331
381
371
326
367
349
436
380
232
346
315
328
276
373
376
313
404
341
278
273
388
328
204
113
161
289
447
230
226
326
464
406
501
326
418
384
282
202
418
356
341
374
308
373
298
235
216
339
367
389
438
358
410
404
491
269
330
333
396
336
589
343
281
378
381
343
449
359
343
381
435
273
309
303
466
371
276
246
391
192
361
326
396
366
374
353
301
345
388
333
388
394
434
331
454
331
401
394
429
383
587
369
488
370
418
369
481
379
135
326
436
386
481
368
581
334
303
348
306
201
462
325
403
374
405
391
667
340
424
323
406
288
474
351
290
327
404
323
239
378
388
321
332
338
303
326
291
338
328
383
471
376
288
283
336
385
421
367
296
391
238
408
666
341
386
368
385
371
403
378
213
373
340
369
403
373
390
370
469
318
341
281
383
331
489
384
486
266
384
369
449
386
422
371
268
355
273
378
491
384
423
257
364
313
378
383
431
291
456
326
342
281
355
378
400
339
383
340
471
358
441
321
469
340
335
386
395
326
431
348
370
325
343
351
413
386
461
381
461
383
391
386
393
353
436
190
346
335
461
287
421
371
451
376
481
366
435
376
471
341
411
285
468
353
351
341
401
370
451
353
502
338
343
286
444
337
391
364
186
383
458
321
312
374
280
384
699
339
370
334
443
237
466
297
348
353
481
369
526
389
293
175
411
341
406
384
449
381
493
386
451
344
389
354
326
224
436
296
477
251
333
268
443
271
496
378
381
346
451
343
436
326
517
374
254
386
419
335
514
296
471
286
444
208
384
338
441
275
408
378
291
328
281
374
411
273
335
270
366
164
437
368
458
351
393
354
288
383
302
249
319
344
467
340
295
333
486
383
449
328
418
326
368
358
461
341
308
321
326
386
163
171
496
378
334
383
319
346
369
335
484
331
411
373
479
396
405
361
383
338
482
370
267
331
285
344
359
367
314
325
316
333
299
336
438
279
259
348
373
376
270
231
224
371
368
334
429
252
321
404
341
383
318
361
424
373
304
338
389
338
396
358
436
376
430
383
381
374
449
351
593
326
398
368
414
386
467
389
499
356
499
165
279
386
469
349
361
185
395
331
358
346
494
366
527
376
356
378
396
181
489
310
461
346
448
384
496
359
438
368
478
371
322
343
469
346
376
376
262
167
337
264
456
333
395
316
361
341
458
389
366
354
319
310
356
323
494
363
507
386
321
187
453
248
461
371
368
369
498
384
304
363
374
371
471
388
451
378
475
299
411
335
363
336
476
381
321
341
513
376
451
251
334
320
355
351
490
360
387
312
373
326
443
338
394
286
293
342
333
368
501
369
469
251
461
386
454
224
383
339
238
147
249
136
506
368
368
305
383
346
413
216
459
271
444
383
383
401
454
268
451
323
451
343
383
338
425
326
361
383
455
375
403
361
258
213
389
387
481
373
481
346
371
360
363
376
453
343
447
247
371
338
441
399
351
376
470
327
459
386
469
335
554
349
461
178
394
385
516
390
654
353
413
370
444
300
396
378
262
312
444
335
342
328
282
308
499
311
491
368
453
371
459
336
501
384
304
259
316
389
483
338
719
371
420
401
447
383
383
294
456
371
463
331
376
335
459
286
385
378
429
329
481
339
423
283
374
323
491
383
449
351
469
335
446
339
484
338
446
345
394
331
431
144
361
395
258
141
721
369
451
358
433
337
378
381
323
373
439
338
463
351
270
150
407
338
344
234
374
353
451
383
378
186
458
336
378
359
395
411
456
371
287
341
429
365
348
260
474
291
423
183
335
359
444
294
185
237
376
378
376
323
383
376
443
366
414
260
451
356
369
245
493
291
384
331
461
358
373
276
441
399
300
196
434
374
397
373
364
333
273
310
461
328
379
340
632
358
479
371
506
251
356
371
497
373
379
399
475
316
481
179
458
351
371
202
352
338
458
376
436
366
401
384
448
337
374
329
250
336
395
331
350
255
354
401
482
154
372
323
409
396
401
336
348
240
421
393
360
314
515
371
404
346
458
371
272
378
454
378
471
254
368
385
345
383
348
377
336
351
373
336
341
210
336
376
350
355
443
383
421
326
423
330
336
383
458
358
363
383
463
350
297
253
360
143
458
386
206
151
477
341
353
252
461
341
253
373
313
368
485
193
236
369
509
278
478
373
401
331
444
371
229
169
392
318
441
210
219
200
225
131
231
148
459
333
371
377
283
341
464
371
398
333
372
272
296
328
431
271
390
383
299
335
299
371
612
340
391
335
408
331
416
272
378
338
472
351
493
381
296
386
419
384
406
336
484
211
349
391
241
204
363
340
406
341
375
311
693
360
419
378
393
284
436
361
363
330
538
262
481
385
469
333
285
323
283
376
280
169
267
175
340
378
336
240
396
358
331
368
416
333
300
276
346
371
409
371
319
374
451
381
290
371
409
370
486
371
631
341
511
378
443
351
377
300
364
303
396
386
364
346
361
361
344
364
456
269
367
360
408
374
394
293
447
351
639
293
376
355
408
323
486
345
378
411
330
375
375
345
306
343
303
338
664
346
455
361
376
301
301
339
479
383
371
325
365
376
271
228
322
261
323
343
474
368
364
354
429
386
533
288
443
344
499
281
459
336
396
381
466
339
459
353
286
218
373
339
273
355
313
289
297
238
378
368
346
358
323
323
496
331
361
378
364
351
368
354
328
341
326
351
371
331
301
177
325
321
471
368
264
381
368
333
386
368
353
349
328
366
443
323
476
326
396
383
364
304
401
218
451
326
418
212
269
295
381
378
368
281
443
316
509
383
385
287
492
401
182
353
408
338
365
324
416
199
242
353
397
351
446
370
476
314
240
204
421
371
355
378
416
213
349
383
409
323
411
371
431
336
337
192
403
386
285
328
389
370
469
314
307
314
380
381
433
330
324
378
417
325
406
386
491
290
376
371
358
299
356
393
420
284
403
273
463
343
304
276
439
366
315
321
363
177
366
383
370
336
473
386
328
383
471
331
456
250
356
272
501
328
461
368
376
346
334
361
396
336
441
327
389
331
341
326
310
237
421
325
368
295
364
359
476
311
306
338
448
327
380
291
519
295
288
336
398
248
486
389
386
273
364
339
393
343
383
350
274
333
486
356
373
375
391
331
403
309
387
324
474
373
471
371
395
379
451
339
489
339
270
267
351
268
425
320
419
379
471
333
398
353
443
285
446
391
424
324
381
371
397
377
366
326
467
321
456
353
380
368
474
286
411
373
329
366
443
324
424
314
361
294
274
311
468
323
421
325
427
393
446
323
336
281
368
311
401
313
471
373
425
343
679
379
504
368
511
359
368
343
411
259
308
345
461
368
375
339
299
346
308
271
323
291
429
251
452
351
478
371
301
325
464
369
297
227
376
250
484
354
374
334
404
346
329
353
389
383
446
305
323
323
464
183
338
282
499
297
356
343
403
371
388
328
322
367
378
373
359
378
413
351
411
373
368
331
411
373
426
376
209
273
277
296
386
344
479
366
252
313
287
338
373
336
418
373
468
341
361
296
359
273
289
326
363
323
411
373
431
336
300
351
363
376
484
335
371
325
337
308
446
371
327
343
413
248
492
368
428
371
210
384
448
354
310
334
304
138
446
323
369
134
419
394
368
368
394
331
385
370
325
320
342
386
290
351
333
298
359
398
408
358
388
348
371
338
386
340
395
336
381
339
264
366
400
304
269
371
427
222
383
142
131
157
414
371
451
324
422
386
488
325
405
245
406
323
321
349
413
348
359
263
404
377
654
306
451
341
448
228
414
326
431
386
323
266
311
333
471
366
300
343
483
386
360
221
450
349
215
368
346
339
376
371
366
291
464
341
361
283
350
283
188
153
468
326
517
370
427
311
391
358
383
328
278
186
672
389
189
155
343
383
512
364
397
356
491
371
359
338
416
375
369
370
388
386
486
371
406
383
369
328
309
201
399
331
314
338
491
274
350
371
300
369
384
323
398
295
393
316
539
194
388
323
464
324
296
378
421
385
449
261
361
346
418
325
479
366
386
270
454
384
406
329
371
374
461
333
388
147
320
140
424
387
354
361
210
174
381
384
361
279
386
373
302
358
494
365
469
343
531
401
408
374
415
301
401
359
359
313
450
366
424
384
366
344
246
301
369
341
223
386
381
267
381
220
396
313
369
329
279
261
441
344
293
359
247
193
375
354
471
371
386
398
428
338
197
143
426
221
311
287
321
356
285
341
374
348
396
340
458
354
306
350
243
323
318
211
406
296
371
353
164
219
393
295
286
301
269
139
299
376
366
313
371
376
428
339
333
250
337
331
374
323
476
303
325
323
192
180
388
361
687
186
349
256
262
215
456
344
325
386
404
211
419
378
443
323
286
213
384
358
369
205
329
391
391
350
419
288
316
351
262
157
306
341
413
285
402
265
454
339
473
365
438
326
385
385
368
343
398
376
511
183
408
325
312
375
396
312
283
358
391
189
321
381
459
331
384
276
371
272
371
321
358
333
323
348
489
132
363
339
266
271
405
339
491
338
264
324
369
361
351
366
501
386
390
350
222
287
421
389
419
200
293
368
676
323
364
355
398
251
371
398
283
325
303
369
379
293
358
326
202
378
469
349
421
344
386
373
403
361
385
371
381
170
473
326
316
361
307
308
223
164
391
344
386
373
383
261
348
269
506
341
363
338
333
371
546
258
404
346
218
338
367
341
403
338
344
336
326
223
381
370
387
298
474
403
365
378
361
371
405
387
474
272
428
341
331
326
379
356
385
393
461
343
451
329
292
313
361
369
394
338
406
164
453
379
441
320
494
354
346
246
460
369
415
336
391
376
699
353
398
371
409
371
239
188
363
281
463
375
446
363
399
370
372
198
340
376
378
335
321
371
446
329
405
371
364
258
386
386
575
368
445
328
268
321
479
376
461
275
373
361
249
331
290
189
259
378
301
326
359
326
116
371
398
388
459
366
471
385
484
303
511
376
451
326
361
281
328
371
326
273
438
217
389
336
338
384
507
333
473
336
473
358
316
336
247
275
201
261
266
192
732
9276
426
381
341
201
509
384
471
331
464
386
779
366
234
185
424
324
419
309
454
338
401
334
421
378
378
346
388
341
321
202
381
247
383
366
537
383
285
333
464
374
423
341
466
308
506
384
381
351
483
368
399
368
468
290
441
351
437
288
361
376
501
354
280
399
401
274
337
293
441
371
261
338
599
379
424
329
428
368
381
339
298
336
506
370
420
368
183
311
252
128
646
341
391
225
521
369
184
280
192
287
443
351
444
328
309
324
684
215
465
355
437
239
616
371
466
335
448
353
401
373
303
188
397
338
337
283
439
366
185
343
449
156
401
371
468
371
256
351
461
313
416
341
346
359
436
266
461
230
619
340
366
331
347
378
471
293
312
187
454
336
521
303
421
355
459
128
406
313
584
339
476
274
436
344
539
371
318
330
559
343
483
381
456
335
410
232
463
338
325
361
398
184
501
122
172
328
486
383
392
331
489
343
302
333
523
162
506
324
447
341
454
339
452
160
425
369
472
331
439
389
454
326
393
274
347
275
679
321
424
341
406
333
424
376
424
323
479
259
17047
316
282
338
356
351
381
351
388
340
486
157
317
255
635
251
405
369
466
321
334
230
421
368
398
376
329
366
316
364
457
313
448
383
409
328
511
215
446
391
771
316
333
323
336
336
504
384
414
376
388
250
514
338
404
378
491
366
309
253
291
328
456
369
378
341
458
233
371
310
407
386
416
303
270
334
439
317
459
356
463
210
349
313
355
385
393
338
451
343
491
365
369
338
434
341
521
365
479
321
306
333
248
330
466
341
431
348
458
328
415
252
625
195
441
326
466
325
444
358
413
336
368
389
398
339
384
297
428
275
331
358
459
331
436
268
446
371
319
334
366
307
292
189
474
258
494
371
265
325
308
237
366
361
454
376
359
337
497
388
263
366
373
366
395
346
408
341
481
386
463
313
444
341
385
229
437
326
441
338
120
175
425
222
283
333
273
339
461
143
260
370
351
350
371
371
479
279
368
370
469
303
481
315
411
248
474
389
441
333
471
351
301
326
449
346
459
328
338
384
257
241
423
383
388
359
276
383
393
263
468
279
449
341
361
346
403
249
431
321
486
366
261
339
243
164
457
381
233
321
373
376
376
385
420
338
491
265
434
370
461
339
395
313
207
119
258
232
393
281
361
243
404
396
469
297
428
371
391
385
434
163
315
306
371
326
381
378
416
335
259
375
405
257
195
156
413
383
481
419
466
336
385
315
451
339
237
316
433
231
473
365
495
379
337
386
421
315
241
309
392
293
393
323
321
348
527
369
369
313
429
336
310
341
266
204
421
368
378
325
410
351
351
325
499
373
350
368
461
396
473
371
516
365
464
181
388
178
451
374
432
386
408
374
454
345
370
384
499
350
268
361
477
301
384
317
314
343
536
374
461
358
326
189
376
378
443
383
408
368
295
144
419
308
378
206
481
361
363
321
466
291
365
331
213
185
310
336
312
401
458
210
471
333
479
374
319
383
491
383
458
328
486
295
511
252
401
381
433
333
493
366
391
336
458
369
396
369
488
324
398
302
496
376
582
275
569
323
417
371
343
363
519
333
441
248
391
338
324
336
346
243
569
378
375
313
377
373
363
354
436
336
439
261
448
339
523
335
400
331
353
266
478
371
373
250
373
341
456
386
413
336
382
383
481
376
386
338
456
293
456
257
354
386
406
373
305
324
386
385
467
253
394
242
377
331
468
371
353
351
411
304
326
384
256
338
484
388
463
323
359
373
469
365
338
239
371
384
329
341
511
261
445
353
393
378
354
355
466
298
242
371
486
371
228
339
465
323
501
393
386
336
464
316
466
390
348
323
481
157
398
323
344
335
496
321
398
339
399
294
