381
374
431
381
376
301
299
308
257
361
298
338
376
401
381
327
234
322
166
212
291
328
374
368
207
237
329
299
491
210
311
371
235
202
265
323
288
353
421
386
439
340
388
196
323
335
416
290
371
336
296
248
323
378
123
326
380
313
303
333
368
398
371
334
293
311
396
325
338
316
347
326
359
363
279
324
199
390
437
368
356
339
283
376
359
134
291
341
401
280
398
373
230
235
301
227
279
192
257
328
456
323
564
379
388
184
370
371
316
331
286
330
361
246
193
238
298
377
343
316
415
369
386
383
296
333
319
310
399
258
329
341
296
353
228
255
371
383
393
285
421
331
369
326
323
354
303
338
264
351
208
143
285
281
396
340
471
351
299
346
396
367
358
158
436
238
272
383
304
194
201
338
381
343
331
346
161
188
359
311
351
323
404
384
304
384
280
330
296
326
165
323
332
352
173
314
166
189
289
371
282
346
366
323
271
217
311
338
239
379
293
338
373
180
403
401
391
259
225
386
472
371
215
385
290
371
237
244
349
255
491
371
298
378
310
255
351
370
415
378
414
313
434
378
328
376
301
212
351
273
311
208
393
384
273
333
468
244
341
373
489
320
336
219
396
333
383
325
276
277
376
351
283
273
286
335
288
358
278
353
461
336
343
323
448
334
183
177
351
393
425
199
388
373
295
281
356
333
326
371
331
165
332
346
297
204
494
326
373
363
291
325
316
395
447
326
411
371
396
326
255
346
333
212
309
321
371
255
341
210
288
321
311
374
322
371
384
328
394
344
212
376
476
370
515
326
295
393
361
360
298
326
303
323
258
344
421
351
431
303
326
368
385
228
225
223
353
359
321
251
233
187
437
330
269
215
370
288
391
226
428
353
333
351
395
371
221
336
262
334
289
235
361
373
383
358
151
154
188
331
247
323
379
361
380
335
408
381
366
335
384
454
408
346
314
358
333
386
361
284
283
361
296
298
378
351
325
389
356
170
457
318
339
371
413
328
285
256
353
297
399
401
306
185
253
353
351
331
388
338
408
358
242
188
404
283
398
356
421
361
233
313
436
376
389
294
301
353
303
389
407
278
400
188
326
311
281
321
323
386
226
239
224
348
311
329
161
261
385
214
296
329
345
359
363
383
359
311
424
381
413
331
331
346
305
384
159
181
275
383
293
359
316
384
176
180
326
351
265
376
338
384
297
341
333
371
311
323
308
291
426
271
324
385
318
407
266
320
431
295
258
381
283
384
295
375
256
325
273
326
268
341
321
378
371
326
415
401
202
384
326
363
377
244
493
307
326
371
266
235
167
301
298
371
371
333
298
328
368
383
271
326
285
336
215
288
372
373
444
361
119
160
324
371
289
323
415
383
294
381
424
284
283
302
340
243
333
378
333
338
321
375
306
303
371
341
328
371
561
244
471
264
381
338
380
313
364
383
351
386
145
381
316
365
414
374
222
381
280
271
381
326
175
339
404
266
284
300
343
379
301
286
386
376
328
341
338
224
284
237
438
225
358
249
277
321
408
384
381
379
376
149
456
162
323
205
330
323
378
338
285
348
271
282
309
356
214
273
237
350
276
321
283
346
359
343
368
386
219
281
443
341
368
193
351
341
189
137
333
295
436
369
474
368
294
378
189
225
321
351
371
210
259
321
376
376
333
366
283
371
356
376
217
237
270
335
353
279
408
371
293
321
431
374
262
369
389
373
283
341
390
374
303
363
399
326
488
351
394
371
325
321
374
328
381
345
411
373
499
348
409
349
183
150
381
371
438
374
458
375
167
187
321
344
313
325
308
151
323
335
293
343
363
386
505
385
337
255
381
194
385
348
323
343
353
288
308
240
316
323
306
359
319
318
323
286
363
337
419
368
378
378
365
309
361
371
351
359
337
373
355
338
288
338
461
306
317
348
378
341
409
390
394
353
298
334
246
326
189
222
298
313
331
381
165
339
238
263
248
276
354
371
359
370
399
343
266
371
358
363
371
374
371
281
378
401
451
320
383
346
151
383
261
378
268
235
251
378
376
321
416
245
431
358
326
370
391
184
363
321
296
383
327
371
388
378
436
384
321
351
476
327
413
366
368
378
297
365
310
371
433
384
398
326
246
401
354
386
431
381
272
329
285
351
371
376
205
376
358
320
293
378
268
326
288
351
479
389
319
366
431
296
364
378
304
334
321
373
222
239
469
333
338
218
471
358
247
384
249
285
383
303
469
381
421
338
386
326
338
403
162
250
427
328
248
378
379
243
486
341
300
335
315
366
396
346
383
336
385
348
264
235
408
371
271
338
309
331
371
306
205
145
283
353
482
328
278
339
488
239
316
339
376
343
411
386
251
338
227
351
412
351
377
228
289
214
424
391
237
328
349
339
455
319
286
299
398
369
378
353
408
383
434
384
429
353
443
367
409
368
433
334
248
226
368
338
359
341
439
325
369
395
393
346
376
371
379
161
445
381
373
341
454
308
319
338
278
329
317
348
401
378
393
302
454
336
340
375
270
197
469
327
298
384
309
274
464
235
431
386
541
321
271
368
466
260
354
313
438
326
484
162
466
386
516
370
358
337
261
356
403
358
345
369
320
205
383
341
277
269
233
371
416
371
499
366
454
323
371
339
521
368
396
378
397
334
276
333
394
371
471
341
309
386
407
376
365
393
396
311
366
338
456
386
340
290
278
371
451
346
394
220
356
159
441
363
451
346
551
384
477
385
435
326
433
343
412
401
456
341
269
388
382
336
404
346
394
339
454
344
469
336
406
370
491
269
398
373
386
386
384
245
427
299
318
351
376
321
378
338
471
386
378
340
396
351
531
317
359
353
368
323
478
326
441
303
463
157
299
368
373
341
369
241
378
336
296
338
478
329
517
383
619
283
376
329
344
346
752
401
486
328
345
358
495
371
714
341
497
359
423
387
403
276
509
212
441
270
448
353
487
340
368
359
387
383
467
338
386
329
381
320
404
338
335
373
492
336
446
293
436
289
431
296
416
174
447
261
486
383
483
385
291
263
446
351
383
340
521
371
444
371
361
373
661
325
369
321
279
344
504
384
421
361
344
371
369
236
393
329
466
355
476
378
395
383
474
336
371
350
453
381
569
378
406
341
368
203
403
350
398
383
454
212
408
316
381
337
293
290
261
333
235
326
319
316
419
315
328
384
374
326
381
383
419
369
299
343
119
227
433
383
300
221
281
296
405
346
306
321
321
354
353
331
258
338
293
337
282
334
584
344
263
359
456
333
469
311
408
303
354
256
439
324
449
248
386
346
395
313
403
328
451
373
481
314
383
376
491
365
491
356
413
328
356
346
407
331
368
404
491
384
393
371
464
315
469
334
329
338
385
374
444
335
295
340
253
137
463
341
426
313
317
346
404
244
391
331
448
368
197
138
366
338
422
350
375
388
298
200
491
328
494
371
394
389
466
325
419
371
366
337
451
338
340
261
291
206
428
293
529
368
462
313
192
331
463
326
489
387
409
341
413
252
272
141
401
331
414
373
383
276
431
325
391
137
311
381
439
368
506
375
419
373
463
354
385
361
242
164
233
141
459
187
364
371
446
316
345
371
438
380
297
321
466
339
391
353
332
259
519
257
294
234
401
376
365
346
471
350
502
368
353
310
366
318
476
338
441
341
311
380
589
285
464
298
459
248
476
246
378
416
491
346
372
248
574
268
461
307
387
350
472
383
484
260
376
321
451
275
424
341
468
359
381
321
526
189
384
371
419
376
419
386
466
406
671
270
444
356
391
381
459
368
345
359
584
351
481
386
448
373
380
286
451
338
443
351
469
351
456
400
391
368
481
361
399
343
429
366
444
339
406
384
393
383
434
383
471
383
297
313
469
351
461
379
426
344
419
336
262
148
389
339
461
363
461
373
466
383
451
371
429
361
299
202
336
249
468
335
279
299
481
371
477
385
420
353
436
329
386
286
451
360
319
338
433
346
503
371
356
351
388
373
398
371
328
370
436
341
342
377
732
381
481
366
498
346
344
388
291
325
343
339
370
331
453
343
473
326
451
194
469
338
446
321
483
376
404
338
433
343
423
378
421
269
499
254
446
338
451
258
354
386
418
375
469
323
379
371
501
384
529
371
429
356
519
368
429
318
483
270
501
376
484
388
471
278
474
261
542
373
448
325
483
323
288
340
228
338
338
279
294
371
451
313
479
381
644
331
299
150
482
143
476
346
294
384
536
383
457
336
390
373
368
368
436
346
398
383
439
343
446
358
324
338
381
343
375
376
261
213
404
381
290
217
404
326
369
371
381
290
328
366
569
333
363
336
533
406
389
383
659
371
373
229
445
307
451
383
371
358
409
356
301
370
312
204
392
217
368
328
473
377
303
329
281
325
378
359
437
281
371
310
491
304
393
331
251
136
498
138
296
286
386
368
281
386
283
296
371
353
428
373
466
321
441
329
293
338
329
353
349
266
464
343
401
368
431
351
431
379
386
383
444
371
424
256
379
368
273
338
406
255
401
374
373
338
331
241
479
359
396
387
321
361
299
325
399
188
258
204
419
387
345
336
471
336
391
326
269
350
346
371
471
330
293
383
368
314
361
325
366
334
274
351
283
383
298
344
381
343
366
351
343
275
260
383
351
380
142
250
348
321
489
321
383
355
378
344
411
378
341
318
410
401
358
351
207
156
401
378
383
367
573
346
434
368
239
157
366
371
344
388
731
339
488
323
338
323
398
323
300
336
334
336
454
371
318
338
313
286
380
262
378
330
329
291
312
205
393
325
309
351
415
358
456
308
242
128
331
339
341
225
418
376
251
187
439
321
403
334
448
328
392
241
451
364
409
338
444
338
444
208
387
378
366
330
333
373
279
244
468
298
299
386
438
325
367
326
421
373
399
284
461
237
488
371
386
356
476
348
502
331
677
366
468
326
408
379
365
339
288
296
484
282
356
264
411
326
373
359
396
346
314
396
427
383
306
384
353
239
400
368
227
371
291
164
394
407
293
351
373
350
391
306
639
228
479
331
394
408
401
351
496
281
377
393
459
371
456
338
413
388
358
318
266
212
311
359
384
309
421
371
418
383
386
371
414
326
371
351
381
386
229
337
443
339
423
184
391
376
514
325
304
371
363
338
259
280
414
373
483
391
396
393
443
353
394
341
361
383
336
359
386
384
238
331
359
351
398
336
366
343
401
386
293
341
330
196
370
394
465
373
331
311
393
323
378
325
373
338
360
323
351
325
481
351
373
350
291
295
387
368
439
343
306
358
458
196
406
345
401
341
485
377
358
328
451
328
359
391
434
315
329
343
391
386
234
361
280
383
479
376
389
323
459
358
297
374
335
383
459
134
351
286
471
354
356
373
353
374
452
376
463
358
501
348
439
295
459
353
386
326
381
285
428
389
486
331
365
343
379
376
278
366
236
134
416
320
457
384
431
313
379
323
509
387
311
264
381
321
404
338
366
303
384
375
200
343
383
371
441
339
391
383
529
383
377
371
446
369
463
324
408
360
293
333
459
381
431
330
386
343
487
338
385
384
405
369
453
326
396
315
368
368
404
327
361
273
494
371
431
146
388
349
373
326
418
340
722
384
427
291
374
283
404
386
396
320
366
291
411
194
419
353
388
368
461
376
381
383
467
377
461
304
262
383
396
340
395
339
391
326
481
214
359
259
383
330
373
356
371
371
323
386
478
378
331
371
289
335
291
341
327
221
286
353
466
326
305
378
501
385
215
324
416
387
409
358
393
351
368
384
393
193
386
339
363
351
127
143
312
261
384
337
379
318
508
334
339
378
179
393
498
366
273
275
369
383
277
217
367
383
411
338
371
347
380
383
266
199
476
179
200
351
283
371
356
177
379
334
293
336
373
364
446
386
275
338
378
336
461
393
326
323
310
369
386
303
388
262
278
360
398
366
215
371
363
349
436
371
298
314
439
369
293
268
338
377
329
366
509
296
441
350
293
326
366
383
498
333
186
358
398
386
309
340
705
341
127
148
323
277
506
328
363
346
223
212
358
349
346
282
356
399
417
300
446
351
401
359
418
341
488
374
456
351
474
313
463
370
378
376
524
275
380
383
239
269
494
374
385
368
391
303
448
346
326
341
491
363
376
350
459
374
439
221
496
296
371
336
394
378
415
376
394
383
340
386
414
383
391
388
323
286
401
373
164
328
401
368
474
273
453
386
268
383
387
343
361
384
383
325
277
338
409
229
388
333
389
353
325
272
411
324
454
351
391
351
311
315
461
340
378
398
414
147
458
334
351
383
215
173
456
346
383
340
428
386
299
383
662
201
471
338
337
353
371
324
375
373
396
220
456
365
327
351
413
305
331
336
299
189
391
358
395
270
393
338
448
398
358
311
426
368
326
338
660
325
378
369
336
346
451
374
304
383
364
376
416
323
363
142
406
371
418
313
395
266
260
226
308
279
386
346
418
291
386
375
256
386
447
363
214
321
284
326
356
306
445
366
368
339
454
378
446
393
416
350
481
368
331
265
363
326
446
343
254
187
408
326
312
328
521
386
364
331
514
381
376
231
419
366
448
340
327
219
494
213
378
383
454
350
348
210
468
364
296
190
357
286
326
343
434
286
379
384
350
321
378
174
238
341
454
383
414
253
507
378
404
324
431
255
356
265
340
405
370
386
417
300
290
381
328
247
366
351
408
338
471
371
486
385
383
251
398
366
507
353
384
321
294
351
417
135
386
304
384
157
262
346
439
359
431
345
288
162
414
149
702
329
378
344
409
368
379
376
592
373
391
375
234
341
291
346
479
351
318
338
375
326
416
376
265
214
489
295
336
411
366
313
357
346
393
375
432
356
569
376
313
338
428
358
425
376
358
311
403
286
340
284
329
262
453
338
355
371
374
340
356
236
434
336
338
351
441
316
435
373
237
385
179
383
641
386
491
381
469
247
428
267
278
264
396
338
255
338
411
338
391
272
255
164
295
195
399
383
306
351
292
358
278
295
644
205
342
353
466
368
474
356
451
338
441
358
391
369
357
338
351
383
745
333
474
371
401
308
479
338
368
328
426
343
313
366
270
386
322
340
475
370
205
249
318
334
354
260
396
371
311
336
254
356
283
349
493
366
438
381
326
246
355
341
396
375
680
371
325
383
341
336
358
189
368
333
223
346
371
371
153
371
467
357
396
263
322
338
333
383
476
358
366
346
444
385
467
383
258
203
351
366
381
353
567
341
463
338
348
376
394
371
293
383
303
385
300
333
448
356
406
391
304
219
317
282
431
321
389
361
449
329
358
353
344
317
456
368
381
373
476
346
507
232
424
383
371
318
511
379
398
255
438
339
383
262
481
338
408
371
446
231
408
346
485
374
404
227
478
384
396
378
342
375
476
353
476
378
398
393
408
238
259
333
441
343
381
279
440
268
459
323
200
147
507
381
417
339
461
345
443
320
212
131
227
337
431
286
303
376
419
157
240
339
381
353
472
306
303
383
368
297
376
350
387
370
634
293
478
409
441
218
496
245
427
338
421
371
317
340
389
323
251
128
388
391
257
379
308
369
438
321
331
206
451
341
476
383
467
344
404
384
438
323
469
369
471
376
379
348
319
290
380
313
419
369
466
326
339
326
438
369
417
315
476
386
473
163
491
331
479
346
407
336
453
302
516
339
370
313
388
336
481
369
659
326
436
381
340
326
428
338
399
371
251
111
446
358
444
384
255
344
473
295
458
333
366
273
389
368
454
346
484
270
364
383
363
321
458
376
492
381
374
337
378
328
379
275
218
331
456
380
469
336
509
376
465
318
401
368
283
368
411
371
431
283
349
157
386
388
271
385
431
340
397
358
204
361
364
270
381
325
369
371
361
368
386
270
450
324
463
323
386
371
334
336
462
313
356
387
323
391
346
266
430
279
503
411
478
341
354
275
491
370
478
350
448
324
496
204
451
384
453
368
461
281
464
374
386
359
425
368
383
261
466
386
505
374
269
328
453
389
441
376
426
341
443
316
487
338
337
204
317
326
461
271
425
371
303
351
518
369
459
341
318
345
437
320
471
348
377
334
291
160
496
384
380
185
421
383
406
291
511
279
476
336
382
391
313
218
444
303
523
361
459
358
386
308
446
384
649
219
337
331
451
353
318
247
379
148
360
256
461
371
321
308
444
377
356
242
361
315
507
296
465
301
401
366
335
341
501
365
486
259
441
336
408
383
461
333
375
324
439
268
180
156
368
338
478
326
301
163
436
370
444
331
458
327
393
348
451
333
509
386
441
301
456
386
451
189
450
304
594
394
483
371
265
249
257
369
444
368
374
338
456
329
373
329
424
378
252
346
389
268
451
383
451
339
435
286
448
266
428
346
376
343
402
320
431
190
394
371
368
381
464
371
449
360
418
383
428
384
436
213
369
333
361
318
471
321
389
341
481
371
404
307
426
353
436
386
491
326
463
321
405
328
429
339
343
388
486
281
343
297
391
142
405
341
279
358
348
220
426
259
381
338
240
319
514
305
461
331
439
344
497
278
237
283
448
353
469
329
462
291
421
368
468
381
455
326
446
326
370
202
466
371
381
270
478
371
446
328
511
376
477
333
501
378
383
358
365
358
197
329
416
334
463
179
407
336
473
338
349
256
471
336
428
358
461
340
192
336
436
368
312
328
461
345
483
384
333
406
441
333
396
376
471
326
372
328
316
344
340
331
477
283
459
386
461
371
441
378
386
388
479
371
356
336
457
308
443
170
465
324
384
275
501
326
444
290
398
349
409
383
433
333
320
295
419
354
384
336
329
334
395
337
356
307
401
368
341
371
496
391
524
384
385
326
456
356
489
283
485
371
284
375
419
379
456
325
373
374
685
306
481
383
388
338
439
351
371
258
473
365
486
386
504
296
513
144
415
369
473
358
427
266
509
386
333
361
463
344
252
336
339
331
419
369
508
311
420
341
386
333
409
378
307
338
290
376
461
371
286
338
428
384
476
346
371
375
386
307
521
358
279
137
453
376
409
353
365
230
473
368
536
331
391
239
431
383
469
346
373
346
451
323
304
345
426
351
306
315
348
371
161
391
476
333
378
219
322
384
296
378
454
236
318
313
227
139
302
177
400
339
268
341
388
371
404
401
