300
323
397
137
348
383
386
331
376
351
302
341
358
318
229
358
326
346
331
364
311
358
296
338
323
401
371
378
320
376
209
242
443
280
361
338
339
338
423
308
436
353
386
253
527
230
387
351
280
384
295
270
221
385
423
386
353
384
367
275
309
384
259
354
414
365
384
351
221
257
361
383
346
381
371
287
281
371
541
351
220
316
230
312
202
384
203
343
434
373
333
375
296
247
397
323
351
207
283
346
380
343
309
328
393
351
301
345
391
249
376
380
303
361
193
341
296
311
217
368
384
383
368
384
333
394
291
196
321
260
252
375
342
376
249
188
326
371
206
285
366
321
341
374
187
198
293
365
295
355
318
349
649
346
516
358
201
257
206
252
314
384
391
339
368
343
511
373
353
363
223
376
371
376
174
193
651
257
378
356
373
240
401
386
338
413
201
247
454
350
359
299
214
332
163
359
171
341
248
381
441
313
436
370
247
221
236
142
319
325
486
321
394
371
524
248
326
239
155
323
295
273
361
336
360
371
220
389
298
338
303
381
211
233
310
185
348
346
418
371
302
253
297
339
391
320
285
383
166
371
471
345
315
321
334
373
308
418
289
358
356
310
174
346
315
378
260
214
293
266
336
384
296
289
187
333
314
340
389
335
193
321
248
371
543
288
379
368
310
272
281
359
286
383
355
251
344
224
449
378
398
374
496
329
464
377
305
366
371
326
366
379
383
381
413
383
391
381
296
328
293
214
388
259
366
334
289
385
397
257
286
351
446
324
262
140
359
365
353
298
270
361
449
361
469
374
396
338
379
368
320
386
255
344
313
340
426
312
476
326
260
341
393
208
281
323
287
376
303
281
419
176
373
326
207
266
401
385
301
295
361
341
436
381
394
231
238
324
396
336
370
311
306
368
474
365
164
320
147
139
376
326
331
274
299
339
300
368
409
358
246
321
343
391
395
328
391
363
221
323
413
343
350
371
313
380
351
223
384
183
274
318
237
338
235
368
375
213
313
375
334
338
308
376
266
369
289
326
356
272
346
311
424
371
394
326
279
353
303
374
333
212
401
376
225
344
363
376
281
258
386
339
283
336
293
326
313
313
273
378
266
295
301
346
186
221
172
379
314
384
288
308
301
277
347
248
290
343
310
351
175
318
301
346
260
336
299
185
318
373
458
339
318
384
251
188
276
336
363
353
275
391
293
345
286
318
287
339
283
215
508
287
373
326
208
353
251
214
298
366
477
386
272
263
299
376
336
262
320
333
326
323
451
393
363
331
275
376
406
381
276
336
299
339
381
381
190
197
328
214
331
371
125
367
461
349
391
384
366
338
348
245
295
326
394
338
380
323
293
329
281
270
311
227
295
328
196
389
255
299
243
333
291
375
296
338
344
328
384
311
316
384
439
326
313
384
207
369
368
329
288
358
371
341
321
266
386
371
241
356
366
337
230
321
522
241
283
346
320
225
161
346
334
376
222
337
290
325
303
265
166
323
388
338
277
379
244
298
376
248
415
333
321
248
371
371
288
384
277
375
253
143
227
225
418
266
351
376
313
269
308
386
273
326
448
383
268
260
163
202
414
338
255
307
333
339
211
379
123
139
404
253
378
371
395
350
286
146
277
424
396
291
389
182
394
368
291
14971
363
391
152
165
279
386
385
326
304
314
284
323
411
351
353
369
333
318
329
394
380
326
336
359
371
386
769
371
313
358
250
341
325
266
286
321
266
405
286
224
406
323
234
241
299
311
304
365
348
353
294
196
479
338
469
353
418
379
318
427
378
338
305
185
199
338
293
353
399
368
313
343
299
391
298
379
432
373
375
351
378
227
389
321
366
319
316
273
306
339
288
387
256
340
298
296
259
341
323
393
416
340
441
371
288
201
451
207
367
182
383
325
393
334
398
338
278
361
427
277
109
313
391
317
256
359
247
262
394
361
383
326
136
313
341
294
199
153
254
369
371
341
310
351
283
313
454
345
288
318
340
358
451
323
320
376
344
331
368
311
271
337
407
371
311
368
281
268
454
183
320
378
368
300
273
202
338
313
325
371
240
384
381
343
315
323
389
370
651
356
264
298
271
339
374
376
353
306
376
274
293
383
313
353
296
323
243
333
409
376
227
376
203
249
268
326
398
248
330
358
381
383
363
296
235
388
252
224
456
209
303
401
273
371
477
305
285
265
288
338
133
247
292
393
238
218
378
336
268
197
376
343
203
383
376
378
329
401
378
371
385
323
393
205
383
318
347
370
466
259
348
335
276
357
285
335
328
333
290
384
401
323
192
239
449
346
369
288
270
313
397
339
330
376
406
368
366
368
296
338
403
368
311
339
304
388
466
379
279
216
222
383
488
154
366
353
295
313
365
331
401
339
592
378
248
377
702
383
361
364
349
340
409
338
356
323
383
328
401
339
375
336
11196
325
291
262
345
201
376
227
433
331
377
371
366
343
288
209
311
329
343
368
469
339
476
358
315
323
451
373
636
351
426
356
301
310
361
338
197
346
366
293
513
411
459
386
304
290
446
374
459
371
286
339
365
333
407
376
413
346
294
376
359
196
376
338
371
336
358
386
384
336
335
358
486
359
471
283
483
336
371
358
429
296
416
371
484
386
443
339
359
171
378
341
461
336
314
383
458
354
469
394
431
335
394
326
357
368
393
358
327
364
463
326
409
384
406
366
379
337
394
336
383
325
376
316
406
339
717
371
337
376
298
310
341
323
385
373
405
386
476
303
397
336
300
355
399
321
466
316
339
366
436
311
458
344
437
354
457
336
494
326
356
326
473
376
418
375
411
388
431
371
451
371
491
383
373
361
471
368
474
369
446
323
413
368
476
321
346
336
464
289
511
371
634
369
219
205
494
374
396
326
342
326
368
353
438
337
478
383
469
336
364
266
438
346
368
336
401
311
416
386
441
309
359
315
370
320
446
331
421
263
476
336
336
325
401
326
433
341
446
366
370
299
473
254
351
378
414
386
478
285
541
381
323
318
458
278
434
336
481
384
464
386
378
348
464
314
303
351
474
262
433
283
386
326
462
378
343
296
304
321
341
380
381
148
351
311
349
339
376
338
439
338
476
379
409
368
457
388
296
356
461
376
503
381
374
351
334
220
301
331
363
364
403
364
263
253
394
349
381
227
293
387
239
361
331
376
184
368
356
358
459
351
318
381
408
317
271
383
336
150
387
409
453
404
409
358
407
376
263
380
413
383
209
294
316
405
318
284
363
271
344
329
331
179
436
270
454
368
395
373
455
360
443
361
444
260
407
351
403
336
365
321
424
350
471
303
444
281
411
383
456
329
459
401
312
310
331
368
494
314
431
348
411
293
439
331
426
282
421
326
503
386
350
348
416
176
177
137
370
384
453
376
305
375
466
331
421
354
411
341
410
358
479
270
413
350
446
330
308
333
469
338
449
341
424
386
513
383
393
374
408
379
772
404
446
366
483
299
22410
380
406
371
504
333
406
293
353
341
375
386
389
375
354
339
274
359
448
313
409
389
398
326
483
278
440
370
473
386
459
351
405
404
466
354
456
341
386
351
267
154
253
128
435
383
461
374
386
319
388
356
484
329
411
305
481
291
413
231
399
383
429
333
252
384
416
369
361
339
376
343
392
350
308
353
446
364
373
323
464
376
371
371
471
213
366
328
415
280
351
353
350
226
633
341
451
339
757
387
488
374
416
386
356
321
338
318
390
358
486
385
456
339
509
339
494
384
451
181
399
313
461
328
385
358
454
358
241
214
448
265
391
343
421
338
363
305
447
371
449
383
446
346
459
331
719
384
247
179
463
376
409
386
456
381
454
353
453
284
466
340
454
384
394
344
446
348
369
371
438
368
399
383
366
346
464
371
461
371
439
338
471
309
426
371
346
323
345
338
463
378
339
227
471
383
431
383
268
366
458
371
461
351
459
274
471
383
461
313
446
384
364
343
438
287
421
373
335
300
441
354
396
376
423
378
333
343
436
358
293
335
436
275
365
336
466
325
474
386
501
371
309
336
466
375
465
353
481
369
280
361
391
248
458
251
473
383
463
376
228
221
416
252
436
326
447
351
423
333
441
364
362
268
426
259
694
383
456
326
381
339
471
291
408
358
409
343
465
298
479
368
451
374
484
383
431
371
479
341
433
323
460
375
401
370
373
278
342
368
491
371
443
373
323
283
317
371
484
330
469
339
184
146
274
341
451
313
373
336
343
341
468
345
449
334
401
358
469
333
443
297
266
232
349
351
326
211
173
311
306
318
393
296
443
346
376
328
409
243
188
235
405
326
407
289
461
323
386
346
364
337
542
316
375
386
386
371
277
162
461
336
428
298
401
306
445
326
492
359
219
161
396
383
280
381
360
316
295
341
302
218
521
361
456
340
373
214
419
329
277
164
299
369
370
361
388
341
200
326
247
219
436
354
310
304
464
333
368
394
416
298
436
349
327
331
401
305
379
313
361
334
381
244
461
341
443
371
381
363
413
266
443
338
391
385
393
331
369
351
393
338
337
272
190
338
283
247
406
401
439
253
488
375
323
327
460
361
473
389
413
369
292
336
311
323
309
401
407
375
379
303
301
328
363
264
323
276
316
331
357
334
353
339
257
323
371
335
380
384
274
358
321
310
474
384
283
351
606
371
331
363
364
369
206
274
355
300
401
373
223
331
340
378
315
389
419
221
318
350
454
215
421
335
483
325
378
337
330
229
346
380
291
303
311
333
394
371
300
388
235
272
289
313
384
369
406
280
361
343
391
318
381
409
314
326
353
338
441
288
260
144
378
339
381
351
471
371
389
183
378
238
451
326
368
331
386
346
391
401
416
386
383
346
368
376
344
366
311
308
313
366
411
356
404
271
374
376
369
346
388
379
309
411
399
343
456
338
373
378
380
363
466
413
418
279
388
325
431
358
363
350
363
285
286
227
363
261
482
341
338
338
381
378
413
384
378
325
631
371
368
335
375
344
365
338
396
371
474
368
444
283
383
376
459
350
364
333
168
177
388
304
383
259
369
351
383
323
413
384
301
346
398
285
266
356
371
391
396
344
292
374
389
313
456
346
356
371
405
373
463
268
306
344
455
370
350
354
388
383
210
326
403
291
327
201
291
337
408
337
355
331
493
291
294
291
370
333
371
373
315
385
365
334
381
314
356
355
383
330
326
383
310
225
186
371
481
327
185
383
397
353
459
376
592
350
786
368
371
353
389
307
158
336
333
386
222
313
361
313
521
366
374
321
355
318
316
246
426
375
389
196
360
338
359
333
373
267
404
331
406
373
173
257
465
278
436
358
444
281
381
326
421
351
454
271
271
325
531
308
459
351
425
253
299
325
370
314
468
344
393
261
266
366
361
339
489
231
296
313
351
306
454
336
389
408
486
368
363
318
473
378
394
345
358
331
504
373
439
324
404
338
393
381
307
321
391
341
329
319
349
326
527
375
403
308
303
384
373
193
429
356
426
341
399
336
481
374
385
383
459
351
439
273
373
361
497
370
466
318
312
331
364
358
348
371
384
351
383
383
426
331
386
298
382
285
451
326
439
385
323
333
413
384
436
383
459
188
401
383
513
384
421
343
471
383
385
326
421
378
477
393
434
325
406
368
466
339
344
341
371
170
304
343
434
351
441
369
301
325
272
227
357
379
473
353
466
343
465
335
271
227
368
343
251
337
309
289
386
386
308
328
443
179
396
334
371
336
388
298
319
336
469
340
515
200
441
323
486
272
431
273
423
383
386
320
383
379
295
228
293
203
201
323
443
371
370
288
303
336
396
358
396
371
341
331
298
326
308
371
501
313
321
361
191
311
399
310
201
346
382
283
409
365
471
285
371
345
368
389
358
326
345
276
433
358
466
296
313
353
358
369
418
375
288
371
424
368
319
344
330
371
317
270
369
336
366
361
318
346
441
386
231
383
414
368
497
369
407
215
263
371
381
321
363
375
393
303
381
376
396
334
438
250
386
371
319
323
239
366
363
368
319
371
376
338
290
351
398
368
356
334
429
391
371
371
304
320
401
339
262
343
389
300
279
149
408
311
521
381
371
341
511
381
423
323
657
383
391
340
468
325
622
373
396
341
433
325
369
384
384
241
291
192
395
379
355
341
416
328
383
314
361
320
353
340
425
338
454
386
491
366
473
369
405
358
471
333
476
371
371
373
481
325
316
331
301
371
401
383
308
374
261
205
304
321
380
340
501
338
438
338
441
371
456
187
366
331
345
369
386
321
293
377
441
331
383
343
398
341
257
380
496
368
348
245
401
323
406
251
367
318
361
321
373
244
443
268
449
316
276
207
666
283
147
159
368
331
346
222
368
401
361
378
363
192
556
339
356
376
373
341
461
335
358
310
341
339
479
329
371
215
584
341
411
375
383
338
552
371
481
338
387
379
456
381
303
330
443
329
471
371
421
378
373
336
401
368
366
325
330
370
419
387
444
242
336
353
367
268
374
326
388
206
398
386
306
369
381
325
622
374
254
299
203
263
283
359
641
366
435
305
409
385
338
258
323
354
365
366
361
241
363
376
423
331
376
218
312
384
377
336
391
323
501
317
416
385
361
346
411
232
327
391
441
260
481
383
573
336
451
339
376
386
464
368
478
287
398
338
466
326
515
371
371
184
414
374
380
373
536
383
433
371
399
371
383
271
359
190
357
371
363
384
368
360
478
383
373
376
381
381
316
277
526
204
299
207
396
289
371
311
289
323
374
351
401
301
196
366
348
247
454
371
290
313
415
376
478
346
311
371
373
340
419
361
464
369
366
232
359
353
373
326
403
286
385
376
401
338
408
165
267
313
441
338
376
326
361
281
496
371
202
157
385
279
463
180
461
340
299
334
302
274
389
276
651
375
376
338
249
359
481
338
461
331
406
388
441
336
308
161
436
341
462
360
368
384
391
341
426
371
431
321
484
383
456
376
317
383
381
359
519
374
257
376
361
323
394
338
366
375
391
331
486
328
350
283
272
388
288
379
492
388
401
212
391
331
393
368
396
279
428
371
397
305
384
321
361
341
391
371
380
383
421
166
518
296
280
376
459
374
434
341
209
155
349
343
360
367
225
264
387
189
219
325
444
309
431
338
349
232
321
343
398
290
380
368
314
327
276
194
403
346
405
386
408
334
333
318
461
334
356
349
220
195
459
200
338
379
449
266
399
373
456
343
507
290
308
376
302
351
416
359
380
280
376
346
399
267
421
321
381
339
388
371
264
300
409
379
308
373
439
270
406
339
368
296
481
336
278
298
298
326
461
265
401
317
396
383
316
386
378
286
446
368
474
386
372
289
484
361
464
340
354
325
313
356
454
353
453
346
486
383
394
242
343
343
200
351
583
323
375
376
386
375
443
379
381
339
474
338
423
393
446
358
487
386
361
310
368
327
318
336
394
366
459
371
373
321
427
336
441
301
361
334
398
376
453
353
428
314
258
378
476
386
343
336
601
286
441
343
418
297
474
378
496
378
338
142
373
330
339
203
606
193
483
335
464
339
476
340
335
378
473
121
389
330
414
381
483
381
339
376
439
398
363
338
451
371
387
366
511
321
399
383
396
384
438
344
429
373
361
351
433
371
391
331
353
315
409
379
393
381
314
371
526
393
426
325
364
326
433
371
391
295
395
339
283
313
317
359
401
313
486
391
446
326
454
358
436
321
429
331
447
351
368
331
396
296
451
385
283
170
503
391
329
361
342
383
443
343
443
370
398
331
477
390
409
219
411
371
314
316
471
294
391
378
391
386
423
373
478
366
369
370
300
343
384
339
352
218
449
313
359
376
469
383
380
247
421
368
384
296
344
371
391
343
428
399
448
160
478
376
534
268
456
346
471
326
137
336
396
351
486
391
331
167
382
369
304
379
350
376
196
328
506
359
428
366
491
358
491
323
363
320
376
345
491
366
514
339
362
341
416
339
448
384
303
221
346
184
379
366
380
371
320
366
453
331
464
333
453
276
371
326
481
333
459
353
496
374
196
161
314
184
471
262
265
320
453
197
350
265
366
138
385
163
441
338
311
211
426
391
331
191
454
376
463
406
421
326
253
173
356
363
434
341
425
239
433
240
436
308
458
336
652
359
443
328
420
331
343
257
449
365
446
241
395
383
231
326
373
197
436
383
427
283
311
162
454
383
484
379
439
371
483
371
305
211
306
371
447
235
338
378
248
393
345
343
416
378
453
371
456
257
451
338
388
337
476
152
203
338
481
383
466
338
426
343
433
313
393
383
479
338
386
336
469
391
476
333
421
393
390
249
411
282
435
373
267
325
584
378
424
266
496
397
444
348
466
389
426
289
441
350
376
328
501
274
355
353
431
379
313
206
451
199
356
284
504
365
411
285
406
375
368
371
516
338
494
376
472
251
491
387
379
386
373
330
428
386
420
383
466
328
376
383
412
227
383
336
387
383
391
267
231
289
352
341
453
308
444
347
464
365
642
341
375
292
262
366
306
346
459
252
341
323
401
381
404
378
369
323
333
340
361
328
468
373
458
326
466
211
368
351
489
368
574
388
624
383
368
371
261
334
389
237
451
365
459
338
456
325
461
293
481
357
514
378
411
233
450
347
254
313
454
379
443
276
466
376
467
391
377
249
451
381
484
368
376
341
351
368
385
338
506
326
468
186
454
313
463
371
449
273
389
353
441
338
466
351
254
167
674
320
448
306
444
320
395
322
371
298
369
331
351
361
469
348
488
383
449
335
481
371
487
368
483
371
449
356
409
344
406
289
468
261
458
375
454
386
346
261
433
378
459
383
482
247
243
326
449
350
272
359
486
338
378
338
438
338
478
338
389
296
473
300
449
386
373
325
423
343
501
386
409
351
438
376
326
371
448
260
323
348
416
354
413
383
416
370
350
348
660
375
475
217
401
313
320
159
439
379
473
323
436
383
464
378
411
379
473
336
529
274
471
396
277
358
300
378
737
341
513
205
377
401
438
361
384
350
433
308
469
323
507
384
328
218
393
253
453
340
417
311
351
279
386
281
409
281
461
190
458
353
268
208
298
333
503
386
418
312
476
259
188
247
401
312
381
283
461
324
406
338
566
348
501
371
410
369
398
383
496
366
373
195
427
369
381
376
