341
384
115
366
366
418
461
339
356
346
333
348
191
346
340
358
286
339
424
383
306
344
188
370
236
374
441
338
275
316
247
351
183
194
413
370
256
250
393
351
361
376
456
195
300
395
354
330
335
380
351
339
300
309
341
386
349
333
300
323
297
316
270
343
483
389
396
181
323
294
247
194
386
313
336
343
398
328
303
236
408
359
203
217
408
373
266
375
381
144
409
323
163
373
409
331
232
221
236
338
255
269
358
338
345
346
331
280
419
373
384
356
413
329
300
384
194
326
371
194
309
221
281
280
436
341
388
139
373
323
329
323
361
328
466
381
293
368
321
385
408
383
351
381
321
291
366
345
298
239
284
255
313
219
363
369
222
371
356
345
384
348
288
371
311
261
309
359
309
326
325
328
338
351
243
371
388
328
284
326
203
333
264
340
350
338
393
358
381
371
321
199
286
236
311
348
589
212
346
353
361
356
303
333
271
345
164
165
165
369
277
246
391
336
393
356
303
314
381
303
301
280
280
227
413
371
305
348
391
341
288
334
303
383
318
385
320
376
298
316
414
304
331
378
178
245
418
363
416
316
327
368
259
345
376
263
401
305
391
344
363
345
233
326
403
376
218
389
393
335
288
336
328
300
199
340
228
386
318
328
363
358
325
369
399
358
286
334
405
386
326
199
353
334
462
159
206
368
364
383
300
148
275
323
283
235
386
303
331
333
341
371
237
208
339
334
386
325
115
143
398
348
182
157
256
383
230
175
483
391
268
396
293
195
358
346
353
297
373
353
261
227
171
383
182
230
214
146
197
373
481
371
278
337
421
283
411
303
337
182
303
310
282
181
363
333
334
316
303
250
288
192
368
373
310
369
386
389
288
227
348
379
376
361
394
376
329
248
371
230
151
208
338
378
301
386
131
368
319
368
386
343
370
368
218
369
447
378
271
379
378
321
364
247
336
378
283
299
296
341
391
336
273
221
226
323
389
218
340
183
290
344
187
205
396
336
508
341
256
346
427
371
281
353
237
296
311
383
368
271
391
383
216
351
278
338
353
316
424
348
337
371
459
354
340
336
346
331
299
323
379
396
320
338
308
381
401
338
182
204
295
386
390
354
355
381
314
373
303
384
295
341
396
304
398
338
363
227
351
397
280
373
266
386
343
391
309
195
341
340
413
246
323
366
343
301
267
312
396
386
388
343
295
386
403
375
268
341
303
338
355
328
267
358
204
254
319
338
353
366
341
378
266
351
298
391
238
313
353
384
289
306
332
256
295
389
232
339
396
353
297
379
293
388
461
269
358
237
245
217
389
259
373
346
224
369
408
384
388
326
399
346
313
371
230
358
239
331
288
339
306
319
181
205
336
376
200
361
302
325
125
353
296
378
374
328
386
339
155
187
363
376
296
328
266
311
361
339
265
383
329
345
334
371
185
340
297
379
161
367
311
311
294
278
366
194
278
383
306
177
375
336
360
326
424
374
184
379
405
314
381
343
290
298
391
271
365
286
404
376
350
341
714
341
195
354
344
345
295
326
281
132
321
191
270
311
296
326
391
290
438
371
167
216
217
379
288
227
169
314
311
265
291
324
223
142
289
226
303
383
399
389
457
326
356
336
485
388
285
358
455
286
303
338
224
383
296
244
419
338
117
338
300
321
313
281
325
321
364
256
431
376
317
272
394
300
296
358
267
326
276
386
323
301
366
277
424
328
353
401
339
263
293
321
331
212
377
379
356
351
411
388
351
331
384
367
329
301
118
311
363
270
425
320
325
313
476
375
629
321
419
406
393
371
331
345
303
257
371
326
291
338
415
220
356
374
306
383
396
269
262
336
459
376
294
294
328
383
367
337
308
321
321
339
201
324
336
371
383
369
398
386
331
365
419
251
308
371
368
316
364
338
307
371
388
367
381
321
306
341
371
338
281
383
370
306
365
256
408
339
290
369
398
389
316
323
345
391
232
384
385
361
423
383
282
268
298
341
202
368
224
199
311
371
325
333
410
326
323
384
295
334
155
326
385
371
323
386
391
343
306
326
321
371
403
371
244
215
314
384
426
250
328
381
351
383
411
259
289
338
344
343
363
338
361
336
429
381
330
242
498
381
363
326
209
112
428
385
358
188
210
217
196
381
388
135
204
374
403
351
403
384
385
399
339
302
296
184
303
305
376
326
393
333
355
319
335
323
371
323
302
383
343
343
296
293
419
371
323
371
406
383
366
369
406
351
348
263
369
353
406
371
476
390
342
236
401
192
273
257
590
366
285
358
175
281
344
381
444
333
278
221
288
384
408
281
421
386
285
257
461
336
414
338
396
371
397
396
649
257
277
326
255
383
386
343
323
383
390
118
451
232
368
328
436
165
453
263
496
339
301
340
581
134
318
331
386
306
407
371
335
344
476
344
379
343
457
334
466
246
431
331
593
297
471
344
257
226
256
264
381
304
310
321
405
323
262
371
499
334
506
374
360
330
260
340
458
378
454
368
375
344
514
376
368
328
127
365
594
343
411
378
411
359
366
338
401
388
453
391
312
326
691
344
411
386
371
358
466
280
479
309
176
383
371
341
431
371
278
326
291
348
421
371
449
341
339
371
295
384
331
386
373
324
471
359
403
368
429
348
501
378
496
371
408
321
350
356
391
379
463
338
239
213
416
366
278
193
409
321
427
378
488
341
355
339
398
273
349
338
469
336
411
336
376
354
421
379
366
321
373
358
446
250
413
373
236
333
456
350
381
384
438
340
391
368
379
333
551
343
477
235
509
383
371
271
421
381
433
411
426
319
521
316
366
326
403
309
209
349
432
312
504
326
286
383
439
371
338
340
463
376
536
298
396
269
390
344
397
370
501
375
331
320
441
371
296
363
373
338
289
373
361
309
363
383
406
369
475
343
456
339
474
358
441
348
408
351
327
388
434
351
446
321
411
373
441
298
290
9955
494
384
325
345
381
336
384
353
458
200
351
376
240
383
474
373
356
336
439
226
494
374
438
338
451
341
441
331
386
280
629
383
469
335
469
378
302
266
405
371
468
371
428
353
232
383
296
178
293
324
458
293
441
368
394
384
466
345
424
379
641
361
461
329
310
384
401
341
408
326
396
353
303
383
227
341
434
368
373
365
375
339
356
275
411
343
318
376
315
293
272
339
342
331
248
368
381
192
539
383
559
386
398
253
286
329
356
358
386
219
375
233
428
368
399
319
461
319
252
211
368
259
299
333
196
351
626
337
393
261
355
326
371
388
416
257
481
368
384
378
426
369
439
349
366
341
375
385
348
326
356
291
652
325
498
386
616
337
438
333
391
303
361
325
386
326
199
332
219
327
488
426
439
383
378
288
410
235
443
336
246
354
579
386
381
366
180
116
313
326
381
359
460
283
282
346
411
319
454
278
214
381
401
337
319
371
456
384
486
308
370
221
589
384
368
353
379
244
384
294
378
363
428
353
393
305
456
243
367
331
429
340
345
245
441
338
371
330
411
424
349
389
501
366
453
305
411
348
356
346
483
286
499
373
421
378
360
347
454
387
474
351
417
306
474
365
368
323
268
150
418
257
479
371
360
368
368
341
381
339
502
325
385
331
468
383
701
369
431
338
491
297
368
324
401
205
254
296
446
399
368
351
293
383
446
354
368
233
393
371
395
396
481
376
394
345
378
336
491
305
468
339
371
336
391
379
476
373
464
353
449
319
381
198
456
365
491
368
379
343
476
356
390
343
443
351
398
361
387
320
481
357
385
358
285
386
217
333
429
310
405
341
476
357
349
360
320
338
443
329
424
347
431
341
478
348
378
331
409
320
458
323
503
284
347
339
498
366
463
371
461
308
366
313
390
383
418
378
473
401
247
327
451
314
428
260
569
249
436
335
296
211
415
258
373
173
483
373
350
353
451
341
464
383
439
323
381
378
662
303
424
383
479
361
466
329
436
358
489
261
422
231
399
353
426
338
371
231
387
366
247
371
265
371
401
391
497
381
353
381
491
386
448
395
438
328
461
339
368
342
373
321
447
338
309
368
476
329
287
321
439
383
431
301
499
373
455
256
267
197
451
378
428
336
507
375
357
393
458
189
378
351
367
254
471
383
491
333
372
353
400
370
473
305
459
363
463
262
448
373
431
341
368
237
479
378
388
333
459
371
478
338
394
328
304
344
493
376
263
328
495
338
456
326
513
384
434
326
235
226
416
325
193
115
489
250
401
351
466
334
398
205
529
383
438
313
504
361
471
383
398
320
486
228
260
187
404
381
364
321
348
243
320
323
438
377
436
196
476
298
471
321
240
220
340
389
424
387
478
336
398
353
375
311
494
373
447
383
441
384
322
373
398
287
406
404
375
376
453
285
531
257
485
369
459
328
389
280
481
353
458
358
444
341
303
220
487
376
261
144
481
173
386
386
170
338
321
325
326
237
344
283
483
210
396
326
306
336
408
328
475
348
462
250
386
387
385
338
396
383
459
375
354
327
399
243
266
353
394
354
487
331
406
387
309
336
358
336
454
323
485
384
210
369
386
330
381
285
363
353
283
219
295
184
407
360
327
323
455
393
366
164
406
336
417
270
394
244
411
331
291
298
328
161
371
279
359
346
321
336
340
383
365
343
316
401
391
371
303
397
299
310
692
331
474
358
519
373
393
338
415
387
351
388
371
363
363
370
386
364
448
386
373
351
389
358
599
338
326
374
376
261
310
331
366
347
426
366
382
359
436
338
407
365
353
353
376
376
379
288
426
307
291
152
453
341
254
188
383
366
421
349
388
335
398
356
393
383
268
152
391
384
617
350
461
349
201
207
374
345
432
370
386
291
239
308
374
383
234
383
473
281
401
374
452
341
285
250
377
386
394
326
398
360
449
358
345
348
368
351
408
388
379
376
468
354
324
384
283
368
446
351
433
385
454
250
436
175
291
376
441
338
351
311
360
338
358
267
481
373
370
318
389
325
356
317
484
323
421
277
399
301
338
324
483
328
453
326
383
353
356
351
247
329
321
371
444
179
499
371
376
354
424
338
414
341
376
371
286
375
439
383
456
343
386
303
406
339
384
333
295
363
384
295
383
351
343
403
411
338
421
308
325
353
358
324
383
353
127
336
375
293
338
329
295
351
313
356
370
371
454
310
304
363
355
346
507
379
501
384
376
333
486
311
396
378
373
341
308
349
456
384
405
339
483
351
453
280
261
177
376
326
385
248
451
335
396
346
371
171
246
373
423
384
371
340
414
361
521
356
451
317
454
359
408
336
356
351
259
328
441
378
403
326
381
338
359
371
398
348
237
168
471
381
433
349
359
381
306
371
365
353
281
250
241
343
458
240
556
383
478
351
388
356
441
338
488
354
469
376
288
211
411
291
403
377
461
353
632
386
387
358
359
274
334
336
376
386
253
222
365
383
374
343
316
323
389
287
315
373
426
236
391
211
358
326
492
356
516
381
436
300
366
326
361
384
416
368
449
340
251
329
471
356
288
338
629
326
426
338
404
343
465
371
343
393
373
333
444
371
456
323
449
378
355
373
401
366
397
312
399
265
471
331
456
341
349
341
356
335
582
331
411
369
236
217
406
330
331
378
273
384
338
350
403
261
390
331
331
346
318
353
471
377
484
359
339
383
327
185
467
338
336
336
398
286
421
383
363
296
344
325
403
358
421
373
379
358
383
339
359
269
133
326
413
356
431
384
243
331
312
284
290
339
433
346
476
328
361
321
483
386
285
333
374
338
239
243
381
349
348
391
331
366
396
351
374
311
456
384
461
339
236
264
463
373
454
339
348
182
371
325
413
354
483
384
276
373
406
371
448
185
378
345
314
334
323
221
451
169
273
359
473
368
447
359
270
323
435
192
333
344
473
368
458
367
305
266
373
311
387
293
413
379
433
370
282
219
276
316
287
235
421
381
494
371
276
146
385
373
391
312
245
194
411
368
370
238
318
371
421
366
358
359
426
383
386
373
390
344
398
366
291
323
351
351
466
371
301
356
456
401
508
374
458
335
324
368
307
343
265
343
226
274
189
222
366
246
403
378
479
305
348
134
453
344
423
385
347
349
444
311
371
295
355
299
451
371
396
187
451
398
403
313
378
348
428
323
273
351
280
147
368
211
365
353
375
338
388
240
276
343
376
335
406
383
431
331
428
365
391
371
216
373
376
194
195
368
441
353
383
335
405
359
478
323
468
313
333
357
446
326
373
378
328
361
417
192
398
336
351
176
232
329
427
376
418
353
366
384
214
333
348
385
237
371
396
301
391
324
371
368
443
252
361
358
465
292
368
378
395
311
364
381
401
341
448
389
443
293
496
299
209
142
354
232
464
368
446
368
408
336
321
310
369
343
375
313
443
368
486
394
317
368
389
326
315
335
448
335
364
341
358
381
401
383
194
328
320
379
486
339
416
356
479
381
496
275
368
256
315
358
399
321
301
301
456
328
377
326
358
338
374
374
333
324
456
235
391
375
321
341
413
353
481
321
476
376
386
290
389
348
221
323
218
371
277
214
242
328
486
289
487
371
411
358
381
366
438
371
415
343
419
318
429
336
431
263
471
339
368
349
376
371
391
369
456
336
449
333
411
270
445
270
526
195
417
361
188
336
321
336
414
383
346
328
386
328
389
340
315
337
455
189
491
366
506
375
296
404
391
401
431
366
464
370
359
338
367
326
388
378
381
353
511
272
356
351
258
387
293
237
464
328
508
339
381
336
379
338
361
219
451
331
386
371
436
383
489
365
614
341
459
274
488
311
404
371
204
211
404
394
386
173
361
343
287
326
335
330
474
281
683
338
396
376
465
281
334
383
463
366
291
328
434
346
355
346
689
371
476
301
355
369
369
251
371
368
401
384
298
196
704
323
419
219
469
313
386
343
506
361
449
381
484
303
417
371
373
334
386
229
447
401
456
320
449
343
310
368
423
384
403
308
349
282
122
314
438
389
301
214
418
222
363
368
387
353
309
399
381
353
454
361
405
338
401
307
365
165
451
351
457
217
291
325
370
321
473
336
446
326
481
351
414
371
469
272
456
343
415
331
328
381
473
354
372
326
481
333
383
356
449
341
390
343
343
366
333
291
230
336
299
204
463
353
451
299
376
304
273
347
259
353
325
195
366
389
478
293
419
360
403
369
431
350
423
384
391
336
451
158
282
204
444
246
487
260
285
271
441
333
389
386
379
234
355
368
353
383
329
375
404
341
413
384
403
383
406
308
369
345
277
351
451
291
434
339
363
389
426
339
316
237
318
326
498
373
413
374
451
254
419
341
356
351
434
383
357
369
368
336
403
211
279
383
366
343
398
333
367
281
388
343
466
377
413
306
469
378
489
376
456
358
406
344
356
366
368
373
386
324
415
361
642
336
469
336
366
328
463
365
363
261
720
283
454
326
311
311
498
371
473
248
190
310
408
338
423
383
461
377
213
358
453
336
453
341
463
291
469
138
361
336
406
378
354
338
423
368
200
338
419
368
418
328
426
154
461
328
634
386
481
286
345
387
415
262
469
293
334
295
368
358
413
283
389
346
417
330
400
364
309
373
561
261
413
254
436
354
391
321
466
353
461
311
393
346
241
119
477
309
406
313
388
383
453
379
489
384
446
328
127
314
356
384
434
370
413
383
682
288
313
339
469
351
455
375
459
333
373
379
398
338
441
325
644
391
364
331
321
375
466
381
431
383
463
331
386
381
214
371
609
339
466
358
449
346
438
366
414
223
378
386
444
384
399
324
313
371
376
376
368
274
401
389
536
141
371
336
311
268
461
374
136
159
424
296
454
231
209
324
351
354
413
381
388
355
474
325
466
331
459
329
498
383
374
323
303
326
449
329
451
252
441
354
501
376
408
326
331
367
443
358
433
330
314
359
412
383
323
339
401
374
435
346
456
381
411
384
451
338
198
344
361
351
421
344
466
339
416
339
518
368
456
370
476
376
456
383
369
316
478
282
397
171
461
270
491
386
474
346
427
378
371
353
404
366
403
339
426
281
174
198
476
271
401
306
461
198
469
333
379
351
423
138
456
323
420
283
443
351
439
314
423
181
459
371
506
301
266
374
375
331
332
333
407
258
403
257
468
326
368
373
369
337
361
201
584
339
519
330
425
276
348
197
463
282
481
269
449
387
350
341
421
343
329
247
491
374
453
338
431
291
474
381
396
354
222
136
386
386
421
341
395
387
416
376
437
374
474
396
439
321
375
338
391
230
374
353
270
150
449
371
464
331
471
341
441
341
452
356
381
324
210
143
528
329
461
381
428
338
469
358
235
338
448
358
485
378
454
333
489
373
484
378
383
371
250
300
414
374
489
393
419
340
486
371
401
369
508
359
296
193
468
358
423
373
375
285
411
351
361
371
453
384
454
379
437
408
453
275
396
389
469
373
361
368
461
379
221
189
470
321
479
384
494
376
427
378
365
247
383
323
454
403
438
385
401
369
329
351
399
323
454
298
385
326
259
202
293
197
376
339
399
371
421
371
303
231
359
336
251
371
438
193
455
326
461
338
469
378
368
328
394
323
426
355
521
197
351
375
448
336
459
285
413
336
451
339
504
313
271
162
441
335
374
239
454
222
317
330
415
256
435
354
319
215
393
347
418
353
287
158
432
343
363
346
384
368
418
376
463
328
568
388
454
192
444
343
361
356
400
371
364
369
411
351
501
383
453
206
448
321
446
268
458
338
489
369
416
293
629
348
393
326
465
385
461
212
383
339
379
261
491
368
449
373
319
334
456
368
441
351
459
338
351
383
373
356
445
260
403
375
443
335
359
379
504
349
459
371
508
135
383
384
388
358
413
320
489
331
406
341
476
366
389
385
408
389
441
411
308
174
373
313
441
383
463
356
356
261
506
294
479
325
389
385
453
353
476
278
710
344
411
378
216
160
446
368
429
350
330
386
399
325
487
376
467
326
394
376
437
376
485
321
358
364
424
189
461
328
243
205
378
368
457
338
436
333
397
358
449
346
303
204
451
193
424
346
481
368
506
328
425
369
396
274
584
314
501
384
356
348
448
335
282
339
363
338
339
328
433
383
304
386
501
371
441
350
349
356
467
375
413
298
459
369
414
336
376
344
415
330
747
328
278
339
311
368
