358
339
336
338
346
375
395
326
373
336
343
336
336
378
391
341
280
333
415
333
351
359
296
336
303
227
388
383
396
385
181
368
498
355
258
199
305
384
366
283
360
330
322
228
278
328
338
371
393
356
301
184
353
346
364
325
421
373
290
342
273
371
367
350
406
343
338
337
313
204
409
378
276
324
393
124
373
237
371
356
388
366
293
376
278
368
371
338
411
222
368
318
336
386
399
371
283
263
193
384
492
378
419
260
400
252
326
343
287
230
433
237
339
391
223
218
298
383
199
336
424
385
363
245
199
268
203
380
375
383
323
310
311
374
409
293
277
367
291
197
271
371
306
348
421
326
390
301
212
386
373
318
336
371
260
361
346
351
321
348
311
331
291
383
463
261
204
393
406
247
438
374
364
356
208
346
309
339
301
343
369
240
181
226
194
248
293
335
240
204
411
188
301
386
289
368
160
176
197
225
290
370
188
350
287
338
304
343
283
196
285
272
253
184
359
247
308
348
325
301
358
349
323
338
441
383
198
333
388
221
386
371
300
281
334
221
314
326
382
388
291
343
426
9357
236
337
315
325
285
343
398
281
346
255
371
378
443
323
324
361
181
321
275
326
300
340
345
336
369
375
288
353
308
386
313
401
393
330
371
351
438
379
271
314
129
142
389
313
181
216
346
323
326
279
274
323
282
215
261
221
406
338
398
339
431
374
204
147
384
336
275
387
276
150
466
371
227
237
408
311
310
323
303
244
237
272
371
359
359
340
406
370
260
222
369
287
311
257
293
341
383
189
391
374
446
337
305
328
212
161
388
371
471
378
308
336
373
334
233
210
391
386
381
386
385
371
464
298
384
233
384
328
305
320
306
368
268
313
388
373
389
344
299
316
401
371
344
324
376
334
183
219
291
341
366
359
363
376
299
370
376
341
396
364
365
363
448
252
388
403
355
260
448
248
240
237
191
211
396
356
353
308
283
182
226
245
285
346
330
260
330
324
356
369
427
258
393
339
344
366
295
379
299
369
456
326
280
371
283
323
353
276
310
391
366
226
309
339
316
333
514
339
266
331
258
333
444
386
295
343
393
333
140
377
346
371
261
326
366
220
288
383
280
340
361
335
336
391
358
298
251
336
373
374
313
375
386
325
414
341
224
324
351
388
316
374
316
371
284
336
343
371
406
337
223
334
293
336
285
366
321
373
299
368
308
353
364
361
363
326
311
393
228
346
196
363
265
316
338
378
471
251
293
338
321
373
337
350
391
338
371
218
281
293
308
383
308
378
323
373
416
374
301
255
284
245
386
330
320
340
606
249
239
137
405
317
369
341
296
338
316
285
355
384
330
247
336
366
321
368
303
371
283
346
283
350
298
153
354
303
361
391
355
331
391
363
363
351
338
376
351
376
268
359
186
204
393
368
305
187
268
371
380
257
443
374
329
255
291
368
391
319
408
388
301
385
346
298
262
177
326
212
296
338
195
351
321
140
323
225
410
368
216
383
375
384
434
336
392
302
309
203
242
326
424
368
265
332
343
244
267
123
138
384
406
374
322
379
369
343
303
326
396
283
459
321
281
235
278
177
381
386
396
367
300
156
269
330
313
386
461
371
270
386
331
338
518
368
361
371
263
370
359
351
235
333
343
379
242
258
368
326
418
398
366
298
483
371
285
345
296
379
411
204
317
375
311
254
311
181
384
351
361
314
326
324
456
344
328
266
406
297
303
366
290
341
290
303
289
250
348
309
459
376
471
375
393
359
190
137
335
326
391
376
300
323
529
383
394
371
383
326
386
351
486
354
349
285
360
333
357
281
239
328
194
311
313
193
261
361
229
274
251
284
371
347
283
232
224
338
378
318
386
217
341
328
404
383
411
314
386
361
226
344
339
316
308
310
283
252
186
226
251
244
324
371
344
214
375
371
305
338
326
383
364
193
416
371
255
224
338
386
328
222
298
251
293
325
319
333
233
376
260
252
281
353
227
259
481
361
364
339
290
183
407
381
166
325
444
379
396
368
284
340
238
242
269
368
298
230
291
336
293
343
391
200
239
371
313
273
391
236
396
237
438
248
338
353
346
385
431
378
384
354
305
366
409
383
274
369
302
338
401
316
129
326
340
333
368
257
329
356
347
288
375
329
313
252
264
260
208
264
404
184
326
384
456
249
368
383
296
323
351
336
323
339
281
321
324
202
383
336
361
391
413
373
308
334
675
326
250
217
290
374
395
384
266
315
294
178
421
364
383
383
379
194
371
323
323
306
474
321
295
386
469
284
301
368
398
376
384
334
301
219
363
339
283
326
188
248
303
353
360
293
443
414
381
323
373
336
461
326
364
335
384
338
476
328
368
331
492
341
399
243
301
338
348
378
469
371
421
384
370
328
444
338
363
339
383
339
411
385
361
378
432
305
378
346
451
383
339
370
375
353
391
374
381
368
405
228
441
341
401
243
281
283
407
371
285
346
589
253
666
261
338
318
388
293
381
376
381
332
317
336
333
359
479
341
644
338
449
353
563
338
359
277
359
374
379
376
342
295
407
284
471
346
405
326
359
385
619
369
341
383
521
386
411
409
309
396
404
330
368
248
360
365
217
351
383
338
464
358
393
326
454
384
497
371
193
338
453
316
296
340
413
359
424
381
411
384
394
246
291
210
463
375
464
371
157
169
451
337
283
389
324
221
311
341
391
245
360
358
449
331
384
338
501
368
335
376
491
319
434
269
349
249
463
245
261
186
418
329
393
287
381
185
287
361
461
316
302
329
451
346
451
348
461
323
258
220
453
325
329
288
386
403
384
320
431
391
383
148
359
310
302
282
464
318
418
381
633
368
446
306
474
308
329
396
497
335
449
384
380
326
444
401
626
174
361
334
381
338
364
328
400
321
428
331
449
375
505
325
571
381
359
264
507
349
442
291
436
359
381
383
401
371
368
328
662
371
436
368
464
319
378
335
451
338
498
244
247
366
275
247
448
343
476
345
393
379
451
313
491
368
478
295
368
339
453
353
393
248
486
376
456
384
481
331
463
292
293
234
469
383
288
371
516
326
361
333
418
235
358
384
469
333
371
353
477
271
511
351
413
313
366
356
371
374
391
361
239
326
272
358
328
219
388
310
361
329
386
283
373
296
376
351
371
308
386
331
278
368
394
340
399
338
381
383
499
383
393
346
315
375
306
383
371
373
413
374
265
336
303
361
547
326
451
359
320
304
366
376
289
288
173
386
305
323
288
353
473
331
384
339
659
225
381
344
439
343
509
386
394
386
443
351
404
338
614
338
379
371
489
398
444
323
371
334
387
233
361
336
444
354
459
338
341
166
341
283
199
271
464
253
479
385
272
213
434
356
466
162
287
302
381
401
200
148
476
381
439
338
376
311
360
283
441
346
394
268
374
338
411
384
511
371
466
351
431
369
366
383
366
359
207
374
411
316
478
291
462
369
505
351
555
351
448
373
436
344
461
368
325
310
348
252
451
378
291
339
496
403
254
359
304
334
434
371
459
313
406
371
456
361
279
188
461
386
499
383
376
327
486
318
349
375
466
289
274
129
239
386
298
311
699
300
297
216
474
346
235
150
493
338
307
280
446
260
349
326
461
377
255
336
401
283
321
361
451
358
488
373
375
371
464
351
361
336
521
351
443
258
399
378
438
209
325
270
454
227
478
351
449
338
479
213
368
383
351
264
411
351
448
321
466
383
376
350
457
328
413
353
368
363
428
353
252
267
433
313
489
388
327
187
511
386
206
373
475
345
396
368
438
339
377
377
453
360
326
376
321
310
449
263
423
341
492
385
702
286
454
356
431
323
434
335
482
336
469
279
366
341
300
346
489
386
324
320
395
230
379
358
383
383
398
281
489
383
399
386
471
371
262
150
338
251
461
326
514
371
622
338
474
282
682
378
476
368
456
366
380
371
449
251
486
194
404
353
408
376
451
319
499
321
391
351
361
275
436
331
403
371
604
292
309
364
353
259
457
371
496
381
345
294
354
326
459
340
414
388
287
379
469
396
469
325
371
336
437
389
404
329
374
246
369
360
366
341
366
305
190
358
449
345
482
325
260
328
451
228
434
371
562
386
458
326
492
351
451
316
476
179
453
371
464
381
384
259
464
339
492
340
385
270
454
350
478
325
358
341
481
361
422
326
451
314
496
239
299
371
292
174
463
371
453
365
420
323
548
383
468
386
436
353
481
330
431
326
371
343
327
346
464
331
469
371
343
368
458
368
344
276
484
270
137
159
288
220
192
207
429
351
399
383
457
369
301
323
476
354
414
336
368
331
324
285
371
383
478
388
295
371
449
331
411
371
401
330
473
391
381
384
375
361
316
250
423
326
305
179
394
374
398
361
418
376
386
321
441
376
439
346
408
338
448
339
166
314
245
118
249
184
393
340
258
368
377
356
256
203
361
369
286
276
431
388
502
378
361
341
474
376
288
303
353
383
342
276
366
326
409
336
296
351
496
353
454
386
368
336
426
253
376
390
364
350
385
346
443
351
459
381
187
153
416
346
461
338
418
356
264
195
233
200
419
399
359
359
413
366
396
172
326
351
368
298
357
346
370
334
247
353
451
331
472
336
338
401
416
323
477
311
371
359
333
403
371
354
417
375
312
326
506
368
423
368
439
385
283
343
280
388
369
250
233
324
379
353
361
343
463
371
304
364
349
298
444
358
386
341
441
285
411
366
435
325
9082
219
298
323
494
366
324
369
306
321
297
383
305
378
243
378
213
383
456
381
403
361
295
355
421
257
401
330
393
371
436
351
488
389
423
308
469
371
276
333
335
353
401
384
456
383
462
368
383
348
453
341
333
325
315
253
416
346
281
376
374
275
368
288
257
391
376
335
429
323
294
359
378
359
448
361
574
338
444
336
353
338
398
383
466
356
431
386
476
325
249
191
386
354
398
341
371
338
448
358
408
396
452
396
366
276
356
384
457
350
453
326
348
296
406
228
406
308
471
326
346
378
365
263
349
296
391
378
427
404
473
155
396
381
336
338
458
326
568
272
166
354
433
351
418
348
439
329
616
273
326
388
408
311
355
323
381
224
322
338
399
326
398
311
381
215
358
251
431
338
371
286
316
383
413
296
386
230
162
370
379
308
327
361
454
256
387
333
399
347
425
321
459
341
385
338
348
331
353
333
236
346
359
340
366
306
346
370
408
379
384
336
291
246
431
213
378
276
358
280
358
365
501
315
501
271
386
326
175
326
446
336
391
383
331
232
481
379
424
215
711
267
319
370
478
370
271
341
358
341
351
310
441
331
473
343
378
330
337
196
471
368
356
371
381
353
526
306
298
208
554
328
253
211
426
379
423
336
516
351
280
315
521
346
342
358
434
353
447
333
363
358
494
371
394
266
311
330
248
339
409
376
312
350
454
371
383
378
436
381
359
262
262
326
458
291
491
341
371
386
481
281
448
335
376
378
469
320
381
340
368
291
491
339
385
364
396
286
385
334
560
343
502
394
354
326
363
383
309
358
448
324
378
328
367
265
413
303
495
308
301
365
386
356
371
368
481
338
394
296
714
371
320
253
461
371
441
328
396
383
428
348
456
351
406
371
451
334
404
214
386
341
299
357
368
384
265
396
246
343
414
321
381
341
434
336
358
228
453
210
374
389
437
373
344
376
649
381
373
318
363
338
391
339
423
261
281
356
376
358
499
367
416
376
407
360
388
339
426
186
404
326
394
370
297
328
403
338
398
338
371
344
409
369
396
338
298
368
144
129
396
270
429
325
406
270
459
335
351
371
514
293
411
371
335
237
379
328
364
201
399
385
406
375
474
265
401
358
296
146
349
242
350
384
416
341
361
182
411
376
434
373
356
234
293
337
363
380
546
354
391
298
451
336
481
376
351
361
371
348
364
336
416
335
529
383
277
181
371
344
371
328
398
202
378
333
383
338
375
328
433
303
372
339
399
311
404
344
438
384
339
368
325
246
461
391
406
381
385
341
351
291
351
386
388
346
356
328
443
384
481
359
489
378
515
158
455
386
452
375
398
326
438
338
471
381
488
366
353
206
469
359
504
280
471
276
409
344
379
139
413
369
461
259
383
353
274
371
401
286
654
370
403
212
458
387
401
295
477
343
466
380
463
324
586
346
317
389
449
267
439
251
336
383
341
325
409
357
457
337
408
384
368
338
509
212
190
330
378
326
353
219
359
344
398
278
319
258
347
378
484
335
365
343
325
196
457
351
315
356
411
358
394
354
505
335
439
381
406
323
411
251
295
359
331
383
423
239
124
361
616
305
391
346
394
383
389
343
476
337
322
376
401
263
556
283
464
368
379
373
245
326
378
331
363
331
205
385
338
384
384
333
278
199
306
339
384
326
436
237
389
257
365
344
381
385
483
286
394
338
346
223
308
331
423
319
437
343
249
328
386
348
408
274
411
194
461
336
288
338
393
368
411
378
376
328
232
217
339
371
421
286
398
303
232
358
406
278
304
227
455
343
318
384
446
378
233
136
461
313
260
338
463
376
339
292
375
376
447
386
518
254
371
346
299
323
350
373
403
371
386
383
456
377
351
174
449
198
454
341
444
270
418
366
461
320
358
326
308
207
353
298
572
386
370
361
531
371
376
386
451
207
261
343
409
354
689
383
322
376
397
269
481
376
228
334
486
313
473
376
280
149
406
384
416
346
268
248
451
371
390
366
366
253
453
371
359
355
377
328
378
201
461
339
401
391
328
282
448
351
436
180
446
377
373
336
449
157
677
338
321
264
451
351
383
371
237
381
383
365
246
133
340
385
438
376
272
228
486
389
456
368
326
369
269
239
449
371
423
371
458
243
404
214
592
326
483
384
464
296
451
381
206
166
444
353
374
338
476
253
496
359
461
272
331
256
478
191
411
373
461
404
491
138
309
316
420
371
483
270
436
358
401
371
410
173
311
394
418
290
369
386
516
335
475
323
336
262
502
376
439
367
383
186
478
353
435
171
454
371
413
371
569
359
359
333
416
383
324
293
366
371
344
326
413
290
431
398
524
300
353
222
305
326
443
341
456
316
431
371
316
351
454
343
446
386
228
172
379
290
355
236
366
341
468
357
397
389
386
353
461
366
359
368
358
263
380
361
456
377
449
371
456
368
435
279
421
345
481
316
454
316
410
366
418
383
243
366
306
358
391
331
415
374
380
348
393
386
313
370
501
343
403
283
471
327
358
361
282
141
438
355
366
320
448
336
363
366
421
336
449
314
348
399
443
340
407
296
341
324
408
326
190
326
299
341
295
370
374
326
345
383
411
263
403
204
519
337
454
384
487
376
416
341
473
358
468
296
351
308
464
371
694
231
409
274
239
374
613
311
609
365
478
388
358
333
431
369
324
343
443
272
398
340
438
298
349
334
401
194
251
315
302
298
471
368
458
344
501
371
327
313
457
323
406
184
471
291
492
366
302
349
320
371
386
289
196
325
461
350
444
388
386
393
454
371
361
376
457
384
401
338
419
353
256
334
421
384
352
378
424
341
436
326
443
341
413
381
431
309
485
373
351
326
416
324
443
386
433
363
386
213
409
252
437
336
279
326
456
371
373
336
501
329
366
338
486
366
317
190
448
324
491
373
506
261
485
323
381
353
363
351
363
326
277
343
237
353
306
381
341
335
411
371
451
371
476
371
428
408
357
371
471
389
358
387
457
366
349
371
377
371
463
354
441
311
476
381
284
369
468
375
485
328
475
323
436
373
451
376
276
321
363
371
363
338
444
383
389
371
447
376
458
308
336
381
446
229
253
409
379
338
451
368
661
135
394
376
423
313
486
166
501
378
434
338
441
200
474
351
356
339
431
153
467
367
381
338
461
369
442
384
334
326
406
375
424
294
459
341
471
383
426
385
351
384
349
378
287
365
458
391
466
206
391
359
363
323
388
343
443
335
441
321
489
308
588
321
429
351
386
346
252
353
419
228
434
326
474
376
279
379
312
383
307
353
445
358
377
314
452
343
258
158
327
386
383
326
411
283
331
319
474
371
248
350
481
376
451
349
405
341
481
179
451
375
206
296
483
386
443
328
398
369
448
358
244
137
418
326
433
365
388
327
458
341
338
373
482
336
461
343
475
369
478
326
443
235
372
344
185
338
459
378
464
261
493
349
379
253
266
145
447
343
203
141
476
298
436
383
306
311
356
141
476
338
466
371
593
376
438
358
417
308
459
303
418
376
238
187
196
208
486
340
461
381
491
386
433
323
391
351
516
256
426
328
477
341
463
235
374
326
687
298
286
358
301
371
453
339
418
349
448
376
402
368
441
386
359
141
449
365
439
299
200
325
453
328
451
379
453
330
434
326
483
259
316
189
431
298
345
246
316
365
341
276
287
384
374
387
411
346
443
280
286
310
245
254
292
324
476
371
366
326
246
343
331
235
369
378
410
356
446
343
361
255
454
373
399
333
451
341
471
339
449
273
373
339
371
280
406
391
719
238
338
193
381
376
473
268
307
336
418
375
396
361
249
378
436
327
408
321
406
283
539
273
423
321
404
273
264
354
415
366
361
376
459
371
299
216
341
393
350
291
401
338
446
345
201
134
255
348
467
335
406
366
356
130
449
336
473
162
484
368
443
333
399
334
386
374
421
343
345
319
383
329
441
361
507
366
419
331
366
371
449
316
426
377
421
383
487
356
445
328
459
341
436
351
506
323
251
200
456
381
392
353
524
320
396
383
422
386
501
254
461
370
461
339
468
336
428
330
302
344
391
336
446
356
426
321
407
264
488
371
446
353
460
369
308
385
389
225
311
383
469
283
339
143
385
344
466
398
403
271
321
265
288
326
438
384
339
314
496
370
455
349
376
351
386
339
499
398
506
376
370
387
433
348
389
309
397
371
466
387
373
276
463
321
411
285
377
338
539
374
393
353
408
383
353
379
471
265
381
343
398
384
461
386
438
290
449
331
418
358
467
326
225
343
396
216
364
213
461
339
436
376
446
351
415
341
644
376
398
331
415
236
377
331
385
236
429
298
463
338
467
346
265
203
429
172
237
298
369
305
477
386
439
369
298
371
689
321
464
311
339
314
381
331
502
298
394
360
427
251
307
277
399
359
624
370
398
368
296
324
