389
383
156
341
401
338
315
341
458
315
291
395
398
376
281
305
301
333
419
386
357
338
275
378
337
275
388
286
406
383
309
260
292
320
286
359
411
368
341
187
253
344
344
376
423
384
351
351
408
310
363
356
341
394
312
285
295
371
318
345
221
324
399
373
283
349
215
253
401
331
235
379
345
383
256
157
269
371
414
333
328
323
325
317
175
383
386
383
401
368
366
339
321
388
391
313
183
219
356
250
333
286
377
371
287
263
375
375
262
236
234
344
321
361
291
346
249
377
381
343
323
323
401
341
386
350
279
351
195
341
318
385
400
379
288
277
313
156
278
351
394
385
165
182
283
381
376
368
187
378
173
311
283
336
474
223
349
338
431
313
278
369
391
363
401
375
285
336
353
353
389
371
629
296
318
9183
425
378
368
320
369
331
189
250
331
258
388
323
375
371
306
325
374
325
436
376
391
202
612
340
160
191
313
303
415
381
293
264
300
338
363
240
383
346
345
343
300
275
191
351
403
386
264
341
278
379
295
324
197
234
369
333
294
195
335
251
330
336
423
303
310
395
297
338
328
290
196
344
477
366
466
354
451
378
201
331
425
356
371
373
353
294
378
370
376
166
389
368
260
238
488
336
306
348
283
371
403
353
353
339
363
341
426
389
301
160
317
369
272
378
351
383
401
343
386
370
285
386
323
230
337
255
373
248
266
222
389
333
314
328
327
381
351
329
458
333
307
345
259
206
210
225
275
253
203
221
396
260
358
336
175
189
254
235
459
371
293
318
261
356
341
338
332
353
373
329
291
376
466
356
451
248
434
366
150
180
251
371
431
368
353
310
311
329
312
349
248
325
486
351
325
368
306
373
404
374
270
368
196
375
191
371
278
328
418
321
401
386
237
344
363
273
383
323
311
331
241
246
316
358
394
328
347
326
280
371
206
375
335
330
312
195
361
338
350
338
226
197
394
325
348
326
375
378
311
336
334
311
398
370
369
314
403
329
211
338
484
285
381
371
331
348
291
351
227
345
311
326
119
383
566
371
268
269
341
308
227
307
308
257
411
376
331
383
303
366
273
339
300
195
396
383
291
324
192
147
371
331
303
371
350
378
334
391
283
336
306
245
359
323
306
197
305
336
301
336
381
325
289
247
531
326
244
257
287
300
406
368
501
209
368
333
316
348
293
261
368
296
343
371
301
358
324
348
371
336
173
317
375
341
308
350
318
341
436
283
226
197
326
358
386
333
318
386
329
309
267
297
474
325
379
323
388
311
261
225
328
371
291
336
401
379
299
334
274
303
403
237
393
386
388
339
310
316
290
219
423
379
368
328
319
256
339
335
343
358
294
303
298
361
293
336
167
225
336
129
127
281
237
326
379
341
378
384
319
371
247
212
364
211
298
335
316
158
267
221
316
346
282
218
310
348
343
383
361
358
391
283
282
384
296
379
523
376
416
384
371
345
370
351
229
341
260
308
260
250
288
261
276
223
295
212
454
348
298
369
349
223
419
368
378
346
274
213
383
357
419
328
363
358
239
145
304
280
293
371
456
368
373
182
195
374
255
184
275
326
534
359
280
349
296
344
315
357
200
239
310
333
278
373
316
343
378
336
386
356
403
386
345
383
338
239
294
326
325
368
318
376
408
285
405
339
423
351
271
237
398
335
403
328
173
346
245
183
221
337
403
253
288
326
373
393
316
348
233
303
353
378
217
133
447
381
513
321
311
368
293
324
425
373
214
331
288
371
438
306
311
271
339
346
275
328
423
371
220
331
308
373
228
334
331
326
287
396
201
313
308
341
423
368
324
367
284
253
268
376
446
325
271
341
206
346
228
314
193
274
346
376
491
383
320
379
319
187
311
288
244
336
381
338
258
336
228
243
401
323
359
340
149
149
396
343
328
384
391
366
363
250
371
341
263
203
241
233
431
197
295
383
441
263
315
234
358
270
251
386
327
250
304
338
315
216
354
325
313
383
380
338
285
334
313
383
359
306
242
359
201
192
353
346
332
242
388
368
481
369
298
373
321
345
293
384
293
348
371
369
394
376
293
23454
388
313
413
325
264
366
386
384
268
283
315
348
267
361
306
386
300
343
119
336
226
338
296
337
498
370
483
243
305
331
318
383
338
373
396
369
369
384
285
376
266
366
253
373
315
193
378
371
136
278
569
324
444
261
318
223
296
338
357
341
250
383
383
366
316
354
334
245
376
226
332
303
296
256
261
175
323
363
350
199
441
368
408
379
314
366
446
316
343
391
496
371
401
378
359
314
330
381
328
296
386
385
190
330
365
323
287
383
236
216
494
336
426
370
350
323
321
285
455
385
448
316
353
365
300
296
351
338
251
371
327
333
236
143
381
341
355
351
347
338
391
383
711
371
451
336
391
371
384
343
358
248
425
373
262
341
194
361
702
359
466
383
478
391
353
338
356
383
366
236
475
383
212
368
391
380
496
339
441
349
474
331
290
371
401
371
473
331
305
387
413
333
312
358
441
384
371
313
394
345
448
346
288
351
361
326
421
310
443
384
386
381
453
373
348
316
376
324
277
270
652
318
234
324
502
333
376
394
393
368
341
341
369
276
251
376
241
146
374
358
455
348
389
303
422
314
391
209
451
365
389
338
244
264
300
336
443
341
511
351
368
326
494
326
408
376
514
384
310
341
377
318
356
329
676
333
371
341
471
351
395
353
447
346
357
335
385
366
388
345
377
307
359
349
428
333
309
219
355
354
441
386
335
326
466
385
345
252
298
281
464
338
571
371
409
371
451
379
280
383
496
371
439
365
356
387
378
371
375
255
431
376
576
386
409
292
461
313
389
270
435
344
343
256
356
371
496
294
422
297
396
338
414
386
408
348
366
313
469
325
286
287
526
371
354
344
367
353
456
378
453
346
461
333
486
373
343
222
384
228
604
391
319
377
308
376
315
393
474
313
689
386
481
349
378
208
453
341
233
351
242
205
384
154
488
383
454
259
304
289
473
343
426
350
489
376
198
310
499
391
463
384
269
263
434
341
386
339
496
209
360
237
383
217
401
367
468
265
373
343
316
229
446
304
303
259
317
277
453
338
463
326
299
197
497
296
388
351
283
356
449
325
506
366
458
368
558
278
481
336
298
368
386
355
378
379
394
339
289
338
381
275
333
309
363
349
371
323
431
336
386
371
291
330
296
358
293
331
314
303
426
330
328
373
396
373
347
336
370
279
421
374
371
349
431
375
314
321
328
374
405
383
308
241
441
331
401
286
266
312
387
344
371
350
499
403
451
268
471
331
401
368
436
276
469
272
471
242
348
378
484
386
461
341
320
384
292
391
375
249
219
336
349
360
459
386
376
381
464
338
651
249
441
371
486
373
497
162
489
371
461
341
366
326
379
345
486
371
386
341
441
336
386
339
293
269
393
353
516
381
488
371
396
273
493
333
449
270
456
361
474
386
359
358
373
348
353
221
481
389
411
325
393
368
453
288
333
351
408
339
349
346
471
263
370
356
471
346
389
260
624
297
438
386
441
235
352
338
436
361
456
261
534
386
483
376
562
321
253
147
481
384
408
326
468
369
416
368
419
326
394
326
476
371
313
371
399
371
384
326
489
384
341
370
463
386
418
371
449
359
434
351
451
305
441
379
376
363
495
376
444
245
401
358
405
368
389
383
466
424
396
386
406
351
494
294
484
301
463
318
479
371
476
371
534
274
379
384
481
354
458
338
425
376
483
333
355
383
463
195
491
358
388
360
623
386
449
145
433
298
391
384
463
351
471
376
461
338
383
281
366
361
389
361
503
373
401
383
483
346
468
381
438
360
474
366
428
373
501
378
441
335
351
205
464
383
446
188
376
343
435
366
431
384
409
321
511
346
481
386
436
284
262
149
259
146
399
371
487
376
469
170
449
326
443
351
448
384
445
339
398
336
289
385
243
343
471
381
489
383
378
376
531
248
374
328
328
367
564
281
335
326
419
333
303
341
461
328
456
340
459
368
321
238
476
371
396
395
433
336
210
354
290
336
383
326
388
325
348
260
453
338
471
371
475
296
301
368
484
271
393
285
296
338
393
376
459
341
461
320
413
287
446
383
514
378
476
326
496
368
451
210
401
346
379
384
329
338
388
303
406
356
439
331
466
194
667
326
476
320
456
338
374
346
436
183
459
330
349
376
483
378
436
326
313
381
453
230
408
333
468
338
441
341
501
376
260
326
436
384
505
376
344
386
391
333
429
383
259
341
434
343
453
351
202
162
306
365
239
276
426
391
411
223
240
341
486
272
344
335
397
329
341
323
383
386
391
340
421
378
436
340
381
338
382
336
300
339
348
216
260
328
384
365
451
250
351
243
388
287
290
325
336
340
498
388
454
356
476
371
363
344
371
336
385
325
303
335
264
126
112
333
321
371
291
333
464
313
254
138
261
318
313
383
318
385
346
371
296
351
351
288
355
338
388
369
441
376
388
348
343
378
341
299
456
376
353
350
401
333
303
386
343
350
461
383
491
292
406
375
413
374
338
337
393
341
473
381
431
386
356
351
434
288
404
306
431
336
401
371
209
365
371
326
365
338
364
338
458
246
369
331
391
371
479
311
365
360
276
375
325
240
301
291
369
336
432
343
321
356
443
343
378
210
451
363
283
347
388
368
253
379
506
383
387
341
361
346
378
237
431
379
511
371
234
178
481
326
230
248
498
368
415
289
383
321
333
373
381
369
386
373
281
337
493
384
299
366
473
328
459
341
447
334
368
376
227
321
516
351
398
354
388
371
356
335
360
383
180
325
399
381
476
376
234
386
334
308
378
258
443
262
321
379
478
315
463
378
413
351
395
306
347
315
381
376
313
326
408
371
391
318
386
328
421
361
357
377
386
344
378
363
346
336
394
326
433
378
481
389
274
371
461
344
453
373
307
171
251
343
478
366
394
266
376
350
336
334
426
369
340
343
370
385
461
338
406
346
401
284
378
281
381
279
377
326
273
323
416
351
408
373
386
328
461
282
350
336
415
368
471
384
373
338
474
381
461
203
427
341
350
341
401
384
456
376
298
343
363
354
381
341
396
366
389
354
491
373
363
326
393
313
418
373
361
379
353
348
363
341
368
269
408
383
411
366
429
370
383
369
366
278
379
367
388
346
486
331
324
335
397
326
346
358
293
378
287
368
390
351
425
377
335
224
395
312
414
384
467
238
376
321
449
340
236
326
381
339
353
246
408
330
369
313
469
354
478
358
386
348
386
335
431
336
461
278
461
383
463
371
371
269
401
314
391
351
256
346
466
261
468
325
356
358
424
199
479
371
246
211
424
373
333
351
416
369
317
270
474
366
398
374
489
386
461
333
409
265
389
365
454
294
334
338
438
368
286
213
383
338
236
359
160
366
355
321
368
323
481
386
412
248
619
351
461
253
400
212
384
303
404
351
484
279
383
336
516
351
468
279
310
343
392
386
363
371
301
334
456
328
353
377
367
265
414
366
346
266
491
375
353
366
322
345
431
243
399
386
351
379
433
325
478
353
503
291
406
319
488
333
454
344
348
384
498
381
374
373
399
376
258
336
376
325
446
368
313
142
501
265
386
227
403
276
333
353
344
374
280
331
433
291
196
368
378
284
453
341
335
245
416
306
391
358
358
296
573
326
368
338
347
376
466
281
317
323
249
366
551
359
424
389
207
329
370
383
312
270
309
345
323
378
256
336
194
163
391
309
469
328
128
288
446
371
504
331
264
333
498
202
319
371
291
333
439
370
363
383
506
293
399
358
376
316
181
228
378
305
341
351
350
337
244
187
391
324
383
356
371
361
363
249
365
373
358
339
306
297
389
371
434
344
386
378
376
249
221
310
321
222
321
351
261
201
401
366
401
387
371
379
704
276
403
316
441
390
381
331
403
307
398
315
228
379
481
333
373
289
466
376
399
302
293
338
414
371
481
334
403
334
415
163
423
366
279
338
474
379
447
311
659
353
461
309
423
281
325
330
692
376
325
241
391
366
464
386
374
371
364
309
391
324
411
358
293
219
381
391
306
328
378
363
444
336
477
225
342
234
443
371
463
376
433
340
388
153
671
374
435
375
388
327
361
287
409
368
322
313
394
285
361
297
192
294
403
386
365
326
456
338
494
284
258
214
501
216
461
371
503
378
356
343
396
272
491
379
295
384
501
325
358
336
398
290
401
389
521
244
281
387
172
221
388
383
348
368
218
156
386
319
489
355
496
319
448
328
403
366
361
376
465
376
411
378
346
328
401
365
391
323
389
260
363
223
309
119
348
344
331
201
411
373
404
373
324
298
319
248
425
247
429
328
414
310
373
338
465
384
315
214
308
266
214
358
418
358
366
220
687
371
403
236
381
193
495
374
655
379
451
366
391
356
408
264
473
353
333
343
322
371
413
354
381
331
409
381
431
383
494
384
403
379
371
339
446
338
319
344
391
344
560
343
155
211
368
350
474
321
468
334
252
376
399
338
415
363
348
353
252
136
491
255
361
346
381
214
336
383
389
379
404
192
174
358
431
381
393
257
338
379
413
249
393
374
368
338
466
187
498
378
481
288
439
327
381
361
251
338
469
379
381
326
376
374
286
336
379
350
386
313
494
371
568
202
421
276
388
346
384
308
351
339
391
376
285
391
386
374
404
325
418
383
491
331
398
339
646
343
263
212
304
177
348
247
298
374
464
325
421
376
486
328
471
235
293
346
507
326
350
346
431
378
190
378
486
336
451
346
413
358
441
355
489
394
404
325
384
398
261
207
363
152
431
378
339
351
444
311
229
345
451
371
386
150
394
302
387
341
334
266
199
248
464
321
418
366
358
328
456
192
322
322
439
325
387
385
441
326
268
298
448
321
326
190
489
361
452
326
416
366
468
278
413
271
396
341
475
371
296
311
315
229
461
351
374
371
486
377
378
275
363
187
251
385
410
225
376
384
387
233
518
391
361
338
456
346
418
279
437
301
343
383
391
172
486
215
299
353
536
368
454
388
338
328
401
195
466
358
380
351
359
237
358
341
200
323
439
384
363
212
447
396
396
371
485
311
310
366
506
376
497
370
376
373
383
366
408
371
361
356
376
353
446
274
323
334
438
383
417
378
416
383
391
223
334
391
419
386
296
339
232
274
514
386
299
313
399
259
474
266
401
265
491
306
396
391
453
339
414
388
408
251
439
361
406
353
471
346
388
348
393
359
285
302
484
381
387
338
506
145
371
326
424
173
373
271
266
326
321
383
403
260
475
307
391
303
389
316
423
258
378
293
393
289
435
371
387
386
476
326
308
334
239
339
451
391
312
343
434
370
370
335
319
215
416
335
506
323
436
339
263
336
356
341
448
335
531
376
466
375
352
194
364
341
390
335
267
174
401
368
496
369
383
378
315
319
309
357
494
368
393
258
294
219
434
326
445
343
471
393
456
331
416
383
304
326
393
323
234
346
416
359
471
283
489
386
426
341
482
291
324
258
401
384
340
248
492
316
346
323
391
308
478
369
491
376
471
306
384
368
479
361
210
341
369
346
384
374
579
334
431
331
443
343
314
384
334
195
316
328
280
321
471
326
494
351
216
383
368
199
390
374
453
366
491
316
416
369
342
346
536
383
272
371
486
330
201
165
487
381
385
365
434
323
453
336
455
351
311
232
348
335
329
303
447
343
329
306
455
167
458
244
231
313
314
333
491
294
386
383
433
240
479
344
494
369
428
366
260
157
366
226
489
371
378
318
325
331
415
375
459
376
441
338
364
356
217
325
515
378
383
385
451
333
196
325
363
326
421
383
484
238
316
346
456
303
429
211
459
356
360
326
458
291
378
323
411
279
477
351
446
311
358
338
325
324
478
371
494
347
421
383
305
325
435
323
466
311
481
331
277
351
457
285
435
371
327
272
521
266
526
261
501
360
458
385
474
383
399
343
405
240
257
326
441
346
524
381
692
376
464
378
265
286
508
339
421
379
444
284
224
163
476
351
443
280
443
333
484
216
434
366
456
303
377
331
398
331
484
328
361
238
364
333
463
384
497
276
291
341
469
326
469
359
416
356
451
395
330
337
481
364
287
123
469
365
318
323
319
268
263
370
458
368
481
319
222
201
461
410
451
371
392
366
292
155
399
144
234
399
466
381
466
368
441
361
393
230
317
306
483
369
446
325
447
303
437
319
459
250
479
280
353
393
295
343
468
366
376
236
259
351
312
337
263
361
318
338
476
367
433
271
451
305
389
393
469
398
484
376
499
257
456
331
421
337
328
326
449
384
398
313
409
339
431
379
529
351
221
361
465
385
461
368
386
334
471
326
391
373
312
383
436
343
448
388
433
326
434
259
396
367
446
269
441
311
316
220
431
301
477
328
453
293
413
368
413
354
511
370
306
336
421
330
479
371
399
391
308
328
283
338
263
253
371
338
379
466
356
361
368
358
461
351
463
278
439
321
385
320
551
369
346
247
446
363
391
386
352
321
281
252
447
351
324
386
252
159
366
388
482
368
372
376
474
306
446
311
384
325
367
314
494
386
378
341
437
384
224
351
273
131
260
338
451
343
454
389
423
366
353
368
479
358
433
316
463
338
478
378
353
204
275
383
441
321
416
373
269
339
466
381
624
337
453
326
501
209
411
383
486
383
409
252
493
299
486
214
456
388
279
328
461
211
464
371
342
184
631
383
464
338
434
346
724
371
408
325
476
374
453
331
451
338
348
287
396
336
361
331
459
323
363
348
365
366
339
349
506
336
411
376
446
371
451
312
481
327
309
398
438
346
466
374
381
386
449
381
476
371
451
369
406
291
469
367
446
350
461
213
379
371
511
349
425
239
409
389
458
288
464
338
385
370
457
366
414
384
441
287
471
336
292
338
468
329
381
331
722
383
479
370
479
384
461
353
472
331
369
365
333
379
421
393
361
351
284
383
398
383
353
371
448
339
376
416
438
338
326
253
506
383
252
339
426
384
416
370
464
371
461
346
459
334
496
204
399
346
401
336
453
325
383
284
342
193
486
381
375
313
396
333
401
121
355
331
188
141
358
338
458
383
421
348
372
280
286
369
469
379
433
345
364
326
371
376
353
354
476
350
476
369
437
376
378
257
302
341
320
297
