200
351
384
391
389
371
416
388
192
287
187
209
186
386
315
363
349
379
353
214
336
301
328
376
421
335
326
334
277
353
407
381
503
271
424
357
443
336
9426
206
411
379
426
215
303
370
246
218
346
291
366
346
295
321
290
361
388
357
463
366
386
375
264
385
293
393
287
363
197
326
479
376
298
391
197
283
268
366
374
385
221
264
309
376
546
365
295
378
405
383
370
354
285
353
400
234
346
376
491
364
408
391
306
379
316
353
192
344
413
207
294
363
224
345
393
223
248
177
311
336
250
232
262
391
395
356
361
255
281
343
709
349
216
331
203
279
373
338
468
363
294
176
327
359
268
311
338
346
268
377
518
327
390
356
215
334
358
391
458
337
328
316
308
353
224
363
286
388
388
368
224
255
356
378
308
373
375
343
177
328
287
311
456
261
323
318
371
353
198
338
283
393
315
386
281
244
426
381
391
209
324
335
451
335
288
381
389
305
331
348
404
393
168
348
424
319
514
359
401
363
371
338
200
355
293
283
389
334
471
335
379
271
331
344
293
378
202
236
300
354
293
391
373
346
340
233
331
343
448
394
441
354
359
386
326
341
378
324
176
387
378
351
304
195
414
300
303
361
212
351
181
358
366
313
329
326
396
361
318
286
288
398
338
369
275
376
491
346
296
340
303
341
288
331
304
348
314
250
388
355
401
336
491
363
404
377
423
380
293
364
210
202
396
379
387
363
326
303
368
364
404
207
316
350
365
296
394
351
416
303
279
195
295
351
374
354
319
346
326
394
399
358
330
406
421
383
363
359
303
297
541
343
351
361
427
383
333
373
378
360
187
356
429
391
328
296
283
335
295
338
449
351
368
390
381
336
311
311
428
366
378
310
236
363
181
339
339
351
491
373
255
341
359
336
265
331
341
143
451
373
280
384
351
376
319
349
373
346
336
281
321
220
364
366
324
391
376
326
257
374
276
358
198
238
333
391
441
391
398
386
301
374
476
258
508
331
488
401
392
279
283
364
308
361
331
383
356
350
311
333
256
289
381
291
265
374
454
385
368
351
321
374
306
399
421
379
347
351
318
336
364
343
354
364
144
167
276
341
263
388
301
358
375
376
245
373
353
273
232
391
351
336
240
363
323
257
421
399
399
346
363
391
291
341
303
323
193
356
451
256
293
344
366
378
247
225
290
388
328
391
329
376
320
384
254
378
323
371
313
393
283
260
321
384
376
391
286
391
408
391
353
366
391
308
217
355
217
264
411
349
291
393
381
282
284
376
363
375
393
349
288
381
304
386
312
373
368
215
311
257
324
248
306
356
298
373
321
333
413
375
291
377
293
353
301
333
304
348
307
385
313
341
293
335
189
235
390
242
313
341
393
351
399
393
246
353
260
336
261
176
342
237
469
341
225
246
305
384
364
348
242
383
308
348
323
381
311
260
247
351
373
292
329
348
340
259
284
336
312
293
286
351
286
333
406
343
379
350
286
230
368
350
393
336
285
374
326
396
443
391
255
333
270
343
389
338
333
351
378
351
411
346
297
356
371
366
393
374
294
180
448
353
324
338
295
378
204
353
331
201
376
208
404
346
265
346
286
391
273
379
222
183
204
381
326
376
271
358
216
391
190
198
374
377
461
366
404
333
308
374
326
328
346
293
305
363
300
338
245
271
384
343
398
313
291
336
199
374
508
323
284
296
296
356
346
393
262
325
329
351
396
364
459
335
494
346
293
381
288
335
306
345
399
326
345
384
194
261
453
343
503
262
368
363
326
381
397
369
378
373
330
384
247
299
376
364
256
366
356
376
506
213
397
391
458
189
381
379
237
346
386
391
260
383
394
373
242
389
340
341
639
341
469
283
233
266
257
336
350
361
411
356
421
390
398
337
329
393
127
163
291
378
125
149
473
333
386
364
321
384
318
384
306
343
393
338
423
323
370
335
271
376
385
301
272
346
426
391
409
326
403
175
436
316
373
291
401
346
351
424
457
328
306
341
307
346
361
303
166
236
303
343
212
264
419
217
210
348
237
339
263
338
316
255
375
195
299
391
553
339
336
354
399
386
267
381
363
386
393
223
301
373
321
158
359
391
256
336
434
137
348
350
374
389
303
376
378
391
373
344
409
378
363
253
311
344
421
379
238
166
426
273
371
389
323
383
369
376
451
326
403
381
370
348
308
369
311
378
284
350
371
363
381
349
268
299
394
351
323
351
298
391
411
314
304
242
366
343
344
323
309
277
385
351
248
386
393
374
336
387
351
391
331
379
368
257
494
376
493
338
294
363
422
373
366
364
403
350
248
266
403
389
225
228
406
201
282
318
122
324
498
366
308
390
386
374
386
386
354
298
336
177
443
350
335
386
401
353
365
336
391
337
374
325
333
376
391
301
395
323
425
263
428
263
481
275
339
361
389
346
518
371
478
379
453
380
373
298
452
338
375
338
275
386
260
391
368
391
375
345
417
330
394
391
431
391
395
360
202
339
384
338
421
376
179
213
449
325
454
225
417
386
253
328
336
391
423
349
330
283
431
390
376
181
444
391
297
369
373
336
424
361
441
351
320
378
246
391
378
379
337
353
296
299
253
336
345
378
366
350
396
361
471
316
381
366
504
419
404
376
379
358
411
338
397
386
390
384
401
399
344
349
396
391
211
376
365
383
333
326
358
338
259
353
318
321
406
343
694
385
501
353
516
340
298
359
501
381
468
389
370
257
396
331
241
336
374
207
468
212
317
366
411
376
464
234
459
353
461
323
501
378
445
398
473
366
189
147
416
391
354
391
428
349
358
356
481
381
284
270
651
348
436
391
228
357
491
391
368
351
414
288
405
366
388
336
371
381
234
320
459
333
423
366
456
385
539
388
401
386
378
294
451
386
399
399
393
378
456
391
426
419
386
374
381
351
491
351
364
381
378
349
421
243
391
341
504
373
734
378
501
259
431
366
457
349
455
351
464
311
248
142
451
338
486
378
469
233
475
346
469
373
386
361
484
341
353
333
463
393
380
234
311
385
443
281
424
378
364
306
373
314
314
353
446
376
459
293
369
343
297
162
261
323
507
331
331
379
451
294
431
386
263
330
553
351
381
309
409
255
499
391
494
350
441
386
461
338
406
320
324
333
326
350
359
386
407
298
316
393
278
348
219
351
242
223
717
378
363
383
384
376
255
386
311
351
329
379
222
118
529
301
481
379
493
381
483
363
336
386
290
388
401
364
551
294
287
325
408
391
379
338
395
333
311
364
419
311
434
341
371
353
335
289
499
373
421
351
441
346
481
261
404
260
469
356
315
349
476
288
511
391
433
381
411
368
366
386
471
336
436
368
317
228
431
281
403
386
395
344
466
351
364
383
494
376
483
306
358
338
454
361
414
394
388
359
491
394
426
366
369
364
448
375
178
380
373
389
474
333
324
351
509
391
319
336
506
388
378
379
408
363
460
379
483
344
418
268
445
353
464
381
233
334
388
363
416
408
444
272
411
336
357
353
499
269
784
376
451
351
501
333
453
384
468
271
468
376
381
354
424
354
395
297
479
351
308
348
443
307
453
174
387
346
453
361
443
351
461
287
329
348
314
391
314
375
374
353
255
373
424
351
391
394
374
331
295
361
484
358
463
346
451
373
534
323
459
373
507
366
476
363
466
336
466
334
324
389
398
361
471
296
463
319
474
153
401
381
241
284
456
271
486
339
424
363
418
391
449
346
476
348
496
378
463
333
344
379
287
200
421
279
323
376
418
363
454
375
464
391
451
351
484
348
419
366
506
366
479
383
397
366
454
264
513
401
466
364
464
329
444
374
498
406
445
376
471
401
476
211
483
361
309
282
438
375
532
373
350
211
411
386
399
333
514
343
398
336
496
366
518
315
483
148
249
162
501
386
493
390
427
235
435
396
431
354
454
348
468
336
494
350
481
349
312
386
481
383
411
324
494
353
464
393
350
233
448
352
388
348
334
281
431
326
421
282
481
323
339
339
449
253
376
348
359
379
424
394
446
350
276
381
408
393
406
385
431
335
478
391
486
383
621
366
448
343
396
351
441
336
486
396
697
366
451
363
476
384
446
379
467
217
474
369
467
391
383
224
354
364
459
341
454
236
416
351
466
409
376
368
456
361
491
381
468
386
403
258
546
383
414
391
459
374
477
350
443
364
373
348
449
346
507
378
421
233
374
222
441
333
419
385
400
393
466
341
381
351
473
401
471
368
459
391
408
348
443
354
354
378
456
391
211
399
378
376
467
379
226
321
476
321
396
275
279
253
473
379
371
391
418
308
394
313
255
333
467
356
389
333
344
368
413
381
391
335
441
378
446
288
501
391
370
338
312
194
351
386
474
336
421
356
466
351
350
363
411
378
385
318
445
329
499
386
451
346
471
376
295
158
397
146
454
391
443
381
437
391
348
336
318
318
320
350
598
303
543
351
473
359
293
318
511
378
478
366
375
323
461
351
359
391
255
386
449
379
344
333
199
295
411
381
488
351
311
393
233
183
290
340
395
302
499
379
381
368
476
344
411
331
336
304
458
324
450
373
427
331
451
258
487
376
466
331
356
394
371
350
371
348
399
374
368
348
501
341
399
373
339
348
396
195
376
291
456
395
332
394
401
330
268
351
379
391
416
391
242
358
435
396
243
346
317
273
369
406
491
378
198
346
441
391
365
325
399
206
496
315
406
378
388
348
357
383
315
343
356
391
423
386
373
363
403
380
408
385
371
378
376
364
371
339
288
348
361
383
375
351
443
197
293
389
488
243
446
358
347
345
434
349
386
338
386
338
363
354
406
387
451
391
479
363
350
253
436
358
439
346
401
318
521
313
386
281
389
348
381
351
311
386
340
372
376
351
384
353
391
345
391
389
468
348
426
399
421
393
414
351
418
391
347
350
461
393
329
355
434
341
489
340
361
335
394
323
471
376
378
358
366
333
381
391
386
371
301
356
301
248
338
326
478
381
399
303
331
401
423
381
361
378
376
338
249
283
393
383
376
283
453
373
414
389
443
367
441
349
386
383
375
351
309
391
389
379
384
358
378
286
317
348
323
379
426
351
226
376
272
338
332
351
396
308
330
380
529
376
436
314
394
391
439
252
363
431
461
336
423
366
356
351
504
326
368
391
218
358
272
232
399
324
468
335
411
383
489
384
438
395
363
388
394
356
350
379
246
228
413
269
517
393
373
365
364
217
368
336
401
298
433
391
461
376
320
341
403
281
423
341
379
361
531
343
409
388
354
383
466
373
463
378
364
194
408
338
378
416
389
376
481
278
478
338
491
379
493
331
383
343
369
338
481
358
386
389
441
346
532
396
388
335
551
302
421
374
409
376
381
296
411
361
506
381
459
336
466
351
391
334
387
361
389
391
461
333
351
326
468
338
469
381
373
296
383
263
453
378
307
384
381
379
429
306
309
278
361
358
411
375
311
287
454
340
493
363
491
360
351
321
343
351
646
381
476
376
364
244
378
299
474
390
388
366
404
319
245
193
358
371
369
388
439
391
265
204
476
367
454
343
359
364
471
324
391
302
265
379
299
350
464
346
401
378
426
376
551
353
369
143
501
259
266
381
474
350
459
361
425
391
384
333
484
234
606
356
191
323
391
335
396
396
386
305
399
390
446
285
429
333
416
394
371
391
454
349
248
191
425
377
373
250
388
333
373
390
364
378
396
253
391
348
400
376
204
202
335
265
323
317
275
331
384
351
378
393
408
220
386
354
393
378
321
347
395
391
316
379
413
389
371
350
355
393
386
373
316
351
398
361
373
236
278
333
456
376
391
337
329
303
359
343
268
398
408
374
351
373
377
224
295
378
257
391
325
376
390
188
234
179
428
374
271
379
384
334
400
323
319
353
369
245
376
288
381
336
411
328
415
358
441
261
398
318
276
202
378
338
436
394
305
376
386
348
262
336
388
358
484
178
366
369
384
389
411
356
387
348
383
344
496
383
459
406
398
363
373
379
490
384
428
239
316
368
360
328
503
323
451
376
484
331
451
391
406
348
318
199
399
390
454
288
366
351
276
323
421
370
463
338
376
368
409
353
391
369
421
137
458
188
394
388
379
326
379
391
384
376
408
258
318
366
339
393
199
150
411
396
471
270
396
376
309
355
368
356
468
325
251
305
339
388
459
274
459
346
415
379
446
338
411
226
614
363
303
224
399
320
324
216
594
203
378
388
334
374
368
366
472
217
375
351
449
340
448
329
375
355
383
375
429
349
363
376
469
366
459
348
389
368
209
373
341
346
399
383
394
374
413
380
381
280
401
291
401
391
383
346
408
289
461
306
458
376
395
358
417
373
409
388
346
376
347
381
398
388
397
381
323
198
305
189
494
373
426
388
393
379
361
391
325
383
396
373
384
341
497
323
272
346
451
350
311
336
401
333
381
339
684
325
357
275
381
326
394
375
423
365
376
376
398
381
401
386
408
378
428
374
476
356
418
381
429
342
407
391
286
348
413
346
283
376
426
216
335
184
429
258
499
391
421
307
461
200
436
378
308
219
227
345
373
326
394
306
394
308
385
346
413
305
516
391
373
346
342
252
476
338
315
224
256
356
353
308
406
356
448
335
499
393
484
311
241
328
464
385
302
323
448
367
420
391
564
378
387
281
387
391
428
396
394
389
438
272
469
319
264
376
438
338
428
391
415
407
279
212
391
378
418
378
396
379
279
318
368
391
384
366
438
381
232
383
406
338
483
174
356
399
379
383
320
365
482
213
305
324
474
318
426
396
521
363
386
318
476
346
413
353
222
338
246
205
361
394
472
359
369
391
609
386
309
353
501
260
449
381
449
346
363
383
409
355
444
391
415
240
293
378
457
378
376
278
469
351
368
349
405
228
457
373
451
361
499
296
496
373
356
365
408
267
499
403
401
331
391
346
451
366
428
394
476
359
365
401
235
214
318
214
401
391
381
231
394
349
403
394
404
379
225
386
368
373
414
311
391
334
472
339
396
348
403
366
420
356
466
343
446
389
379
366
291
279
279
389
391
375
481
349
219
364
392
317
439
377
499
378
436
321
369
328
235
365
283
309
313
286
293
381
340
314
403
343
290
283
409
295
324
376
308
363
234
353
258
160
293
266
324
294
461
358
312
356
571
218
409
348
448
368
296
364
376
263
389
383
687
389
361
365
410
336
318
394
346
391
517
391
431
216
446
393
293
314
466
300
613
355
381
349
413
293
394
317
474
283
378
253
468
391
311
363
448
386
341
200
451
348
464
336
290
379
393
366
394
283
468
333
446
363
491
317
622
283
282
350
374
346
454
338
416
384
418
338
380
336
391
366
486
374
369
354
366
366
456
356
459
379
266
384
334
224
454
379
278
167
317
339
371
289
464
155
331
333
286
259
461
386
368
333
313
213
471
333
239
173
465
339
441
363
391
355
464
364
459
337
341
225
376
366
414
358
453
383
441
147
418
333
454
383
645
376
471
324
316
350
471
368
321
394
441
333
451
349
324
363
393
376
472
384
473
316
491
384
376
361
445
385
369
349
456
379
413
315
591
391
456
378
373
293
464
364
398
381
255
366
446
381
426
349
336
316
408
327
314
374
291
376
491
385
448
333
471
314
363
272
388
284
430
331
488
391
491
385
451
381
463
374
459
363
444
374
497
195
446
408
459
351
486
378
401
337
561
381
443
363
519
294
425
393
471
376
467
336
368
335
478
369
431
373
381
248
488
147
555
261
476
338
496
383
471
375
354
331
395
345
174
146
281
191
426
268
320
172
357
307
351
313
203
364
351
169
506
351
391
376
376
341
369
349
493
336
422
391
443
346
425
313
309
376
421
351
399
316
313
344
349
344
424
301
416
309
391
376
383
349
360
348
383
374
406
390
388
341
384
386
413
394
408
355
439
381
399
377
408
262
419
279
408
340
496
375
471
350
436
243
429
324
508
391
321
381
459
341
332
376
203
391
481
358
317
230
669
394
354
378
518
375
423
347
461
335
381
333
449
341
521
376
488
338
498
354
401
384
388
289
451
315
466
339
499
257
484
334
486
349
486
390
469
351
448
313
478
393
466
401
448
373
338
351
634
348
418
244
455
259
384
384
481
353
456
335
451
369
403
391
307
363
459
303
449
333
426
379
509
222
661
326
389
343
357
150
439
381
484
391
476
266
346
343
368
391
428
202
477
346
487
379
403
348
416
383
475
350
281
321
441
199
431
369
391
363
391
366
376
371
481
341
503
416
403
371
471
338
275
311
289
373
491
366
328
265
325
391
382
215
311
366
381
333
464
348
270
391
371
142
293
381
378
217
375
292
436
351
309
259
454
364
263
157
305
300
459
289
373
373
366
389
403
291
466
323
455
337
459
158
552
383
541
307
441
314
476
351
469
323
295
353
431
393
471
315
511
373
461
391
326
334
346
308
365
306
325
343
539
366
434
399
416
396
461
338
466
172
396
373
459
353
397
343
337
329
337
331
518
333
355
343
421
336
451
353
534
358
248
333
449
293
416
371
454
258
508
378
488
389
429
351
465
350
449
386
253
330
401
153
397
351
319
364
386
373
455
356
456
371
399
370
276
373
396
353
237
281
479
423
276
351
383
336
419
300
405
363
431
386
366
356
325
375
377
246
463
348
379
334
461
394
337
383
464
377
489
381
491
228
481
161
467
336
479
388
399
334
666
351
380
271
408
376
466
394
441
364
401
368
478
328
393
353
352
351
509
361
481
349
478
374
383
351
491
373
483
350
336
391
394
399
252
191
531
383
325
343
441
346
491
377
702
363
476
358
347
386
360
338
425
336
481
221
491
376
754
343
396
360
471
343
473
341
464
348
501
316
478
428
479
386
308
346
408
302
361
214
451
291
544
391
487
308
383
391
504
348
468
350
474
390
351
378
413
378
441
383
501
386
487
391
458
306
443
323
408
351
476
290
467
211
496
383
932
318
417
206
443
291
453
338
429
377
387
351
411
348
444
349
270
343
358
346
459
393
317
323
439
353
383
406
483
346
541
391
426
376
314
333
270
209
418
341
417
391
396
328
306
374
411
255
357
363
419
370
249
338
481
351
477
351
379
354
400
283
453
289
378
215
393
216
496
396
364
365
418
383
