343
313
236
205
250
303
243
313
276
301
131
298
345
298
246
326
265
180
346
293
365
311
358
290
214
298
194
169
346
346
363
318
323
283
253
293
361
313
165
151
218
296
160
174
256
301
248
205
298
244
351
316
341
206
223
284
235
300
327
267
339
298
276
303
150
300
286
168
358
285
231
169
283
323
248
301
305
211
136
132
338
253
328
303
206
323
271
318
250
190
361
300
270
291
249
293
168
196
236
271
219
186
381
328
324
295
253
301
353
213
226
276
222
164
358
338
256
314
295
204
212
297
236
308
293
228
179
214
346
303
371
233
316
306
373
283
416
301
368
283
216
293
243
311
247
311
284
308
306
318
258
216
378
315
236
316
232
326
280
167
275
306
211
271
393
304
301
316
308
295
260
290
281
146
238
311
265
308
268
313
378
300
416
235
194
311
348
303
306
309
293
300
260
316
197
296
178
176
211
119
289
313
296
293
321
293
230
182
436
324
213
170
333
301
343
290
240
310
293
313
287
306
326
318
431
254
257
303
136
308
283
256
321
308
283
310
194
333
255
305
163
120
361
309
302
296
338
309
231
298
213
161
331
328
278
283
227
321
288
303
349
230
349
136
282
175
390
259
289
328
256
306
248
207
219
293
271
304
145
183
236
296
358
323
248
301
326
301
320
300
224
124
289
303
335
299
273
288
93
128
213
223
230
291
101
128
281
293
234
253
429
301
270
198
235
242
333
298
215
303
321
296
336
316
232
301
266
296
286
298
371
319
388
307
274
190
285
338
441
303
319
323
353
298
266
301
274
299
227
306
273
303
380
316
335
321
358
313
267
341
301
291
333
241
108
291
328
300
256
301
306
320
258
223
340
288
341
328
291
290
222
314
169
308
263
217
215
251
223
163
280
308
281
294
276
274
221
295
255
311
156
178
381
219
421
309
338
296
327
250
461
323
283
206
251
200
378
229
353
324
258
251
270
128
274
313
278
304
164
180
349
319
275
296
386
293
384
308
266
296
359
313
261
268
280
331
389
311
321
293
349
271
165
308
268
311
135
315
328
230
277
301
133
283
336
325
305
300
233
178
243
320
261
245
333
164
303
301
380
308
218
154
248
241
247
323
338
203
159
308
259
300
213
251
195
328
169
298
429
301
226
247
220
306
153
268
220
309
303
314
471
327
204
323
366
299
243
308
263
309
248
305
293
328
143
318
336
340
258
301
296
236
293
293
260
305
323
290
339
300
502
176
348
316
458
306
276
308
296
296
201
300
230
296
233
295
282
240
255
298
233
308
253
306
228
307
378
323
283
346
257
306
211
314
229
293
232
244
311
305
286
257
313
213
238
293
261
283
364
295
318
311
197
308
259
226
235
331
273
306
268
311
197
249
358
331
254
316
255
251
119
323
354
306
346
283
188
320
353
301
152
129
230
296
258
300
268
301
278
316
269
323
250
298
243
219
248
283
253
291
330
293
250
303
266
166
261
313
250
228
206
331
281
281
273
303
278
315
441
329
237
296
275
311
376
254
361
296
361
318
408
308
302
140
236
291
349
300
438
328
238
248
228
205
258
315
326
331
279
125
315
293
205
269
293
291
281
103
231
301
204
316
376
224
261
315
286
324
286
238
456
246
203
333
266
293
431
316
326
295
181
132
358
289
236
306
336
198
245
288
269
249
276
331
443
249
291
290
364
346
191
307
581
263
265
308
217
253
343
306
380
328
226
264
263
254
228
140
336
243
446
235
389
293
344
320
272
228
346
198
246
316
265
308
314
301
237
293
193
290
325
300
416
328
348
331
343
218
321
283
413
295
276
311
251
227
266
311
317
316
363
288
176
306
325
326
361
300
366
267
356
313
288
175
273
316
189
321
96
304
181
303
288
319
293
238
279
303
226
308
354
176
242
316
140
288
180
247
454
330
311
294
275
298
310
190
366
321
349
218
220
283
427
326
401
238
363
218
385
238
353
313
334
220
206
326
353
216
245
202
341
309
248
298
446
315
328
294
335
308
308
309
451
331
268
308
241
307
260
335
356
318
571
333
233
230
271
308
311
308
264
306
388
283
429
161
455
308
334
304
243
327
252
316
423
274
565
164
277
296
213
140
387
283
301
315
236
386
268
258
107
313
221
174
150
301
299
214
354
311
146
316
196
295
426
316
360
323
416
311
239
234
353
291
278
303
283
313
197
303
286
294
451
297
378
301
354
283
311
291
256
315
221
165
287
348
289
181
496
296
439
244
283
325
248
206
234
254
421
326
246
310
339
300
364
288
231
283
234
309
212
250
428
314
474
318
338
265
304
301
262
301
334
301
358
134
298
326
436
313
343
246
258
309
364
313
346
297
260
291
266
258
241
142
413
323
371
323
391
293
367
278
335
311
287
326
278
286
277
295
334
247
329
225
336
331
247
202
271
215
359
319
287
300
314
211
335
313
346
303
418
313
413
222
336
310
366
295
346
328
363
240
414
303
336
303
278
291
398
283
306
329
319
311
353
248
370
328
356
248
301
313
364
313
216
291
446
221
294
303
439
346
408
301
397
299
424
208
340
248
350
203
446
225
331
311
294
301
441
319
358
301
358
336
411
298
380
316
330
298
451
346
336
231
278
211
358
308
309
308
361
318
357
331
351
328
253
293
336
296
411
261
363
220
341
329
328
320
443
259
326
303
394
301
318
303
363
330
441
306
443
318
348
311
353
291
433
296
441
298
411
304
439
316
376
303
231
301
293
313
311
288
275
290
391
283
280
236
434
248
302
311
413
255
253
303
275
252
356
314
253
314
421
296
305
236
253
265
256
211
351
285
278
301
431
318
418
308
211
116
419
206
358
198
341
228
275
319
426
253
459
305
278
180
424
283
428
224
271
313
394
303
408
295
376
293
416
321
356
308
415
313
306
283
345
259
423
315
439
287
260
172
441
316
241
177
389
306
411
303
662
135
228
166
426
284
443
323
419
315
297
239
386
300
235
338
299
131
312
219
401
263
249
309
261
311
340
313
403
256
346
284
226
301
341
316
335
303
396
296
369
265
431
331
361
297
346
290
424
294
429
331
318
307
421
304
348
288
197
303
126
295
356
311
326
308
274
296
396
290
255
295
347
274
307
229
418
301
336
311
296
253
431
216
421
321
371
293
315
242
323
241
331
197
283
313
257
308
604
314
334
234
411
308
261
306
151
177
268
313
359
254
279
301
321
308
456
306
328
188
331
296
216
323
283
300
250
303
287
220
556
316
434
310
349
190
444
301
359
260
368
186
406
296
391
243
368
316
401
293
403
311
383
296
448
288
424
296
453
306
381
263
446
314
422
297
436
300
344
272
305
308
389
303
343
336
369
226
326
249
274
203
313
169
338
251
250
207
295
318
330
309
436
313
418
303
286
283
431
296
421
300
333
304
400
295
275
300
364
321
369
140
374
295
434
308
598
303
375
221
376
161
318
295
399
296
379
303
348
301
339
291
446
395
416
230
385
295
356
296
418
315
348
305
255
331
421
341
381
301
349
331
436
313
409
299
228
300
345
296
306
326
345
301
381
318
457
225
445
293
487
117
431
291
572
331
456
318
326
328
359
228
413
294
438
227
358
250
423
177
433
308
348
205
444
304
448
304
321
308
385
316
473
290
424
326
446
328
277
315
396
328
621
160
443
293
403
289
426
316
395
247
393
207
418
311
434
324
416
286
321
233
363
341
416
311
413
316
405
294
335
213
419
316
407
296
472
329
370
176
433
315
388
313
376
296
378
296
456
296
426
296
361
154
438
329
396
210
313
291
371
298
302
315
414
254
251
309
278
306
420
297
330
305
354
255
311
232
371
296
419
310
351
319
408
316
399
296
429
295
413
239
337
308
411
305
370
316
215
296
386
213
383
309
240
135
268
145
397
296
431
306
273
308
315
306
321
315
320
323
406
318
354
315
268
291
290
181
407
224
454
239
325
259
356
308
236
129
509
328
237
246
333
293
305
299
428
231
292
294
391
311
425
330
280
293
371
321
421
230
230
271
409
164
449
323
373
313
436
328
411
241
477
291
313
249
240
308
441
261
331
246
284
258
348
239
373
212
281
213
411
289
421
127
394
280
404
308
303
299
386
313
441
319
421
318
434
301
312
301
394
313
187
296
393
293
458
226
368
273
346
303
335
305
335
316
403
308
444
296
322
320
386
283
308
249
451
309
436
298
426
329
434
326
403
334
303
299
373
313
443
323
375
311
451
300
422
328
414
291
421
308
414
307
396
298
232
308
246
316
378
333
335
298
345
318
281
308
370
292
264
296
641
272
396
291
314
308
314
140
374
316
312
219
424
301
271
303
386
311
401
353
602
228
343
316
375
298
431
301
379
304
241
291
355
323
363
296
361
293
353
293
672
258
359
249
420
306
280
295
281
246
272
255
361
290
363
274
239
301
458
314
256
313
169
160
398
293
283
298
433
232
253
303
361
311
345
204
404
311
421
263
409
306
792
303
379
293
332
326
242
291
105
140
453
298
388
311
324
208
291
319
308
304
227
316
370
310
439
291
436
106
236
295
346
291
211
288
358
245
274
301
330
311
243
316
253
223
248
224
346
186
371
303
265
305
386
230
246
311
203
290
431
308
238
296
331
209
381
309
356
316
344
306
371
293
351
324
353
299
211
296
348
326
386
301
376
263
275
303
353
331
414
266
353
326
336
308
326
300
346
308
334
313
411
286
126
140
350
316
328
298
380
303
441
344
241
295
207
223
416
291
423
315
359
334
406
313
331
316
336
313
398
290
325
276
396
293
396
297
281
295
226
283
313
321
532
293
343
299
341
245
359
224
326
311
307
269
456
254
707
288
376
311
303
292
269
289
376
316
351
313
374
316
371
318
361
335
343
296
353
303
336
326
326
264
268
308
336
253
353
313
363
281
323
303
383
326
446
320
369
239
385
251
379
328
369
324
354
349
225
326
274
316
345
338
361
313
278
361
318
296
411
330
343
311
271
158
351
285
421
188
344
313
336
225
349
318
597
296
435
338
291
206
275
308
326
241
302
303
341
311
336
254
410
172
240
293
284
296
354
308
368
331
310
308
296
306
318
270
378
233
426
303
333
270
441
313
307
308
275
308
233
296
218
249
311
316
371
295
293
291
301
303
334
303
351
293
383
293
386
314
323
305
363
305
351
290
358
90
403
268
383
295
305
308
351
291
426
301
333
208
293
308
410
205
379
278
405
290
241
125
424
288
459
298
378
381
303
279
456
306
398
321
379
309
404
285
354
280
293
251
296
290
382
311
368
313
329
295
381
220
360
315
287
311
366
323
350
301
333
253
338
318
413
125
311
291
407
316
361
200
359
283
446
288
376
295
395
315
235
173
330
313
363
192
423
218
293
230
229
311
404
308
340
188
338
300
411
318
212
301
373
248
391
320
356
305
418
183
242
331
342
348
444
309
469
336
408
315
336
314
394
296
408
205
368
273
377
198
391
305
173
130
317
281
226
272
441
216
424
308
331
316
252
295
386
293
443
130
351
299
677
339
371
296
323
299
233
296
424
308
281
106
319
318
371
263
411
211
393
296
425
328
339
293
386
298
152
288
327
236
198
298
451
319
310
238
351
291
311
178
416
285
408
316
444
326
319
308
373
301
334
320
219
280
328
247
391
150
434
140
448
230
333
283
408
246
346
301
393
307
200
182
318
296
287
324
246
180
106
301
406
331
234
206
276
301
183
309
363
311
172
311
454
339
305
318
220
300
336
208
391
311
308
308
302
296
415
286
351
328
230
346
365
162
345
314
335
314
236
224
351
189
413
321
289
232
331
235
175
9362
177
296
412
296
323
296
341
326
351
287
358
301
246
286
95
331
275
177
326
208
173
299
317
320
305
241
141
167
214
318
275
296
386
259
331
308
364
316
313
176
304
308
260
180
351
284
368
308
319
298
468
255
281
308
293
209
356
316
453
193
268
290
316
217
441
291
331
256
406
326
321
311
424
303
391
298
506
301
423
316
433
323
278
187
308
306
257
250
411
313
349
290
431
314
215
172
448
222
252
306
441
252
441
230
428
309
372
313
313
309
280
315
321
197
171
316
343
321
285
170
331
290
507
308
456
310
317
289
114
124
330
296
326
236
346
304
413
311
341
136
392
313
356
313
266
311
622
296
273
339
284
311
397
256
182
318
313
249
184
151
345
307
180
301
371
258
411
176
359
285
328
315
326
328
259
191
280
295
182
248
295
308
411
301
207
299
220
298
315
301
360
313
381
303
435
301
195
180
376
291
381
299
343
315
391
331
406
296
396
308
255
296
409
288
366
303
333
191
431
316
255
311
358
331
261
283
303
296
275
211
311
341
354
321
184
298
181
306
341
159
368
203
238
236
330
299
381
303
368
315
471
354
316
200
359
285
342
155
338
306
338
215
421
308
351
290
366
326
343
311
351
291
273
321
271
303
404
283
324
303
292
262
215
319
373
348
298
303
240
139
386
280
366
219
228
300
291
323
406
301
325
170
345
301
343
316
421
192
359
238
273
204
316
301
240
293
463
310
276
298
347
331
389
189
309
295
381
294
444
338
404
316
340
283
323
233
441
301
291
313
318
308
306
311
311
328
348
304
378
295
388
243
287
174
311
139
426
290
213
313
378
220
328
311
343
313
265
218
426
308
324
327
281
300
289
172
323
329
299
174
324
300
248
314
268
131
305
258
329
301
396
297
205
326
272
300
283
300
315
287
390
308
311
125
303
301
554
328
431
284
276
189
336
119
373
187
433
306
335
281
323
311
343
250
421
307
296
270
416
290
349
300
320
223
371
328
345
291
356
323
359
249
313
247
358
316
455
315
179
280
299
203
424
313
326
213
183
169
350
318
396
301
246
298
235
310
273
299
337
303
433
211
408
310
380
189
404
213
340
190
334
296
612
316
449
303
408
329
363
261
320
296
389
308
343
324
211
319
209
303
282
270
346
304
438
283
343
231
416
311
415
313
328
316
539
290
336
303
152
299
424
310
351
308
321
196
229
264
469
288
286
281
386
310
268
279
433
311
414
203
416
311
399
323
353
316
278
308
439
333
401
168
393
291
369
235
293
301
332
290
328
286
439
298
229
291
348
303
308
237
311
306
401
293
271
308
356
353
263
297
369
166
363
329
356
309
374
306
381
220
393
303
353
313
416
235
405
296
343
328
346
300
239
326
348
299
315
219
444
306
339
268
333
173
356
304
368
271
471
313
373
236
308
316
321
316
366
318
336
328
293
244
318
191
177
296
351
313
354
289
296
311
279
308
405
298
438
334
338
303
411
206
313
298
333
309
369
308
300
311
353
298
466
301
361
316
393
291
239
316
629
133
321
283
371
321
342
308
346
296
403
308
180
318
347
186
403
273
461
321
333
295
428
316
323
301
388
308
284
293
347
193
403
318
358
162
367
296
386
283
336
303
260
309
367
250
408
309
403
225
401
326
396
281
420
328
413
308
329
301
421
309
388
228
343
296
250
259
423
256
413
309
246
316
351
298
406
283
426
295
448
95
318
303
376
291
404
315
374
319
408
217
396
328
280
264
408
291
401
301
401
301
406
301
338
326
409
215
348
159
340
291
371
309
394
224
426
241
400
296
261
293
363
238
380
309
361
331
461
311
321
326
300
308
245
131
365
325
382
296
416
296
242
296
378
308
446
321
309
309
461
315
394
328
444
260
353
293
362
303
424
318
324
296
279
290
310
296
280
293
391
311
304
298
363
303
365
242
361
313
353
323
421
230
411
291
316
311
333
126
424
301
278
306
291
295
300
174
336
293
374
274
366
308
428
293
450
300
400
304
361
303
268
124
341
321
350
236
388
295
419
296
436
316
323
303
236
285
318
315
484
288
328
245
387
329
406
321
416
291
298
303
358
216
421
328
251
301
396
308
396
296
361
318
217
183
388
258
441
303
398
251
431
301
459
318
388
298
431
314
163
296
198
296
434
288
416
296
456
305
429
329
416
299
364
293
406
283
262
303
449
338
386
291
155
129
398
239
438
319
456
316
215
304
441
226
401
274
252
128
413
328
371
255
320
195
403
296
204
146
406
310
413
305
416
283
376
290
405
269
390
296
443
301
255
99
439
288
414
296
403
305
373
314
293
333
449
321
375
295
426
343
444
293
231
104
421
326
431
316
389
298
350
217
406
301
488
301
406
290
348
331
263
9265
413
308
336
296
379
235
411
293
383
131
363
249
409
306
456
293
415
308
409
301
359
308
433
138
393
200
379
333
330
240
178
131
602
150
697
313
290
301
313
303
345
301
222
330
434
301
374
290
449
295
439
171
125
296
361
303
333
297
297
128
368
313
411
293
381
248
321
301
241
141
384
320
438
298
299
333
418
291
381
300
366
305
374
237
404
318
421
291
361
298
414
283
404
283
292
181
443
256
334
315
421
316
411
291
426
311
351
318
416
303
424
242
351
295
338
311
311
283
350
283
316
303
326
314
245
220
270
250
388
334
297
296
428
314
241
296
391
300
307
289
444
311
344
314
434
290
427
328
176
328
384
326
434
293
291
301
356
211
395
308
347
301
313
300
283
300
325
234
390
326
384
291
311
268
473
241
379
308
310
294
323
310
385
291
411
301
356
315
378
291
265
170
289
306
418
310
378
133
420
303
360
267
246
313
250
108
244
301
401
323
374
303
407
293
415
239
418
313
418
210
391
303
341
301
390
245
431
301
431
306
481
301
243
288
276
208
434
270
439
260
433
296
416
308
245
301
403
291
386
275
419
331
361
309
401
313
435
338
366
303
433
325
427
230
276
119
418
316
371
296
333
321
393
283
376
296
365
310
612
316
365
291
363
355
356
229
416
308
481
212
428
249
421
293
297
326
415
290
411
311
361
316
398
298
376
211
386
316
375
308
272
300
408
314
192
301
386
263
193
309
406
311
318
303
336
296
331
308
476
338
418
293
225
134
438
324
474
317
464
172
428
301
401
290
429
303
408
309
371
308
343
318
308
293
332
286
393
291
293
178
408
268
413
321
651
330
409
215
423
295
363
303
348
253
413
188
444
309
289
177
284
300
406
235
431
316
491
308
308
316
208
288
421
298
396
238
330
288
441
301
365
295
371
225
