305
368
338
398
391
393
177
200
298
331
411
394
357
304
441
376
242
353
434
389
311
378
353
353
319
359
360
363
171
221
294
396
371
368
333
298
406
347
289
227
386
374
401
262
363
282
189
396
481
387
183
353
376
378
262
322
269
386
188
144
330
346
431
323
401
366
267
407
318
376
425
300
305
391
257
224
384
268
316
242
311
390
176
355
348
344
414
363
263
276
230
315
364
396
411
388
318
396
489
385
330
327
335
353
313
386
148
389
400
303
308
359
363
363
396
347
362
325
388
399
291
350
360
279
384
389
258
424
346
396
281
398
249
403
323
278
230
343
389
356
350
305
295
297
434
389
275
317
230
379
281
391
418
403
286
356
259
206
301
189
389
401
279
248
370
388
303
185
330
351
336
366
244
265
336
391
321
261
318
366
231
329
341
379
204
343
311
149
318
229
221
359
319
356
410
340
436
401
348
393
293
355
346
359
313
224
266
370
184
197
404
356
354
386
373
210
431
339
205
396
451
356
461
318
255
348
291
203
300
356
374
388
376
215
301
281
489
400
381
375
388
344
298
356
205
353
363
336
394
368
344
389
396
396
298
233
349
324
321
363
391
401
454
361
311
398
368
388
290
363
261
189
426
375
479
330
253
398
323
373
371
323
361
393
180
356
389
302
291
383
391
365
191
348
304
354
356
328
368
361
411
353
594
396
250
388
380
328
358
394
408
386
256
403
371
133
403
378
288
373
326
257
316
348
236
293
311
366
391
403
250
339
388
259
276
388
443
420
399
241
373
341
476
350
353
396
499
353
195
388
315
346
477
363
207
331
310
393
295
398
413
387
396
346
313
361
541
381
308
270
267
391
418
376
244
187
318
373
383
408
325
341
339
386
173
404
368
346
291
393
325
354
319
356
379
343
487
144
484
423
139
356
280
330
350
231
321
343
311
371
408
204
326
391
426
349
311
391
399
353
328
346
319
397
341
391
346
368
287
350
417
270
391
339
300
383
321
162
344
398
358
401
388
408
368
431
396
357
195
366
300
340
319
404
343
209
411
391
443
329
361
398
305
341
391
398
316
327
318
311
341
389
290
363
439
341
474
374
344
404
366
398
343
391
299
356
429
339
395
235
331
368
421
399
391
343
328
341
409
314
351
231
329
393
348
421
313
361
421
396
391
371
343
399
320
355
335
275
378
374
353
396
251
222
451
356
308
277
388
401
336
371
323
389
374
288
178
331
324
386
308
371
289
393
290
226
253
220
429
296
411
269
413
401
384
351
305
224
331
356
426
359
351
353
451
401
513
274
293
291
184
403
409
388
356
296
338
396
307
259
288
388
378
358
241
403
286
411
411
401
401
399
130
157
155
391
443
391
329
343
293
264
276
240
366
360
296
319
197
278
484
388
300
341
257
401
222
215
393
220
353
401
315
393
326
363
393
345
286
256
119
355
421
401
323
356
389
388
240
301
264
182
287
370
383
366
322
411
339
351
316
363
265
395
231
413
371
401
381
345
319
344
319
389
323
199
342
376
363
370
265
375
252
356
343
408
313
398
393
388
325
371
348
396
319
341
202
336
491
351
212
394
252
169
293
197
321
359
408
376
448
388
323
333
306
356
357
407
300
366
292
393
306
305
309
341
464
388
370
355
437
359
266
384
300
377
346
386
420
360
257
178
225
253
335
315
296
318
489
418
316
328
240
376
301
363
406
386
258
300
171
290
234
202
426
320
135
164
379
378
388
268
234
368
231
163
461
356
323
388
261
341
391
283
321
198
316
354
459
377
313
363
354
358
441
226
458
373
326
401
504
398
451
396
411
401
484
398
388
374
343
261
338
386
363
301
288
381
323
343
291
355
336
356
321
394
291
346
386
356
391
172
491
360
334
393
394
354
290
351
319
345
355
287
323
401
441
298
178
331
181
225
413
363
200
121
399
236
325
403
257
302
317
403
423
399
253
371
304
344
408
413
283
349
343
338
379
391
317
356
441
403
393
386
346
373
383
318
215
346
401
343
318
404
401
266
511
386
601
296
391
386
365
404
361
343
405
398
389
250
445
343
333
262
273
122
469
333
386
379
293
359
328
391
326
441
235
277
396
321
717
351
358
353
361
279
183
195
361
403
293
277
305
378
336
293
234
228
270
421
308
361
437
341
336
313
394
360
400
356
172
186
235
401
324
363
371
286
396
303
433
305
278
386
408
343
459
295
274
247
129
357
481
340
408
250
474
338
262
297
298
396
405
340
203
368
361
343
136
147
426
306
435
339
421
404
413
356
375
363
374
368
368
361
242
386
230
358
379
325
498
397
303
274
489
396
361
385
295
260
189
149
300
398
411
406
340
385
286
399
325
139
545
393
305
343
311
352
404
406
501
270
261
338
465
331
329
414
469
397
456
232
391
313
395
339
486
403
524
401
413
401
375
361
361
356
411
360
408
396
361
376
406
406
342
333
339
391
483
356
244
389
413
409
481
401
317
290
486
371
383
391
461
331
443
374
406
310
369
243
386
389
418
360
314
306
271
371
313
256
503
353
386
396
436
359
306
401
512
284
468
346
448
355
416
358
396
368
292
355
386
368
411
398
378
278
394
368
361
361
270
388
415
333
469
403
471
356
241
286
441
395
386
397
476
387
290
356
357
371
274
351
411
312
376
396
459
408
358
327
489
397
389
223
451
404
421
393
584
391
333
353
384
296
501
389
449
388
414
351
371
368
398
404
350
391
368
378
496
341
434
336
404
388
409
405
438
369
458
391
561
356
444
298
406
282
406
383
425
263
350
403
431
394
516
335
368
393
297
359
489
399
532
368
471
301
438
403
423
398
411
404
444
228
464
397
448
371
379
234
209
401
387
394
463
361
491
403
463
361
393
356
184
131
511
401
453
401
381
381
481
378
483
371
312
395
393
356
479
343
491
403
461
391
487
391
327
394
302
403
474
353
377
240
373
388
464
359
403
394
229
371
429
399
339
384
377
379
451
388
455
308
484
351
516
343
397
301
381
267
321
271
346
373
481
399
386
305
413
353
431
356
272
356
381
296
475
296
430
325
366
331
429
354
213
366
468
404
304
355
491
384
401
394
445
329
290
350
358
401
413
363
418
350
170
170
423
332
596
380
464
353
236
204
378
385
404
358
306
351
265
413
195
227
307
358
471
391
266
331
426
386
373
338
268
404
401
401
371
368
300
353
386
250
426
289
310
307
368
236
417
403
311
356
286
323
289
389
374
399
491
268
374
353
443
390
388
278
406
303
379
404
473
407
419
355
492
395
418
381
393
201
493
338
511
406
486
358
309
397
466
261
436
348
360
353
481
366
406
351
286
371
487
250
478
393
415
206
384
262
471
393
421
361
226
294
299
388
401
391
666
340
543
261
383
346
471
401
456
345
479
273
484
343
514
399
434
404
394
363
499
418
279
224
311
205
439
358
309
343
401
238
461
351
368
339
327
361
527
403
391
344
365
255
456
300
364
334
446
242
373
343
269
333
456
262
426
393
282
346
376
351
489
340
359
349
321
396
385
349
313
212
429
284
317
369
645
341
404
351
404
391
396
341
441
361
508
391
378
363
469
348
413
391
316
401
387
356
479
406
447
403
468
368
250
301
491
386
476
383
446
396
386
388
539
344
473
345
379
128
347
361
455
406
466
386
441
399
427
396
375
404
516
341
453
266
401
315
324
356
532
237
376
351
431
374
476
393
405
330
385
343
435
327
392
357
374
361
469
322
554
404
431
396
506
348
388
361
474
325
499
398
439
358
478
398
476
353
497
379
324
346
464
368
666
354
485
346
507
401
466
373
417
342
474
324
435
279
345
353
441
375
694
254
298
416
488
411
489
358
484
185
485
348
325
381
519
396
474
358
251
238
454
401
415
356
368
391
421
409
416
370
479
320
457
341
474
388
499
351
409
393
383
369
463
401
341
208
252
354
501
379
431
313
376
279
261
229
380
378
368
391
203
403
465
356
463
283
479
208
466
358
368
228
449
343
466
288
493
401
476
391
207
388
356
344
388
360
288
318
209
366
481
393
697
336
448
303
396
364
333
259
471
273
431
388
443
356
323
328
235
351
438
344
468
356
496
349
454
355
382
385
479
379
409
328
403
404
378
343
498
395
410
338
386
323
388
400
441
386
503
404
476
323
381
366
474
281
408
391
401
394
431
305
362
360
561
343
497
386
431
282
387
376
487
393
444
275
361
343
456
338
398
197
439
388
487
328
478
398
701
401
489
358
558
364
331
403
376
331
436
331
409
339
471
356
363
333
416
346
331
396
399
359
384
288
381
404
484
399
416
286
385
358
231
404
448
341
392
308
332
393
369
306
398
389
453
403
461
356
491
388
464
361
485
321
446
341
441
388
476
403
434
329
235
363
499
389
486
338
425
323
385
361
408
363
194
119
409
331
251
214
433
403
476
261
498
388
471
268
371
398
459
348
441
341
399
351
391
401
489
318
383
311
408
385
418
406
484
418
387
235
504
391
388
331
187
334
359
390
378
371
329
300
458
299
383
328
409
361
364
356
337
284
361
389
481
393
476
347
495
399
374
391
421
348
493
229
344
313
361
296
280
262
426
403
419
394
401
399
396
328
227
386
401
363
367
359
380
408
403
283
369
371
399
387
393
384
331
328
308
298
389
343
263
253
383
303
254
218
321
376
519
395
359
343
429
344
314
297
378
347
310
331
132
271
367
404
498
355
341
358
365
341
312
379
408
383
499
286
401
366
411
343
514
404
391
323
511
401
276
259
517
325
342
301
369
341
309
195
478
348
410
356
391
349
451
343
456
361
393
376
466
351
458
393
384
388
280
279
476
353
393
379
363
313
335
379
296
353
367
358
429
361
381
346
196
389
399
190
477
353
452
297
351
250
417
401
416
376
366
403
366
285
398
355
399
404
426
373
208
333
380
314
589
467
399
401
502
398
308
374
376
290
385
375
466
356
386
354
325
403
416
403
373
385
329
394
371
356
405
300
398
383
444
321
376
341
269
386
463
368
330
353
371
380
409
366
388
356
616
348
398
232
381
371
429
351
391
340
274
287
517
406
403
379
413
334
443
371
421
368
378
328
467
327
431
403
359
381
322
225
399
361
399
348
474
378
383
349
419
355
241
345
403
328
453
403
403
298
498
391
353
403
486
301
431
340
370
391
385
292
383
369
293
391
438
375
408
328
393
367
341
331
326
401
366
396
436
344
363
381
361
371
388
404
466
376
519
390
405
338
369
343
458
353
389
356
346
371
471
403
351
386
283
356
379
396
521
327
386
256
383
374
413
348
499
386
394
368
374
338
371
316
389
391
384
343
481
356
393
346
378
388
311
261
474
351
464
360
444
391
376
356
435
358
431
394
466
320
439
394
456
348
436
401
401
401
314
403
683
286
431
384
312
183
381
367
408
328
467
385
504
356
403
313
386
284
370
371
352
227
457
343
358
353
319
373
405
395
366
388
244
293
448
349
394
346
368
346
491
403
393
328
421
350
378
351
405
396
449
286
376
343
414
356
184
348
409
399
474
396
293
386
316
356
416
161
451
162
383
356
351
341
386
386
409
371
416
293
446
406
394
316
721
382
411
400
479
358
339
236
489
368
291
378
378
404
328
283
310
358
387
359
408
358
371
363
386
169
443
379
353
389
360
406
453
358
381
353
474
286
429
343
391
251
341
401
479
391
325
399
428
403
448
391
323
239
338
299
393
364
399
391
642
280
305
343
659
388
458
364
458
381
191
320
192
373
376
334
257
395
341
387
235
247
417
340
384
353
337
341
359
401
379
404
352
390
354
369
187
204
308
211
350
400
236
368
471
378
336
331
396
344
323
394
304
339
467
373
326
355
396
355
406
303
484
393
393
401
329
343
358
297
414
388
367
391
464
225
481
326
177
336
689
386
461
396
461
356
350
339
495
393
376
396
448
351
542
383
384
234
451
192
341
398
472
289
373
353
312
262
398
163
533
371
453
344
431
393
419
378
647
405
506
388
358
351
397
346
426
358
501
396
371
388
389
345
466
346
443
195
421
383
394
389
491
351
479
329
373
355
380
321
260
137
425
356
310
293
429
394
467
369
361
355
413
393
396
428
376
231
476
246
423
348
379
344
432
403
421
391
413
413
502
391
373
375
291
341
248
229
331
356
486
401
757
231
337
354
388
270
371
9214
395
373
242
393
228
401
230
371
393
264
431
394
429
343
361
164
471
331
324
358
363
353
435
336
438
388
491
256
213
396
469
349
408
353
217
328
423
258
389
406
414
343
303
363
419
398
355
356
393
401
404
338
417
386
458
391
381
351
469
386
243
216
369
371
364
180
404
349
372
364
301
403
391
341
316
331
441
398
417
390
371
405
378
401
584
343
486
316
463
391
376
391
560
398
232
303
353
403
401
386
497
378
468
391
313
386
260
206
383
350
381
274
319
257
519
386
409
369
348
297
423
403
325
396
411
358
418
328
388
212
395
312
481
346
486
305
471
254
298
358
357
267
396
331
394
363
315
280
331
353
261
363
147
163
511
386
482
403
493
378
395
358
418
398
498
333
290
391
265
153
417
356
476
343
346
386
320
368
309
356
473
385
441
386
511
311
191
356
346
225
363
369
253
386
494
401
242
341
398
376
381
333
248
222
416
356
471
364
465
221
388
296
388
368
227
216
298
246
386
341
436
342
349
343
431
361
413
245
509
401
323
348
323
280
410
195
286
403
381
399
370
393
406
398
305
361
649
371
692
351
284
297
458
295
474
371
448
378
549
391
427
295
414
375
451
364
398
356
239
397
629
344
471
200
483
388
367
253
437
220
469
341
421
406
365
343
405
371
393
398
130
391
473
311
384
329
483
360
371
391
402
275
364
391
370
347
429
386
335
386
370
401
384
257
363
198
357
391
330
343
414
404
335
301
198
169
388
221
444
263
317
262
308
388
606
213
240
293
366
378
476
391
433
358
391
404
455
395
448
391
401
355
448
359
421
371
467
299
286
216
429
232
627
289
334
341
368
305
391
351
154
220
422
391
451
351
421
366
453
353
367
354
694
295
453
393
206
331
401
428
320
385
424
408
453
359
388
269
345
356
386
356
188
149
341
354
752
341
381
356
338
260
303
328
396
280
446
313
476
313
381
351
458
379
378
167
338
398
444
323
288
391
371
338
367
378
333
286
421
388
381
388
411
386
379
363
374
326
428
204
384
286
444
341
281
356
427
391
453
346
473
343
414
318
294
202
373
269
471
423
544
280
473
368
227
363
463
336
507
300
471
419
484
308
423
323
489
363
466
341
404
390
428
279
463
391
406
358
331
361
336
351
301
185
514
384
514
404
378
287
453
285
379
301
401
343
398
282
344
391
465
331
330
401
491
303
473
393
463
221
373
363
714
426
312
344
409
414
326
381
411
396
499
406
474
343
327
406
522
391
441
391
461
353
443
279
517
283
388
398
674
287
468
396
409
356
494
316
326
360
589
344
481
295
468
371
396
353
486
389
516
391
331
325
516
271
269
391
644
376
426
289
672
309
473
371
469
197
391
394
457
279
441
358
443
399
259
371
527
396
461
359
254
330
448
353
315
173
471
391
441
268
486
394
466
359
396
218
333
341
491
363
222
356
468
321
493
404
516
389
469
385
499
361
439
341
468
363
436
429
396
413
241
361
484
403
451
291
455
376
479
333
247
355
511
393
302
191
399
264
446
344
486
396
419
263
421
388
431
315
468
349
373
331
397
391
541
388
311
391
248
405
456
358
431
388
484
356
359
356
378
279
431
403
405
160
394
303
451
371
382
339
341
428
386
296
479
376
376
355
398
390
774
168
426
130
456
251
476
356
461
343
551
404
309
344
436
401
471
376
356
346
269
369
428
391
378
356
393
323
373
401
403
219
356
368
443
387
316
185
464
358
308
400
514
398
438
310
499
143
513
323
443
381
481
201
377
225
337
231
491
393
280
371
425
386
499
340
466
328
449
24927
459
205
466
384
307
411
502
388
340
376
291
323
276
340
479
341
441
391
451
388
411
218
498
391
416
350
444
327
401
403
488
394
491
259
460
341
388
419
534
421
471
374
428
328
414
385
473
339
458
386
324
383
486
194
331
391
386
266
390
355
414
403
486
343
476
424
325
340
362
353
431
355
438
356
474
345
473
363
427
343
411
343
306
396
471
373
474
407
391
386
375
316
461
408
744
222
486
371
391
361
445
365
466
265
258
228
448
341
413
343
385
369
457
358
495
348
481
386
404
339
303
354
459
363
278
404
376
270
315
283
611
367
471
330
257
272
481
273
525
395
514
343
242
356
421
388
214
381
393
391
456
396
331
263
276
130
384
403
287
219
579
341
335
376
327
331
474
300
468
388
459
349
371
285
439
403
241
346
396
324
486
341
360
291
407
356
285
179
504
411
447
308
484
403
486
328
504
374
376
331
456
363
484
351
434
348
363
376
404
378
489
391
468
401
473
379
414
364
245
197
391
358
381
329
499
406
444
298
410
409
401
207
446
403
441
244
389
396
439
311
382
373
406
225
465
361
386
350
443
265
381
361
526
331
469
336
383
158
431
356
283
328
534
338
495
328
436
353
274
368
463
406
411
403
461
360
481
348
332
386
466
273
474
411
434
303
237
355
459
356
229
401
486
403
662
366
469
194
429
357
371
353
489
280
714
333
404
348
404
369
419
386
506
354
627
348
406
210
453
305
389
391
493
311
441
351
281
163
307
404
358
378
372
356
421
356
439
351
451
371
496
394
413
338
398
323
401
391
418
349
436
339
270
386
418
374
361
175
458
401
532
446
405
356
377
371
383
363
446
388
456
343
385
356
446
378
504
334
506
401
401
404
474
386
499
389
389
265
371
403
365
353
426
346
464
356
423
409
342
323
541
408
579
286
241
331
398
353
405
423
501
401
461
367
496
327
469
356
438
391
481
340
449
327
483
275
261
133
346
249
461
210
401
353
474
359
337
356
478
291
363
269
509
353
464
368
393
394
586
341
479
401
468
316
445
363
453
359
421
300
322
319
461
343
385
354
312
376
420
349
340
340
361
361
332
241
405
396
448
384
446
427
494
341
406
348
429
326
401
338
409
408
376
401
