2583
437
1737
427
1215
186
2636
290
2523
418
1875
301
2894
374
2757
444
2834
385
1302
189
2857
398
2642
336
2636
438
2651
416
2380
249
2081
416
1944
277
2220
333
2734
396
2824
361
2701
438
2771
401
1676
263
2538
272
1798
407
2716
409
2859
444
2678
421
1896
226
2661
424
2766
368
2721
348
2661
376
1481
411
2721
443
2957
337
2726
411
2891
411
1482
441
2634
438
1797
419
2811
310
2686
413
2379
454
2834
414
2706
395
2786
314
2763
249
2596
439
2699
381
1873
238
2528
416
2724
414
2642
164
2601
272
2879
289
2749
245
2337
325
2336
354
2703
396
2806
428
1860
295
2731
247
2674
424
2580
411
2779
434
2633
411
2877
413
1656
431
1465
441
2731
421
2584
317
2834
373
2821
356
2588
431
2589
306
2826
476
2699
423
2702
421
2992
339
2829
366
2867
410
1898
449
1525
218
2744
391
2689
426
2696
338
2862
433
2809
411
2841
293
2013
423
1242
416
2323
340
2727
456
2726
426
2563
416
3067
458
2768
429
2721
380
1668
245
2704
416
2772
418
2231
419
1905
273
2766
270
1652
449
3025
399
1683
391
1693
411
2726
242
1995
416
2107
346
1883
259
2809
253
2741
294
2789
401
2734
272
1796
221
2840
336
2837
415
2789
417
2693
401
2642
421
2749
421
2729
383
2822
429
1706
415
1973
404
2836
419
1769
401
2689
386
2914
170
1799
401
2828
411
2561
371
2689
328
1687
423
1619
429
1836
283
1667
232
2792
220
2814
418
1991
283
2929
398
2609
418
2664
409
1872
276
2704
374
2227
307
2909
461
2716
409
2741
370
1710
423
2697
401
2753
426
1736
254
2778
317
2914
356
2836
413
2619
429
2855
403
2599
394
2322
361
2807
401
2668
419
2618
404
2832
441
2626
438
1670
223
2631
187
2837
416
2694
413
1213
421
1587
231
1924
244
2415
408
2789
444
2576
206
2777
393
2634
411
2699
327
2724
411
2568
423
2424
375
2568
427
2946
411
2704
314
2905
341
1878
242
2649
419
2716
319
2981
419
2717
368
1636
421
2754
328
2107
284
2889
363
2893
398
2759
279
2638
302
2972
413
2631
419
2844
197
1592
424
2839
421
2519
321
2724
426
2253
423
1810
290
2709
436
1818
269
2678
411
2961
411
2804
416
2749
413
2618
290
2884
185
2773
427
1586
206
2594
423
2719
329
2764
414
2784
375
2741
429
2546
326
2056
433
2626
444
2080
221
1741
415
2676
401
2716
410
2694
444
2764
399
2699
304
1880
421
2653
416
2529
403
2671
444
2839
434
2251
444
2759
446
2690
304
1443
423
2689
443
2061
423
2628
418
2766
396
2891
416
2636
431
2877
418
2646
275
2939
438
1966
399
2641
356
2762
397
2581
426
1638
416
2714
401
2664
371
2822
418
2619
388
2673
427
1977
433
2688
406
3019
378
2614
356
2794
426
2361
297
2679
431
2854
411
2889
408
2766
403
2641
404
2741
339
2294
356
2684
431
2756
435
1796
270
2669
285
2799
401
1564
434
2656
368
2204
281
1898
278
2631
398
2640
408
2826
406
2716
356
2761
416
2569
338
2648
326
2542
381
2709
310
2784
411
2711
393
2766
429
1225
431
1455
217
2936
413
2639
346
2696
365
2729
443
2778
431
2551
398
2598
425
2891
388
2596
406
2814
421
1680
381
2762
428
2691
414
2776
229
2073
423
1847
405
2756
419
2769
411
2813
413
2646
353
2852
359
2779
428
1904
202
2225
408
2619
360
1900
279
1545
424
1746
389
2849
414
2679
231
2827
458
2387
404
2570
433
1617
216
2440
322
2646
429
2791
379
2726
409
2423
414
2731
396
2859
421
2794
308
2882
496
2967
423
2766
428
1608
191
2055
403
1160
165
1606
410
2804
309
2648
406
2829
356
1944
411
1777
401
1932
401
2852
426
2166
416
2993
423
2792
431
1912
306
2864
426
2962
409
2716
424
2829
411
2824
421
2756
309
3145
416
2680
364
2058
292
2023
416
1303
406
1727
366
2911
435
3039
413
1938
242
2257
407
2767
446
2844
215
2679
421
2866
378
2624
441
2676
408
3325
403
2142
404
1538
419
2221
414
3050
413
2781
436
2800
431
2929
454
2857
451
2747
421
2262
359
2559
391
2769
371
2498
336
2661
403
2681
451
2839
433
2944
408
2949
436
2130
404
2832
346
2786
411
2979
451
2744
418
2895
359
2019
431
2816
428
2598
439
2722
383
2779
451
2807
421
2822
415
2676
425
2977
446
1315
160
2684
411
2930
446
2907
448
2649
411
2796
244
1304
386
2626
414
2817
418
2909
418
2822
441
1747
436
2683
421
2234
287
2812
431
2809
404
2875
393
2776
466
2692
353
2134
280
2971
411
2799
401
3052
428
1959
265
2919
411
2836
429
2821
368
1888
387
1963
222
2751
409
2789
419
2743
413
2870
353
2846
438
2902
423
2791
426
3234
444
2756
416
2770
441
2994
429
2853
339
2191
401
2829
303
2997
456
2854
431
2964
446
2803
399
2731
438
2468
428
2886
238
2252
326
2841
280
2023
444
2801
423
2731
391
2406
428
2339
404
3117
310
2355
411
2724
416
2925
401
2726
426
2719
404
2811
414
2117
308
2916
426
2841
401
3017
355
2812
436
3147
441
1724
250
2826
426
1802
426
2728
310
3017
411
1600
248
2937
423
2854
418
2793
429
2161
431
2799
397
1775
239
1699
208
2801
431
2940
406
2736
401
2739
421
2225
331
2814
388
2749
424
2267
341
2032
391
1548
421
2821
396
2389
416
1224
411
2984
201
2756
431
3057
421
2719
421
2882
451
2661
260
2220
423
2209
344
2799
410
2686
436
3135
406
2859
361
2661
421
2709
416
2741
411
2762
414
2351
421
2787
406
2346
358
2759
424
2223
416
2731
448
2287
366
2716
418
2781
428
2764
404
2952
329
2517
365
2944
396
2846
431
2824
187
2802
416
3049
434
3020
427
2884
351
2977
306
2329
316
2052
290
2644
376
2811
401
2867
408
2759
415
2814
353
2824
433
2754
426
2985
436
2074
358
2754
398
2984
416
2738
444
2937
408
2774
416
2443
398
2909
438
2827
418
2839
411
3049
416
2924
394
2861
334
2869
370
2874
444
3024
435
2889
404
2814
429
1649
411
2333
399
2681
249
2385
415
2734
411
3115
471
2837
424
2964
333
2806
328
2884
454
2313
406
2941
421
2794
413
2836
414
2219
418
2967
403
2846
438
2613
411
2851
416
2837
418
2870
406
2900
408
2997
371
2789
408
2776
443
2862
391
3154
398
2845
401
2879
453
2669
411
2809
431
2806
411
2853
416
2837
421
2750
404
2748
418
2932
403
2797
400
2806
436
2803
415
2880
429
2742
391
2882
399
2027
436
2171
309
2726
394
2751
411
2020
426
2932
447
2987
421
2111
255
2795
431
2277
399
3115
426
2939
449
2801
415
2343
426
2804
388
1980
281
2736
414
2165
418
2909
246
2400
426
1310
406
2798
411
3070
425
2907
406
1997
289
2839
292
2615
401
1979
421
2025
417
2876
426
2480
403
2127
431
2861
445
2872
416
2812
348
1890
284
3142
411
2819
443
3007
376
2891
441
2930
451
3037
386
2916
444
2897
421
2932
425
2657
406
2794
451
2826
441
2709
416
1817
403
2867
403
2769
334
2696
433
2416
399
3002
343
2909
275
2400
413
2185
419
2721
368
2799
441
2261
345
2822
292
2769
408
2113
289
2859
427
2758
167
2751
335
2869
434
2834
291
1619
358
2861
351
2900
404
2621
424
2657
408
2826
447
2825
423
2717
414
2881
423
2929
361
2706
395
2571
398
2728
411
2889
421
2014
423
1769
276
2934
413
2754
426
2987
308
2854
348
2599
403
2867
423
2743
414
2207
436
2791
416
2922
414
1742
418
2875
417
2125
306
2937
419
2862
430
2358
419
2806
456
2646
444
2386
302
2287
414
2696
399
2021
443
2842
416
2183
251
3005
429
2806
431
2749
399
2468
426
2792
428
2792
336
2811
341
2951
393
2759
431
2832
436
2831
328
2709
361
2387
307
2311
418
2854
413
2861
436
2852
359
2822
288
2819
431
2718
428
2899
395
2279
424
2942
399
2433
259
2086
436
2974
331
2719
399
2945
404
2542
444
2931
429
2558
429
2957
419
1333
146
2840
379
2696
404
2707
263
2945
416
2786
359
3006
413
2759
425
2433
417
1943
413
2282
336
2925
438
2964
423
2819
353
1949
401
1710
299
2991
399
3019
9344
2357
441
2714
353
2969
431
2243
414
2977
429
2706
369
2398
421
2777
431
2904
414
2741
374
2218
309
2991
429
2824
421
2734
401
2915
359
2266
304
2886
411
2806
441
2809
318
2916
418
2761
431
2741
426
2926
426
2876
434
2786
428
2676
340
2269
352
2690
398
2756
431
2794
341
2949
431
2895
424
1773
398
2824
388
2702
403
2779
434
2864
429
2407
332
2964
443
2902
398
2867
421
3070
317
2779
401
2734
456
2752
419
2764
411
2021
405
2879
287
3142
426
3021
416
2904
409
2816
403
2892
436
2791
424
2077
277
2801
423
2776
451
2937
425
3009
426
2726
421
3011
418
2829
414
2844
443
2773
436
2952
343
2982
443
2867
421
2872
297
2624
296
2884
394
2924
418
2829
456
2420
401
3023
436
1652
281
2789
370
2518
354
2994
443
2930
404
2465
411
2301
315
2889
401
2731
436
2806
446
2794
419
2764
431
2889
394
2805
441
2593
416
2187
303
2842
348
2776
416
2801
429
2840
428
2699
428
3213
446
2941
304
1725
421
2799
403
3095
439
2832
409
2189
406
2866
426
3062
455
2764
425
2819
444
2959
288
2961
438
2967
368
2699
429
3047
431
2734
341
2810
419
2987
247
2702
354
3004
446
2724
376
3110
406
2794
393
2862
226
2867
434
3159
445
2226
411
2676
428
2764
439
2884
331
2712
414
2811
459
2807
421
2855
456
11139
431
2899
341
2784
401
2932
281
2358
446
3133
428
2752
431
2756
414
2866
425
2859
421
2812
423
2799
438
2886
388
2894
421
2714
426
3057
336
2786
408
2942
420
2709
245
1362
431
2732
319
1346
234
2852
401
3067
421
2932
434
2904
431
2882
449
2518
454
2731
338
2919
419
1260
413
2265
428
2761
446
2430
363
2786
411
2970
421
3084
303
2742
229
2794
421
2837
443
3075
421
2945
403
2741
409
2912
423
1425
489
2804
413
2706
428
2797
411
2849
368
2902
414
2997
427
2748
406
3084
403
2200
274
1919
208
2791
441
2297
409
2726
406
2914
356
2085
328
2550
323
2746
426
2777
411
2767
401
2819
414
2791
444
2839
306
2721
423
2959
441
2809
418
2806
459
2354
253
2128
393
2746
423
2486
421
2769
418
2327
363
2892
406
2929
428
2927
423
2821
429
2877
446
2616
443
2687
431
1834
431
2837
345
2148
448
2668
378
2353
421
2328
419
2901
324
2089
418
2296
319
2690
323
2686
433
2744
426
2779
403
2397
444
2718
416
2776
383
2057
319
2711
403
2902
353
2559
389
2742
423
2833
217
2649
447
2944
418
2580
413
2699
236
2742
414
2587
416
2899
371
2257
284
2711
439
2703
461
2939
426
2937
426
2365
404
2644
388
2721
431
2754
404
2744
418
2710
433
2996
401
2589
381
2666
415
2593
404
2699
406
2736
427
2758
413
2481
391
2812
351
2092
290
2707
396
2821
446
2741
409
2689
327
2653
403
2641
333
2531
411
2894
401
2681
418
2802
478
2813
416
2762
439
2664
416
2681
414
2694
426
2703
376
2678
398
2754
414
2847
419
2747
393
2754
418
2752
421
2734
394
1220
428
2291
299
2689
448
2647
431
2584
418
2737
443
2674
383
2754
427
2739
396
2692
416
2199
421
2585
445
2926
399
2756
396
2563
409
2664
421
2668
408
3035
398
2794
441
2121
433
2832
426
2586
340
2887
413
2649
416
2744
401
2169
408
2736
333
2661
411
2367
431
2779
393
2611
421
2741
418
2098
423
2757
416
2752
404
2762
428
2906
426
2806
344
2837
416
2834
429
2919
431
2825
416
2716
433
2663
429
2789
426
2686
436
2696
363
2653
285
2508
398
2698
348
2947
411
2839
416
2701
419
2844
349
2641
381
2688
408
2521
408
2757
245
2942
428
2774
416
2912
403
2751
365
2812
421
2839
419
2854
369
2277
286
2778
426
2756
443
2872
429
2704
281
2389
426
2768
433
2746
437
2005
418
2993
337
2649
418
2596
417
2575
323
2801
414
2350
232
2193
366
3182
404
2809
418
2280
413
1668
404
2784
331
2145
313
2961
368
2809
394
2804
426
3124
427
2681
411
2691
426
2250
444
1605
431
2726
429
2746
431
2784
229
2738
288
2721
426
1794
416
2610
426
2791
349
2701
408
2811
366
2684
404
1512
159
2679
421
2749
357
2045
232
2209
342
2932
423
2317
413
2721
278
1957
371
2704
418
2617
356
2764
378
2671
324
2027
285
2719
415
2851
326
2801
288
2741
318
1527
247
2787
333
2832
421
1885
340
2759
318
2671
419
2689
415
2676
399
2844
168
2114
346
2692
315
2604
416
2312
294
2328
367
2666
416
2763
408
2086
424
2616
416
2734
479
2882
408
2786
326
2822
461
2861
421
2812
446
2814
203
2849
414
1598
428
2837
429
2794
345
2746
429
1668
426
2736
389
2999
414
1710
418
2782
414
2207
421
2885
448
2939
381
2724
421
2145
411
2693
399
2851
418
2837
424
2776
416
2717
437
2721
444
2131
282
2912
444
2828
413
2278
459
2950
361
2376
353
2828
189
2749
401
2689
446
2846
416
2964
401
1986
316
2907
379
2764
391
2089
429
1653
178
2782
233
2588
338
2696
399
3052
416
2774
429
2201
401
2659
438
2629
265
2643
407
2676
439
2762
226
2290
298
2889
357
1583
401
3624
281
2836
241
2611
354
2712
421
2266
426
2840
434
2704
388
2563
388
2689
426
2666
416
2854
428
2829
428
2175
426
1687
251
2744
418
2848
348
2731
441
1490
425
2097
408
2747
403
2708
424
2270
416
2769
441
2679
239
2726
401
2804
352
2129
434
2302
416
2768
446
2666
421
2691
403
2771
396
2651
425
2764
428
1545
426
2688
411
2596
274
2481
413
2556
297
2798
365
2761
285
3075
396
2821
386
3099
354
2786
349
2748
421
2650
342
2846
446
3072
429
1259
400
2163
272
2894
421
2220
431
1365
190
2934
401
2929
247
2518
333
2230
396
2521
411
2776
416
2859
429
2763
408
2465
321
2910
391
2684
406
2756
408
2723
340
2763
441
2896
424
1392
167
2807
387
2837
317
2461
244
2779
295
2761
346
2311
339
2867
386
2809
426
2751
363
2774
361
1794
406
2906
443
2959
438
2057
414
2822
429
1646
416
2395
411
2879
408
1903
280
2766
415
2058
439
2904
415
2788
346
2546
409
2734
408
2167
446
2792
399
2992
423
2224
409
2736
401
2789
436
2704
266
1775
249
2743
453
2937
411
2831
260
2741
406
2872
416
2819
418
2050
413
2774
461
1261
419
2892
409
2681
425
2790
391
2791
413
2851
220
2370
404
2799
423
2221
257
2829
426
2806
401
2961
426
1276
195
2269
436
2852
413
2285
282
3011
411
2766
421
2919
419
2721
265
1732
344
2816
421
2847
296
2296
408
2334
378
2771
418
2019
419
2992
429
2744
416
2751
411
2782
255
2761
415
2689
439
2220
300
3027
423
2313
317
2877
456
2694
351
2792
421
2704
403
2403
283
2671
256
1650
171
2694
458
2862
399
2747
272
2739
411
2349
292
2949
338
1789
396
2736
433
2819
411
2836
389
3084
418
2335
365
1691
398
2737
408
2673
426
2747
401
1229
415
2688
356
2165
431
2852
356
2814
418
2801
414
2465
332
1256
411
2699
441
1646
419
2830
349
2307
396
2754
431
2896
434
2711
358
2762
443
2812
406
1239
175
2729
425
2738
439
2880
418
2764
459
2813
416
2912
431
2782
409
2714
413
2821
423
2769
421
2819
406
2696
444
2801
435
2845
411
2746
428
3183
433
2732
406
2377
333
2045
446
2995
347
2807
418
2795
307
2756
279
2734
426
2763
391
2729
413
2769
426
1806
278
2872
436
2819
265
2790
395
1252
218
2862
435
3123
419
2891
414
2731
421
2257
271
3127
418
2173
413
2598
404
2203
426
2000
419
1592
376
2038
295
2990
409
1613
411
2756
424
1688
410
2774
434
2118
408
2704
443
2837
421
2366
351
2205
327
2826
371
2714
441
2895
416
2721
294
2621
425
2812
441
2646
426
2781
369
2851
399
2349
319
2832
421
2764
405
2277
431
1713
401
1297
376
2722
428
2713
257
2729
431
1723
448
2621
414
2832
401
2402
429
2861
421
2122
403
2866
417
2816
436
2941
438
2662
419
2701
411
1774
303
2801
438
2820
421
2132
262
2482
409
2768
429
3370
426
2731
321
2229
411
2855
419
2945
428
1726
233
2774
395
2123
257
2465
257
2969
401
1222
237
2451
436
2911
408
2647
419
1330
425
1957
415
2907
406
2827
459
1431
409
2669
413
2989
356
2782
424
2806
441
1493
419
2815
411
2823
306
2676
427
2779
431
2677
384
1367
181
2703
451
1932
389
2861
441
2754
413
2776
451
2609
399
1370
404
2359
426
3000
426
2604
426
2241
284
2684
272
2734
260
2243
290
2564
431
2782
423
2807
426
2751
416
2809
323
2746
269
2846
348
2849
379
2253
406
2786
345
2696
338
2937
341
2764
434
2629
441
2721
401
2836
214
2690
431
2979
426
2719
435
2789
404
2914
371
2706
401
2313
414
2724
415
2300
369
2623
419
2769
426
1348
435
2865
401
2849
423
2374
415
3040
368
2781
396
2636
295
2834
423
1950
436
2668
408
2784
416
2809
409
2523
358
2917
411
2431
419
2681
441
2964
443
2849
411
2884
416
1946
295
2910
408
1804
368
2884
441
2093
232
2872
429
2197
416
2970
409
2759
438
2897
395
2874
405
2911
429
2777
421
2854
431
2747
419
2786
406
2749
413
2949
431
3105
371
2709
426
2812
428
2438
427
3050
428
2952
426
2454
414
2911
366
2934
377
2967
363
2769
391
2719
418
1825
426
3077
416
2845
431
2003
418
2530
498
2767
236
2258
321
2829
307
2748
418
2719
388
2784
389
2882
411
2927
207
2837
406
1757
411
2792
323
2892
245
2857
266
2594
438
2488
315
2551
413
2980
416
2887
331
1717
408
2219
441
2349
337
2738
404
3058
386
2849
421
2714
446
2779
397
2949
358
2885
414
3057
179
2896
414
2534
409
2897
401
2696
339
2783
338
2836
416
2829
401
2859
345
1688
238
2818
431
3034
411
1683
229
3082
389
2895
226
2714
424
1697
308
2763
365
1752
244
2877
397
1975
441
2784
415
2643
409
1900
393
2889
419
2817
234
2794
458
2724
354
2871
413
2909
428
2824
427
1687
218
2861
400
2187
428
2907
434
1420
140
2396
406
2199
409
2844
431
2904
237
2811
427
2880
325
2863
428
2894
185
2852
411
2230
431
2844
425
1700
238
2807
333
3069
401
2957
364
1600
225
2346
283
1822
413
2174
260
2989
416
2754
346
2724
277
2766
396
2907
419
2847
229
3026
323
2420
324
1781
411
2804
396
11890
363
2455
417
1736
418
2756
355
1772
395
3085
308
2829
363
2800
396
2698
406
2799
373
2650
403
2859
414
3195
455
2814
413
2163
421
2914
373
2709
425
2855
428
2588
454
2941
429
2764
426
2852
408
2889
413
2991
396
2812
413
1854
446
3150
418
2909
289
2896
414
1882
216
2876
355
2774
441
1912
265
2821
361
2709
438
3024
444
2849
321
1344
154
3097
409
2844
434
3102
399
2834
420
1642
185
2804
413
2809
441
2822
455
2829
434
2936
290
2769
428
2802
401
2829
398
2606
357
3012
423
2827
419
2686
222
3010
438
2867
433
1758
446
2260
434
1712
414
2741
411
2832
441
1307
423
2883
411
2950
403
2724
421
2713
421
2473
361
2791
169
2911
416
1710
178
1597
215
1264
239
2834
409
2694
439
2884
397
2801
381
2784
399
2377
483
2935
419
2342
276
1383
413
2371
434
2919
404
2234
413
2382
433
2784
418
2712
413
2969
424
2967
421
2904
406
2767
414
2814
449
2721
416
2626
414
2804
431
2719
431
2205
411
2727
431
2583
297
2755
419
2794
331
1875
396
2559
421
2871
366
2688
409
2839
205
2834
441
2425
416
2769
239
2759
220
2329
423
2902
303
2987
374
3129
341
3293
409
2819
408
2837
296
2835
428
2227
431
2862
428
2862
411
2744
451
2799
423
2845
419
2841
338
2748
408
2671
423
1749
433
1882
403
2221
423
2393
411
2872
418
2949
25115
2847
363
2859
338
2447
399
2761
429
1716
244
2229
418
1793
401
2801
444
2947
212
2669
413
2429
421
2965
398
3050
339
2734
434
2636
410
3022
452
2813
426
2708
431
2855
414
2886
385
2894
396
2385
332
2847
411
2999
451
2790
158
2937
287
2897
409
2856
411
2811
398
2729
403
2846
443
2942
439
2828
430
2831
355
1644
448
2759
433
2350
410
1406
441
3010
411
2824
421
2373
426
2887
426
2922
421
2299
411
1655
420
2796
426
1451
172
2860
371
2490
384
2919
426
2739
386
2846
423
2951
425
2804
368
2550
406
2486
411
2244
429
3140
429
2943
409
2854
278
1957
439
2462
426
2658
410
1980
428
2524
413
3044
266
2789
413
2836
421
2789
391
1891
426
2866
364
2315
438
1362
151
2679
416
1541
431
2847
427
2874
255
2909
431
2802
415
2809
419
2787
456
1643
447
2927
364
2923
418
2927
366
2590
411
2428
421
2741
355
2894
459
2374
435
2897
404
2768
227
2871
434
2781
446
1825
293
2856
424
2874
395
3012
368
2879
438
2764
199
2777
411
1680
387
2289
255
3082
431
2734
437
2681
427
2842
348
2867
347
