379
237
323
153
281
341
354
296
158
293
144
141
396
368
241
308
366
221
266
232
275
318
310
294
218
308
403
250
333
363
348
243
246
336
220
299
161
318
343
163
248
328
230
233
241
290
307
234
371
274
160
165
199
194
241
314
376
304
371
329
209
319
165
216
145
296
219
186
324
310
341
296
125
158
276
306
353
313
409
308
252
192
305
303
284
227
215
301
303
296
242
205
421
300
210
313
271
193
250
209
265
283
235
243
343
286
245
297
364
310
169
138
348
223
275
314
186
199
160
248
266
226
338
313
251
316
289
283
315
318
323
241
256
258
349
301
278
326
162
301
352
303
270
309
272
303
277
304
206
301
236
293
288
278
278
314
269
313
363
206
347
261
303
203
160
316
246
331
396
306
295
309
238
301
276
207
323
313
251
333
162
301
241
296
348
296
276
291
416
291
345
316
358
310
184
301
324
286
280
187
253
283
353
313
245
283
353
244
318
321
346
308
348
304
190
262
182
139
183
273
373
301
523
308
260
316
345
198
246
306
326
160
272
319
316
307
299
125
259
327
318
276
351
314
260
309
221
308
196
298
283
314
240
297
239
291
192
197
253
254
344
300
301
293
318
150
341
309
273
346
321
309
239
321
296
306
202
291
281
220
208
283
159
313
375
313
346
303
275
175
154
194
351
316
283
179
351
311
256
132
228
194
287
353
263
315
374
308
343
301
330
296
343
236
258
291
171
301
256
299
251
301
346
299
338
306
358
248
411
311
256
225
171
296
323
301
358
301
336
296
288
316
273
283
294
242
298
294
261
317
268
334
341
298
160
316
389
313
394
328
170
256
344
310
126
139
364
301
188
198
331
313
246
300
293
311
126
306
371
291
336
323
211
224
265
301
339
306
290
248
276
301
226
147
315
268
337
250
286
223
298
256
366
303
273
308
105
122
381
301
413
311
172
195
325
326
242
311
294
316
249
324
270
133
295
308
369
303
274
318
265
314
361
306
263
316
258
318
328
252
451
303
273
288
268
311
174
131
371
310
316
308
341
298
283
323
359
304
354
194
349
301
235
328
346
296
283
321
328
242
229
321
222
293
273
303
180
304
273
314
373
311
175
172
250
311
314
206
306
326
263
296
193
315
288
304
274
184
183
301
267
310
281
248
271
166
363
301
323
305
423
316
270
281
107
118
228
289
288
293
336
283
279
305
278
307
232
189
268
316
327
313
356
290
168
176
264
301
218
308
221
293
125
132
324
299
260
326
120
296
293
291
345
308
223
321
213
197
223
309
241
304
263
296
349
298
296
283
305
308
273
296
366
308
239
288
351
291
277
304
233
227
319
293
215
300
311
254
368
316
273
316
351
315
344
256
341
294
358
311
271
314
174
166
217
132
269
295
153
303
306
175
234
301
286
293
293
291
346
299
176
315
224
251
182
298
316
301
275
314
251
328
212
257
232
316
265
308
296
286
350
316
295
313
281
280
259
324
273
299
208
220
278
294
142
138
264
338
351
295
323
248
259
169
267
336
390
283
348
313
313
296
396
300
248
308
292
330
277
309
197
237
251
308
205
298
248
245
225
180
320
200
233
321
390
258
294
291
253
326
241
323
171
308
228
321
409
284
363
308
217
250
276
200
276
229
299
301
346
253
174
263
444
313
293
323
424
291
263
300
276
324
270
187
356
308
346
325
293
296
204
228
268
284
114
303
389
301
296
323
383
308
235
283
335
283
298
127
363
293
190
294
339
321
279
321
418
154
229
295
263
296
347
171
198
303
326
291
311
286
629
211
296
311
321
283
321
338
340
316
273
246
373
246
300
289
246
301
231
224
283
221
268
301
263
303
351
260
393
301
326
318
328
283
433
323
160
293
346
300
360
304
150
290
258
316
363
286
239
198
356
308
226
326
265
258
351
331
350
323
212
295
410
278
238
206
274
231
248
228
259
219
396
293
444
299
416
210
415
304
243
296
347
218
244
308
271
293
256
303
150
301
325
321
293
308
338
304
328
336
649
303
306
187
248
186
346
127
318
349
314
296
210
225
227
295
391
313
271
325
359
296
404
308
316
296
285
318
343
323
105
292
216
291
313
260
308
239
328
290
369
331
331
296
341
298
315
309
426
306
320
304
348
305
150
306
427
245
299
309
163
300
286
288
314
324
228
313
134
301
283
289
551
329
321
318
273
231
371
313
334
313
358
307
308
356
252
213
321
331
288
293
318
283
289
249
286
245
353
170
246
310
346
321
351
316
229
318
383
309
349
326
248
308
393
271
285
311
373
330
211
296
456
313
351
225
419
210
218
259
357
321
332
311
333
313
421
300
439
291
255
288
271
298
260
316
279
301
278
200
263
283
296
288
407
309
311
308
401
290
377
326
419
306
281
319
366
251
882
308
419
296
441
160
334
160
249
316
351
316
394
308
335
301
235
303
353
295
419
300
426
206
339
308
373
318
349
308
341
261
240
321
448
293
234
306
346
306
308
315
446
299
321
319
469
316
396
300
441
329
418
331
336
339
401
313
366
313
331
197
471
300
413
298
376
297
355
321
348
303
333
308
336
313
403
315
304
326
426
323
340
244
391
265
361
303
461
313
328
303
369
301
331
316
290
313
383
311
424
308
361
165
311
273
286
163
335
309
388
215
286
177
278
254
405
303
411
248
414
301
369
289
191
169
396
293
419
283
293
230
436
295
413
295
316
291
250
169
338
288
428
319
294
212
339
315
378
301
254
249
421
311
331
227
358
318
642
235
373
230
275
174
333
298
319
288
405
316
293
298
413
295
439
300
325
310
243
298
429
303
341
296
411
295
365
291
273
303
413
290
357
303
346
299
404
260
433
343
343
331
429
262
411
215
433
230
381
215
404
290
431
330
346
333
408
296
346
198
396
298
449
301
356
283
396
309
371
231
431
171
195
303
418
304
344
298
335
179
398
189
411
303
305
295
411
214
426
308
342
291
193
291
376
291
332
303
454
295
341
301
408
296
426
296
313
318
363
304
433
236
403
293
298
283
258
306
321
321
376
215
311
308
404
313
238
295
424
306
278
293
361
316
413
306
345
314
283
215
361
311
248
333
401
300
270
204
383
306
438
248
278
313
349
319
438
294
351
239
250
311
331
303
356
164
413
303
343
321
248
318
311
333
301
253
142
313
245
228
399
318
359
328
344
321
175
294
341
241
253
303
230
339
206
318
304
296
407
305
317
296
268
321
273
285
313
268
255
211
359
225
431
313
355
323
353
318
383
316
316
176
411
311
366
223
406
316
429
319
433
291
296
214
429
244
421
303
409
345
438
299
394
260
380
209
224
310
401
299
407
182
301
296
368
298
337
308
287
313
350
296
391
241
383
304
323
313
416
298
249
309
305
252
224
293
297
311
423
296
326
319
319
157
328
281
461
308
456
283
381
326
264
149
423
300
369
323
391
293
431
316
343
226
704
288
446
316
306
206
296
296
388
295
394
298
431
271
628
313
385
296
371
293
107
311
391
313
475
291
431
314
328
313
343
313
927
293
406
313
365
253
390
159
296
295
433
300
331
217
361
237
344
185
404
296
378
262
386
311
393
298
310
142
370
264
321
283
306
309
381
204
351
293
434
299
399
290
421
313
343
311
430
317
401
311
426
298
351
327
239
294
411
251
423
306
391
318
406
211
443
306
350
321
341
308
298
296
404
233
388
251
444
295
415
238
225
183
339
301
410
311
338
298
436
328
401
313
277
283
340
241
401
228
374
313
381
248
403
300
325
323
461
316
408
305
340
325
299
321
431
313
599
306
329
310
334
210
429
313
343
235
394
221
406
308
414
301
351
232
424
321
476
301
391
283
571
268
406
303
406
293
323
211
393
366
431
288
293
296
429
298
421
280
419
243
487
123
447
266
386
295
431
298
404
294
398
326
343
316
437
311
398
253
401
238
443
311
454
301
401
259
413
336
389
281
464
334
351
301
339
290
437
129
208
296
330
212
347
293
331
269
413
316
333
316
314
189
323
298
325
286
431
191
461
325
416
218
371
301
416
281
418
256
320
301
244
295
376
224
444
310
399
296
408
314
391
307
387
316
431
316
421
310
293
293
401
295
359
308
443
314
439
323
434
298
300
318
449
178
697
298
417
313
378
321
416
295
384
250
436
289
388
303
333
301
293
303
446
328
401
315
519
288
398
276
381
309
374
271
391
328
468
248
424
313
441
223
419
303
363
201
438
321
396
293
356
309
318
324
337
308
438
306
531
323
203
308
328
296
293
296
363
301
388
305
370
320
219
307
463
330
391
324
353
323
458
321
311
291
349
253
354
308
358
313
315
198
349
303
451
208
424
263
416
293
267
288
293
249
404
303
423
181
167
295
409
311
428
344
381
306
318
293
334
291
422
279
353
299
406
239
367
186
318
290
441
212
349
311
419
220
448
283
251
311
213
221
341
266
419
259
421
321
454
313
346
301
396
225
195
301
426
328
325
283
314
298
426
295
385
266
238
235
281
129
405
288
414
314
416
296
343
131
346
313
281
316
269
296
409
311
383
304
406
305
338
301
267
231
439
225
365
295
184
291
356
316
307
314
313
203
333
303
211
129
218
167
285
329
250
290
286
313
414
313
277
250
359
315
306
296
307
318
285
303
263
298
384
236
288
308
404
328
346
326
435
298
344
291
313
311
455
315
411
295
254
303
225
250
424
323
426
319
335
324
313
291
239
103
419
310
408
293
251
249
279
299
330
306
251
173
441
304
391
296
343
326
321
290
324
301
356
297
434
315
274
301
426
211
236
228
271
293
265
281
367
286
408
309
355
331
346
318
404
286
439
308
374
328
702
330
406
219
230
296
395
292
408
310
94
328
248
195
360
293
424
318
320
295
306
331
359
265
379
281
341
294
411
248
351
325
441
326
343
315
323
329
276
293
419
228
343
296
341
247
454
328
343
306
270
331
506
301
358
303
336
207
257
293
309
303
330
293
317
296
439
301
371
300
409
276
323
313
353
299
309
304
446
310
463
166
359
180
309
293
217
286
403
309
119
161
271
301
313
309
343
309
360
298
337
288
415
316
301
301
353
288
361
298
336
153
416
321
414
328
281
298
405
313
317
306
391
311
320
281
436
190
282
175
401
113
366
306
281
229
260
334
336
316
444
313
383
308
374
315
271
315
341
303
348
129
260
303
408
311
265
310
165
298
351
298
344
275
313
248
388
285
263
311
245
308
418
244
358
311
366
343
249
323
356
316
400
301
373
348
354
296
306
128
323
321
351
174
368
313
514
308
305
319
366
326
374
336
336
158
386
237
288
311
396
334
343
316
326
278
453
313
298
344
371
279
270
175
353
316
348
318
429
184
334
320
406
232
306
284
220
213
343
321
253
308
358
288
409
301
264
163
336
323
451
294
291
310
344
263
318
267
353
218
378
316
419
291
247
169
316
301
340
351
326
328
333
177
439
248
336
245
348
318
286
316
401
318
386
147
388
217
356
303
321
310
383
266
333
314
447
311
401
296
309
198
330
293
393
301
296
261
361
304
358
303
419
218
363
299
367
125
283
246
331
301
535
313
424
313
366
303
335
180
369
218
306
243
247
184
463
298
383
310
401
296
353
311
346
306
338
182
373
323
396
341
313
293
371
325
251
233
299
298
381
184
434
313
303
311
251
133
177
333
334
293
411
293
241
195
324
309
278
323
390
326
384
295
403
304
178
197
301
298
308
290
356
334
115
137
335
313
348
255
265
250
277
178
445
313
213
181
336
311
329
315
344
315
353
306
242
164
297
301
298
208
449
163
346
238
324
155
286
283
356
319
288
303
331
241
252
124
581
324
359
299
335
296
336
298
409
153
278
250
320
273
275
309
195
306
291
259
202
283
331
308
371
296
310
303
433
331
343
331
343
303
433
304
339
283
326
315
329
298
238
258
459
306
265
294
288
178
436
186
321
247
415
283
361
300
256
296
249
145
404
294
363
343
418
296
426
181
361
293
437
169
305
291
677
316
448
311
426
304
378
310
437
311
409
308
416
295
387
301
353
298
378
309
364
171
205
156
416
314
349
310
275
296
212
174
311
303
371
293
295
301
351
316
291
311
353
298
340
299
425
311
348
303
268
333
416
328
427
251
342
303
441
291
433
300
165
324
681
321
173
214
421
324
328
313
368
301
283
296
432
103
175
298
444
311
335
208
434
221
517
283
340
215
376
314
326
301
179
286
451
179
318
196
238
328
300
300
278
325
287
160
363
316
198
296
341
293
408
299
356
215
434
230
327
296
340
310
413
323
184
122
276
225
296
291
346
156
381
223
361
318
256
165
403
253
360
329
364
215
371
304
346
146
449
329
256
308
159
119
322
168
401
295
363
329
218
293
399
320
398
378
284
301
429
306
351
279
411
323
391
308
311
304
321
214
343
300
494
296
239
318
270
265
283
293
332
225
270
301
373
336
353
318
179
258
306
326
213
290
346
315
250
267
176
124
278
328
318
301
331
330
304
260
439
252
343
309
346
311
346
240
326
296
321
326
353
296
340
318
203
293
421
308
221
128
363
298
262
283
428
326
428
301
424
298
308
306
330
308
401
266
401
323
341
310
411
316
335
175
401
218
313
275
316
283
406
301
184
314
224
296
354
184
420
241
441
316
243
276
293
331
331
286
436
313
232
125
313
289
431
163
333
238
212
169
276
298
347
303
383
325
346
288
424
301
293
247
236
253
410
293
273
308
380
291
185
331
325
293
252
326
339
310
335
314
376
198
323
313
316
261
434
195
315
293
257
299
309
304
423
296
376
316
361
178
213
295
435
210
452
311
363
296
351
211
235
299
338
286
396
293
364
127
446
313
268
296
324
165
280
300
431
329
413
230
434
228
281
303
217
313
386
349
469
331
356
298
374
175
449
215
371
295
428
215
364
299
435
299
376
358
399
298
400
308
348
311
331
308
191
316
298
300
429
306
378
316
248
200
285
301
356
251
262
298
296
251
296
246
376
297
416
280
353
298
289
148
278
245
409
331
265
303
331
248
245
308
285
249
500
300
444
321
433
296
404
170
254
296
426
298
293
300
406
133
381
291
416
298
411
303
358
314
737
180
381
251
426
243
292
328
423
228
451
276
416
202
263
245
339
318
316
301
326
309
431
296
241
304
409
258
338
333
309
316
436
306
258
283
340
316
303
223
358
290
299
293
318
313
373
328
265
177
419
232
328
124
381
328
454
329
351
308
305
205
311
288
197
274
363
323
336
228
391
240
341
261
188
128
293
294
381
318
333
306
343
311
439
318
364
295
137
179
391
222
364
301
311
259
298
258
409
321
335
301
304
296
458
249
324
305
108
308
431
313
386
293
433
311
418
301
423
258
429
314
301
295
270
164
386
330
431
303
364
294
308
283
245
284
494
313
304
291
396
171
476
236
301
168
446
328
514
334
327
220
252
128
351
255
255
300
346
301
311
293
359
311
369
296
301
296
426
283
356
227
453
318
191
301
271
227
304
300
385
266
104
87
306
121
437
313
379
320
241
309
411
331
370
215
416
233
391
296
384
293
310
306
408
186
361
296
436
307
399
293
339
306
453
320
280
296
308
308
343
138
386
296
433
297
353
288
432
303
216
283
387
288
314
308
293
311
451
301
368
296
258
316
294
184
421
243
283
295
456
265
239
303
404
316
361
206
338
324
335
318
332
264
453
298
403
301
355
153
371
308
411
311
256
321
356
306
331
293
289
319
431
288
202
158
351
296
426
306
302
227
429
291
399
215
383
255
140
296
418
289
294
296
303
295
241
316
319
228
221
310
356
243
328
241
406
329
401
316
394
230
374
296
289
293
159
293
324
245
398
296
439
278
376
305
366
299
401
303
316
328
423
318
257
125
300
321
247
300
180
293
297
325
398
308
386
217
190
130
352
311
232
301
285
313
419
333
224
305
421
230
344
295
368
331
434
306
404
132
396
311
468
138
335
329
298
308
434
326
318
316
411
299
624
246
390
325
443
313
378
316
449
299
364
318
431
313
426
303
289
203
589
298
414
320
436
231
247
305
411
298
326
308
315
320
426
328
444
288
347
311
428
296
328
260
348
198
415
269
243
313
421
334
449
273
381
298
308
178
351
349
380
247
312
296
467
221
343
308
416
313
357
309
449
172
421
228
403
293
407
308
341
338
404
298
462
290
394
263
293
298
224
316
401
293
354
227
328
308
396
306
424
140
376
293
431
303
399
298
353
243
235
306
421
337
561
296
327
159
461
301
387
291
373
300
409
172
374
318
409
329
273
177
361
316
339
325
391
301
363
263
453
328
336
150
183
321
411
298
386
300
438
258
289
301
363
299
452
308
383
241
478
126
315
315
592
243
407
316
286
232
413
295
324
291
379
291
479
311
398
301
352
249
414
334
371
328
196
291
466
285
303
347
331
298
177
290
416
328
301
309
291
296
411
248
401
9139
302
324
287
221
428
315
166
310
439
291
426
310
399
295
347
329
385
254
304
316
246
298
262
303
427
314
240
308
393
316
317
173
414
316
335
311
341
321
418
328
281
295
596
320
349
171
291
288
368
296
401
326
391
295
364
303
473
296
457
311
328
291
408
295
380
291
422
300
386
308
396
311
301
316
353
301
397
243
423
300
394
313
424
315
316
232
269
315
335
169
356
130
359
289
423
328
432
260
406
129
444
228
503
315
414
255
375
303
394
294
403
298
343
210
326
283
293
321
289
315
654
308
413
306
411
181
424
318
463
308
244
126
391
303
415
309
329
308
407
311
416
311
409
326
280
328
396
293
436
305
383
301
448
306
418
299
310
290
278
182
353
313
488
360
308
310
413
313
378
318
391
295
399
224
434
306
291
179
373
293
261
117
431
314
411
296
416
300
431
313
486
306
415
310
366
304
202
126
441
211
379
213
327
321
331
250
266
243
286
295
416
321
491
310
431
308
331
236
401
314
399
321
419
308
388
201
406
301
375
273
259
296
429
319
369
270
419
311
400
306
375
256
299
261
662
309
393
250
413
316
436
316
22833
295
309
313
408
296
357
334
382
303
613
300
313
306
318
168
401
293
366
285
443
202
304
308
436
183
438
215
235
117
313
291
537
301
421
301
338
283
