364
301
261
298
273
279
328
346
123
155
291
328
286
296
356
291
233
286
259
311
353
304
256
303
300
235
298
318
192
205
280
223
241
311
201
300
273
313
243
202
157
300
233
301
258
235
323
348
363
323
244
308
231
182
217
214
341
323
274
325
268
228
194
191
226
300
426
310
243
303
353
316
236
321
321
308
253
192
230
293
344
331
197
299
433
124
298
291
309
178
364
301
253
308
343
303
336
328
213
298
248
278
210
203
293
306
273
304
293
220
92
341
176
191
324
314
273
200
330
306
344
288
245
291
218
293
501
328
363
308
268
283
242
260
356
283
256
283
315
301
358
308
353
306
270
321
319
269
237
321
133
307
376
303
325
237
242
290
246
333
308
311
365
291
263
313
314
309
253
253
283
323
204
293
225
294
391
308
296
301
187
170
246
290
225
316
298
347
186
321
365
314
278
273
298
296
148
309
150
253
365
296
298
308
384
326
293
318
251
260
343
299
371
301
318
286
338
255
256
154
434
333
267
290
210
296
301
295
241
247
195
215
281
311
210
227
293
308
283
303
351
220
335
204
338
343
388
303
323
311
356
308
202
300
334
314
255
313
341
305
316
256
246
239
271
309
229
296
207
323
243
202
288
310
239
204
261
311
264
193
351
316
261
303
160
283
198
313
273
319
281
311
240
260
263
323
310
293
280
315
411
281
166
318
354
305
604
296
253
294
341
316
272
308
338
299
157
184
167
336
366
217
396
297
279
241
437
178
378
330
280
220
304
251
276
296
361
313
291
254
296
124
248
309
209
318
431
311
276
284
289
249
351
296
203
242
273
235
315
211
237
291
381
349
227
315
126
126
293
254
178
298
413
296
196
305
150
265
333
295
421
321
363
308
343
321
191
311
303
313
318
301
331
212
245
291
348
316
354
246
263
241
253
329
164
165
298
216
248
298
144
291
343
223
254
123
222
325
261
304
247
238
108
170
350
299
293
125
359
306
293
283
366
306
306
311
411
313
354
213
360
318
260
294
273
301
211
131
344
313
212
326
176
326
326
301
271
251
252
199
280
291
325
311
364
313
311
303
411
317
194
299
544
261
346
298
279
301
283
281
343
328
361
315
241
331
316
296
320
308
251
172
258
185
253
308
288
301
387
345
326
283
223
235
235
293
273
331
356
284
331
319
338
303
263
314
256
313
251
260
346
293
215
301
151
177
216
195
343
318
258
303
339
311
323
197
313
296
103
138
158
284
347
296
273
314
197
245
623
130
346
311
273
217
270
313
276
306
234
316
318
296
310
308
341
260
147
154
359
247
270
300
256
306
251
296
126
333
223
316
291
291
321
311
331
327
331
243
343
323
186
273
265
329
334
268
144
137
356
283
241
152
246
169
205
257
278
164
283
213
139
173
209
304
338
293
218
301
335
320
207
301
266
326
253
309
255
303
220
313
251
247
247
314
290
316
150
157
281
308
240
199
165
314
354
290
359
328
200
303
269
321
219
208
122
296
316
277
349
235
352
316
344
283
387
331
376
318
234
296
243
306
427
276
243
309
214
303
353
177
256
193
395
247
276
321
205
316
373
296
303
273
286
283
245
290
338
309
251
300
263
308
341
245
277
331
321
259
211
172
278
318
397
296
308
301
313
283
231
306
434
309
182
296
299
301
351
216
183
350
350
299
275
314
438
301
209
293
435
298
299
308
324
293
348
127
248
243
260
288
328
305
156
321
394
294
323
328
231
307
255
207
286
320
261
148
233
321
247
308
434
328
363
298
121
283
309
246
223
290
293
316
243
328
361
315
293
296
321
221
268
238
341
248
284
305
317
325
250
225
187
236
208
293
271
334
269
301
270
296
228
290
235
175
345
311
363
300
285
303
366
311
169
124
343
319
350
331
238
288
277
230
251
283
226
203
189
177
331
257
182
301
434
303
256
140
168
198
275
239
316
309
425
328
224
297
367
283
319
296
426
293
324
321
383
318
241
298
358
330
248
301
295
283
313
295
266
326
305
316
345
309
305
211
368
293
431
291
146
291
110
288
242
303
283
315
258
248
449
291
282
220
200
308
267
202
303
316
349
296
263
266
431
318
196
114
145
316
364
304
361
328
169
187
233
293
311
320
320
336
298
228
261
308
260
189
236
300
281
228
251
297
431
303
279
190
336
293
293
328
248
294
436
290
348
240
431
316
316
328
215
228
134
118
338
273
458
100
281
296
237
303
258
256
248
295
275
301
361
248
344
274
399
287
360
320
333
296
132
313
300
227
253
323
237
140
421
291
315
328
260
299
343
291
274
285
263
303
343
328
180
157
436
316
266
318
404
168
227
299
304
180
449
318
451
291
232
185
309
314
140
230
257
296
331
331
291
169
426
350
317
308
324
234
333
253
368
249
356
303
418
314
278
147
326
298
255
299
302
343
301
305
431
311
259
198
329
296
341
300
373
209
351
328
347
294
451
306
406
296
278
316
582
286
328
318
426
301
293
301
282
354
288
313
254
218
375
263
162
188
326
295
277
175
342
308
371
303
426
313
666
284
268
301
451
328
308
307
369
300
401
296
286
321
421
300
391
318
224
201
391
226
356
191
255
280
354
295
361
311
216
306
411
311
343
308
341
294
417
299
393
301
336
295
180
305
414
310
404
309
353
311
265
343
328
300
406
223
351
328
349
303
316
296
411
308
399
311
371
316
331
296
280
221
458
311
308
314
333
211
311
293
431
283
413
304
217
311
333
290
294
199
464
295
358
212
348
316
353
226
436
316
418
291
391
288
361
316
419
316
296
313
372
309
244
313
403
306
364
311
333
252
502
314
391
316
419
275
404
303
354
301
375
300
411
290
496
237
329
316
336
180
375
308
401
198
366
316
346
301
352
298
361
293
329
154
353
281
358
248
313
296
429
301
314
228
368
308
441
315
429
328
356
293
334
244
435
281
447
318
396
280
701
313
419
293
451
309
457
306
304
236
418
293
404
311
345
251
393
298
411
301
431
305
353
319
398
308
341
308
441
313
243
210
441
315
378
222
331
313
313
313
323
329
406
326
428
259
255
340
291
286
438
316
451
304
232
311
263
315
280
253
411
184
262
205
341
300
259
296
338
311
308
296
369
301
327
316
328
306
336
295
329
298
339
199
221
301
356
331
279
236
237
308
108
177
311
313
98
283
474
308
537
301
338
201
125
293
291
308
252
249
181
295
351
218
291
225
406
313
279
313
333
275
293
283
241
250
258
303
357
235
441
254
346
314
431
316
411
311
404
177
527
308
195
230
401
295
393
296
364
296
441
311
281
315
428
160
433
315
298
309
333
278
454
297
435
301
371
308
403
250
386
215
324
230
437
303
441
199
310
155
366
303
358
225
200
309
314
303
338
301
438
306
241
296
434
305
333
319
300
184
596
296
431
305
349
313
259
313
454
308
381
314
275
147
371
293
340
316
343
313
353
308
333
247
298
319
449
329
427
288
404
222
277
291
334
333
421
308
408
249
223
258
433
235
433
314
406
306
351
251
418
296
335
305
397
318
413
321
276
310
410
293
438
260
358
328
378
326
303
320
388
321
394
260
436
338
408
298
303
309
386
300
447
319
423
288
350
306
416
325
604
358
348
254
428
316
438
326
316
235
340
303
251
296
217
293
351
300
341
235
279
313
405
328
407
333
397
315
346
316
353
298
399
275
409
242
357
177
405
247
391
166
343
238
303
209
427
311
359
299
421
293
386
320
140
331
328
228
416
211
351
293
411
331
394
320
306
317
406
271
441
314
374
311
413
321
411
295
346
301
242
309
581
228
260
159
398
291
403
263
436
303
349
303
386
293
298
296
387
208
344
311
354
304
436
313
386
278
441
311
431
261
436
304
351
306
433
298
351
233
341
338
422
301
383
309
381
235
356
308
436
311
419
358
439
329
348
274
386
306
408
291
411
303
365
309
306
329
406
296
446
316
403
300
303
296
418
320
363
243
313
303
280
281
371
310
431
301
416
305
467
308
333
223
433
323
363
198
355
308
672
291
601
329
264
293
348
172
324
283
366
306
556
301
316
204
423
304
398
291
363
307
394
311
409
324
436
333
301
293
356
301
330
306
451
316
368
311
737
324
348
313
227
311
227
260
401
315
383
306
424
313
439
229
391
301
394
326
353
233
401
288
334
295
417
237
342
308
245
315
456
212
333
186
417
247
340
174
436
316
418
240
175
293
288
303
420
296
433
295
361
230
406
321
346
323
211
306
401
303
396
303
329
341
275
331
187
169
333
284
340
316
292
296
296
167
312
301
423
313
158
306
339
249
356
301
310
228
371
293
569
301
278
296
416
280
350
249
334
298
350
300
353
306
281
81
385
259
337
298
242
309
434
273
271
308
413
331
434
308
378
311
441
304
323
296
373
233
239
128
411
236
342
231
266
215
359
321
293
232
239
290
423
235
346
218
348
313
271
318
372
303
458
318
722
291
349
313
278
139
211
259
405
296
438
305
281
248
316
132
448
296
323
301
427
321
358
230
273
308
298
306
418
304
376
197
281
263
358
315
147
309
301
300
351
328
437
301
325
205
134
269
278
283
286
290
193
301
223
268
266
233
343
288
396
336
259
304
359
288
398
313
266
178
228
296
278
328
338
180
249
313
219
233
410
201
639
295
416
298
433
328
384
299
403
301
363
311
224
280
377
239
398
283
285
293
363
316
413
321
363
301
287
301
347
128
369
228
391
177
201
321
337
318
289
308
254
138
376
276
359
319
367
308
369
324
393
316
358
191
451
308
374
315
331
296
322
298
353
295
341
311
272
227
296
308
329
296
366
273
477
318
439
310
397
326
391
271
361
241
351
316
388
193
313
300
245
296
296
296
340
200
286
311
291
296
299
337
181
318
413
311
336
265
408
295
335
240
279
281
356
266
313
218
396
286
267
295
265
288
448
331
437
262
356
331
314
317
341
303
408
305
367
211
281
311
370
296
331
295
433
298
255
318
421
316
365
242
354
303
323
293
381
321
288
248
403
315
376
314
212
311
225
303
446
311
366
298
323
340
343
270
282
309
405
170
331
301
268
243
299
311
429
293
285
309
273
232
263
298
343
319
263
308
326
206
236
313
249
183
446
318
359
275
233
311
439
296
357
330
351
321
444
324
351
295
281
239
368
301
361
323
258
223
325
316
278
198
321
301
314
304
315
199
246
293
421
166
404
273
266
300
314
195
301
260
319
263
428
291
388
216
324
329
319
311
361
316
416
329
366
300
298
331
266
323
235
303
308
316
431
329
316
129
414
320
396
280
346
266
331
211
461
293
396
298
339
301
310
321
469
301
451
267
299
255
366
295
341
318
444
316
358
328
323
311
414
296
454
288
376
306
266
240
416
323
444
325
335
291
379
305
318
243
351
264
361
228
464
163
329
319
330
319
226
233
463
301
439
311
404
260
268
164
339
290
309
303
390
230
299
303
359
306
346
310
399
334
325
301
344
226
368
291
363
296
383
296
355
344
416
244
288
296
607
330
189
125
219
308
285
323
341
311
278
283
333
315
354
296
356
308
300
119
272
234
162
266
370
289
532
128
368
291
404
256
419
221
364
333
413
314
466
275
305
308
360
216
343
296
279
293
261
308
308
281
333
308
396
284
451
303
353
192
444
223
279
295
233
116
413
291
212
293
341
318
325
293
276
313
303
295
355
301
210
300
336
180
306
331
351
321
326
298
285
293
351
222
331
252
186
131
316
328
381
321
336
288
378
295
351
328
426
306
300
296
353
289
351
291
168
160
421
316
361
318
339
309
294
113
259
235
310
307
347
181
307
295
204
303
327
141
366
348
343
304
311
298
399
296
434
314
183
296
273
201
326
308
319
296
444
309
296
328
293
313
366
295
321
223
344
301
504
147
448
311
334
233
365
311
433
177
208
315
341
215
299
119
348
290
256
138
353
290
406
215
319
258
361
308
458
311
315
161
379
306
279
296
330
185
259
298
361
273
424
308
354
216
284
331
399
295
283
222
321
316
296
290
413
220
303
311
353
321
167
135
270
286
408
283
359
314
471
318
405
317
340
289
408
135
215
192
393
309
449
303
396
298
267
274
350
230
339
284
426
326
363
290
373
306
215
309
373
311
295
313
302
301
404
316
436
299
399
285
182
134
334
300
333
264
330
286
391
203
257
311
286
164
306
293
351
289
294
316
308
252
466
296
351
321
260
326
616
303
249
298
443
306
626
309
291
189
416
280
239
280
317
179
384
311
373
345
383
303
431
300
446
323
328
351
323
310
272
291
367
263
255
285
280
308
361
228
373
246
367
288
331
313
306
354
421
283
408
309
300
309
373
301
227
169
576
293
350
223
284
293
203
296
350
235
227
198
517
300
408
296
340
273
336
296
335
311
372
263
313
223
283
313
357
295
276
309
344
294
428
308
345
301
230
182
348
311
337
299
351
308
366
238
366
237
379
299
277
296
388
285
356
308
251
293
262
168
351
256
424
318
338
215
386
276
237
303
245
301
321
307
341
321
280
308
308
264
325
303
255
309
287
294
431
318
321
132
428
288
281
300
416
230
341
180
562
310
335
199
347
303
391
313
353
333
279
303
389
316
232
196
338
321
275
301
401
128
374
279
339
320
386
316
270
301
373
161
467
296
388
308
366
318
374
313
194
321
431
296
281
300
391
301
379
293
331
298
353
315
338
301
401
293
426
316
313
238
314
316
309
313
491
298
367
253
463
301
411
293
198
293
387
243
283
306
214
308
378
301
325
145
371
310
394
290
376
253
347
303
261
291
314
197
260
315
348
140
361
299
431
256
385
260
346
296
365
311
333
226
341
296
338
290
283
293
217
293
359
341
188
171
404
155
370
294
411
303
316
301
187
301
396
301
414
308
306
296
421
328
257
298
359
301
337
293
254
329
398
295
466
334
334
291
254
311
343
329
343
293
359
246
386
331
368
303
372
252
253
293
308
296
379
310
308
319
223
182
359
166
411
300
260
315
439
176
426
308
434
199
398
210
357
311
492
190
333
313
278
299
314
306
269
178
251
308
298
168
318
296
331
169
454
293
360
233
316
316
232
311
300
266
338
205
374
283
342
301
303
290
330
319
306
296
238
235
356
259
367
230
394
303
409
331
263
301
383
318
342
237
354
303
411
298
263
281
316
303
275
308
298
185
411
316
443
220
266
343
358
308
448
229
337
308
413
291
405
308
191
119
309
295
411
311
346
318
371
245
354
299
241
193
410
228
354
255
351
257
451
304
446
300
341
171
444
313
230
288
272
120
293
298
380
311
323
184
411
294
336
209
384
305
404
313
331
286
426
315
368
228
338
314
270
236
284
133
368
212
226
295
312
301
437
300
351
263
311
177
481
296
398
230
409
293
449
323
269
177
281
295
378
298
226
300
336
308
257
134
353
313
410
152
365
326
353
291
308
311
456
301
228
296
351
318
424
296
415
313
441
316
354
219
259
303
381
300
301
313
426
286
276
323
323
309
361
300
251
300
386
293
299
306
358
303
333
331
240
331
401
296
339
187
414
295
374
258
399
244
371
306
338
148
349
298
336
299
337
301
429
230
196
298
316
331
431
306
415
298
357
311
353
316
433
238
436
305
326
310
333
310
300
306
234
211
367
316
328
241
270
323
354
283
390
226
207
176
361
316
178
316
409
313
378
331
384
303
396
318
161
301
277
313
373
311
313
326
408
298
415
296
261
323
411
303
415
291
336
295
333
303
303
316
426
291
409
299
414
218
451
295
453
299
324
288
343
311
414
255
439
301
331
291
177
173
371
253
403
134
258
308
326
296
331
296
444
296
355
303
321
226
431
251
448
163
346
323
336
293
285
329
281
300
418
238
350
166
449
321
403
301
482
94
335
298
406
175
444
303
214
300
404
226
353
213
619
283
386
306
399
316
241
311
389
233
454
310
411
330
386
195
393
258
416
301
316
246
256
283
411
301
358
249
411
314
365
313
273
315
451
319
385
329
353
212
434
245
409
308
301
247
431
321
393
267
473
293
384
191
263
290
451
251
370
296
486
291
449
296
401
198
419
311
406
306
320
298
359
263
401
223
223
283
423
296
413
316
287
315
413
296
264
233
224
291
333
209
263
288
385
209
275
223
413
319
244
341
427
311
371
320
403
311
464
306
448
313
336
310
437
216
389
310
406
311
371
300
449
335
380
293
418
296
324
298
426
301
340
311
176
125
376
220
233
313
455
307
363
308
227
314
353
307
618
288
398
144
398
309
437
250
370
103
275
270
388
301
418
306
267
135
282
259
393
242
320
319
384
228
444
313
352
313
249
281
404
306
431
303
419
307
348
306
254
204
444
295
356
308
403
126
393
252
345
303
439
288
454
318
386
306
296
152
416
321
328
300
441
224
423
331
411
253
368
301
410
316
388
298
346
291
338
305
179
326
318
309
220
296
338
331
313
313
298
283
264
265
431
311
406
291
243
310
401
293
418
209
384
288
421
298
431
308
300
318
275
298
382
195
313
308
361
300
407
329
327
124
386
308
327
288
413
301
414
330
697
309
349
203
363
298
571
208
311
311
367
304
385
295
441
319
428
315
363
300
438
295
308
296
393
309
424
297
408
285
343
303
356
219
401
313
355
293
343
288
404
174
428
295
198
269
421
294
381
321
401
283
338
266
423
321
611
301
271
179
278
305
344
323
275
239
451
301
456
308
419
320
375
310
348
308
436
186
398
306
347
298
389
293
413
206
403
313
371
328
379
293
313
203
353
226
312
311
396
217
669
306
373
313
355
214
389
309
405
311
456
295
308
299
393
300
408
289
421
122
341
320
471
289
441
298
242
301
396
295
431
296
343
323
295
311
376
307
361
327
333
306
435
309
341
318
378
303
413
301
416
303
341
328
344
209
361
283
387
313
419
235
302
311
434
321
225
288
431
315
416
308
433
283
419
315
308
314
289
296
176
316
434
313
356
303
237
188
421
223
354
305
367
281
376
202
379
303
398
308
338
257
386
293
408
336
316
216
389
196
659
270
280
213
262
308
369
329
381
283
315
298
609
298
424
298
390
296
222
309
423
311
393
308
463
260
227
296
431
324
249
293
433
298
413
233
313
329
356
308
