348
330
369
325
326
319
306
316
335
321
268
330
348
328
220
206
288
311
260
346
310
315
173
303
421
316
386
318
105
328
356
336
381
318
331
284
396
240
394
336
283
336
461
333
361
244
353
346
263
326
233
333
343
200
219
328
364
251
207
276
247
266
261
318
209
185
283
229
235
348
379
321
339
333
255
212
258
222
346
230
364
324
186
228
386
331
371
310
239
273
258
202
320
318
351
328
328
288
283
328
289
321
358
323
543
326
399
323
296
132
281
323
248
183
350
306
378
308
288
306
131
171
316
315
348
340
258
244
288
336
199
341
221
347
224
321
170
330
376
324
346
321
318
303
273
325
363
323
258
275
286
311
209
289
353
242
295
326
299
338
343
339
444
316
249
333
401
344
255
320
288
331
221
310
172
235
409
338
281
328
222
313
217
339
291
317
359
323
456
329
253
267
379
328
324
333
266
331
293
163
225
281
184
259
217
324
321
333
281
306
288
296
236
228
443
162
179
328
236
205
436
318
366
353
344
272
346
216
354
314
259
315
258
331
235
333
185
227
298
366
222
316
286
306
404
318
343
225
336
336
359
329
292
331
376
209
411
318
381
274
404
331
321
182
316
272
147
201
325
321
187
185
271
177
323
323
176
323
359
221
293
319
278
335
356
316
273
323
356
244
357
248
239
328
290
323
351
349
151
314
424
320
436
331
393
343
361
318
265
219
368
277
333
331
208
156
359
248
378
313
268
343
205
316
198
220
353
344
341
361
228
204
374
228
254
259
351
326
302
316
357
316
266
340
219
256
363
346
328
291
329
249
426
326
243
266
343
316
293
318
210
334
371
348
373
137
106
351
335
330
325
242
298
325
186
326
280
253
281
318
261
306
256
325
255
308
348
318
284
318
275
238
361
175
240
245
328
313
217
326
361
316
237
188
188
139
371
236
311
319
340
245
268
268
276
356
193
315
251
305
381
313
263
323
346
326
202
219
328
341
138
331
311
323
307
268
431
326
336
331
441
325
238
333
233
318
298
337
376
333
208
320
259
316
288
344
273
298
204
212
338
308
393
335
268
316
284
329
273
283
193
318
124
133
263
336
374
331
346
341
394
331
253
318
376
210
281
331
232
231
268
234
153
313
388
303
271
273
276
341
219
311
286
345
261
308
368
323
341
343
239
199
264
313
303
202
255
305
288
324
286
331
316
266
263
361
291
316
254
323
311
243
255
306
283
328
205
330
369
338
455
255
326
228
419
310
411
323
359
334
348
340
276
328
294
331
295
270
378
326
205
314
266
296
269
331
151
318
230
248
271
328
190
138
152
333
290
328
286
329
158
175
210
337
278
334
268
333
389
227
185
330
148
182
353
323
287
346
161
244
164
239
122
183
167
316
167
318
170
186
374
331
344
308
395
316
281
308
339
315
286
316
279
213
381
328
273
333
274
291
183
316
355
314
291
216
331
228
351
316
260
304
363
194
248
326
186
323
319
323
248
326
281
331
276
326
268
253
363
319
258
278
254
324
306
326
456
301
266
323
231
324
242
122
373
330
268
336
175
156
278
311
355
333
288
341
303
243
163
171
224
205
268
341
250
323
214
346
340
326
284
318
359
333
369
341
268
273
293
314
258
313
418
285
323
331
334
325
323
323
323
323
281
326
308
271
277
325
369
346
291
311
300
183
301
303
326
306
283
330
341
303
223
331
405
323
310
305
261
325
319
320
258
321
418
298
454
324
193
268
330
333
349
333
296
316
186
193
268
202
353
325
356
289
300
145
426
318
239
170
217
315
383
356
379
279
346
323
379
296
150
316
376
313
259
215
406
316
321
329
511
278
238
275
288
323
289
333
289
319
258
329
244
321
371
310
320
326
561
318
396
216
228
166
341
327
405
321
451
315
314
283
326
316
386
188
265
187
260
333
158
323
318
318
152
318
491
318
364
306
341
335
286
330
323
316
228
242
303
331
381
339
227
247
263
313
236
334
343
328
247
326
270
202
358
328
454
316
325
318
173
318
261
308
298
339
320
315
250
140
235
185
172
158
413
315
348
324
305
336
311
183
379
233
443
321
373
323
387
328
283
331
338
207
274
306
369
328
298
304
407
290
425
273
368
331
279
321
350
355
305
323
193
298
200
348
239
323
180
222
301
248
178
90
351
328
379
251
396
341
348
241
397
328
387
321
288
313
278
313
294
325
283
335
250
263
371
326
353
300
311
194
286
328
165
306
236
258
239
277
376
249
318
296
185
245
341
326
371
336
350
327
240
229
350
316
217
318
298
328
243
321
348
315
476
181
310
318
351
301
396
169
343
331
217
306
293
231
260
319
276
298
289
311
351
338
171
114
449
280
210
341
349
318
376
331
339
326
263
211
727
254
353
297
310
239
273
304
278
200
245
324
451
316
351
323
319
320
464
284
325
337
309
320
293
324
266
309
242
331
369
287
230
330
401
324
404
325
356
328
307
323
404
343
431
341
393
323
229
158
155
318
451
313
441
304
478
318
341
326
315
318
349
328
366
218
504
343
458
293
318
333
439
9220
463
326
479
318
358
331
441
291
381
313
309
323
326
323
348
351
316
323
291
291
331
313
271
326
456
306
461
270
449
286
366
315
318
333
366
323
275
326
421
333
343
139
344
293
351
237
451
346
356
328
338
324
279
318
523
328
326
293
456
334
271
314
431
333
416
316
375
260
459
280
464
323
270
258
383
334
416
330
424
328
366
243
300
283
449
339
270
255
443
320
157
328
426
288
387
302
556
179
419
235
406
333
316
328
421
296
416
305
332
267
245
252
405
333
177
316
308
333
382
268
401
335
334
223
454
318
419
313
305
324
468
333
559
348
361
293
591
233
291
323
438
329
391
321
451
319
399
331
381
313
353
305
411
301
431
331
421
339
290
339
449
334
434
323
436
259
391
279
393
331
468
334
326
330
284
241
474
300
396
343
439
325
371
316
436
336
379
331
436
285
418
336
416
315
272
244
557
318
444
329
436
321
351
238
373
319
316
333
351
310
354
278
248
351
336
297
366
339
312
266
286
329
406
320
358
349
224
179
383
276
326
243
451
325
413
331
222
324
736
321
429
297
395
325
446
324
338
268
346
341
276
283
351
230
366
323
353
318
426
258
332
311
378
333
371
121
288
275
275
313
368
324
361
314
306
315
409
229
443
319
391
268
220
325
228
326
253
321
142
331
280
323
461
324
319
243
351
276
277
323
265
333
404
318
376
242
374
272
359
288
383
320
243
366
493
331
398
263
358
328
401
331
476
330
349
285
377
258
451
171
459
331
343
318
336
326
311
318
338
321
318
244
269
315
348
318
438
301
369
233
369
328
449
306
436
315
289
230
329
321
439
344
169
300
398
321
238
331
438
327
447
318
419
308
388
321
348
179
329
175
469
361
443
323
354
269
401
343
374
306
447
216
461
255
353
318
348
324
433
330
421
330
438
261
354
266
366
313
421
329
286
258
355
278
393
314
353
326
625
316
361
308
454
333
369
315
586
343
347
353
405
313
403
315
396
159
266
333
461
330
397
306
451
316
365
313
363
315
312
338
431
250
243
274
367
222
326
151
336
329
348
306
254
331
391
250
385
276
466
333
351
333
433
315
441
330
361
334
356
331
401
331
377
331
541
321
466
371
361
314
451
244
424
329
378
306
403
253
387
262
437
269
316
345
243
187
389
311
363
301
343
262
341
212
340
328
386
190
433
210
426
329
433
313
433
330
446
207
409
270
431
323
290
316
359
326
252
215
404
276
435
191
441
321
428
316
531
316
451
335
354
313
647
313
363
325
341
211
371
288
631
348
219
331
428
285
579
323
410
326
411
316
306
241
314
326
341
315
451
319
350
285
624
318
441
330
316
318
451
343
384
286
436
331
408
333
461
331
376
308
399
309
391
262
400
331
466
334
363
334
448
326
458
331
409
333
488
330
477
319
434
324
398
222
436
346
305
251
579
323
261
320
434
321
376
285
288
336
466
208
306
208
469
316
459
318
404
209
456
315
418
265
446
333
419
327
414
329
338
233
409
268
293
338
381
340
256
331
224
329
432
321
417
207
408
321
378
311
338
331
403
316
286
245
302
328
401
331
438
336
396
320
361
329
395
326
350
237
431
222
390
317
441
251
356
325
451
315
338
354
348
265
441
341
453
165
368
219
423
335
415
306
321
158
429
318
401
318
404
330
356
306
237
259
438
333
439
313
435
321
397
337
627
338
429
316
301
316
656
335
251
326
353
324
321
207
421
328
330
315
433
333
310
328
341
315
303
333
323
275
409
263
477
318
227
346
283
321
371
330
262
278
352
239
295
209
436
321
420
297
428
328
267
323
259
323
359
330
398
318
271
175
406
318
338
298
455
313
439
318
294
321
343
334
471
305
226
139
399
336
376
329
496
328
424
234
306
321
413
219
454
356
384
335
264
348
441
323
493
315
338
341
444
253
259
218
371
188
436
330
371
331
609
306
159
341
331
326
373
212
299
328
363
328
443
315
414
321
441
227
443
320
369
278
139
319
346
331
429
261
552
316
281
326
299
316
449
318
273
331
348
324
373
275
349
331
266
331
258
241
298
333
364
346
323
256
449
283
366
341
286
315
287
341
381
358
260
290
371
316
348
313
365
328
467
310
351
326
386
350
422
333
275
247
358
305
276
161
403
230
431
315
349
341
418
331
295
269
351
328
426
232
346
293
306
313
579
333
358
242
424
274
381
320
317
369
300
319
370
259
428
331
331
333
346
343
344
355
484
341
391
331
687
324
320
186
270
280
387
323
416
273
454
318
381
334
333
328
365
240
361
330
366
320
425
346
369
243
290
243
401
330
301
272
297
324
253
247
436
343
419
318
363
327
258
333
334
316
424
326
280
234
400
323
357
327
373
313
363
331
439
340
376
333
366
328
151
323
370
351
428
313
353
333
431
330
326
326
322
328
376
276
333
330
358
333
343
371
378
331
256
262
207
326
349
318
384
316
396
318
433
329
461
313
431
328
421
316
291
316
187
306
311
336
346
319
379
316
346
316
336
328
463
318
458
326
347
295
436
340
459
331
291
355
373
318
275
333
328
336
441
301
383
341
181
328
336
324
399
301
348
311
363
339
331
243
639
291
383
324
318
341
293
253
399
283
311
316
461
340
363
238
337
333
331
210
349
176
255
305
423
328
333
358
330
333
346
164
351
318
429
306
323
333
390
290
355
328
294
155
383
336
283
313
333
249
458
343
363
320
358
210
415
321
364
333
419
160
276
331
330
320
230
233
401
331
458
333
436
328
366
363
346
333
453
324
386
275
337
341
406
323
361
313
364
323
313
276
363
254
423
376
482
333
381
198
441
311
353
216
383
355
358
336
371
341
349
336
479
343
433
328
457
335
389
305
436
326
351
268
279
330
348
343
403
316
431
331
371
186
399
313
369
231
245
320
431
318
366
333
277
321
343
319
414
273
266
268
356
315
351
343
228
316
218
333
277
242
273
316
441
316
383
313
235
149
426
315
314
313
446
338
263
221
397
344
352
324
266
318
122
341
406
246
216
245
529
333
226
141
382
213
353
325
512
255
371
316
409
330
340
245
276
268
374
318
230
184
451
326
180
316
322
144
353
241
383
240
388
210
334
337
229
344
329
330
257
139
352
316
426
328
409
144
374
280
335
231
328
321
428
323
307
318
390
253
376
318
328
318
173
305
339
349
359
321
273
331
340
188
419
329
428
169
406
216
321
295
310
330
313
262
350
316
376
340
629
318
243
321
283
318
249
300
361
320
349
331
300
339
359
340
441
176
375
229
215
191
348
320
252
215
177
326
260
331
290
330
368
306
346
243
429
336
404
346
363
346
311
144
393
323
218
316
436
336
371
346
263
343
449
343
309
320
320
323
448
343
367
180
278
313
365
277
339
323
354
317
363
341
213
331
346
341
441
343
347
335
308
313
319
319
350
218
463
341
367
298
359
328
335
318
281
318
327
321
428
336
359
335
387
284
308
228
323
251
314
316
317
155
444
323
281
309
401
331
403
334
433
341
270
245
406
329
426
316
367
316
443
316
371
316
378
298
411
276
179
132
298
237
456
321
345
261
421
341
455
206
387
190
383
252
338
328
176
318
343
336
328
313
694
316
176
339
348
306
427
270
301
299
393
321
356
309
436
321
256
217
282
241
381
268
426
326
619
331
403
363
233
258
286
329
471
248
381
321
348
343
346
249
388
235
320
309
195
138
381
315
378
313
366
308
383
316
351
248
227
145
356
330
358
328
426
242
356
238
428
331
347
318
341
249
336
338
193
333
479
250
356
336
159
323
396
333
356
319
333
182
498
325
373
293
484
331
242
281
406
318
382
330
356
320
289
341
383
344
338
316
411
162
205
301
727
316
581
323
275
364
376
305
265
336
361
336
360
328
319
331
275
248
285
306
421
323
257
328
225
237
213
331
344
305
351
246
348
313
368
299
245
135
356
316
439
223
338
251
354
318
352
164
278
323
356
331
253
197
444
316
506
318
344
336
180
336
366
321
337
328
371
303
459
235
454
260
419
324
345
321
443
323
501
347
398
328
388
274
368
280
354
343
361
238
306
273
406
229
345
222
129
150
435
330
339
314
401
323
310
230
429
340
360
321
368
227
355
243
444
331
323
303
368
263
280
158
427
278
391
333
188
315
313
325
260
298
381
336
403
330
391
328
385
346
447
333
343
329
441
319
441
316
383
172
365
278
356
207
366
296
238
217
463
180
175
308
699
316
311
331
393
318
215
321
333
288
225
293
235
311
255
149
300
318
384
189
356
318
185
142
381
340
334
333
248
233
426
328
299
225
309
326
273
318
341
210
351
331
304
319
325
324
556
344
327
221
369
336
439
328
353
234
449
331
448
328
451
277
456
325
391
239
453
186
446
330
424
319
383
278
401
313
182
133
601
225
521
343
378
333
356
338
208
188
346
289
384
318
353
230
239
169
371
310
368
283
566
176
251
329
235
321
343
353
454
345
345
278
529
234
346
321
351
241
363
330
383
250
195
323
368
329
343
275
384
336
294
181
617
333
396
320
439
310
409
253
328
331
269
321
383
326
423
316
256
326
359
331
232
236
439
316
270
349
436
320
346
344
221
316
456
356
438
321
274
316
256
137
361
339
356
334
331
317
243
133
381
311
202
336
315
316
447
264
344
319
346
331
339
333
359
235
278
297
288
320
406
316
376
341
431
334
257
246
239
320
443
328
361
320
435
202
257
314
396
192
221
194
273
315
341
318
351
333
356
255
324
266
375
174
425
341
277
341
284
323
270
243
351
339
325
346
461
313
340
264
471
326
431
328
454
250
426
333
364
334
281
174
380
323
403
313
427
324
349
216
436
248
323
319
415
296
604
316
381
340
435
328
406
323
448
338
471
323
439
319
257
180
406
334
386
315
320
239
333
324
388
335
408
321
389
328
284
341
431
230
491
154
449
348
329
324
333
311
456
329
408
350
341
338
401
311
446
331
453
324
396
293
357
305
366
331
428
336
417
189
348
316
438
320
346
341
426
333
343
331
330
315
431
336
582
333
373
346
315
268
419
235
426
323
441
318
436
298
444
321
393
309
333
253
421
323
432
206
419
328
292
331
413
331
319
326
464
346
471
248
384
270
209
306
489
358
413
326
454
318
413
319
435
316
423
261
461
341
499
316
348
323
384
320
418
338
348
325
649
269
341
314
476
344
394
334
439
326
348
238
448
327
368
251
331
333
261
315
476
339
290
295
294
127
368
331
251
315
338
325
434
343
444
318
423
179
355
188
515
170
471
218
464
315
459
338
208
316
446
331
368
238
301
257
368
238
286
278
378
313
414
304
371
272
404
316
336
334
416
327
393
331
445
330
419
318
398
316
376
323
220
228
443
319
384
281
366
330
401
142
363
318
453
331
284
333
379
316
499
316
281
331
292
321
291
289
472
126
443
333
344
316
290
357
295
261
297
323
265
243
251
335
376
314
501
364
369
316
433
323
311
333
431
305
381
242
325
317
451
316
682
329
375
326
446
325
441
323
416
335
333
331
331
343
376
318
411
235
325
233
416
154
286
341
471
328
424
275
271
163
441
334
317
202
368
305
421
313
406
323
411
330
565
181
448
325
479
318
407
316
371
245
443
237
453
328
411
315
401
328
361
336
408
294
449
248
471
326
407
321
421
341
340
319
356
328
428
218
461
329
350
181
404
180
496
286
441
306
381
328
185
135
431
217
443
313
336
334
366
306
453
321
458
318
448
221
183
146
429
270
434
344
349
331
439
333
446
184
444
333
259
260
319
316
325
315
397
323
461
316
418
313
306
238
285
170
464
327
412
302
449
346
388
331
403
351
369
329
387
287
468
267
391
295
439
336
411
326
405
132
359
323
423
256
487
336
409
335
441
303
187
325
258
306
234
156
398
326
396
323
369
326
399
346
466
305
336
328
356
229
443
331
256
240
446
277
604
195
445
250
331
315
337
199
348
210
356
189
316
341
246
333
401
310
471
273
340
316
398
283
441
223
334
160
376
351
408
336
359
328
454
326
444
283
349
313
403
314
441
323
411
253
426
280
418
307
323
305
664
258
243
178
423
321
491
329
417
281
441
330
344
318
428
263
273
333
468
306
427
353
408
353
464
323
376
371
399
179
320
242
308
315
456
325
383
323
174
141
416
343
426
318
433
326
378
326
285
313
326
331
352
220
413
258
458
336
436
330
464
329
373
264
484
323
398
317
454
316
366
182
515
331
418
200
441
368
431
331
423
286
307
250
365
316
411
291
403
288
248
319
250
331
421
331
444
262
319
336
373
318
361
316
637
323
435
336
464
281
277
367
443
331
376
217
323
324
368
315
363
175
416
175
425
336
438
309
394
202
320
182
587
174
338
330
363
293
421
317
456
331
438
341
468
271
323
325
371
264
466
301
236
336
373
329
433
323
233
240
446
349
456
316
348
313
456
330
459
331
441
330
433
273
207
143
369
338
231
129
666
336
406
311
403
202
284
208
281
189
301
323
443
88
349
319
363
134
363
323
247
124
401
234
381
315
313
257
320
336
349
346
401
316
446
303
346
310
361
343
401
306
381
323
