244
333
276
303
255
188
289
233
265
272
283
326
205
328
644
138
296
331
375
337
168
335
363
334
305
333
356
318
270
140
186
157
283
260
386
315
275
202
186
211
239
220
237
325
417
230
212
189
308
329
288
336
253
336
330
318
311
321
307
333
230
281
237
324
301
268
298
323
265
323
494
323
360
344
273
311
310
333
373
324
393
341
361
295
368
326
293
348
283
277
301
331
336
334
371
329
286
319
193
219
221
279
242
308
321
316
166
329
276
311
338
313
351
358
346
304
303
319
237
303
276
328
364
331
181
338
358
316
447
325
358
316
351
316
225
183
277
321
310
335
316
214
316
326
263
320
293
243
190
343
253
326
201
316
371
321
121
321
190
333
314
273
250
331
245
329
353
299
374
341
326
315
288
313
168
318
346
230
126
316
207
323
285
260
366
316
361
217
331
306
250
321
270
280
214
259
431
351
361
338
169
319
303
331
276
256
341
341
338
286
359
331
228
313
188
196
248
323
190
323
393
184
288
330
270
250
217
324
254
316
197
325
341
343
146
331
267
166
301
323
379
308
356
341
428
311
204
225
343
349
260
331
365
318
301
328
451
333
351
329
203
311
223
319
463
282
241
245
346
296
586
319
228
330
351
334
191
303
386
238
258
341
401
338
376
316
296
273
298
311
269
248
269
306
222
328
358
212
343
358
296
222
363
328
148
344
278
326
418
324
381
346
338
181
156
154
331
341
184
318
366
386
228
316
313
205
271
324
389
329
316
321
281
313
361
360
331
209
461
263
159
318
250
338
384
136
353
355
584
323
286
336
361
288
333
306
341
286
418
336
181
331
321
329
409
185
238
331
317
341
293
316
331
323
338
248
271
329
434
296
354
334
386
263
162
325
238
318
306
316
394
293
361
303
285
315
261
311
293
185
267
217
366
326
391
140
349
315
242
344
444
226
309
336
459
181
276
331
233
257
339
346
301
310
363
328
135
293
269
216
433
335
300
311
389
242
316
338
355
258
278
231
283
326
343
334
298
279
387
328
299
319
291
305
356
305
293
319
192
210
419
328
219
333
281
314
323
325
260
238
355
264
255
139
283
328
271
242
369
328
175
318
290
319
192
313
298
333
546
127
331
329
359
311
296
304
190
281
333
331
217
303
288
264
125
205
291
330
419
318
110
326
302
331
312
257
346
348
152
325
344
319
299
258
268
250
206
326
253
318
308
313
309
315
280
316
333
339
261
330
273
319
156
336
219
318
275
301
438
212
449
331
346
331
384
319
366
368
264
243
341
343
328
345
348
218
175
305
276
331
229
165
132
182
371
336
202
319
283
315
318
323
255
283
361
316
356
330
338
261
297
334
353
313
335
250
363
313
375
341
243
285
125
306
261
301
298
356
303
323
248
208
228
313
164
326
275
131
423
286
260
329
365
331
188
313
302
326
268
271
233
306
318
318
351
321
343
326
177
306
314
318
245
152
401
320
242
328
161
306
261
326
205
196
418
336
293
276
276
205
325
305
292
242
366
321
274
311
301
287
321
176
460
150
239
331
336
348
270
331
285
227
286
328
263
333
306
240
281
313
280
303
268
359
361
303
251
211
435
318
284
321
152
283
340
316
627
329
335
328
363
252
261
326
290
341
441
301
360
284
418
353
444
331
335
261
444
325
276
228
328
331
273
310
281
328
278
329
214
150
301
265
350
241
371
329
418
320
388
340
388
341
205
315
333
321
349
329
373
306
616
359
452
331
308
316
299
321
346
140
398
305
255
316
453
291
365
325
170
286
391
131
258
251
285
241
471
333
301
268
310
323
288
313
273
306
299
316
371
315
213
311
352
188
236
215
356
230
433
338
280
335
310
274
222
316
253
325
353
343
276
346
399
323
398
262
363
218
334
271
236
141
315
320
477
275
260
160
351
341
257
179
257
341
159
328
348
283
198
198
266
264
372
326
110
120
343
318
341
331
418
318
325
272
325
293
241
158
248
313
296
328
379
326
183
318
250
328
338
306
241
316
326
219
293
223
258
329
248
318
380
303
361
319
217
315
265
333
333
316
110
321
288
339
366
254
290
339
268
334
276
319
449
331
288
286
301
328
319
331
265
313
275
231
358
331
283
333
358
298
248
343
276
325
247
331
231
244
431
313
260
250
436
266
377
10067
335
315
381
281
291
314
283
246
250
326
285
306
361
316
237
281
198
323
285
343
313
326
228
323
346
267
364
323
291
316
369
331
229
333
349
271
433
318
265
328
478
334
347
326
336
346
303
343
361
326
187
329
298
313
288
323
341
328
280
315
266
318
419
318
383
240
339
343
419
341
289
139
180
318
286
333
448
338
414
320
416
238
343
306
275
321
353
323
276
326
263
326
342
266
331
324
458
310
366
334
371
336
366
331
383
321
447
327
251
313
371
351
321
244
431
306
334
338
209
341
250
315
351
122
382
334
348
343
378
323
468
295
335
330
416
319
438
348
364
294
295
303
417
258
451
276
240
358
354
327
268
211
473
313
391
313
429
338
331
326
351
191
256
239
431
333
587
331
434
318
333
326
316
328
458
214
373
331
647
313
418
303
341
330
343
333
378
192
313
215
330
323
446
323
371
341
309
341
542
246
318
207
185
326
385
306
302
319
295
135
361
325
599
171
258
331
369
307
179
323
347
245
363
219
258
318
356
326
441
319
217
321
326
313
413
324
317
331
431
218
216
315
358
271
459
333
547
224
436
338
464
255
386
305
358
329
368
237
250
229
413
318
436
328
349
247
365
339
424
331
308
235
363
285
391
334
399
210
329
333
443
283
347
328
478
323
400
333
441
320
318
173
361
256
469
313
351
316
368
331
366
316
351
328
359
236
309
276
341
305
550
364
424
341
313
320
454
316
348
326
504
318
471
331
436
349
429
328
355
188
358
303
359
333
409
333
364
373
353
328
391
343
366
334
463
329
348
238
473
316
446
333
436
310
381
303
429
298
404
159
439
211
366
330
739
316
368
325
433
333
366
338
354
330
423
313
325
291
319
326
404
246
448
316
418
336
243
266
431
321
292
242
431
319
401
331
609
306
379
210
431
215
421
318
323
305
300
330
319
316
463
438
381
329
273
316
248
331
306
326
361
250
427
316
183
331
386
306
408
263
336
333
249
239
263
316
262
250
318
311
186
323
300
338
345
328
346
318
326
306
318
333
285
328
273
143
529
156
702
330
441
306
308
296
413
338
267
306
299
218
361
311
359
333
343
271
338
232
383
336
228
323
431
261
461
330
363
330
441
182
381
233
369
324
351
324
391
341
356
331
426
231
403
331
463
264
389
311
299
317
562
333
329
316
391
169
325
321
576
283
351
313
453
316
346
262
436
256
433
343
351
318
308
324
380
347
500
319
341
183
548
321
428
206
464
279
305
184
446
318
401
276
411
335
373
326
273
338
411
286
340
313
478
329
351
316
461
311
346
225
253
331
545
258
371
344
250
318
468
328
373
331
381
341
441
201
336
329
365
227
398
330
458
333
363
318
439
331
391
316
434
323
411
321
494
324
411
333
377
331
381
331
431
326
298
121
338
310
441
253
316
331
343
211
355
334
339
324
297
315
371
328
454
331
408
311
315
343
642
330
406
321
401
323
418
316
317
293
244
198
351
341
406
334
421
341
343
321
342
316
441
319
416
319
411
320
251
313
375
331
371
313
361
276
288
330
433
318
298
207
409
271
347
318
429
180
461
329
435
328
338
333
461
300
458
321
611
265
375
323
476
311
390
325
419
256
434
323
346
331
312
324
411
316
398
263
353
144
359
300
348
331
481
295
466
198
451
253
441
341
481
326
401
358
403
237
408
326
427
256
255
326
466
265
737
200
466
330
438
327
451
330
487
330
241
321
313
326
326
290
637
323
581
277
446
328
705
263
446
279
446
341
446
319
327
318
359
331
456
313
421
316
380
321
436
324
343
235
336
333
407
333
363
318
349
271
282
311
378
315
399
266
431
316
388
321
466
356
439
321
423
212
402
318
423
316
242
334
461
315
310
330
434
333
456
293
434
300
451
202
419
324
434
318
421
191
369
338
476
316
407
317
389
316
436
213
444
323
451
331
251
100
456
343
436
338
388
334
448
143
657
273
359
328
338
94
384
285
358
319
448
234
282
207
385
348
427
289
423
333
461
325
345
217
436
325
358
316
457
278
353
331
421
320
355
313
356
318
436
318
354
343
413
301
443
318
409
219
424
316
509
291
433
314
355
364
441
318
256
308
281
271
307
336
348
331
353
326
340
313
346
318
291
331
343
343
386
318
415
320
350
321
421
328
511
324
421
272
426
320
209
316
445
329
350
328
474
279
356
323
393
211
518
324
220
143
434
313
461
341
364
240
597
274
274
326
324
326
428
303
303
320
277
343
258
145
281
327
391
319
254
344
453
328
289
335
463
320
341
340
220
242
363
316
265
134
353
334
261
316
329
330
421
341
428
330
464
321
363
359
354
323
341
320
283
334
291
257
376
343
263
318
531
331
294
319
233
323
374
318
241
304
328
316
331
334
431
311
348
316
356
329
354
321
454
316
360
328
286
197
403
330
351
320
364
326
291
311
281
344
358
343
255
254
303
306
239
186
313
262
374
329
281
337
356
328
357
278
280
323
232
238
434
220
321
315
356
348
347
336
429
321
391
326
401
289
320
251
454
316
428
258
429
316
376
343
331
319
317
325
438
328
368
328
258
334
384
328
369
297
446
318
218
341
297
329
356
348
461
318
343
331
364
353
461
316
290
210
391
341
293
191
366
333
300
306
339
319
574
323
256
209
333
316
385
326
297
179
360
318
451
315
358
331
303
244
396
269
371
361
266
321
296
331
333
313
378
326
448
353
371
331
331
308
419
308
416
298
320
232
459
335
396
315
591
211
348
334
243
329
334
323
361
323
441
318
443
331
326
351
353
323
363
303
341
335
321
320
351
329
331
338
386
323
278
315
343
326
401
298
366
323
376
328
476
348
449
318
436
233
348
243
368
363
284
325
458
341
331
326
358
328
293
316
491
328
341
301
434
223
451
302
265
320
333
329
371
233
421
328
443
315
441
337
349
323
126
140
388
333
368
359
354
328
374
257
421
323
441
316
443
336
388
319
589
344
335
310
279
306
572
343
342
321
309
313
306
201
423
326
351
330
242
329
248
319
491
333
477
242
404
278
390
296
433
180
343
323
435
328
288
343
416
318
381
334
383
267
339
324
343
269
393
313
338
336
408
273
307
255
299
331
371
333
395
308
182
153
195
319
276
306
421
341
375
331
408
326
289
346
416
318
434
318
219
134
451
330
285
214
360
241
374
318
351
329
341
328
369
241
457
335
278
316
416
336
396
366
386
331
445
336
358
316
479
328
431
339
380
333
363
320
301
316
420
315
342
320
231
313
171
331
391
281
346
201
441
336
436
341
353
223
173
100
371
321
187
134
404
246
416
306
361
330
295
278
447
235
388
321
436
331
424
333
287
261
418
343
369
331
411
293
306
340
301
331
378
316
338
340
374
251
381
330
341
326
471
306
351
267
230
316
336
326
466
341
343
319
347
318
403
330
413
321
275
333
227
171
373
217
266
331
434
316
281
318
375
323
366
305
229
172
356
316
406
194
448
170
478
318
356
288
185
117
180
231
277
316
464
313
421
321
368
331
294
323
294
366
388
319
439
321
519
316
369
224
346
258
338
263
411
318
231
243
393
316
278
338
349
324
475
164
373
310
339
240
253
331
368
183
388
318
366
281
429
349
429
304
281
310
321
318
368
321
441
315
275
325
339
315
491
178
279
328
353
315
346
331
289
326
261
217
451
243
227
196
409
333
301
326
426
328
461
316
368
344
427
309
309
242
301
326
295
308
341
316
260
323
461
323
290
331
339
331
311
318
353
267
336
326
443
333
399
325
483
315
345
316
469
343
441
319
290
316
298
250
338
315
445
351
461
337
376
281
351
315
431
248
634
318
358
326
340
328
413
264
397
326
429
303
282
316
249
261
282
280
240
326
355
346
390
323
424
333
232
318
381
344
305
341
436
190
413
318
193
139
383
329
301
186
373
295
439
341
316
311
439
341
283
321
428
343
443
330
271
335
463
315
437
318
436
235
221
321
383
330
351
330
321
315
468
323
426
323
234
256
411
333
337
318
313
316
418
334
396
278
348
331
426
259
333
269
326
269
365
323
431
321
269
318
431
173
296
331
636
316
424
311
426
271
363
293
253
359
202
138
358
261
270
330
471
341
270
210
343
326
403
265
331
233
347
181
445
323
381
318
344
316
446
326
349
261
353
341
361
200
255
326
286
323
394
324
268
333
353
318
261
315
359
328
589
326
230
191
328
316
304
343
447
313
258
328
401
319
349
324
431
303
306
280
449
326
326
309
457
343
414
334
373
254
356
313
335
343
336
258
329
327
316
255
316
326
371
326
213
326
341
343
237
173
461
314
238
331
348
328
356
329
358
323
361
278
366
330
389
326
396
326
233
321
381
328
377
331
321
313
356
343
329
308
178
271
358
256
387
320
267
389
456
324
366
213
261
217
358
340
409
247
341
331
380
318
452
150
355
323
393
334
421
248
341
321
647
254
424
326
346
331
326
315
346
343
307
326
446
328
405
316
265
204
369
168
467
281
426
334
567
317
371
334
302
190
323
323
429
331
235
306
401
323
313
273
361
328
371
326
285
316
333
326
394
314
356
324
281
321
373
293
360
323
414
236
447
323
414
326
324
138
491
333
481
319
219
315
350
316
454
340
274
321
331
224
433
341
225
341
323
136
298
316
264
328
337
300
353
242
338
308
403
305
429
303
262
214
401
306
300
219
441
336
354
303
346
331
309
330
382
323
444
271
236
219
353
308
301
338
426
209
256
255
237
180
429
326
535
262
381
250
453
331
403
314
325
305
329
341
394
308
263
133
310
331
291
331
349
331
373
293
363
341
200
316
424
168
321
351
348
181
378
232
379
320
368
319
433
230
331
341
361
336
191
301
535
316
381
309
328
334
351
313
503
320
276
334
360
326
373
334
215
298
378
329
375
329
456
248
198
324
366
281
423
227
355
331
301
330
346
318
463
191
441
328
416
306
424
341
469
336
414
318
214
180
345
329
212
250
380
333
453
318
136
333
293
343
408
313
341
344
373
316
378
334
333
316
348
319
300
187
306
315
451
344
338
321
439
273
431
249
288
273
375
361
240
316
376
318
461
328
363
325
321
329
367
340
313
343
297
169
344
202
267
336
354
313
283
319
272
316
294
311
325
321
291
174
182
222
411
249
426
344
321
310
413
341
354
318
311
275
336
338
394
291
433
331
356
248
406
321
461
331
466
318
436
316
241
316
438
330
408
281
927
261
459
326
368
266
273
335
622
213
389
318
331
316
375
315
285
178
436
341
206
318
419
313
433
168
390
318
305
331
343
323
699
329
338
307
321
334
368
323
313
315
446
212
336
328
305
323
443
314
351
333
416
329
325
289
359
318
378
319
347
326
441
323
346
315
340
324
367
316
386
316
241
318
283
318
433
323
286
316
433
323
359
316
377
328
365
230
381
353
291
141
381
323
249
318
395
318
267
320
366
329
441
132
399
318
308
329
217
331
443
333
547
318
261
121
423
351
606
336
201
163
418
306
181
316
448
323
428
339
401
321
399
344
386
336
433
348
431
306
312
315
389
321
540
266
463
305
396
320
373
338
303
323
371
328
358
318
419
264
424
251
359
333
371
263
332
311
187
301
395
311
372
318
418
309
359
316
343
271
426
329
298
320
408
323
437
336
300
331
273
321
363
323
303
328
396
313
363
323
399
233
341
323
436
168
393
319
341
331
487
331
338
307
474
321
411
331
429
334
357
333
354
333
502
316
329
139
313
320
429
268
436
310
444
328
232
328
461
329
363
333
364
321
353
328
431
181
444
330
400
288
325
321
418
317
273
232
262
369
411
348
376
341
426
316
443
318
367
318
240
339
398
336
429
348
353
315
426
221
300
323
454
287
458
314
481
299
348
321
409
341
424
336
360
230
410
230
273
301
429
313
305
339
456
316
391
315
265
334
466
323
337
311
351
296
353
359
444
314
471
324
345
320
436
321
265
182
428
316
397
257
322
318
438
346
368
262
456
318
524
325
269
166
418
313
447
316
337
345
429
311
428
324
456
333
381
323
466
323
302
279
331
311
235
316
461
331
295
152
426
330
671
313
471
320
431
245
439
315
325
318
426
326
436
263
358
221
439
340
449
131
491
306
456
335
438
241
458
304
353
316
432
336
344
275
376
276
364
188
394
334
331
235
444
335
443
265
389
326
285
245
379
315
381
249
371
335
481
303
416
311
434
143
405
129
386
328
446
301
287
305
431
161
453
331
383
281
354
323
421
331
388
293
418
287
365
279
401
339
331
326
352
188
188
154
391
328
375
252
493
223
434
321
433
260
374
333
418
260
416
291
356
328
391
333
476
320
654
240
463
281
368
326
369
301
463
306
373
316
401
290
453
308
369
333
406
313
419
316
460
334
431
316
338
333
431
338
340
272
449
341
423
329
391
323
435
329
421
247
425
318
702
309
399
289
250
305
344
314
355
251
307
272
391
324
368
328
338
222
441
326
377
255
388
336
464
308
428
343
445
334
458
316
444
263
347
341
494
296
423
276
436
323
434
323
307
330
234
305
413
298
426
220
310
333
449
315
428
337
391
331
431
335
419
248
426
343
444
316
667
236
316
331
438
320
454
318
451
318
241
330
431
331
406
339
441
328
179
318
478
341
458
330
404
330
431
340
385
341
386
308
287
173
463
299
375
318
449
212
413
318
383
323
439
333
330
210
458
315
456
349
398
338
455
348
395
281
273
319
360
134
222
326
426
253
432
326
448
313
316
304
272
331
444
260
456
333
602
316
464
314
388
323
401
318
453
336
250
321
403
338
356
323
434
298
326
316
313
330
448
184
451
318
421
276
406
338
433
329
302
323
331
298
350
315
386
327
411
166
338
340
638
343
105
323
464
331
359
222
200
326
351
331
405
321
642
242
173
318
328
336
309
323
403
321
441
333
337
329
712
316
374
333
431
331
350
321
343
326
156
333
371
315
