5436
370
9018
917
5824
672
8161
733
4549
862
9299
839
4457
568
5646
525
5429
774
9371
812
8576
874
6376
578
9657
830
9366
571
9016
9719
4404
390
4547
424
5913
985
9064
889
9752
847
9772
887
10050
862
7497
490
7202
557
9258
866
9197
902
9878
887
10006
929
8158
783
5896
758
5425
915
6920
649
6991
672
9347
852
4992
905
9597
885
9456
915
8724
935
7953
870
7894
894
9369
907
9740
927
9201
827
9279
914
9379
862
9166
875
6092
875
7501
655
7260
890
9677
864
9134
887
9756
879
6563
870
9562
850
20399
756
9439
849
7912
870
9189
609
7830
708
9539
730
8979
872
4417
372
5659
350
9418
862
9138
837
9569
842
6731
889
8913
382
7733
683
9339
572
5749
527
4627
386
9349
858
9221
855
8295
885
4474
368
7371
681
4499
459
4402
445
9356
909
8030
857
7209
880
7584
746
4365
665
9458
908
7066
790
9235
872
8373
716
4581
909
4096
862
7858
882
8715
856
8023
722
9950
895
9322
563
9515
645
6680
902
6140
854
9449
484
7906
448
9246
902
9374
670
7588
718
9577
930
9221
922
7141
685
9406
840
7968
849
9514
783
8333
1085
4412
592
9407
890
9166
999
5413
478
45347
882
9434
852
4543
447
9472
574
7066
496
9451
837
9527
679
5355
475
9176
867
9319
997
9464
900
9234
400
7636
685
9417
862
7934
477
6200
859
9444
909
6415
549
8996
847
9407
680
7424
678
9552
384
9294
920
9562
904
5470
865
8738
847
8181
393
9500
905
8183
776
9314
867
7882
671
6589
373
6881
885
9714
634
7795
368
4335
904
7399
706
9532
707
8154
727
4779
420
4752
925
9323
927
9041
882
10035
772
5567
894
9224
372
6711
609
9156
872
9189
837
9544
947
9314
831
8479
771
9314
939
9302
899
5450
895
6806
850
9592
913
8951
467
9098
912
7902
395
9464
839
9564
928
5700
579
9341
879
9297
932
9564
864
9427
872
5064
882
6418
854
9303
548
9377
694
5895
842
9166
900
9607
877
9504
855
9442
879
9337
907
4572
695
9396
890
9023
973
9342
892
6644
547
9116
849
9722
692
4743
882
9615
837
9184
889
7483
925
9277
910
9216
902
8747
935
5489
850
8051
369
4326
380
9582
865
9607
692
8997
854
8265
909
9357
882
6529
904
6092
867
9331
479
7949
895
9477
910
9539
892
9665
872
9284
875
8140
874
8976
894
9437
850
8104
912
8803
357
9429
694
9141
955
8324
794
4656
861
9209
745
7595
563
7898
696
9127
897
9244
829
4694
895
7107
855
9474
748
7758
720
9338
882
9298
890
5415
599
9675
671
4507
466
8101
739
4625
864
9331
865
9391
674
9664
890
9262
865
4509
894
10007
852
9193
876
9331
885
9099
724
7957
879
9308
862
5735
8340
9208
811
7738
822
9391
849
9848
692
9459
627
6411
928
9559
868
7561
447
8052
485
7794
415
9053
852
7324
885
4600
399
9349
627
8194
885
9238
900
6864
870
8922
862
4504
432
5508
865
9619
867
5447
576
9441
892
9244
654
9526
840
9227
719
9376
669
9845
727
8083
702
9891
897
6798
844
9419
902
9271
674
6763
888
9560
882
9374
920
9470
833
9568
797
8086
923
9505
892
9609
895
8837
786
9728
876
9469
973
9156
1040
9507
882
9108
972
6145
500
9642
849
9292
758
9156
623
9304
992
7630
471
7639
705
6619
708
9076
875
9880
884
9835
926
5763
482
9302
999
9128
925
7940
692
9341
882
9753
867
8048
906
9139
912
5019
375
9808
812
7826
882
7287
638
9579
822
9204
860
9404
879
9339
734
8646
816
9482
899
5393
606
9504
879
9226
882
9556
882
8689
823
9128
924
5612
553
7664
717
9552
942
5891
460
9376
857
9274
860
7155
1025
8164
398
9624
608
7565
381
5448
889
9682
898
9308
491
8293
806
6135
515
9416
892
5900
486
9532
896
7393
629
5654
584
9284
715
4386
466
9560
892
9056
857
9429
990
9782
859
4606
361
9574
865
9584
852
9234
890
9118
869
9541
854
9407
379
8132
857
9234
887
6746
925
9037
905
8918
882
9399
895
9301
726
5742
795
4602
477
7999
735
5577
827
9169
912
7759
715
9704
862
9474
882
8115
637
9424
892
4724
584
5355
374
9474
378
9129
854
8724
846
9309
917
9406
480
9654
720
9470
875
10121
526
9471
892
7194
697
8128
909
8315
879
9301
898
9564
847
9512
968
5138
882
9247
904
9166
862
6069
957
8195
859
9293
885
9236
897
4405
476
9685
380
9792
854
9421
885
4666
389
9208
882
9449
920
5188
590
9612
912
9569
571
9259
925
7366
648
9326
884
6440
845
9560
733
8270
857
7984
892
7852
749
9228
912
9512
783
9409
922
7568
813
9253
859
7647
691
9790
522
9812
887
7855
915
9599
907
4434
610
9304
889
8105
721
4714
867
9264
759
7605
571
9647
355
9722
940
6094
899
9747
862
9402
924
9802
909
9755
827
5344
882
9630
543
8177
844
9411
887
8437
736
10081
774
9009
879
9936
920
9554
840
5243
842
9382
917
9369
387
4665
487
5555
854
9193
915
9484
738
9684
849
9540
859
9736
844
9516
917
5678
513
7676
715
9546
962
9465
927
9647
723
4723
464
7941
779
5490
572
6078
872
9253
864
9196
884
4537
902
9391
885
9815
889
7781
862
5608
478
5588
942
9128
897
9435
654
9449
890
9830
926
9482
763
4259
519
9482
879
9121
908
5832
877
8001
751
9304
835
9289
652
9567
885
9507
819
7134
894
6821
864
7372
862
9056
844
9510
712
9407
879
9597
960
9181
899
9597
917
4710
367
4538
390
9011
897
6537
491
9393
943
4722
870
9552
704
9652
925
9499
950
6683
734
7873
827
9654
872
7631
378
9184
877
7155
867
9773
848
7399
902
5650
829
9026
828
7468
887
5483
885
9146
920
5752
366
9349
897
9472
910
9241
908
7076
908
9342
927
9391
885
9023
899
9389
906
5688
905
9421
768
7791
732
9460
781
9517
862
9401
458
9401
849
9334
868
9486
600
9331
919
6419
887
9685
910
4771
481
7328
665
5268
690
6529
764
9865
885
9402
872
9301
890
9655
888
9244
899
7370
708
6687
400
5808
889
6797
879
7417
730
8693
878
9407
846
9821
882
9356
685
6778
882
9680
832
9452
700
9266
700
5723
862
5469
548
9261
898
9036
1055
9343
880
9951
842
9456
888
5704
531
9321
922
9306
887
9051
486
14902
753
9637
946
9357
905
5745
877
7369
698
9196
825
9286
692
9660
874
9437
930
9321
785
9359
918
7552
645
9673
912
7396
697
9440
1023
9619
949
9554
844
9321
909
8554
885
7470
855
5589
1153
9750
949
6046
383
5677
484
9462
659
6755
404
9662
872
9394
922
5602
1121
9479
880
6065
734
9502
862
9347
1198
8227
862
9682
817
9198
884
9564
499
7095
832
9279
380
9309
922
9592
912
7683
877
9242
875
9572
900
9097
905
9693
725
9361
741
9470
852
9612
862
6393
837
9294
902
9449
884
9336
882
9454
498
9404
714
9582
883
5066
902
20312
822
9467
834
9589
899
9381
905
9279
837
9457
860
9717
909
9790
1055
5746
504
4441
704
9196
847
7396
821
9323
865
7093
609
9692
875
7970
664
9507
890
9612
899
9392
807
8183
363
8786
778
9460
919
6762
571
9110
724
5812
491
9268
922
9347
890
9971
885
9349
852
9575
713
8013
573
9602
925
6350
849
9620
920
4897
809
5908
509
7470
722
4528
731
9890
905
4630
507
9068
867
9352
634
9579
895
20149
845
7977
895
9174
860
8121
872
9301
882
9584
381
8321
9654
7314
459
9376
492
9534
875
9425
890
9326
917
8919
819
9598
887
5483
890
7692
735
6352
701
9482
889
9506
869
8022
726
9519
904
6407
902
9788
914
4854
930
4554
867
9178
869
9272
922
7387
835
4293
1108
9477
877
8863
905
9742
878
9717
849
9692
879
5809
875
9635
755
9258
969
9487
984
9578
822
9401
950
9522
685
7223
498
9628
937
9424
654
9121
920
7646
753
35071
905
9574
900
8101
384
9261
904
7311
915
9411
356
9467
887
9307
870
10023
857
9356
880
6615
374
9587
829
9414
875
7675
892
9231
877
9428
854
4867
390
9642
894
9569
383
10318
867
9447
932
9344
904
9066
826
9459
872
7928
752
6805
855
9790
892
7605
912
9434
610
9547
892
9299
854
9374
895
9440
884
9146
895
9464
874
4725
702
9546
875
7916
774
6370
524
9349
875
9645
970
9349
902
9449
814
9452
792
9502
728
9616
862
9490
650
9497
835
7339
894
7230
928
7210
845
6339
596
9449
590
7346
559
9883
860
9322
533
9336
374
9702
940
9451
785
7670
383
9634
430
9614
907
9675
481
7850
864
9194
894
9266
661
9219
766
9439
849
9337
877
9394
922
9512
844
9399
872
9460
937
9618
942
9185
887
9427
876
9878
904
9652
905
9114
625
9467
862
8246
382
8077
683
5835
905
7725
746
8167
818
7685
693
9242
887
9454
927
8364
768
9484
923
6495
706
9484
892
9692
855
9424
899
6930
892
9309
877
9540
937
9031
872
9426
368
7824
902
9452
859
9425
371
4560
667
9319
745
9464
772
9400
451
9231
945
9792
607
9610
919
5638
877
7937
914
9680
902
9389
906
9494
807
8082
919
9439
918
9178
1118
9181
865
4593
847
6773
889
9146
872
9325
922
9379
892
9767
735
9363
737
10055
919
4577
877
8310
747
4488
925
9339
824
9901
865
5094
970
9442
877
6210
899
6066
892
9600
583
9535
583
9560
724
9715
887
9733
914
9266
862
9171
875
9529
872
9449
856
9341
877
8084
779
6782
834
6385
731
5759
892
9356
342
9479
912
9454
684
9299
922
9414
693
9569
914
8239
875
7721
844
6397
742
8318
743
9679
912
9344
904
8080
885
7337
695
9757
882
9971
902
9707
808
8270
746
9722
913
4643
648
9598
490
7502
753
9587
859
9054
866
6754
857
8517
897
9364
932
9650
872
4534
384
4581
865
9778
924
9620
894
4620
847
9489
876
9577
399
9431
361
4571
879
9449
882
4870
900
8962
837
9210
889
9291
928
9010
940
7939
703
9624
855
10118
822
9063
852
7375
789
7364
698
9536
867
5514
471
9375
929
9193
888
9680
795
6977
664
9431
531
9447
910
9895
900
9507
890
9707
849
9632
669
9131
942
9278
372
6742
756
9815
509
4762
350
4753
904
7840
702
9888
912
9484
896
9379
892
9432
670
9687
396
8688
383
9875
845
8361
879
9730
897
9642
386
8194
726
9692
872
9387
882
9710
898
9690
655
9397
907
9084
866
8480
711
9544
899
9520
857
9304
924
9346
368
9856
864
7819
966
9945
917
9715
912
9256
897
9373
875
6232
499
9275
867
6961
877
9672
995
9424
895
4647
710
9925
840
9319
887
9680
849
9582
772
6017
617
9284
909
9517
902
9351
704
5782
887
5930
520
9820
890
4478
543
9328
902
9772
878
9552
860
9439
837
9697
909
6836
512
9685
875
9386
842
9812
889
7377
932
9389
892
9536
940
9815
897
9647
927
9239
877
9258
882
6790
879
9489
842
9460
446
9589
887
9129
849
9302
908
5914
720
9481
884
6749
588
9439
887
6034
520
8803
889
9960
691
9509
748
9629
433
9646
874
19615
854
9319
851
9161
842
10101
939
9037
740
9595
737
8181
702
4983
326
9529
842
9474
845
9482
890
4719
829
9504
706
9708
526
9717
902
9480
928
9444
845
9725
900
9387
750
9178
869
6776
895
9219
359
9668
585
9638
687
4737
868
9056
874
4950
892
9462
837
9554
862
7089
915
4415
890
9454
835
8011
880
9677
588
9454
892
9322
852
9379
712
9557
918
7790
699
9960
935
9727
935
6371
536
7871
829
9912
458
8332
867
9439
904
9315
834
9710
842
9321
854
9694
822
9835
897
5922
869
9604
859
9842
867
9537
724
7876
857
8134
778
9464
890
9179
934
6696
581
9018
912
6475
836
8241
664
9582
689
9512
872
9714
865
9635
847
9204
906
9359
920
5575
874
7634
872
5724
924
9366
897
8510
728
6587
895
8872
807
9407
882
8978
859
9727
1012
9560
907
9438
828
7892
915
9788
662
9539
886
5780
925
9245
724
9883
842
9031
872
9846
944
5658
699
9680
894
9900
748
9459
895
4490
867
9415
749
9650
890
9649
869
9369
876
9602
839
9490
907
9322
857
9725
892
9399
960
9585
885
9464
859
9552
892
9895
845
9532
866
9384
917
9552
373
9387
807
8139
787
9527
942
9582
950
4870
912
4621
353
9414
900
5886
942
9417
839
9454
826
9554
1073
9249
885
9789
912
9244
807
6950
889
9780
875
9705
468
7324
892
9853
900
9810
879
6806
884
7257
669
9670
912
6800
932
5422
887
9153
928
9642
897
9486
768
9377
934
9823
689
9536
882
9099
977
9582
852
9324
401
9216
915
5560
837
8004
849
9983
837
9146
422
8153
1133
9406
907
7641
906
9457
785
9462
870
7829
907
5935
531
9895
817
10045
887
4804
867
7987
716
9559
847
9490
990
9798
852
9577
767
9679
900
9462
892
9515
767
9469
937
9442
900
7831
832
7295
872
6569
465
9178
827
9732
898
9732
914
10033
1075
9542
855
10017
850
9218
870
9645
888
5815
879
6008
513
9645
573
9585
872
9332
895
5779
892
9562
539
9785
432
6125
877
9802
977
9618
869
9544
877
9624
783
6771
802
9734
840
9191
865
9023
873
9470
900
9725
869
7391
879
9490
704
9785
925
8026
736
9296
878
9467
870
9388
927
9471
928
9339
867
5973
882
9600
880
9617
862
9431
862
7574
485
9547
910
9153
952
8973
835
9790
668
9634
802
9582
905
6784
847
5496
473
4933
848
9727
892
9623
919
9617
907
9359
812
9372
892
9597
889
7045
658
9559
910
5746
536
9349
868
9835
879
8243
929
9650
882
9236
897
4646
847
9596
473
9876
800
5421
661
9504
835
8199
778
5767
966
9432
862
9900
889
9389
862
9524
883
9466
839
9482
706
9342
370
8139
471
9975
862
9685
872
8981
904
9309
668
9407
892
8295
872
9775
970
7806
713
9156
872
9307
906
6386
588
9760
882
9673
857
9481
882
9459
834
6914
627
9600
739
9567
684
9115
910
7863
874
9546
960
7539
862
9823
845
9441
862
9783
868
5942
504
6060
865
9655
762
9392
938
9617
650
6618
919
9307
885
9855
902
9149
865
9223
858
9538
867
7204
895
9392
907
9742
491
9556
899
9294
897
9354
875
9780
825
9437
910
9832
852
9662
862
6646
557
9965
868
9201
919
6788
595
4343
850
8785
388
9620
914
9457
907
5609
501
5795
876
9394
852
9392
361
9705
887
9556
920
9276
905
7568
847
9346
887
7870
867
9798
935
8042
860
8127
855
8367
739
7595
926
9506
855
7665
902
9718
972
7563
702
6963
607
5453
920
9606
684
9604
827
9520
903
9477
829
9518
894
6064
705
9336
902
9656
784
9873
856
9575
864
9690
892
9372
849
9588
865
10015
778
8270
930
9658
899
9520
900
9755
905
9880
376
9437
867
5730
672
9627
879
9692
936
9397
879
9582
892
7795
710
9085
724
5932
855
9557
867
5986
892
9650
906
6724
603
9222
840
9687
895
7790
875
9452
904
5883
855
7814
880
6901
874
9454
884
9524
879
9352
862
9368
892
8931
692
9517
786
9619
940
9319
553
9635
884
9679
872
9500
866
8060
927
9481
894
4535
363
4800
1105
10018
907
9271
897
9507
882
6731
910
6845
590
8895
937
8523
887
9753
392
9955
477
10051
860
9118
869
9720
890
9560
477
5837
672
9773
943
9341
865
9266
905
9334
792
9684
869
9549
455
7430
832
6217
858
4984
542
9379
975
7691
910
5687
361
9352
880
6043
1112
9557
870
7936
852
9537
910
9497
734
9132
827
9380
877
5837
499
9351
890
9719
846
4650
782
9753
875
9575
875
9261
648
9587
915
9479
844
9510
869
9706
860
5572
570
9314
856
9314
472
9477
862
9499
885
7878
856
9344
928
9357
475
9502
855
9542
839
9254
897
9783
887
9614
805
9807
938
4537
906
9431
778
9588
892
7924
383
7287
902
9805
754
8141
734
9346
371
9627
864
5680
864
9341
875
9554
864
8333
855
9865
917
10028
421
8500
937
7431
902
9549
847
9319
890
9535
910
9605
892
9386
882
9237
897
9599
987
9582
872
4743
897
9116
880
9332
369
7789
371
9345
849
9106
879
9386
844
7007
356
9452
880
8830
860
9459
867
9494
867
9615
886
9542
692
8202
482
9812
882
9464
478
5526
472
9274
872
4530
476
9358
862
5937
652
9355
932
9677
701
9730
808
6314
839
7996
823
9920
909
6073
889
9977
962
9587
877
8111
467
8428
845
9560
968
9634
915
5533
879
9257
918
9783
467
5909
484
7551
910
7309
374
9705
882
9552
862
9537
515
9454
885
9586
612
9398
857
7606
693
9714
842
9452
897
7738
725
5882
852
9223
665
9559
910
9477
935
9336
970
9287
862
9822
929
9981
910
8153
857
9852
877
9742
818
8329
892
9501
887
9617
900
5254
746
9289
727
4881
696
9467
872
9465
862
9396
741
9607
924
4543
847
9184
860
5890
478
9682
862
9818
479
7592
870
9482
382
6632
605
9449
792
9341
945
8571
677
9341
689
9482
927
6233
590
4669
879
9246
885
9980
498
8035
670
9722
387
9723
875
8181
744
9571
884
4632
657
9752
572
9510
925
9469
870
8213
570
9662
914
9562
360
9442
598
6284
622
9401
912
9293
877
7049
858
9219
405
5802
897
5840
957
8164
740
9572
804
9632
748
7006
567
9477
860
9715
811
9314
656
5578
870
9269
849
9769
757
5625
658
6604
537
9464
872
9569
879
9545
930
7598
895
8002
811
9379
870
9725
892
8257
912
9474
900
5604
500
9407
588
9524
872
9753
890
9742
938
7678
736
9399
880
9662
872
9755
887
9515
892
9635
907
9590
940
7500
681
9622
840
9499
849
9690
912
4597
356
9209
580
9823
479
9612
900
9612
907
9532
877
9251
924
7613
942
9843
934
5264
862
7611
651
8950
877
9359
930
7750
693
9785
887
9409
907
9943
821
9517
922
9123
867
9597
822
9384
442
6959
890
10001
867
9487
914
9474
600
9487
950
9234
702
9717
850
9241
561
9945
850
9614
905
9477
547
9775
772
9825
907
9787
852
9335
845
8225
745
8061
892
9507
563
9411
401
9539
361
7950
368
9559
847
5791
652
8219
756
4643
910
9512
451
5665
840
9494
922
9321
860
9521
916
9372
841
9572
875
9502
568
9642
877
6056
514
8877
851
7339
907
9440
890
7871
977
9335
475
9760
888
7043
870
9326
814
7960
689
9344
910
5753
834
6372
569
9762
889
6067
616
6976
910
9292
885
9492
910
7708
893
8887
975
9480
916
9564
976
9415
938
5007
837
8171
960
9653
857
7509
649
9983
912
9362
688
9487
882
9411
962
9732
917
9332
902
9534
862
8082
755
9512
870
9329
932
7265
415
9757
586
9412
922
9475
870
9552
929
9264
935
9597
929
9629
882
7742
644
9654
852
7063
466
9612
494
9747
859
9464
947
9392
916
9472
905
9359
872
7566
869
9206
907
9432
867
9283
877
9387
920
9336
892
6557
377
9368
849
5467
862
9585
375
9371
872
9743
842
9554
940
5908
910
9690
433
6884
872
9632
889
9188
862
7786
917
9727
882
9602
906
6617
599
7177
939
9504
894
5680
922
9574
704
9602
932
6903
590
9760
1020
9451
525
9689
482
9432
879
9314
842
9437
839
9408
846
8049
896
9166
866
9352
872
9675
932
9375
935
10073
855
9509
882
9191
895
9534
870
9401
902
8018
910
6681
662
9477
387
9690
875
9537
862
9790
607
8078
908
9269
869
9502
872
9732
927
9562
877
8075
867
4875
955
9183
776
4605
849
9667
884
5699
598
9742
850
9391
903
7987
872
4869
367
9181
661
5728
501
9334
726
9928
879
9434
894
9421
716
9454
882
9118
936
9597
880
5745
854
10031
896
6877
454
8134
713
9371
892
9312
899
9850
939
9615
868
7318
919
9346
825
9840
897
5985
502
7306
749
5937
836
9732
857
9449
892
9712
882
9803
850
4971
740
9806
849
9627
744
9033
912
9800
874
9726
882
9617
852
9664
884
9762
890
9660
866
9772
872
9546
692
9199
902
9504
892
9273
867
9252
447
7668
678
9815
717
8076
770
9374
865
9490
862
9269
757
9502
924
9682
952
9291
872
4561
865
9413
812
9697
857
7119
897
8139
794
9585
882
9547
471
9412
862
9525
1045
9670
862
9522
849
9529
639
9519
885
9089
859
9830
869
9775
815
9304
998
8346
872
9066
489
9592
872
9394
371
9399
820
9239
877
9286
869
9489
915
9421
895
9779
889
9878
882
6323
689
9644
892
9492
894
9670
450
6022
431
9777
858
9065
468
8176
859
9587
847
9227
395
9234
869
9402
867
8379
749
9429
917
9833
880
8123
708
5794
887
9595
929
9719
892
9600
907
9504
906
9462
736
4868
515
9269
852
9628
882
9497
473
4427
876
9714
904
4658
414
9384
912
9564
908
9457
1150
9945
898
9437
864
10058
902
9598
844
9595
855
9620
900
9542
912
9171
434
9244
890
9354
740
5030
9524
9374
732
9248
977
9207
874
9462
927
9437
586
9695
875
9462
857
9207
892
9572
885
9725
859
9897
664
9627
762
9396
905
9184
764
9389
897
8022
927
9569
872
7298
631
9630
578
9284
919
9471
934
9442
1170
9492
378
7672
670
7714
516
9655
360
9897
884
9510
842
9549
793
9331
513
9509
922
9602
892
9843
907
8314
904
6568
366
9645
859
9622
676
9201
897
9572
759
9807
870
9555
905
9654
893
9507
952
10199
440
9662
872
8213
892
9254
845
9718
907
9081
600
7726
672
9564
818
9309
877
9767
735
9948
927
9639
899
9673
371
9472
867
4493
899
9437
834
9016
889
