7430
1168
4175
640
7508
1109
7625
1221
7941
1145
4230
604
6008
1097
6476
1155
7024
1127
5627
831
7774
1143
6166
1142
7580
1087
7598
1095
7572
1137
7494
1195
5375
783
7920
1225
7379
1095
7707
1099
7324
1155
7294
687
7593
1097
7635
1112
7497
742
5665
1121
4892
1213
4972
1122
7515
1078
7895
658
7525
1150
7425
1052
7716
990
5273
1065
7644
1091
5450
1160
5995
899
6428
1045
4290
831
7431
1133
4397
1155
7866
1122
7247
752
7668
594
6147
889
3556
507
7878
1108
7347
1103
5070
1205
7778
1152
7254
1120
7310
1183
7307
1186
7760
1180
7037
1188
4439
1108
7543
1115
7626
594
7430
648
5333
1117
7428
1128
6950
1109
5505
1213
7786
1216
7177
1113
7517
1097
7552
597
7372
1100
7685
1012
7429
1095
7492
1218
7389
1285
7951
1085
7224
1070
5859
1120
3448
601
7555
634
4058
606
3544
494
8046
1085
5648
1125
7955
1208
7317
1167
4084
1245
8509
1140
7655
1125
7472
1093
7475
1188
7447
1136
7790
890
7404
1117
7172
1147
7133
1078
5737
864
6619
1130
5551
810
7529
894
7271
1088
7515
1080
7846
1108
7555
1180
7522
1223
7547
1150
7254
1050
4563
630
7392
1077
7642
1188
7875
1163
7228
951
4121
1160
7693
1147
5739
1165
5275
702
7249
1190
5681
1160
7798
1180
7444
1152
7661
1117
7599
798
7457
1168
7440
1208
5021
1145
5287
1135
5517
1079
4425
1128
5603
753
7893
1163
7275
647
7442
1102
5378
811
8181
892
7520
1110
7478
1080
7745
1155
7554
1193
6069
845
7595
1073
8112
1137
7853
1110
5020
1120
3804
1203
7455
1118
7354
1187
6607
1172
7174
1103
6756
1188
5582
494
7625
1090
7524
1171
5497
846
8084
1281
5651
1130
7726
1248
7384
1132
8221
594
7400
1193
5511
1125
6145
1087
7585
866
4646
1067
7570
1117
4830
1122
7635
786
7447
500
5202
1180
7599
1130
6064
1098
32850
1155
7375
1072
7628
1236
7553
1195
7165
1135
7768
1190
4479
611
7563
1165
7367
1147
7650
1157
7524
1197
7803
1105
3752
1233
7424
1150
3844
1148
7565
24639
7504
924
4617
1110
7282
577
7858
931
6446
1220
5964
899
7500
1255
7630
1090
7602
1143
7147
1195
7435
1080
7294
1195
7958
1190
5835
835
4659
1190
5944
889
7509
889
7840
755
7623
1175
7402
1218
4333
1047
7570
1202
6212
1241
7662
1133
5929
1155
5795
1220
7568
1320
5135
1137
7557
1247
7606
1128
7402
1172
7708
1075
7336
1093
7477
1080
7580
1183
7402
1102
8054
524
7489
1122
7477
1160
7129
1138
7863
1079
4993
727
7515
1146
7694
1140
7509
1090
7433
1113
7470
1131
6370
1085
7592
1125
7800
1183
7504
1090
7425
1198
6393
1082
6438
914
7404
1137
5417
1155
7460
1229
7658
1148
7585
886
7355
1157
5624
1145
7542
1085
7047
1135
7693
1211
6047
1038
7570
917
6341
918
7677
1050
7841
1231
4910
859
6206
1138
7552
1160
7598
967
7861
1213
7755
1279
4515
645
7853
809
7778
1175
7785
1075
7985
1203
6953
1090
4447
651
7801
1187
5835
1203
7544
1097
7705
1175
7285
1146
7578
1175
6521
939
5780
1150
7555
1188
7350
1152
7798
1102
7417
1165
7748
1168
7504
851
6334
1145
7359
1163
7700
1017
7232
1074
5836
1177
8031
1080
7659
1070
7495
1201
4385
1100
7380
1120
5390
936
7335
1143
7357
1187
7272
1120
7492
1147
7465
1182
7357
1160
7579
1050
7715
1167
7848
1175
7522
1100
5302
749
7718
1065
7851
1145
7681
1193
7299
1153
7608
1198
7502
916
7513
1104
7432
1155
7557
1095
7665
960
7565
1150
7930
1196
7750
1219
7344
1095
7655
1115
7891
1160
7668
1192
7419
1089
7647
1065
7632
1171
5894
1228
7645
1156
7758
1150
7532
1052
4451
589
7427
1066
7858
1243
7512
1123
7767
1180
7600
939
7643
1205
7397
1165
7765
1205
5956
1120
8176
1160
7595
1065
7617
1087
5871
1193
6338
1117
6626
1014
7500
1098
7648
1185
7311
1000
7720
1082
5972
1215
7720
1200
5833
837
7514
1110
5310
754
7791
1155
7981
1248
7558
1115
6375
960
7697
1148
7681
1190
7993
1090
7653
1165
7447
1185
4730
581
6903
1001
5512
736
7613
1165
7662
972
4689
939
7768
887
5537
734
7818
1165
7640
1171
7748
1109
3664
487
3525
561
7876
1075
7993
755
5655
1198
7768
1165
7555
1090
3887
462
7864
1102
7821
1175
6233
899
7680
1092
7738
1133
7961
1166
7217
1036
7593
1198
8058
1231
5611
782
7876
1106
8354
983
8099
1109
6334
1206
4158
1103
7703
1195
7666
1178
7597
1135
7567
889
5979
773
7834
1105
5936
1223
5203
1112
8131
1163
6462
1239
7517
1222
7626
1098
8026
1177
7858
1115
7467
1115
3504
1118
6554
1163
6168
1037
7768
776
8332
1130
7489
1188
7698
1138
6795
1135
6640
1105
7826
1153
7745
1153
7693
1142
4577
604
7750
1087
4643
633
7510
1133
7845
1115
7701
1082
5999
888
4737
1087
6168
944
4486
1180
5260
807
7999
1131
8128
1185
7843
1102
7768
1078
7740
1205
7986
1213
7976
1130
6342
1172
7801
1126
7678
1132
7928
1113
4590
1103
4429
1138
7117
988
7820
1182
7968
1098
7758
1133
7843
1102
7943
1193
6328
935
7853
1116
6008
859
6166
1160
7640
1128
7760
851
7677
1175
7520
1120
7940
1121
5354
785
7858
947
8121
1145
7480
847
4683
1231
5722
750
7675
1127
7505
1090
5286
731
6174
797
8026
1117
7878
1216
8009
1173
6607
1265
7603
1155
7801
1085
7930
1213
6332
1143
5478
1002
7730
1132
8071
1088
6216
1140
5292
773
7681
1109
7906
1206
7572
1110
8291
1151
5943
1065
7811
1126
7482
1110
7850
937
7695
1072
8158
1148
7949
1112
7873
1117
6875
1127
8259
1155
7750
1246
7713
1105
7770
1158
6010
1170
7302
967
8113
1138
7650
1182
7811
1155
5939
819
8394
1120
7946
1213
7662
1213
7860
1082
5261
1143
5415
743
5896
1160
7772
1105
6579
1123
6916
1078
8016
1128
3318
482
8266
1145
7826
1100
5533
960
8058
1113
3896
1117
7755
1085
7447
1152
7585
1288
7716
1233
7941
1109
6846
1098
6085
1175
5419
743
7582
779
7870
1190
8161
1075
7688
1058
7650
766
8051
1210
4830
1153
5302
766
8131
1110
7457
1170
4812
860
7756
1118
5593
1157
5092
1172
7736
1221
8091
1115
6708
956
4589
669
5822
1160
3752
465
7986
1158
6266
988
16530
805
7708
1266
8221
1057
4649
1128
7587
1148
5594
1160
7668
1083
7913
1222
7627
1103
7931
1228
6184
1166
7928
1133
8319
1202
7132
1088
7775
1090
8016
1170
8252
1025
7869
1092
8088
1175
7620
1138
7921
1105
7906
1185
6773
965
6806
994
4341
1093
7850
1191
7717
1107
6668
1217
7482
1115
7713
589
6509
1107
7508
947
4029
521
8177
1178
8169
1170
7663
1075
7056
954
8179
1102
8004
1115
7765
1160
7908
1125
7690
1172
5522
1175
7923
1135
8121
1223
7665
1172
7863
1075
6862
1173
7723
1148
7736
1175
7708
1213
7743
1137
7883
1092
5271
1176
6683
937
4816
1231
7785
1122
7559
1098
6385
1072
4565
1256
8372
1132
7677
1147
7670
1120
7268
661
7638
1099
7449
1100
8058
1119
5414
632
7547
1117
5781
1173
8090
1158
7968
1095
7672
1205
7846
1177
7490
1173
5741
931
4726
1208
6577
1267
7851
1145
5681
1110
8307
1138
7503
949
7831
1115
7885
1115
7918
1180
6913
933
7686
1105
7612
1117
7763
1210
8066
1163
7978
1130
7292
1298
7583
1138
6756
983
6822
1138
7916
1168
7647
1130
7788
1070
7802
1183
7598
1097
7545
1176
7369
1193
7936
1057
7893
1110
7851
1143
7715
1117
7740
1203
7976
1062
6484
634
7943
1113
7921
1115
7596
1176
7773
1165
7800
1108
8151
1182
7983
1125
7471
1059
7896
1027
7974
1125
6061
1135
7831
1158
7950
1086
7843
1209
7509
1120
7520
1078
5478
1112
5075
1198
7637
1060
7910
1210
7713
1107
7843
1010
7728
1198
8173
1170
5668
847
7645
1100
8430
1082
7728
1075
7445
1118
7488
1064
7951
1087
7457
1170
7881
1188
7544
613
8054
1231
7848
1171
7975
1257
6655
1193
6251
1205
7828
1142
7710
1125
7758
1308
4780
689
8314
1095
8038
1208
7579
1113
7718
1113
8031
1133
7580
1070
7830
1152
7816
895
7768
1093
7933
1138
7858
1205
6282
1133
7878
1173
7770
1100
7853
1090
7848
1198
6653
1060
7983
1305
7905
1105
7913
1471
7883
1090
6337
1238
7960
1168
7504
1145
8018
932
8019
1103
8164
1089
7487
1221
7655
1223
7598
1183
7472
1130
5359
1077
7753
1098
7803
809
6483
827
7595
854
7771
1130
6687
914
7700
1168
7882
1223
7610
1090
7520
1119
7870
1098
7853
1175
8123
1125
7820
1132
7725
1286
7725
1125
5370
1115
4898
746
7802
1165
8054
1143
7688
1183
7891
1165
7891
883
8051
1160
7387
1145
7840
1167
8377
1182
7753
1137
8113
1052
7653
1125
7132
998
5118
1138
8033
1261
7806
1163
7928
1153
8483
1145
7953
1158
7908
1283
7991
1152
8117
1103
7946
1168
7968
1128
7946
882
7663
892
7587
1073
8036
1098
8043
1157
7891
1175
6499
1095
7773
1065
7775
1200
8021
1099
8080
1178
7092
997
7850
724
6844
1110
8257
1085
7863
1122
7815
1098
7343
1201
7870
1178
8079
1160
7635
1138
7996
1135
6869
1203
5892
1173
7705
1150
4896
650
6757
1133
7753
1233
8059
1163
46023
887
8016
1158
8134
1070
7848
1150
3707
1108
6816
897
7936
1166
7591
1153
7798
1124
3812
921
7602
1157
7881
821
5955
1193
7657
1072
7585
1190
7715
1211
7627
1175
8557
818
7668
1085
8370
1157
7938
1106
6156
866
8003
1158
5442
757
7773
1210
8029
1158
7349
1235
6623
878
5897
926
7840
1177
7720
1080
7082
981
7795
1165
7898
1138
8003
1110
8076
1120
7910
1175
6159
952
7873
1153
8148
1153
4573
1075
7864
1163
7690
1183
6840
1192
8033
1162
6820
1103
7665
1128
7636
1132
7410
1167
8054
1183
8073
838
7698
1147
7688
1168
8112
1163
7921
1178
8126
1175
8048
1082
7878
1086
7919
1178
8033
1093
6597
978
7081
1180
8132
1200
7733
1173
6543
1115
5939
1100
7940
1167
7685
1190
7643
1156
7986
1153
8204
1156
5003
1085
7685
1110
7655
1066
8384
1175
8136
1145
6606
1102
7886
890
7808
1192
8026
1127
8000
980
7953
1142
7978
1130
7830
1147
6615
1160
6019
917
7818
1175
7210
1152
7805
1083
6122
1155
6573
1208
4828
687
8234
1201
8109
1163
8164
1108
7509
1195
5947
1077
7733
1145
6294
655
8352
1125
7374
1105
7387
1200
7701
848
7698
1133
7878
1135
7532
1092
7525
1150
3738
510
86136
1210
4639
1170
7604
1108
8014
1098
7731
1183
4685
1094
5730
1213
7948
1163
7881
1165
6105
1150
8098
1155
7457
1160
7820
1050
7588
1052
7948
1102
7921
1087
7630
1085
8224
1145
4686
783
7870
1107
6366
1200
7837
1190
6613
1178
7763
1155
8099
1168
7853
583
7878
1315
8063
1152
7705
1125
7898
1151
7883
1162
7558
1070
8235
1150
7420
1263
8003
1198
7953
1142
6914
986
5724
1118
7830
1114
8147
1125
7680
1118
6579
946
7700
1099
7918
1105
4945
1105
7866
1140
7243
1049
7499
1132
8018
1138
6343
1210
7828
1090
7592
1153
8039
654
8071
1198
7723
1125
8005
1166
8091
1185
7722
1208
8006
1172
7655
1155
7607
1094
8141
828
7630
1168
8018
1175
7648
1105
7956
1120
7866
1178
8209
1190
7654
1133
5197
1153
7547
1218
8071
797
8046
855
8525
1181
7778
1155
7462
1175
8412
1158
7971
1113
7585
1165
5138
1133
8059
1178
8472
1245
7918
1183
4852
655
8061
1250
6025
1241
7903
1190
7798
1163
5991
1113
8028
583
8252
1108
7735
1086
6464
1107
5183
1216
4580
903
6727
939
8071
1225
8137
1142
6669
1121
8051
1165
7590
1140
6523
1133
7765
1136
6852
1067
7417
1157
7914
1123
7912
1084
7828
1170
7998
854
7878
1228
7768
1078
5326
742
7748
1149
8148
1151
6081
887
6815
1133
8191
1165
8272
1147
7963
1125
6785
1168
4650
692
7680
1137
7650
908
6585
1180
7432
1167
7650
1150
4751
1221
7860
1079
3989
1127
7803
1132
8244
1127
7966
1114
7675
874
8048
1158
7853
1195
8169
1145
7794
1132
7878
1054
6086
1267
7694
1180
8051
1162
7620
1168
7678
1238
7790
1161
7603
1123
8126
1178
7922
625
8206
1258
8445
1180
8477
1100
7973
1124
7645
1098
7276
1095
8026
1123
7728
1157
7834
1085
7628
1112
5999
1156
3696
1073
7650
1120
6714
964
8008
1283
7885
731
7858
1205
15602
1088
7072
1175
8112
1138
8163
1200
7870
1138
7761
1107
7900
651
6514
889
5951
591
8154
1121
7970
1104
7915
1110
7894
1195
6470
598
7858
1137
6395
865
4906
1258
5770
889
8500
1168
8109
1120
7955
1065
7773
1047
7871
1063
7690
1162
8073
923
7908
1228
7752
1057
3979
1108
7562
1143
5460
1123
7981
1097
6695
1186
6658
667
7991
1188
7675
1160
7855
968
4909
1173
8364
1085
7959
1143
6634
1130
7851
1101
6866
922
7090
886
8006
1145
8156
1115
7772
1215
7244
662
8279
1098
5119
1233
7863
1208
7878
871
7645
1054
8093
1118
6835
920
8014
1185
7865
1171
7894
1148
7760
1095
8013
1128
8089
1185
7636
1095
6358
1122
5036
1195
8154
1091
7993
1166
8051
1180
8068
1122
7685
1100
7692
1175
8091
1117
7853
1080
7983
1128
7966
1095
5650
1055
7910
1118
6665
1080
8201
1155
3524
1187
7843
1122
8339
1115
8277
1193
8449
1210
7933
1170
6723
1120
8008
1176
7886
1248
6515
1095
6300
871
8251
1205
8028
1167
8006
1171
8445
1145
8406
1038
8312
1188
7841
920
7715
1148
7921
1165
7613
1193
6637
1160
4913
1152
8203
1108
4070
1095
7700
1171
7878
1185
8510
1130
7851
1227
7851
1113
7788
1125
7594
984
4572
622
8178
1111
7591
1113
7707
808
7773
1150
8116
1151
8069
962
8434
1248
8224
1113
7918
1100
5267
1118
7969
1168
7703
1185
8304
1107
7886
1138
6491
1211
8107
1160
8173
1125
4875
614
7881
654
6752
1130
7790
1103
7838
1080
8059
905
8046
1069
7774
1310
8242
690
7457
1050
8162
1155
8412
882
7866
1141
8404
1102
7688
1150
7776
1178
4726
1075
8474
1042
8093
1115
7911
992
7986
1162
7886
1122
7873
1055
8061
1153
5726
849
3588
1140
7720
1160
7815
1026
7908
955
6972
1211
7377
1140
7718
1059
7542
1117
8287
1135
4383
1140
7968
588
3775
552
8211
1110
8023
482
7968
1147
6712
1187
8174
617
8081
1163
7808
1091
8249
1161
4608
1133
7923
635
7024
1178
7525
1042
5113
653
8305
1115
4286
520
4068
529
8059
1143
7854
1102
7760
1166
4663
1242
8066
642
7986
1118
8071
1087
6792
920
8156
623
6398
1172
7797
1080
7803
1132
8147
1168
7931
1172
7993
1193
7958
1242
4858
1138
5723
1177
6662
1049
6685
947
7912
1103
7911
1198
8507
1153
8437
1163
3870
1206
3837
1195
4819
1212
6051
1095
8038
1148
8046
1250
6827
1178
6356
1110
7801
1211
7976
1132
7933
621
8157
819
7918
1118
7770
1135
6232
1118
4139
1068
8513
702
7896
1203
8006
1057
7964
880
7687
1133
7890
1111
7918
824
8229
1105
5391
1139
7810
920
7894
1107
7883
1153
6465
1188
7878
1128
7876
1107
8148
1165
6228
1235
7961
884
8186
1118
7900
1152
7755
1158
7736
1086
7788
1153
8036
1137
4805
626
7858
1200
8105
1097
7802
1125
7800
1172
6746
929
8089
1363
8419
1141
4922
1085
7818
594
8159
884
8104
1185
8033
865
8105
1103
8202
1137
7708
1117
6736
888
7675
1221
8397
1218
7870
763
8074
1128
8262
1088
8118
1113
8239
1178
7728
1097
7836
1110
4881
622
8121
727
7840
1129
7761
1112
7720
488
7948
1168
7976
1083
7778
1140
8076
1137
7984
1133
6218
1183
6772
984
7054
1271
5859
1145
8184
1333
7691
498
15288
1210
7969
1148
7998
1188
6796
1213
7549
1058
8427
639
6835
980
7798
1077
4024
559
4761
612
8051
1067
7983
1064
8154
1148
6876
958
7515
1145
7838
1115
7690
1142
8040
905
4899
1160
7855
1150
4073
1145
8042
1152
3940
1172
8257
1193
7881
1153
8322
1158
6873
1227
7765
1178
8192
1112
7648
826
4962
1185
7767
1218
8101
1133
4664
599
6519
1140
8129
868
6784
1135
8345
1115
8233
1193
7890
1125
6297
1104
8081
1140
7895
659
8312
1108
7983
926
8058
1133
8239
879
8008
1220
3588
543
7737
1161
7916
1115
3979
1165
7945
711
7143
1128
8218
1143
4983
1115
7666
1183
6883
1100
7913
1087
7731
1176
7986
1092
7748
1070
8124
1208
7856
1148
7941
1145
7800
1178
7933
481
8124
948
8016
1095
4628
562
8214
1106
8316
1133
7860
1165
4926
1152
7200
860
4659
1135
7592
916
4851
654
7898
1078
8014
1121
6505
1188
7906
1085
5795
1146
8139
1137
6240
827
7727
1169
6389
793
5031
1130
6998
1183
8121
1118
8128
523
7708
1243
7623
1152
7928
1115
3842
535
7873
1180
6976
942
6571
1139
8177
1070
6991
1187
7838
839
7815
860
7845
928
4675
1145
7677
1152
7825
1102
7855
1181
8253
1072
7675
1165
7431
945
8422
1120
7755
476
7926
1100
7851
1140
5178
1155
8307
1112
4506
1122
7853
1223
8267
1273
6318
1469
4057
498
7128
1097
6181
1185
7316
1098
8081
1135
7866
1168
7853
1208
7700
1120
8108
1188
6538
1167
7991
1153
7963
1243
7986
1195
7929
1107
5655
774
7452
1110
7797
1155
8101
1115
7398
1106
8321
795
7918
1161
7939
1137
8244
1183
8034
1108
5005
1137
7878
1142
7870
1085
4595
649
8296
1155
7368
1120
8249
1166
5833
747
4933
1158
7838
1105
7864
603
6041
974
7963
1135
4402
1171
8202
812
5343
745
7841
1113
8064
1110
7761
1155
6285
1100
8287
1241
7791
1230
8400
673
7650
1210
7545
842
7928
1158
7365
1152
7702
914
8068
1134
4600
1098
8224
1107
7882
1067
7881
1133
4733
1070
8038
1088
6525
1182
3588
460
4734
630
5912
802
7843
1138
4959
1119
7883
1116
7720
1143
8061
1185
7750
1143
7923
1188
6503
1180
6012
831
7838
1120
7783
621
6582
1102
7788
1147
4862
1109
6309
506
7902
1040
7793
1188
7976
866
4303
1213
7805
1105
8161
1067
7414
1075
6480
582
6158
1167
7833
794
5966
1158
7971
1147
3539
489
7758
1128
7710
1135
7976
629
6898
1105
7668
1100
7725
1110
3771
1162
7733
1160
8199
1112
8044
1151
8256
1165
7923
1060
8093
1148
8416
1107
5041
619
8013
1087
8046
1128
8073
21875
7775
1100
8434
1197
5213
1202
8126
1113
8282
1223
8221
1087
8184
1145
7593
1072
4925
638
7806
1158
7695
1133
3607
500
7858
1155
7860
1120
8166
706
7936
1100
8203
1118
7928
857
8830
915
6616
723
6617
1203
8141
1165
5650
1120
8001
1105
7700
882
8136
1208
5943
712
6465
896
8018
661
7710
1073
7980
1108
8309
1233
5108
1125
7895
1150
8121
1193
7966
1157
8141
1173
6390
1140
6562
1165
7968
1160
7813
1212
7705
1135
6883
1155
7852
1143
7815
1283
8179
1100
7757
1180
7978
1087
8088
730
8327
688
8081
1195
6820
999
7901
1073
8106
1070
8091
1178
7924
1094
8182
789
7497
1186
7856
855
4761
1100
7728
1080
8231
1195
8053
1119
6277
1171
7914
1069
8247
814
7668
1017
7918
1252
7828
1130
5699
834
8286
1113
7615
1238
8214
1187
8542
1115
8309
1177
7871
1093
8575
1220
7838
1092
7306
1177
6673
1145
7916
1142
8051
1138
8201
1140
7700
1128
7893
977
8051
1075
8038
1077
7753
1165
8035
1025
7860
1215
6143
889
7668
1143
5035
1110
7727
1177
7781
1117
8377
1123
3740
1133
8094
10424
3847
1063
7948
988
7981
1067
7830
1105
4645
620
8409
1200
7960
1177
7910
1149
5736
1100
7958
1125
6423
826
8414
1150
8449
1180
8246
1175
6707
1040
8171
1158
6055
753
8076
1162
7683
622
5753
1168
8171
500
8049
1055
7878
635
8121
1117
8281
1206
4975
1155
7221
1181
8068
1176
8394
1183
4812
624
4969
1115
7668
1128
8138
1198
4584
593
7823
1170
8074
1074
4827
1178
8159
1187
5611
1168
7773
1150
5528
700
7688
1122
6463
1155
6874
1142
3484
1193
7760
1111
6645
922
7290
1232
3961
1150
3698
1210
6443
1177
7903
1182
7915
655
6619
935
7946
1097
7953
1156
8377
1195
7185
1137
3824
1161
7750
1180
4792
1240
7841
1256
7600
1148
7778
857
7757
1123
7573
1195
7915
1118
7600
1090
8003
1220
4905
1163
7941
1150
8116
1117
7009
1100
4987
1157
7361
1145
7701
1112
6830
1160
4143
1211
7971
1065
7269
1081
8021
1121
7996
1131
7985
1215
5666
1143
8284
1125
8459
1102
7936
1212
7010
1188
8031
904
7976
1157
6034
869
7088
989
8109
1125
6833
1102
8086
1213
6150
1233
4624
1135
6870
1220
8249
1148
7835
1238
8108
1215
19111
1121
6866
1213
8096
1153
4859
583
7875
1097
7922
1132
8144
1115
8134
1161
7913
1131
8113
1156
7677
1150
6408
1170
6905
1160
7948
1027
4766
1132
4860
1218
7873
1155
8444
450
8605
1167
8191
727
7918
1083
8018
1183
6543
1104
8234
1178
7748
1112
8181
1122
8216
1135
8433
1128
8148
1122
7688
468
7843
881
7891
1278
7976
1095
8149
1020
7983
1153
7862
1165
8184
1087
6714
940
8275
1126
7730
1145
8349
1185
4606
1168
7552
1082
8039
872
6394
996
6790
1093
8372
1163
7955
658
5033
1107
8059
1102
7903
687
5116
736
7441
1100
7758
1100
8344
1222
5077
634
7537
1155
5669
1170
7751
1220
7898
1130
7873
1190
7984
1097
6792
1047
8023
1120
8204
779
7688
1097
7716
1141
7778
1127
7996
1093
4134
480
6202
1135
6691
1073
8086
780
7968
1108
15775
1107
8209
1160
8151
1070
8099
1210
7913
986
8078
1162
7918
1102
7929
482
7983
1105
6014
1112
16354
462
7762
1170
8249
1115
7176
1160
7477
1100
8056
1199
7504
1168
7913
618
8038
1108
4934
929
4853
628
5873
1077
8495
1095
7872
967
8291
1136
7936
1100
6924
1108
7775
1161
4143
480
7537
1118
6709
1205
4606
1085
7532
1107
8366
1065
7888
1180
7763
1163
3765
1045
6415
1185
8164
1201
7881
1122
5141
1316
7828
740
8141
1185
8091
1128
17325
1083
7560
1130
7973
1095
8031
1105
7875
1108
7763
1085
7799
1208
8061
885
8392
1162
7705
1193
7816
1138
8179
1245
7047
1120
7828
588
8149
1200
4856
645
6752
1020
6902
1196
8502
1043
8236
1145
4633
1150
7748
1148
7961
1268
6773
1213
7820
680
8219
1383
6462
1120
7853
1145
7889
1090
6953
1125
5383
679
7848
1100
8444
1080
8442
665
7896
900
8097
1160
5684
1123
7808
1146
7854
1088
8173
1102
7703
1097
7831
1117
5438
1201
7953
1153
7358
998
7875
1192
8462
1169
7542
1098
4916
1223
6726
1103
6694
1118
6976
1175
5564
1168
7020
720
7630
1175
3824
1196
6567
892
7721
1150
4798
696
8522
1157
6316
853
8101
1150
8001
1087
8168
1183
7988
1220
6866
1136
3929
1080
7893
1042
6826
1121
8540
1208
8131
1175
8314
547
7627
1151
7665
1183
7941
1087
5944
1271
6578
1198
4034
1178
8113
1055
5462
1231
6854
894
6645
1105
7790
1128
3941
502
6173
891
7018
1104
6327
910
8222
1015
7804
1138
