8617
1889
8630
1907
8129
1722
8316
1761
8069
1779
4627
1077
8342
1831
8254
1786
7806
1764
8236
1507
8309
1897
8124
1832
8369
1819
6633
1015
8119
1706
8262
1846
6441
1852
7820
1055
8131
1850
5978
1877
8129
1886
8141
1877
8362
1804
4843
1906
8046
1284
6196
1365
8164
1806
8229
1767
8118
1452
8693
1757
8144
1871
8472
1817
5529
1819
8044
1729
7900
1706
8324
1872
8397
1845
8660
1841
6103
1874
8421
1875
8377
1797
8394
1834
8427
1860
8291
1848
8255
2127
3906
1834
8475
1402
8269
1844
8187
1772
8500
1892
8324
1734
8667
1939
8014
1847
5981
1297
8277
1875
3809
1811
8341
1886
5773
1817
5552
1056
8404
1437
8045
1784
8081
1842
8269
1361
8347
1366
8352
1997
8497
1854
8119
1809
6639
1844
8229
1787
8199
1712
8008
1882
8249
1814
5660
1777
7794
1744
8482
1770
4040
765
6415
1034
4233
864
3925
878
8136
1809
5490
1237
8384
1799
6849
1586
4672
1819
8437
1787
4454
1816
8078
1809
5527
1759
8246
1817
8419
1799
4659
953
5982
1767
8289
1397
6088
1335
8068
1834
8091
1827
8567
1821
8001
1920
8366
1789
8755
1391
8357
1788
4839
1073
8267
1852
8186
1046
7996
1894
6432
1911
8287
1854
7998
1839
5543
1734
8176
1857
8363
1844
6586
1787
5271
1818
8229
1914
6723
1900
6273
1958
8301
1756
8660
1845
8206
1352
8126
1885
8148
1907
8519
789
32137
1882
4777
1002
8254
1767
8499
1794
8279
1764
8111
1922
8114
1787
8339
1740
8174
1965
7108
1459
7868
1889
8417
1798
8287
1837
6036
1312
4874
1759
8277
1862
6721
1839
6669
1801
8455
762
8307
1805
8263
1900
5869
1179
8670
1781
8477
1861
8432
1834
8299
1822
8480
1762
8194
1719
8103
1838
8585
1887
8274
1890
8193
2012
8314
1802
8349
1781
8513
927
8450
1822
8416
1805
8457
1910
7320
1759
8461
1848
7953
1849
8141
1797
7993
1837
5579
1223
7046
1811
8657
1809
8475
1301
8449
1888
4049
1817
8244
1970
8425
1496
8229
1203
8405
1769
5248
1844
8464
1807
8446
1495
8137
1832
8589
1787
3958
767
7966
1776
6016
1846
8899
1827
8222
1842
5885
1855
4909
1026
8299
1814
6718
1819
8299
1895
8053
1580
8126
1777
5248
1857
8526
1818
7998
1877
6460
1927
8201
1838
8161
1844
5414
1136
8285
1970
6725
1851
8039
1967
8545
1807
5856
1818
8421
1185
4744
966
8064
1846
8041
1907
6972
1849
5763
1828
5528
1871
6866
1837
6684
1780
8342
1751
6924
1834
6230
1832
4758
1867
6957
1814
8377
1874
8592
1775
8227
1475
7989
1852
8728
1982
8297
962
8357
1316
7183
1802
8343
1489
8088
1824
8490
1809
8349
1945
6313
1335
8203
1791
8274
1766
5953
1829
7067
1850
8469
1769
8595
1767
8121
1862
8031
1363
5792
1804
7622
1532
8449
1776
8242
1817
8415
1834
5920
1983
8506
1786
6137
1930
7261
1849
8467
1786
6380
1379
7980
1771
7835
1319
8542
1837
8211
1804
8349
1774
7196
1789
7043
1471
8214
740
8024
1787
8309
1441
8495
1764
8307
1804
6671
759
8509
1824
8252
1865
8284
1817
4949
1065
8114
1484
8639
1927
7948
1904
4738
1897
4946
1547
8254
1811
6671
1819
4851
1003
8191
1832
8219
1857
6926
1774
8522
1902
8151
1804
8183
1850
8570
1025
8224
1834
8259
1902
8558
1829
5015
1005
7849
1812
8314
1849
8527
1812
3937
1465
8422
1752
8519
1801
8286
1802
6101
1845
8299
1772
8595
1791
8520
1876
5843
1189
6896
1754
8700
1784
7932
1751
8016
1794
7991
1806
8444
1814
8537
1847
4467
1844
8226
1060
8459
1731
8196
1714
8590
1970
8169
1842
7956
911
8051
1799
8595
1884
8460
1801
8181
1704
8193
1779
4999
1825
8266
1941
8379
1832
8299
1967
8505
1884
3878
1792
8450
1849
8272
1810
8864
1872
8687
1901
8753
1824
5613
1802
8185
1862
8648
1894
8038
1774
7214
1836
8367
1061
6982
1542
8613
1866
8404
1834
8528
1731
8955
1807
7143
1781
8337
1849
5170
1058
8492
1792
8216
1504
8674
1748
6889
1912
5269
1362
8512
1884
8238
1479
8489
1839
8384
1263
8455
1837
4835
1815
8442
1349
8522
1844
9181
1879
8528
1826
8124
1895
8340
1388
8472
1759
8419
1824
6490
1910
8119
1962
8475
1812
8585
1809
8682
1772
8381
1807
7063
1518
8189
1894
8569
1784
8722
764
8197
1862
8582
1859
6914
1229
6595
1839
8299
1766
6291
1764
8502
959
8279
1772
4524
1811
8094
1842
8657
1879
5545
1881
9157
1857
8737
1375
8309
1767
8203
1784
8420
1754
8354
1777
8713
1534
7498
1504
8718
1810
8613
1857
8552
1784
8732
1779
4920
1877
7269
1857
8497
1472
8382
1880
8333
1837
8522
993
5150
1041
8188
1440
4989
1897
8489
1764
8386
1761
8239
1827
4179
1792
8246
1877
8329
1774
8505
1794
8399
1819
5220
1033
6794
1832
8497
1749
6570
1396
8569
1859
8627
1111
8510
1877
3884
1820
8670
1045
8284
1892
8603
1852
8973
1874
8896
1824
6081
1222
8942
1422
4258
776
5243
990
8324
1798
8534
1809
8510
1697
7285
1515
8279
1764
8056
1797
8619
1337
8850
1766
8640
1837
8548
1776
8379
1847
8592
1800
8197
1780
8480
1904
8467
1095
8615
1857
8553
1804
8489
1917
8394
1826
8253
1419
8517
1724
3720
1691
5865
1167
9117
1771
8953
1807
8063
1819
8309
1866
8309
1846
8587
1894
8482
1855
8666
1874
5582
1084
8840
1691
8429
1804
8903
1904
8148
1822
8577
1847
8407
1759
8387
1987
8510
1817
8263
1770
8108
1854
8291
1810
7220
1538
8457
1856
8406
1849
8505
1817
7487
1469
8374
1754
5633
1203
8470
1776
5500
1890
8743
1480
7565
1809
8765
1794
8472
1860
8732
1892
8760
1907
8625
1794
8369
1817
5428
1899
8507
1771
8399
1857
8357
1520
8312
1774
8717
1897
8186
1807
8445
1811
8472
1992
8698
1829
6611
1739
8635
1726
8424
1515
8559
1829
8680
1756
8509
1807
8615
1764
8226
1832
8740
1847
6618
1849
3971
774
8352
1902
8607
2120
8405
1786
8384
1882
7303
1775
6526
1794
8600
1792
8693
1877
7310
1914
4739
1875
5281
1866
8887
788
8329
1859
8958
1932
8823
1759
3686
1909
8705
1473
8614
1864
8084
1736
8339
1799
6395
1850
8662
1847
8645
1852
7005
1468
7512
1522
8662
1781
8440
1769
5872
1221
8384
1892
8575
1870
8695
1819
8164
1865
8369
1794
8367
1872
8392
1774
8342
1866
8369
1782
8464
945
8053
1802
8316
1744
8555
1832
8419
1348
8484
1804
8379
1792
8272
1796
8485
1630
6001
1714
6739
1769
8570
1851
8550
1844
8474
1844
8678
1909
6012
1899
8206
1762
8407
1859
8582
1211
8584
1816
8587
1868
8637
1859
8603
1560
8506
1826
8627
1819
6339
1400
8643
1801
8212
1402
8459
1791
5050
1799
8191
1924
8253
1819
8435
1839
8548
1897
5258
916
8675
1827
9128
1857
8778
1792
7390
1370
7961
1877
8118
1789
8314
1867
8389
1890
8502
1854
8457
1805
8419
1801
5987
1246
7183
1270
8542
1574
5588
1842
8503
1849
8467
1774
8462
1771
8292
1824
8286
1787
6537
1305
8650
1834
8479
1834
6843
1837
8469
1876
7271
1515
8269
1897
8866
1932
8425
1799
8846
1827
8148
1867
8464
1749
7265
1469
8389
1960
8509
1794
8552
1764
6808
1816
8805
1850
5537
1161
8629
1511
8763
1804
8296
1848
8725
1942
8705
1809
8287
1744
6990
1273
8432
1867
6662
1869
8229
1817
6907
1482
8693
1159
6921
1799
8459
1799
8407
1817
9070
1844
8723
1835
5446
1889
8497
1834
8528
1787
8518
1837
8744
1874
8318
1759
8337
1891
8539
1922
7004
1834
3915
759
8304
1878
6916
1402
7305
1729
8001
1872
4924
1874
8251
1882
9084
1751
9121
1806
8475
1849
8775
1795
8291
1780
8282
1844
8173
1812
6156
1213
8424
1904
8294
1869
8943
1849
8545
1869
6303
1303
8497
1887
8587
1431
8347
1787
8470
1814
8588
1861
7267
1892
8918
1804
8962
1915
8547
1782
6469
1872
7065
1869
8030
1899
8532
1405
8434
1906
8174
1799
8397
1878
9083
1870
4260
823
8367
1845
8281
1876
8572
1794
8247
1892
8459
1859
8677
1950
8257
1751
8497
1864
8379
1899
8413
1804
8600
1969
8202
1874
8417
1764
7863
1847
8404
1817
8444
1939
8600
1912
8442
2075
6545
1914
8104
1844
8449
1777
5756
1207
8174
1681
8397
1816
8502
1810
8620
1486
8555
1827
8657
1824
5730
1839
6956
2117
5035
1937
5837
1379
9020
1225
9013
1897
8517
1849
8487
1805
8487
1834
5069
1034
8277
1774
7957
1752
8447
1854
8863
1549
8895
1922
8963
1786
8202
1874
7260
1811
8196
1857
8570
1824
8632
1889
8269
1887
8327
1847
6598
1916
8577
1939
6284
1885
6000
1869
8710
1818
8330
1428
8401
1796
8504
1819
8850
1814
8064
1842
5324
1749
8637
1804
8387
1800
8449
1756
8429
1377
8344
1877
8425
1786
6669
1307
8619
1734
8374
1721
8770
1822
8365
1776
6325
1354
8650
1532
7188
1797
8054
1722
9015
1880
8171
1848
8649
1794
8492
1780
8585
1824
8527
1740
6445
1846
8918
1935
7307
1726
8818
1812
8642
1820
6636
1844
8401
1734
5888
1799
6861
1905
17451
1672
8311
1741
7396
1609
8528
1895
5168
1010
8462
1475
7140
1771
8463
1786
9273
1778
7037
1839
8760
1681
8697
1852
8053
1856
8644
1864
8439
1799
8166
1389
9186
1801
8632
1861
8530
1852
8460
1862
8251
1815
8357
1842
8710
1820
7133
1837
8400
1478
8500
1875
8106
1862
8460
1854
8432
1841
8655
1807
8795
1799
8798
1749
8760
1824
8429
1767
8622
1790
6025
1236
9137
1784
8750
1787
8313
1797
8362
1854
8414
1269
8664
1865
8306
1028
8514
1794
8560
1895
5814
1787
8640
1916
8737
1850
8717
1807
8767
1714
8939
1939
5231
1787
8710
1884
4288
753
6988
1847
8405
1385
8737
1822
7470
1471
8825
1859
8908
1792
5648
1173
5017
1799
8422
1381
8793
1829
8863
1732
8545
1343
8462
1870
8525
1844
8474
1005
8384
1826
6626
1797
8563
1809
8702
1784
6604
1386
8489
1777
5346
1859
8873
1924
8560
1836
6712
1782
8357
1954
8670
1854
8565
1789
8572
1849
8459
1012
8278
1796
8364
1800
8560
1776
8773
1827
8948
1822
8568
1858
8575
1794
8567
2212
8502
2002
8393
1872
7173
1824
5228
1974
8778
1822
9078
1887
8407
1834
8895
1892
8329
1403
8610
1774
8781
930
8645
1787
8589
1780
8798
1794
8617
1900
8507
1852
8335
1804
8344
1834
8157
1769
6034
1799
7453
1860
7411
1536
8838
1842
8356
1799
6716
1249
8825
1829
8459
1847
8274
1744
33058
1774
8624
1814
8700
1834
8552
1203
8487
1802
8690
1907
8788
1762
6453
1133
8464
1757
8446
1772
8331
1812
8635
1809
7062
1951
8689
1844
4869
1835
8110
1787
8745
1784
3845
757
7011
1814
8442
1766
8426
1802
6689
1330
8209
1485
5260
2014
8249
1464
8299
1766
8570
1874
8467
1809
7396
1814
8437
1832
8397
10326
8462
1889
8813
1897
8905
1862
8257
1757
8768
1849
8724
1606
8547
1807
8540
1889
8895
1849
8451
1885
8758
1787
8427
1950
8320
1764
8724
1797
9244
1850
8881
1778
8875
1894
8399
1846
6925
1874
8654
1816
8159
1867
8805
1890
8304
1811
8914
1880
8212
1870
6005
1774
8525
1432
8783
1789
8247
1747
8334
1562
8547
1801
7171
1846
8497
1850
8186
1857
8757
1784
8690
1870
8402
1513
8925
1792
8342
1806
8522
1861
8261
1779
8380
1902
8665
1847
8515
1766
7406
1860
6260
1637
7803
1751
8491
1856
8589
1882
8534
1860
7234
1527
8377
1395
7227
988
8115
1814
7239
1513
8814
1834
8376
1882
8495
1832
4061
1812
8642
1832
8389
1852
8735
1864
8469
1882
8569
1892
8344
1967
8414
1810
8549
1774
4107
752
9151
1804
7273
1872
3994
1869
8730
1862
6872
1804
8605
1173
9016
1922
6308
1901
8361
1829
8653
1805
8645
1872
8764
1839
8474
1724
8635
1802
8429
1534
8547
1807
8292
1821
7231
1442
8101
1882
8554
1872
8587
1889
8700
1012
7007
1837
8552
1802
8753
1847
8464
1862
8908
1781
4795
1822
8243
1797
8456
1973
8725
1849
6781
1476
7998
1805
8422
1845
8718
1877
8402
1837
8687
1844
8738
1844
8522
1796
8647
1802
8402
1872
8702
1909
8858
947
8675
1857
8534
1040
7430
1837
8525
1536
8397
1800
8548
994
8334
1844
8337
1834
8751
1812
19505
1867
6310
1836
8858
1832
8462
1814
8457
1867
8610
1826
5614
1764
8165
1662
7341
1614
8452
1048
8677
1814
8485
1885
8804
1854
8742
1899
6276
1245
8467
1817
8833
1854
8447
1787
8442
1827
8402
1877
8367
1821
8655
1902
7466
1835
8414
1769
8690
1744
8690
1869
8680
1902
8722
1567
9021
1721
8913
1819
9267
1876
6666
1051
5010
1827
8928
2177
5518
2050
8407
1791
8474
1899
9168
1801
6739
1887
8401
1862
8559
1809
8921
1876
8166
1829
8927
1854
8544
1917
4981
1023
8419
1778
9284
1797
8501
1829
8708
1740
8745
1882
6088
1769
9134
1844
6608
1360
8469
1820
8790
1849
4038
787
8826
2113
8637
1849
6706
1844
8898
1924
8482
1796
4027
1561
4996
1837
6180
1505
7100
1437
8615
1829
8720
1879
8856
1749
8818
1396
7067
1845
7400
1612
8989
1889
8993
967
8537
1787
8172
1880
8658
1737
6217
1824
8481
1776
8642
1734
4245
730
8600
979
7062
1769
8617
2022
6317
1016
8477
1934
8820
1827
8430
1779
8670
1872
6783
1862
8793
1781
8598
1824
4969
1812
6899
1423
9048
1912
8896
1776
8943
1822
8605
1824
8680
1792
6109
1814
8347
1829
8863
1822
8813
1892
8951
1737
8644
1887
8700
1726
5697
961
8783
1847
8987
1898
8828
1769
8640
1819
6508
1301
8858
1809
8374
1882
8752
1799
8440
1832
8384
1195
8587
1789
8993
1829
8389
1151
8700
1817
36028
742
5072
1004
8492
1794
5522
1791
8382
1434
8407
1836
8487
1872
8502
1797
8656
1832
4198
1784
8687
1799
8985
1849
5054
1908
8836
1804
8750
1849
8208
1874
8823
1839
8662
1812
8227
1779
8222
1761
8325
1845
8557
1790
4152
1334
8136
1797
6684
1799
7106
1804
8682
1872
8848
1779
7876
1862
8803
1871
8534
1736
3917
1809
8637
1002
8397
1807
8497
1907
8200
1862
8441
1756
8467
1850
6620
1081
6724
1864
8660
1789
8437
1807
38221
1140
8351
1733
8577
1870
8728
1854
8319
1821
9046
1822
8540
1799
8065
1868
4049
1837
8455
1129
8915
1829
8635
1854
8811
1894
7216
1602
8900
1240
8318
1791
8171
1849
8628
1810
5910
1189
8583
1881
5476
1854
8425
1854
8655
1775
6090
1837
8936
1814
7933
1814
9008
1798
8545
1494
8770
1809
6448
1235
8763
1098
8700
752
7333
1842
8349
1816
9015
1887
8321
1840
5153
1859
8845
1814
8983
1787
8600
1054
8442
1802
6907
1812
5120
1051
6580
1886
5163
1874
8527
1772
8630
1457
8548
1822
8810
1169
4010
741
8495
1794
5670
1879
8750
1849
8467
1832
8890
1751
7406
1894
8515
1829
8845
1797
8635
1384
8334
1829
8785
1869
8662
1927
8652
1839
8657
1819
8553
1038
8658
1859
8559
1950
8489
1764
8575
1796
8557
1859
8938
1792
8953
1839
8517
1811
7306
1842
8386
1909
7343
1882
8895
1722
8918
1776
9007
1787
8595
1882
7201
1814
9091
1784
8718
1758
8437
1760
7381
1936
7232
1832
6127
1581
4270
1772
8058
1800
7119
1889
8461
1869
8572
1902
8482
1804
7296
1451
5820
1824
8516
1799
8487
1832
8202
1829
4234
1788
8629
1350
8899
1815
8407
1840
6869
1037
8617
1754
7619
1809
8813
1835
7464
1590
8768
1796
8434
1832
8614
1859
8946
1784
8743
1917
8822
1892
8725
1774
8767
1784
9235
1027
9146
1877
6555
1405
8342
1837
8716
1937
3886
1819
8568
1828
7188
1859
7808
1831
8705
1801
8903
1842
9289
1797
8633
1857
8747
1310
5304
1028
8658
1746
8596
1849
4044
1812
4876
1852
8682
1294
8520
1917
8617
1812
14899
1832
5558
1806
8753
1804
6109
1337
19104
1801
7212
1867
8880
1782
5904
1766
8682
1825
7268
1839
8439
1934
8923
1816
8190
1670
8660
1536
7377
1507
8860
1659
7990
1857
8911
1852
4217
1784
8903
1885
8792
1331
5911
1780
8397
1906
7324
2163
4937
1444
8715
1321
8605
1814
8893
1829
7468
1887
8497
1887
5283
1872
8624
1754
8960
1800
7247
1827
7322
1538
8838
1867
8592
1859
3973
2078
8670
1906
8545
1849
8813
1859
8777
1862
5435
2182
8653
1864
8685
1950
5565
1181
7730
1769
8452
1794
7417
1812
8477
1826
7367
1827
8585
1789
8667
1790
8768
1802
7556
1819
7436
1525
8299
1862
8968
1760
6058
1209
4120
1860
7744
1875
8527
1774
9093
1751
5222
1766
8753
784
7877
1734
7191
1799
8404
1756
8685
1812
4123
1834
7424
1882
6474
1829
8187
1194
8663
1784
8256
1819
6467
1784
7388
1784
8292
1775
8697
1779
8655
1749
8472
1809
8702
1859
8462
1837
4309
1808
6993
1790
8138
1814
5094
1017
8873
1867
8865
1889
8572
1837
8312
1814
8971
1800
9083
1852
8473
1851
6847
1399
4366
1905
4504
2083
9331
1919
8433
1010
8144
1571
7407
1799
8697
1832
8296
1806
7405
1885
8913
1879
8933
1789
8980
1325
7046
1867
5118
1003
8317
1784
8407
1814
8628
1789
8537
1772
8605
1754
7270
1774
8875
1832
8469
1734
4158
1724
8978
1835
7415
1591
8860
1905
6377
1887
8793
1037
8580
1834
4079
1837
8527
1842
7006
1849
8662
1800
8722
1844
9138
960
6458
1807
8487
1792
8093
1752
8813
1890
8737
1998
8685
1800
7451
1869
8538
1814
7293
1834
5970
1736
8557
1394
8943
1836
8685
1809
8697
1859
7285
1559
8722
1326
8911
1819
9004
1861
8557
1875
6929
1770
6143
1822
8550
1847
8841
1879
8730
1850
9256
1987
8304
1855
8911
1166
8457
1796
8727
1862
8941
1869
8700
1756
4303
768
7523
1547
8434
1804
8491
1809
6362
1869
7188
1791
8619
1191
8695
1832
3940
1887
4811
1830
4246
984
8842
1856
8087
1837
8715
1831
4026
1862
8683
1847
8688
2038
8461
1839
8663
1910
8267
1806
7312
1815
8678
1917
8464
1822
8816
1784
7839
1762
8520
1791
8540
1822
3888
1842
8826
1809
5496
1045
8825
1876
6760
1754
8995
1825
5175
1051
4326
2075
8379
1859
7090
1401
8394
1902
5997
1200
5352
1804
7738
1794
8477
1817
7569
1874
8863
1847
8609
1759
9442
1759
8619
1907
8477
1846
8543
1892
8532
1471
8261
1806
8392
1866
9041
1837
8211
765
9472
1892
6929
1049
8327
1727
6967
1895
8646
1872
6069
1237
8396
1582
7132
923
8414
1849
8755
1497
7322
1827
8402
1894
8675
1835
8703
1897
8402
1835
8722
1797
8545
1744
8497
1801
8530
1952
7558
982
8620
1792
8688
1749
8708
1935
6322
1920
8322
1812
5064
1077
8517
1839
8550
1796
8685
1800
8610
1859
8617
1885
8454
1835
3986
759
8682
1864
8547
1860
8452
1802
8635
1772
8565
1899
8351
1952
6271
1912
7787
1701
8602
1795
8373
1767
8342
1849
8905
1849
8507
1859
8284
1851
8622
1865
8665
1812
9068
2528
8642
1862
7286
1458
8255
1882
8590
1889
8804
1836
8432
1852
8795
1268
8169
1811
8554
1606
8574
1915
45421
1809
8710
1847
8063
1821
5133
1003
7760
1518
8718
1902
8660
1842
8697
1807
8582
1947
8855
1791
8414
1786
8680
1772
6924
1856
8910
1799
8224
1877
8399
1812
7829
1643
8462
1862
5954
1751
8733
1785
8237
1183
8790
1927
8399
1802
5626
1001
8364
1854
8342
1799
8359
1882
8495
1219
8710
1910
8510
1529
8577
1834
8211
1782
8216
1840
8683
1859
7413
1849
8725
1844
8773
1829
8359
1712
8605
1927
8221
1759
8297
1799
16620
1904
8767
1846
8442
1922
5127
1784
8584
1764
8866
1841
8812
1827
8782
1794
8124
1777
8410
1889
8967
1807
8592
1862
6091
1849
8502
1742
8465
1862
6963
1268
7319
1529
8540
1802
8703
1761
8878
1790
7275
1764
8959
1766
8598
1880
7052
1440
8525
1862
8630
1759
3987
1802
8893
1889
8555
1835
8500
1480
8430
1688
4119
784
8680
1802
8737
1223
4246
1792
4968
1819
8913
1786
5041
1119
6810
1865
8655
1724
8490
1871
8494
1839
8667
1878
8800
1839
8727
1806
7408
1862
8876
1138
8343
1864
9141
1864
8934
1190
4076
1887
7477
1511
7976
1017
8722
1791
8609
1867
8545
1220
8898
1809
8740
1798
6694
1663
8452
1829
8816
1834
5341
1890
8704
1789
9096
1809
8089
1857
8622
1924
8900
1904
8734
1879
8444
1809
8570
1861
5397
1877
8527
1789
8440
1788
8573
1000
8467
1852
7590
1869
4115
1880
8918
1872
8399
1872
8652
1809
8286
1814
7508
1817
8460
1800
9041
1339
8833
1761
8596
1879
5786
1746
4391
1872
8632
1821
8917
1063
5152
1820
8459
1899
8755
1872
7493
1781
8676
1832
8908
1927
8808
1829
5114
1031
8808
1867
7253
1867
9071
1822
8622
1912
9121
1822
5600
1194
9216
1802
4245
766
6634
1864
8474
1776
7907
1471
8680
979
8667
1832
5455
1045
7200
1604
8737
1759
8409
1764
8858
1801
7583
767
5312
1859
9059
1902
8454
1054
8332
1759
5110
965
8850
1830
9236
1307
8918
895
8773
1824
8893
1857
8800
1761
8356
1183
8464
1238
8189
1547
7301
1772
9023
1914
8532
1774
8557
1856
4026
1866
8896
1812
9359
1940
9050
1805
7245
1832
5760
1837
8807
1794
8485
1884
8732
1891
8440
1029
7968
1710
9268
777
8787
1899
8618
1796
5143
1094
8617
1834
6047
1849
8330
1847
7961
1626
9006
1847
8918
1859
7535
1526
8391
1693
9196
809
8791
1849
8818
1914
8352
1792
8400
940
5864
1761
6379
1141
8700
1811
9138
1872
8743
1862
7026
1794
7440
1829
7174
1924
7571
1578
8437
1779
8677
1806
4893
1844
8502
1836
7477
1724
7280
1829
8951
1935
7602
1122
8733
1894
8956
1817
4013
1821
8196
1876
8660
1854
8341
1827
8574
1889
6197
1173
5776
1049
9249
1907
8615
1774
8733
1854
8838
1834
8825
1245
5253
1045
8856
1791
7154
1896
8970
1854
4229
949
8507
1844
8662
1826
8444
1824
8575
1768
8870
1755
8933
1842
8357
1764
8439
1835
8624
1874
8466
1846
8703
1839
8915
1224
8901
1875
6721
1852
8559
1895
6981
1882
7596
1814
8891
1792
8622
1811
4921
1799
8762
2075
4248
753
8878
1774
7660
1448
7091
1435
7501
1320
8830
1734
6837
1887
8932
1867
8823
1722
7096
1839
4160
1779
5487
1807
5759
1820
8775
1826
8658
1919
8401
1917
8873
1644
8437
1759
8445
1782
8793
1847
8435
1884
8979
1824
8392
1639
8868
1794
5296
992
8466
1824
8813
1821
7280
1752
4463
1819
8662
1822
8697
1799
8409
1845
6881
1412
7220
1800
8730
1101
7477
1827
8558
1093
8851
1894
8066
1777
8660
1862
4127
1837
8804
1759
4592
1832
8624
1836
8607
1779
7259
1861
8384
1887
8410
1786
8274
1824
9161
1799
8735
1819
8407
1081
4177
741
9271
1852
6530
1907
8885
1878
8439
1779
5390
1063
8796
1835
8647
1915
8577
1867
8586
1827
7495
1785
8817
1781
8484
1764
5037
1015
8513
1161
8920
1791
9019
1874
8821
1909
8547
1829
7590
2158
5668
1891
6998
1776
8414
1784
8602
1834
8717
1904
6920
1999
8757
1849
8630
1836
8734
1774
8577
1785
5173
815
6985
1859
8737
1839
7316
1767
8805
1857
8309
1842
6866
1465
9484
1925
5460
1055
7399
1522
8670
1829
6478
1774
7698
1811
8680
1819
9010
1796
8585
1864
8279
1762
8482
1766
8547
1402
8787
1809
8883
1907
5352
1781
8489
774
8620
1804
8587
1789
5531
1784
8632
1762
6865
1812
4008
1762
8567
1829
9116
1811
8560
1788
8617
1887
9028
1849
