14867
3225
14495
3250
13657
3092
14606
3220
14586
3363
10579
2307
14498
3208
14501
3260
14223
3258
14979
3330
14456
3195
14168
3257
14696
3315
14323
2671
17465
3338
14182
3462
14286
3308
15431
3194
14413
3288
14508
3313
15007
3312
10371
3360
14438
3421
14138
1656
14641
3255
14696
3288
14706
3330
14306
3287
14183
3380
14503
3215
14355
3260
14486
3338
14591
1704
13697
3295
14556
3199
14857
3321
14541
3343
14964
3322
14709
3282
17859
3248
14431
3292
14916
3560
14288
3237
14952
3310
14159
1378
14366
3305
8211
2684
14323
3357
8506
3205
16933
2878
12170
3287
14471
3247
13934
3395
8235
3398
14170
3418
14653
3418
14566
3328
14333
3237
14716
3368
14509
3333
9561
2119
9274
2103
10905
2447
14373
3345
16104
3310
11956
3281
14579
3358
14027
3307
14406
3212
14621
3268
14250
3236
14493
3177
13990
3222
14291
3398
14746
3445
14681
1448
14338
3188
6519
1379
15064
3225
12488
3217
14377
2139
8477
1738
14363
3262
8252
3210
14940
3228
14701
3285
14067
3210
14686
2214
14548
3248
9483
2107
14852
3282
14416
3277
14964
3376
14599
1932
15020
1837
17773
3167
14593
3227
8577
3300
8659
3235
8396
3209
14776
3397
11215
3468
14375
3390
11238
3273
14940
3263
14533
3315
10180
3293
8690
2541
40981
3308
14713
3207
13983
3386
12250
2646
18135
3352
11507
3363
12385
2758
8040
3287
16330
3307
15012
3295
9589
2465
11827
3341
9749
3295
14523
3290
14663
3290
14461
1905
10788
1847
14230
3333
13747
3255
8549
1805
14654
3285
8065
3300
18144
1882
14040
3328
14856
3280
14365
2598
9948
3305
11988
2706
6482
1329
11170
3207
13795
3416
15739
2766
8764
1765
12158
2696
14455
2754
14836
3510
14637
3406
14930
2068
14461
2903
14598
3290
14656
3181
14263
3275
15259
3189
14409
3307
14565
3055
12270
2760
14604
3296
14653
3273
15017
3393
14646
3403
10599
2391
14483
3207
11047
3348
14654
3238
14355
3240
14171
3355
14405
3258
14719
3335
12299
3330
13660
3358
14513
3202
14450
2470
6771
3262
6667
3295
12997
2735
14504
3189
14618
3323
14386
3277
14520
3340
15114
3269
12395
2696
10543
2148
14429
3187
14275
3255
9580
3400
14343
3215
14524
3255
14413
3140
8161
3384
11490
2625
14458
3174
14498
3188
6730
3265
14553
3328
14737
3505
14080
3145
14255
3286
14228
3331
14231
3257
14340
3125
11735
2550
10917
3351
14766
1793
17714
3268
14403
3272
14909
3252
14626
3172
14506
2632
14728
3303
14388
3209
14415
3225
14871
3330
14305
2165
8235
3215
14589
3347
9702
3310
11283
2758
14648
3232
8402
3240
18384
3260
11557
3320
14597
3218
14440
3217
14712
3252
14155
3433
14445
3175
14460
3222
14564
3137
11879
2568
10378
2361
11286
3815
11164
3328
15185
1371
17535
3341
11423
3315
14466
3240
14651
3307
13487
3061
14719
3272
14328
3300
14786
3258
14074
3200
14373
3240
17297
3285
14761
2393
17585
3273
14842
3350
11177
2571
13523
3259
12498
3305
14386
3275
14448
3240
10067
3345
17420
2204
14816
3273
11181
3288
14516
3237
14479
3350
14293
3270
14058
3139
14463
3182
14794
3306
9112
3358
14563
3097
11391
2601
14890
2161
14544
3354
13643
2782
14448
3293
6644
1371
14380
2179
17831
3451
14535
3270
14556
3260
11188
3314
14333
3270
6649
3340
14809
3273
14553
3317
12692
2774
11119
3311
14739
3388
11570
2393
14280
3248
14353
3343
14383
3313
14734
3231
8796
1835
14664
3248
14817
3245
14498
3276
14055
2620
11443
2574
14503
3365
14937
3405
14618
2991
10091
1915
14381
3255
14155
1433
13559
3272
14247
3550
15243
3238
8947
1843
6349
3272
10832
2369
14631
2142
10646
3368
14413
1818
14639
1989
9854
2145
14902
3245
8812
3484
14814
3313
14419
1344
14488
3207
14588
1846
14288
3338
11222
3307
14243
3324
8420
1896
12090
3251
14997
3370
14736
3350
8501
3275
14180
3285
14994
3285
12362
3292
14919
3455
14681
3346
14338
3257
8369
1748
14388
3305
14426
3287
14689
3315
6764
1425
12681
3316
15101
2833
14495
3330
13933
3350
14540
3345
14473
3175
12406
3262
8607
3140
14493
2497
8909
1875
14916
3520
14383
3243
14780
3137
14245
3358
14877
3265
14195
3305
14717
3177
16831
3153
11745
3205
8218
3223
14072
3290
11751
3273
14295
3310
14084
3235
14403
3273
14835
3368
14726
3269
14143
3194
14633
2602
14533
3250
14501
3247
14483
3320
12911
3251
14855
3232
14638
3326
14596
2553
14427
3247
14383
3280
14519
3383
11433
2510
6725
1315
12283
2724
9808
3296
14611
3300
14533
3290
17706
3486
15553
3120
12408
2698
17235
3317
14736
3306
14561
2444
8634
3280
18539
3289
14353
3338
14481
3270
14430
3248
10094
2166
14351
3336
14315
3358
10096
2134
12448
3290
12132
3325
14918
3220
14493
3342
11700
3255
14804
3148
14821
3425
14967
3260
14545
3270
14350
3168
8737
3288
12804
1371
9898
2174
14662
3302
6637
3327
14864
3139
14515
3265
12222
3380
14972
3438
8751
3283
14801
3122
14320
3253
11179
2424
14138
1845
15030
2108
14844
3247
14641
3280
14563
3393
14982
3180
8634
3242
14990
3247
15959
3358
11546
2608
18022
2234
14969
1428
14233
1920
17710
3303
10962
2324
14656
3241
14895
3260
12697
3272
14879
3244
14814
3199
15180
3325
14474
3318
14288
3458
9805
2118
14423
3270
14862
3464
14059
3137
10008
3228
11217
3282
14887
3373
12753
2780
14428
3249
8653
2624
14781
3350
14679
1370
15079
3288
14455
3183
12176
2294
14649
3282
14701
3294
11510
3182
12949
2845
11505
3283
12684
3258
14683
3333
8559
3373
14561
3212
15222
3325
13988
2432
14995
3327
14273
3054
11581
3370
15049
3324
10589
3220
8622
3215
14996
3207
14754
3320
14718
3230
12352
3303
14711
3340
14824
3255
14922
3313
10330
3311
15169
3091
12321
2018
14187
3319
15127
2755
15268
3187
10805
3195
14669
3317
11342
3295
14652
3280
14844
3283
8664
3203
14490
3311
15010
3432
14248
3174
14330
3273
12620
2783
12821
3237
14355
3230
16280
3368
14541
3293
15198
3312
14476
3106
14656
3268
11130
2507
15215
3300
9863
3347
15185
3242
14484
3186
14889
3264
14296
3335
17410
3480
8582
1863
14797
2853
14932
3281
14774
3350
12169
2625
14474
3193
14351
3265
14872
3408
10754
3308
15285
3325
14927
3320
14634
3333
10875
2425
14618
3307
9787
1992
14625
3272
14434
3285
14666
3340
14982
3245
8894
1875
13622
3270
14671
3381
12430
3172
8902
3416
14413
3278
14791
3245
14446
3307
9814
2198
14664
3278
13971
3290
8772
3278
12424
2670
9193
2563
10792
3269
14420
3280
14914
3250
12916
3338
14827
3395
14789
3323
8380
1783
14674
3219
10703
3280
14710
3345
14618
3290
11502
3135
14964
3278
14598
3247
14541
3202
14721
3212
14722
3205
8378
3373
11120
3350
15037
3217
14606
3323
15025
3360
14957
3302
14774
3172
14967
3370
14386
3260
13984
3258
14660
3256
14539
3282
14684
2889
14751
3215
14210
3414
15496
3270
14696
3378
14273
3318
14914
3400
14478
3333
14777
3348
14726
3089
12376
3312
14682
3190
14701
3348
14904
3393
14634
3162
14375
3265
14656
3275
14343
3225
14110
2945
12887
2707
14546
3335
14681
3219
14879
3325
14789
3257
11626
3240
14606
3200
14559
3328
23426
3297
14465
3237
11130
2524
14912
3217
12415
3230
14856
2580
14954
3190
14768
3377
14852
3325
14586
3287
14571
3313
14884
3237
14791
3273
14929
3217
15310
3320
14445
3257
8675
3308
14561
3230
14673
1869
14742
3208
10743
3305
14509
3112
15047
3293
14218
3325
14621
3490
11747
3268
14759
3283
15139
3250
14661
3300
14250
3235
15049
3217
15007
3235
14895
3330
14661
3275
11745
2732
12294
2583
14962
3253
14726
2598
15102
3295
14393
3158
14524
3175
14679
3263
17853
3333
14691
3302
17931
3300
14377
3217
8800
3372
15499
3127
14499
3286
14904
3358
14744
2673
12059
3292
14801
3259
14648
3230
18082
3273
14503
3255
14613
3235
8855
3378
13818
3363
14723
3300
14739
3295
11186
3358
10122
2189
14486
3280
14777
3345
15303
3328
15388
3152
14430
1845
12176
3385
14608
1822
14524
3135
14882
3456
14672
3259
13954
2997
14366
3240
14776
2643
14569
3373
11730
3386
13786
3061
14162
3400
9409
3333
10680
2165
14713
2608
14504
3303
14784
3280
16869
3306
15042
3265
12306
3255
14797
3142
14333
2811
15080
3383
13865
3035
14874
3232
14707
3305
14800
3122
14054
3223
14999
3295
16858
3368
14955
3270
14056
3292
14854
3335
14797
3275
14949
3390
14982
2523
14991
3270
12423
2756
14687
3413
14461
3313
8792
3168
14699
3167
9536
3296
14581
3363
14902
3343
14916
2512
14744
3325
14754
3210
13725
3176
14360
3169
14626
3267
14621
3287
14085
3285
15025
2524
18279
3380
14601
3227
11978
3308
14804
2165
14385
3300
14942
3316
12262
3277
14807
3320
18177
3318
12456
2580
9862
3318
12215
2654
14797
3265
11897
3446
14358
3333
14593
3343
14666
3394
12705
3280
14934
3272
14465
3220
15232
3205
14413
3270
14744
2235
14621
3027
11875
2552
18589
3227
14636
2119
15082
3370
15383
3239
14910
2532
14711
3308
10113
3262
14571
2636
14674
3297
14676
3270
15015
3272
14599
3313
8362
3250
11297
3237
12981
2599
14968
3333
14932
3265
14802
3248
14726
3333
14877
3257
14483
3272
14200
3301
14896
3200
14772
3298
14694
3270
11512
2550
14524
3381
14917
3300
14679
3245
14982
3306
14982
3311
10988
3348
14559
3228
14132
3375
6666
3300
13968
3233
18124
2802
15047
2728
14393
3262
14857
3297
14266
3400
15355
3362
15030
3260
13874
3275
14526
3323
15315
3443
14848
3092
14419
3280
14716
3265
14791
3320
15175
3415
16172
3228
14559
3298
14263
3303
22806
3293
14731
3333
12593
3320
14837
3272
12011
2602
15213
2151
14879
3222
13869
3118
11909
3270
23191
3318
14403
3042
15357
3378
15107
3245
15074
2088
14279
3289
14980
3300
14614
3303
14293
3255
14829
3458
12734
2722
14801
3280
14493
2280
15681
3277
14531
3090
14623
3395
14676
3330
10182
3285
15075
3239
14871
2093
14609
3330
14538
3260
14565
3220
14884
3281
14629
3245
14129
2756
14849
3285
14105
3290
12178
3320
15134
3210
14460
3247
14535
3279
15103
3255
14746
3177
14594
3277
14819
3232
14606
1787
14727
3365
18039
3217
14651
3195
14637
3380
14693
2730
14564
3318
14764
3228
14769
3258
14619
3233
14423
3320
15089
2088
11388
3231
8839
3218
14917
3267
13891
1704
14846
3343
14534
3433
14221
3255
12813
2608
14669
3245
14479
3373
14494
3396
11364
3250
15230
2506
14281
3217
14172
3283
14851
3183
12589
3238
17438
3328
17433
3263
15051
3170
14470
3365
14398
3503
14262
3182
14920
3218
14286
3140
14395
3238
12684
2887
14528
2472
14719
3312
14404
3182
14781
3258
14618
3235
13764
3262
14478
3263
14972
2175
14626
3333
14628
3212
14902
3361
15525
3293
18347
2165
14681
3131
14567
3255
15323
3551
15378
3202
11393
3248
14494
3287
14684
3356
14361
3290
14436
3264
18184
3310
14796
3413
14664
3330
14110
3262
14497
3347
14926
3280
14829
3198
15027
3282
14721
1735
12722
3358
14443
3205
14519
2164
14884
3237
14571
3338
15287
3134
14350
2598
13921
3323
11798
2517
14738
2611
14072
3092
15027
2639
14586
2148
12090
2724
14703
3297
14856
3255
14941
3357
8538
1824
14914
3256
14704
3337
14794
3273
14804
3222
14404
3241
14530
3433
11825
3195
13622
2993
14701
3338
11593
3200
10663
3305
14761
3285
14306
3336
15025
3255
14969
3245
14524
2472
14899
3258
15038
3493
14628
3352
14741
3295
21120
3336
14977
3395
6796
3262
14555
3270
14468
3313
10023
3320
14473
3325
12252
2557
10471
3385
14824
3431
14619
3152
18362
3220
14416
3358
14779
3225
14573
3258
14483
3245
14095
3222
14626
3348
14949
3378
13086
3220
12933
3391
14796
3257
14338
3306
14731
3227
14799
3228
15466
3381
13779
3238
14634
3189
14752
3245
14278
3170
14573
3345
14651
3230
8534
3302
6590
3466
18185
3306
14616
3280
14651
3345
10911
2251
14827
3398
14849
3330
14732
3262
18396
3245
14937
3281
14458
2457
10892
2296
14588
3338
14370
3290
14561
3200
14649
3308
14801
2643
8589
3298
14451
3327
9012
3510
11837
3380
11278
3227
14651
3227
14190
3333
14879
3343
14303
3293
14616
3165
14566
3215
12670
3318
14789
11782
14554
3252
14800
3300
12156
3335
14954
3187
13528
2766
10165
3343
14884
3199
14792
1773
14621
3268
14697
2598
14561
3273
11800
2411
8932
3290
14328
3351
15373
3362
15819
3325
14406
3300
23444
3170
11278
3268
14822
3305
14801
3358
14889
3155
15182
3331
14501
3295
14471
3340
14837
3095
14294
3235
14257
3315
14661
3318
11402
1912
15927
3222
6657
3410
18785
3267
14495
3232
14178
3288
14829
3300
14555
3104
14510
3090
44908
3288
14696
3263
14607
3411
14108
3333
14348
3237
18803
3356
14744
3483
14716
3225
14959
3187
14666
3320
14839
3205
18179
3413
14784
3269
11169
3363
16999
3180
14476
3293
14902
3285
14738
3243
14323
3293
14370
3390
8930
3283
14706
3403
14809
3303
14901
3240
14553
3249
17004
3282
14583
1830
14972
1808
14979
3428
14473
3350
15007
3368
11372
2350
11516
3205
14469
3330
14633
3430
14255
1736
14806
3266
14926
3210
14405
2416
12686
3268
15103
3355
14737
3371
9227
1818
14513
3253
14183
3418
12535
3268
15069
3250
14285
3212
6807
3411
8915
3285
6930
1585
14932
3213
14353
3320
6756
1386
14869
3310
15089
2608
17450
3273
14729
3260
14822
3163
14646
3245
14937
3298
14666
3291
12719
3366
12258
2526
14773
3415
14927
3220
12499
2706
15353
3337
14438
3318
14508
3297
15229
3248
14518
3322
14639
3257
14924
3320
6520
2184
14646
2183
12015
3147
14794
3262
9993
3296
14473
3340
14523
3213
15025
3248
6890
3315
14704
3120
14446
3240
14860
3255
17172
3133
14964
3306
14477
3273
14596
3259
14601
3233
14891
3197
14919
3465
14330
3240
14601
3212
14959
3205
15022
1709
8879
1873
14056
3066
14756
3275
8299
3328
14526
3162
14917
3356
14538
3357
15285
3426
14887
3295
14817
2615
14636
3225
15292
3307
14603
3223
14676
3341
8827
1878
17708
3335
14829
3340
14769
2373
14456
3315
14671
3169
14834
3299
14264
3222
14551
2694
12198
2629
7088
1380
8951
3400
14654
3263
6650
3313
14896
3328
14922
3158
17595
1899
14473
3410
12555
3355
14984
2534
14717
3202
14413
3230
12188
2576
15001
3325
14490
3355
14500
3205
14488
3288
12216
2591
14807
3260
14586
3361
12804
3302
11954
3253
15255
3222
14734
3285
11732
3310
6618
1366
8173
3194
11558
3338
14857
3316
11498
2372
12409
3311
14621
3235
14762
3373
13721
3353
14515
3376
14378
3322
14839
3327
12056
3255
17685
3360
12619
3243
14886
3405
11449
2489
14464
3348
14463
3340
6474
3330
14544
3179
10162
3308
14714
2802
11365
2539
8777
1798
11308
2553
11824
3263
14516
2629
15007
3360
9480
2701
15193
3367
7707
3525
11136
3272
15621
3200
8911
3426
14884
3203
15197
3303
14403
3228
14907
3210
14529
3137
6635
3355
15225
3239
14920
3330
13547
3063
7242
3215
14693
3428
14516
3362
14739
3290
14588
3257
14536
3385
12038
3380
8992
1891
11834
2678
8529
3230
15435
3373
14802
3210
14789
3262
14673
3322
14575
3173
9924
2151
14459
1867
12840
2667
14441
3292
14738
3322
9529
1965
10941
3240
12448
3315
10088
2151
14762
3341
14051
3240
12364
2811
14957
3240
15117
3381
14774
3187
12535
3194
11461
1753
14691
3300
12612
2807
14651
3373
14711
3230
14656
3228
14989
3430
14721
3215
9016
3233
15007
3326
15117
3307
14778
3320
15463
3382
14704
2154
15242
3322
15345
3305
14623
3278
14591
3315
14538
2482
14496
3408
14749
3250
14896
3312
14877
2749
12951
2720
14857
2132
14947
3278
15047
2227
11062
3337
9014
2779
14821
3420
14503
3135
10911
3321
15208
2764
9344
3323
14584
3197
17440
3275
11608
2412
12884
3285
14964
3335
14844
3217
14741
3302
14757
3287
14646
2770
12896
3278
12099
3377
14910
3255
12705
3326
14937
3195
15113
3285
8692
1768
14809
3130
8774
3260
11388
3430
6904
3275
11306
3328
14631
3315
14857
3218
14796
1863
14826
2643
14663
3514
14754
3170
14979
3170
14997
3278
14621
3321
15052
1852
13959
1942
14731
3285
7317
3251
21304
2602
11987
3313
6977
3328
10723
3254
14956
3305
14712
3220
14904
3315
14706
3313
15107
2430
15388
2728
12344
2631
14485
3315
18069
3325
12115
1895
14804
3347
14643
3237
12857
3300
15125
3257
14574
3265
14809
3243
15287
3313
14954
3297
11607
3255
14947
1440
14558
2336
14796
3217
11376
3282
7167
1532
15213
3348
8486
3198
14651
3298
14914
3340
15054
2879
14491
3147
14356
3242
14366
3343
14796
3295
14425
3305
14458
3257
14742
3316
14862
1729
14756
3292
12811
2785
14924
2787
10725
3380
9016
3284
14814
3210
8418
3390
14964
3293
15127
1877
14631
3280
9625
3250
12757
3230
14546
3277
18903
3252
14526
3179
14751
3352
14934
3353
14641
3295
14884
3120
14854
3287
14247
3278
14353
3335
14841
2731
12524
3348
14814
3275
15062
3285
14601
3240
14603
3202
12464
2658
14922
2760
14165
3248
14781
3213
14791
3305
6985
3343
8814
3293
8591
1772
10048
3253
14490
3347
14814
3283
8210
3380
14215
3218
10230
2089
14766
3167
14496
3144
14779
2894
14906
3330
14464
3232
14879
3218
14716
3241
14454
3290
8873
1847
18357
3270
6578
3343
14857
3192
15174
3293
14746
3275
9002
2049
13856
3408
14627
3257
6548
3298
14937
3363
14769
3300
12206
2732
10257
2200
14228
3267
14800
3338
14701
3248
8809
1886
14628
3281
12429
3223
14501
3343
12587
1797
14634
3355
14932
3270
14826
3127
12158
2564
14509
3173
12284
2717
12216
3271
13372
3270
14739
3067
14841
3381
9943
2142
11711
3287
14516
3280
12770
2769
14991
1407
9408
3317
14967
3240
14581
3258
14832
3314
13962
3318
14391
3313
12810
3320
14495
3298
9089
3202
14839
3271
11541
3295
12869
3190
18416
2325
13813
2986
11177
3300
14964
3343
12637
3403
6673
3083
14568
3312
15010
3238
14539
2216
14756
3282
12962
2706
55345
2195
14626
3315
15238
3371
14666
3348
14939
2168
12248
3320
12312
3241
14781
3102
12274
2844
14493
3212
15125
3333
14867
3341
14869
3292
14632
3273
14681
3237
8555
1867
14581
3250
14486
3278
8575
1803
14535
3228
14879
3372
14767
3291
14807
3233
6783
3215
14802
3338
14852
1358
14551
3235
14729
3455
14604
3248
14927
1402
13508
3094
12650
3303
15075
3238
14381
3207
14654
3490
14720
3323
14573
2196
15140
3448
15222
3185
14397
3343
15097
3291
15119
3360
14308
2002
14824
3396
12647
2696
12654
3320
14326
3317
12323
2487
12487
2672
14602
1318
14744
3263
9025
3305
12561
2800
14672
3280
9410
2815
14586
3215
14867
3292
12416
3002
12599
3267
14799
3398
14807
3248
12392
3217
14612
2775
14865
3285
14368
2508
8644
3340
15047
3285
14483
3361
14408
1378
14819
3323
10701
3313
14797
3282
8591
1474
14837
3343
15834
3275
14894
3363
14531
3197
14703
3353
14583
1843
14661
3124
14985
3300
8193
2632
16837
3275
15077
3316
14634
3215
12174
3265
14410
3272
12316
2774
47072
2482
14696
1864
14528
3267
12932
3184
14776
3160
8750
3228
10568
3250
14546
2374
10024
2758
12363
3328
13596
3338
15072
3345
14694
2229
11171
2473
14335
3330
13766
3333
14872
3305
14554
3363
14458
3290
14606
3238
14493
3240
12562
2688
14671
3315
14691
3323
14501
3338
15097
3451
13085
3241
14621
3250
13933
3303
10540
3195
11000
3217
12402
3426
11986
3272
14781
3255
12472
3287
14767
3300
14562
3263
14611
3375
15032
3183
14601
3272
14731
3270
14611
3302
14390
3197
10679
2553
14346
3268
14481
3212
14196
3318
14615
3260
12337
3336
14707
3300
14604
3142
13735
3240
15450
2109
14646
3229
14230
3190
14499
3170
14163
3243
14802
3231
14877
3373
15017
3295
11508
1921
17359
3179
15848
3278
14367
3071
15087
3248
16838
3307
15179
3318
14878
3237
14966
3230
14744
3445
14423
2790
14709
3348
14772
3257
14098
3298
11415
3247
14430
2307
14949
2064
8858
3283
12753
2750
8910
3255
14897
3195
14602
3283
14652
3263
14506
2646
14266
1989
14428
3069
11545
3255
8801
1760
14910
3325
14869
3450
14819
3270
12255
2478
11114
3290
14656
3232
14634
3348
14644
3250
14540
3368
14757
3240
14734
3361
14639
3155
14712
3245
14746
3270
14917
3270
14804
2789
14163
3205
14579
2785
14831
3275
14975
2414
10726
3298
14784
3203
15368
2165
14852
3175
10785
2272
14516
3373
6891
3285
15267
3286
6826
3252
14786
3260
15668
3293
14979
3358
14809
3247
15012
3218
14551
3317
9243
3365
13921
3030
12614
3277
15012
3314
14696
3273
14556
3362
11845
3275
14794
3256
12787
2073
6440
3363
18573
3290
8912
1865
12188
2588
14842
2740
11504
3202
14774
3168
12535
3288
10340
3243
14869
3247
15272
3345
10495
3386
9559
2323
14559
3248
14747
3260
14746
3253
15328
3192
14870
3275
15047
3313
15010
2385
14648
3250
14666
3247
14449
3070
14779
2755
14608
3263
14015
3384
7302
3302
17485
3320
15070
3131
14212
3437
9094
3360
12456
2648
10829
3268
12655
3342
14643
3262
14654
3123
12134
2660
14872
3312
15036
3295
15080
2473
14834
3245
14780
3378
15062
1829
15193
3363
14969
3286
17485
2734
14659
3365
12300
1790
15085
3235
14636
3218
15129
3403
14847
3262
14657
2615
14586
3310
9943
3340
15826
3137
14714
3315
15117
3290
8989
3225
10033
3408
14513
3294
14739
3235
8871
1882
14606
3062
15377
3340
14861
3284
6609
3145
14839
3252
12871
2694
14631
1666
14724
3175
8720
3285
14711
3255
15180
2449
6987
3178
15249
3298
11857
2601
14834
2641
15600
2195
14503
3293
14508
1731
14345
3272
14583
3257
15070
3332
14709
3325
6707
3285
14959
3277
14657
3192
14876
1719
14664
3322
14653
3174
11953
3370
15090
3220
14946
3425
15237
3275
15493
3295
14238
3145
15879
3350
14811
3253
6817
1353
13623
2269
13792
3237
8869
3356
14499
3300
14689
3303
14721
3221
15215
3398
14704
3287
17855
3363
12612
3209
10136
2868
15127
3283
14697
1756
14187
1708
8997
3295
6755
3293
14579
3356
12559
2726
14368
3228
14566
3168
12602
2554
13132
3213
14629
3227
6936
3230
14884
3341
8927
3293
8402
1859
15060
3240
14834
3382
15275
3340
14977
3283
14814
3366
6627
3346
15145
3341
14599
3428
14792
3228
15072
3267
13174
3289
14335
3087
14741
3398
14739
3250
15172
3222
14904
3295
15077
3252
14718
3318
14678
3293
14337
3268
6984
3461
14604
3275
14969
3318
12401
3290
12848
3272
14852
3315
7881
3265
17322
3265
6849
3330
14919
3362
11123
2391
15310
3338
12171
3328
9023
1841
9702
2136
14867
3258
14500
3297
14609
3207
14676
3297
14600
3430
8397
3320
14565
3275
14521
3145
15282
1817
10195
3284
8856
1792
8504
1816
14791
3270
14125
1925
14837
3275
14610
3362
14420
3219
14876
3253
6817
1343
14594
3425
14802
3378
14606
3297
12406
3305
11169
3335
14964
3163
14732
3353
14591
3220
14558
3282
14744
3089
11775
3275
14193
3373
14872
3285
14887
3170
11863
3303
15268
3373
14799
2199
14661
3270
14225
3370
6838
3210
8498
3323
14568
3360
14469
3318
8179
2768
14859
3280
11525
2673
12253
3330
14636
3739
14826
3117
6687
3290
14553
3300
7711
3296
14539
3337
14626
3157
12415
1390
14501
3275
14814
3275
14517
3318
27330
3330
15210
3368
12813
3343
10167
3270
14541
3192
15045
3282
14939
3212
14982
3171
15018
3247
14686
3040
14897
3368
14393
3305
15177
1680
14506
3278
14816
3351
12563
2781
16638
3252
12566
2766
14516
3310
14699
3185
14441
1361
14734
3275
18164
3328
14977
3328
15318
3408
15138
3405
15024
3283
12498
2596
14481
3323
12605
3422
14794
3272
11490
3288
14674
2088
14912
3405
14794
3385
14248
2309
14979
2754
12319
3302
11424
3337
14167
3277
14722
3307
12063
3280
15055
3203
14453
3200
14107
3249
15052
3398
12523
3347
14493
3455
15054
3331
14203
3406
14569
3355
14804
3270
15503
3310
15145
3344
14345
3303
17017
1470
9100
1893
17418
3312
15105
3373
11288
3300
11651
3325
6190
3311
15348
3280
14641
3208
12412
2770
14778
2158
12232
3333
