32928
5574
32522
10619
32560
10702
32801
10600
34159
10682
31899
10572
32492
6881
33079
10536
32489
10456
21310
10441
52001
10482
31580
10915
27771
9021
31266
10622
36344
10699
35444
10439
35654
7063
18868
5964
32594
10557
32379
7068
32242
10550
32609
10587
24871
8027
27253
10557
32376
10466
16304
4422
32141
10386
31878
10597
32781
7721
32459
10622
32284
11038
35975
10481
32718
10499
18091
6050
13999
4395
31921
10562
34815
10510
35794
10550
32647
10357
32289
10519
32192
8563
22023
7112
31497
10474
22612
10945
27042
10592
27642
9333
34998
10417
31921
8406
32731
10636
34121
10584
32562
10459
32139
10685
16675
10817
24139
7614
31588
10597
32154
10664
36348
10559
32345
6031
31670
10654
27013
10560
32294
4603
32700
11248
32434
10522
18393
10544
22131
10679
24312
10625
29058
8994
34818
10517
32164
10233
30385
10642
32372
10594
22654
10639
32451
10508
32290
10909
38584
11043
33144
10883
36082
7343
14795
4683
18709
5950
26436
11005
32084
10972
24010
10454
32051
10604
32868
10632
32580
10762
35622
10612
31856
10429
32998
10517
32756
5554
32858
10606
31931
10410
33189
10778
21998
6989
25842
7984
32785
10570
36108
10464
31930
10566
32552
10509
32463
10416
35809
10875
33052
10337
25450
10715
33592
10518
35419
10921
23500
7613
32480
10841
32855
10632
32720
10795
32467
4676
31853
10644
34679
10447
20294
6599
36277
10569
32509
4661
33211
10960
32865
10885
35982
10830
21042
11003
25772
7663
33843
10839
36697
10530
33668
10451
26561
8514
36459
10484
16618
10552
33347
10742
20943
5745
32492
10857
27670
8854
24537
10550
19004
10539
32107
10557
32339
4467
31745
10378
35997
11206
24690
10529
25155
7917
31868
10610
30846
8930
35353
7859
32289
10439
34151
4702
23456
7663
31953
10590
30255
8929
18957
5745
25751
8016
35236
11071
23788
8949
25778
8137
14637
5493
32109
10559
36120
7864
33625
4352
32638
10434
27646
10674
27746
10547
25683
6475
35534
10559
32615
10514
32557
10572
32129
10567
32545
10450
32031
10654
32810
10619
34426
4723
23993
10589
32620
10541
32590
10444
23426
10760
26334
10705
33138
10311
33547
4587
30110
9952
24932
8004
32618
10977
34259
10471
29456
10554
35980
10659
22190
4465
35907
10679
32123
10502
33086
10371
32582
10521
32507
10489
27837
10546
32366
10617
18350
8924
32685
10482
32385
10790
24329
10547
23434
7613
19150
5910
35376
10389
32535
10596
31983
10501
15031
10980
24152
10939
24686
7952
32755
11005
32833
6150
31791
8278
34451
10441
34876
10559
32231
10755
23783
10822
32465
11050
34858
10617
32836
10988
32502
10610
25940
8247
14393
5959
35664
9261
19267
10556
20163
6127
55560
10531
35887
10921
25664
10494
31838
10557
32344
10476
35013
10417
18407
5799
22069
6973
32861
10682
17916
10560
22698
6820
31468
7991
46064
9380
32938
10464
31806
6737
31557
10401
32555
5945
32520
10980
32630
10509
32440
10600
27330
18667
22071
10361
29197
10467
14105
4439
34134
10364
27621
8385
29116
8956
32189
10559
32174
10978
30949
10617
32489
10480
32703
10614
26582
6328
32214
7609
32748
8643
21625
10611
33016
10462
36549
10579
28061
10578
32840
10539
33344
10905
28037
10799
32316
4572
32232
10248
32778
10592
25469
10478
36418
8359
32384
10471
32640
10629
32222
8436
32176
10590
35650
10755
32579
10530
32670
10885
28020
8883
25042
10862
36453
10555
24137
9780
18363
10376
32061
10840
31818
10512
26237
10501
27999
8903
32238
8573
32011
10963
31921
10639
32480
10349
32607
7858
31627
10927
19399
6044
31950
9280
32181
10486
33783
10348
32635
10276
32437
10594
14311
10569
36296
10667
33088
10512
18615
10735
22070
6975
27235
10637
28001
9112
26013
8004
27035
10454
36123
10495
32407
10725
32189
10580
19514
6066
32177
10550
32509
10459
32735
10699
34605
10444
32322
10382
32710
10549
32778
10521
27796
10569
27847
8782
29409
8506
23089
10610
32194
10421
32277
10562
27457
10740
18376
10574
21791
6830
32697
10955
32748
10487
35980
6059
30814
10659
32284
10587
32306
10870
32900
10464
32950
10532
32795
10378
32279
10928
25930
10331
32454
11474
32339
10550
34377
10540
35311
6253
42643
10707
27212
10566
19300
10645
32761
10630
34752
10890
32856
10490
35185
10855
33575
11398
32638
10610
19597
6205
32663
10832
36957
10376
33217
11056
35659
10761
30381
9985
54527
10466
39560
6063
32638
10690
32019
10727
36253
10855
27676
10606
34354
10589
37198
10620
24097
10434
24969
10589
35093
10462
32422
10536
20748
10790
35714
10654
14135
11003
32230
10484
32727
10865
22063
10487
21878
11008
21519
10717
34254
10464
30813
8872
32861
7940
32685
10680
32412
10333
32149
10497
30725
10473
32838
10419
32484
10534
32820
11078
42400
8839
32650
9924
21074
10925
27866
8726
32905
10566
32532
10980
32196
10925
32645
10653
26533
8903
27514
8941
28096
9077
24244
10642
21473
6000
32399
10662
32339
45890
32512
10539
17285
10662
33099
10400
33018
10562
35401
11065
27921
10782
33820
11639
24877
10625
34091
7357
35616
10449
31793
10514
27754
10855
33123
8467
33630
11031
32903
10644
35848
10907
32745
8191
33146
10520
34722
10918
28559
39177
21729
10607
32534
5911
32833
10339
34129
10707
33349
10607
33254
10960
32500
10737
32631
10392
32642
10474
32688
10544
33084
10381
25956
10568
30598
10930
21826
7002
32690
7989
34342
10379
22065
7128
30923
9796
28050
8986
19046
7760
33051
10586
33760
10722
20530
6886
27786
8926
32715
10935
22812
7153
32139
7033
36359
10484
32527
10833
35920
6800
19224
10499
33459
10555
35178
10381
36020
11209
34845
10479
32865
8598
32923
10632
28134
8828
32059
10753
35178
10501
32294
10449
32747
10527
18824
6029
33048
10484
26901
10663
26546
8357
32888
8256
32226
5794
35998
10622
32312
10496
32613
10439
32745
10687
31153
10928
32625
10783
26929
8753
33178
8545
32317
11266
35233
10504
27325
8812
32837
10945
32282
10857
33053
10645
32500
10512
31244
10489
32881
10592
27581
10687
26976
10555
35852
10351
28295
8776
32259
10589
36882
10657
26390
10530
32865
10627
32600
10597
33139
10552
26646
10695
18776
10586
32732
10509
35241
10448
29123
10644
15197
11040
33900
10637
32179
10574
32537
10424
36862
10526
23437
10639
32690
10570
32111
10449
36271
10665
32127
10450
24227
7579
32958
8203
32793
10399
32806
10468
32186
10557
32100
10554
18470
10547
32935
10610
28355
10590
33003
10840
23917
7647
32523
10472
36637
10747
27929
8782
33041
11007
32928
10580
31034
9895
25110
10943
27906
10527
32154
10515
32552
17507
32549
10341
18546
10444
30429
8854
32853
10602
18856
10574
32161
10517
32790
10556
33090
10547
32770
10672
32790
6234
33229
10269
32274
10556
27834
8483
21710
10690
19008
10434
32279
10376
19093
6015
35005
10570
32590
10579
30943
8719
24291
10414
31185
10480
32568
10474
32359
10652
35937
10459
32178
10615
33018
10514
18997
8025
32673
10519
37150
9085
35409
10477
34274
10566
31406
10412
32765
10424
22642
7022
31803
10657
35060
10524
18762
10557
36699
10471
26637
10627
27332
10309
32946
19237
32984
10539
32707
10585
33372
8774
32362
10416
36072
10449
35739
10604
35717
10451
34866
10427
32214
10509
32585
10549
32956
10344
32121
11064
35966
10670
32176
7968
33056
10840
32485
10551
35429
10494
32637
10722
27545
10552
33968
10872
32198
10549
33143
10469
37735
10254
19704
6386
30493
8952
36614
10879
18516
6136
32362
10514
29112
8162
14245
4817
36166
10604
32434
10474
32740
10571
32605
10601
32781
10672
32891
10589
32965
11169
18380
5427
36070
10817
32274
6261
34695
10348
33004
10521
32001
10526
32480
10644
34742
8924
32477
10484
34654
10697
50514
10983
18920
6291
35752
10574
33740
10567
32454
10454
32738
9023
32190
10386
32099
10750
31542
7414
36391
10479
36151
17031
32898
7875
34932
10456
36313
10313
18578
10619
32816
10542
32757
10597
33019
10665
32662
10407
34203
10486
32930
10707
32846
10536
36586
10502
35897
10875
32822
10367
26764
10552
26315
10760
33575
10470
34231
10557
32540
10647
35554
5873
27369
8272
34018
10702
29772
10787
34895
7696
21731
8796
32792
10972
31916
10397
32856
10662
14699
10562
32798
10414
32597
10542
34088
10416
21937
10589
14003
4534
30779
7224
32299
10743
34807
10730
32604
10792
32709
10665
35298
10983
33400
10565
32786
10530
32763
10917
32559
10687
32878
8044
32766
11188
20492
10422
32496
10861
32710
10502
32397
10830
33119
10940
32627
11249
32532
10722
32675
10547
32327
10614
27564
10514
32520
10585
32374
5510
33081
10574
31174
10750
33168
10451
35498
10657
35855
10462
32450
8807
33054
9928
29353
9038
22886
10536
35138
10360
32434
10580
32354
10952
33226
10561
32502
10697
33524
10717
35128
10279
32527
10655
32034
5858
23937
10619
33099
10617
32773
10832
34479
10467
32946
8926
32653
7830
27640
8899
32645
10554
35045
10812
31976
4546
34607
11113
23909
7552
28136
8916
32905
10469
32993
5708
18752
6043
32389
10702
22655
6036
33156
10614
33437
8019
26504
10331
35108
5657
35825
10767
32783
10632
30527
10460
33188
10579
33588
10835
32671
10509
26647
10691
32635
10925
35780
6878
31975
9879
32936
10448
36383
7103
27748
10627
24017
6977
32670
17503
26873
10444
18939
10519
32341
10677
32925
10507
33031
10549
32028
10544
32412
8339
33647
10784
25980
10549
33229
10767
32969
10530
32579
10610
33162
9213
32846
10769
32028
10316
20142
6599
32432
10532
32765
10662
34279
10582
30814
10642
36907
10634
32573
8977
36028
10536
32645
10559
32740
10622
32660
10863
24208
10602
27428
10692
32465
10714
32592
10669
32502
10840
34661
8801
29555
10489
32865
10531
33440
10504
32870
10501
32685
6374
32986
10564
33484
8071
32936
10971
36250
10423
36131
10514
33091
10872
29369
10604
32753
11023
32685
10617
32515
10537
32364
10953
23232
6921
34241
10690
36536
10536
35255
10582
31512
11003
34447
10818
32941
10900
32093
37686
31773
10527
33213
10559
32835
10462
32748
38545
31984
10485
32514
7704
33404
10569
33339
6996
32805
10447
30869
10767
36078
8501
33038
10654
35348
10497
35987
10720
32815
10444
32487
10391
36346
10391
35544
14695
36189
10582
33023
10535
29366
10534
27011
10815
33321
10780
32527
6756
32968
10692
18613
5945
32580
10370
32527
5976
18814
10678
32791
10470
35379
10840
33056
10534
34599
10365
32289
10464
33865
10748
20923
6663
33086
10562
30371
10539
36894
10609
32623
10609
32797
10657
32129
10549
31388
10514
32445
10517
17936
5569
33086
10804
21428
10537
36967
10538
34845
7207
32863
10382
24952
7066
31931
10695
32381
6249
32845
10404
32563
10572
33445
10848
33958
10767
36116
11118
27988
8922
32900
11003
27236
8786
19171
5972
27505
11130
32811
10645
24964
10596
32682
10602
25209
8090
17294
4353
35248
10459
16570
10314
33131
10454
32906
10459
34055
9924
33514
10592
35585
10632
33216
8040
32719
10359
32615
10584
29616
10958
32220
10047
32892
10677
32397
10614
26465
10664
32962
10564
32988
10554
33347
10301
32281
10526
32615
10942
38734
7960
19157
10559
32186
8168
32347
10622
14598
10421
32179
10560
27775
10528
36627
11413
32256
10536
32522
10373
32954
10486
32466
10556
35028
10318
32954
10450
32467
8890
29684
10935
32672
10376
32249
10431
33001
10440
33026
10346
28041
10596
30380
10955
21218
10411
33382
10675
33953
10471
33031
10642
32419
10605
33043
10454
33161
10373
32915
10582
31925
8986
32913
10402
33083
10434
31755
10482
35168
10384
33043
10368
31748
10659
35903
33154
27642
8556
34524
10887
31121
10539
21565
10527
32304
10597
32658
11251
26004
8343
24542
8103
34948
10519
35277
10730
26738
10556
35567
7578
32810
10605
31787
7063
25193
8436
32981
8413
31404
11055
32314
10757
33336
10505
32878
10524
32071
8188
32445
10622
32783
10329
36767
10700
33705
10763
36103
10598
32981
10499
34156
10436
25760
10760
32650
10311
32149
10482
32720
10592
31430
10619
32066
11022
32447
10530
34817
6154
33254
9969
36048
10897
32184
46675
33938
7124
30027
10556
33279
10431
34850
10810
32179
10727
27997
8897
32906
8404
32986
10599
34128
10704
32910
10647
32733
10614
31642
7075
19222
9900
30201
10486
26552
10684
32700
10519
36447
10888
25171
10587
33339
10606
32412
10329
31869
10525
33188
10497
32651
7029
31580
10760
32344
10835
22294
10524
31969
10878
32500
8515
33554
8688
32844
10669
24702
10446
24084
10464
32487
10855
32603
10637
32061
10546
32452
10577
32905
10522
33487
10451
34705
10445
15126
10414
31743
10612
32455
4422
32929
10562
32958
10438
30746
9677
32855
8352
36622
10619
32881
10632
32405
10634
26842
10532
34599
10444
36196
10767
32156
8083
25699
10705
36699
10890
32475
10469
32607
10609
30982
10544
36845
5859
32898
10560
34261
6152
14682
10450
31540
10386
37115
10424
25623
10684
33477
10619
27683
8862
27392
10683
32567
5923
32092
10893
29645
10724
26897
8960
33487
10612
32946
10534
32833
8008
32395
10652
32718
10677
18437
10511
27648
8745
32575
10742
19552
10750
33156
6111
31582
10595
18624
10614
32041
10581
27938
8860
33915
10689
32916
8372
27033
10595
25645
10536
32770
5624
32748
10439
16993
11003
33316
10531
31166
10542
31671
10336
18976
10494
33006
8560
32164
10662
32309
10449
22129
7090
34795
10451
36955
10434
31840
10384
30239
10522
32790
10549
32182
10544
35389
10524
33464
10983
27633
9049
33182
10504
32610
10511
36043
10712
34677
10602
32695
10560
19106
6126
30968
10240
36897
8819
33336
10790
32569
6096
32986
10968
32825
10584
33038
10524
32815
10484
46487
10657
33645
10587
35116
11076
35206
10735
33006
10654
33156
10592
32475
10411
34885
10529
27305
8891
14452
10882
32843
10634
27567
10519
34898
10742
20334
10787
35594
5878
36707
5568
33820
10632
32853
11078
35241
10612
31828
10521
32464
10632
32849
10444
29290
8794
32530
10650
14918
4606
33281
10542
32873
10509
31861
10685
18766
10394
23449
10587
32580
10492
32585
10955
26144
10589
32760
7977
35790
10755
32825
10492
32467
8901
31873
10629
33023
11373
32980
10694
33379
10470
32735
10694
37168
10522
42992
10384
33001
7760
26779
10594
17181
10670
28298
8734
31870
10569
32885
4480
36043
10665
23191
10537
34042
10622
25904
8391
32998
7629
35431
10477
33083
8611
32352
10500
28235
8396
32999
10772
16862
4552
13892
11088
26473
10667
41577
8647
32553
10792
35119
10867
32297
10625
32199
7590
35244
4587
33376
10409
31625
6586
28265
10559
34880
10534
34920
10602
26680
10524
33349
10530
34877
10522
32575
11115
32394
10512
26311
10574
33131
10554
14685
4550
32142
20264
35569
10426
36235
10517
25195
7999
32878
10574
34968
5675
33226
8484
25509
10547
35194
10619
33304
10361
14878
10777
33515
10674
32705
10686
33918
10797
32691
10554
33178
10862
32387
5911
32812
10556
36120
10454
32422
5134
28487
10509
32244
10610
32861
10497
33491
10426
21982
10471
25017
10710
28054
10598
14603
10659
32971
10524
32229
10562
32991
8118
32610
10574
32462
5712
34494
10631
32994
10673
27347
8765
33942
4408
32575
10559
32780
10835
18963
11040
32878
10459
31850
10717
25504
7977
36088
10424
26023
10612
32159
10657
73949
7195
31961
10600
35704
10955
54162
10551
32178
10555
32026
10364
35460
10511
32352
9215
27929
10348
32329
10429
45310
10727
34787
10777
33433
10544
19035
10685
22594
10764
32999
10953
34760
10527
33237
10512
28300
8045
30199
10707
33860
4712
27214
8662
35313
10687
26842
8930
14013
10449
33172
10629
35031
10647
33143
10494
36286
10404
14903
4531
31663
10712
32522
5635
28140
10652
18944
9461
33221
11017
20395
10717
33161
5917
14691
4406
32876
11069
33717
10627
33234
11311
19723
10632
30297
10509
36587
10867
34497
10664
32721
10504
33268
10499
33603
10469
27820
8717
32287
10342
27237
10589
26728
10823
34614
5868
35116
10765
17531
4485
24662
8068
32928
7022
33091
10594
33218
10409
33059
10577
33249
6456
34449
10521
32605
10998
33303
10718
19895
10322
32943
10516
30135
10011
32605
5738
32219
10471
32675
10464
32337
10634
31411
8938
26315
10929
33326
10575
23792
10562
32866
10589
26956
10532
21632
8551
32928
10452
33172
10439
33043
10562
32901
10600
31941
10615
32740
7286
32251
7067
32891
6005
32803
10582
32427
7030
27763
8860
35281
10569
14712
4433
26603
8947
35596
10868
31956
10815
35158
10364
33810
8622
32685
10604
25771
9848
32370
10474
32901
8267
34940
10983
14424
10517
15714
10509
23754
9181
33044
10482
24397
10941
27262
8870
22780
10304
33096
10394
35159
10417
27128
10527
33126
10935
32723
10640
32332
10296
26973
10739
33547
10487
33669
10530
27499
10502
28334
11023
27877
10294
33818
10722
31900
11083
18944
8327
21401
10458
26651
10504
31835
10388
21719
10629
33564
10622
24843
7584
21668
10367
27022
9202
21518
6749
18115
6034
32196
10514
32683
10509
32382
10527
26547
10509
32692
10669
27163
10622
32414
10609
22357
6997
24617
10482
19115
5824
36511
10805
30936
9903
33076
10446
25995
8456
25010
6236
33303
10567
25652
11070
27476
8761
32984
10472
31988
10589
33469
10594
27227
10785
34207
10692
37042
10519
31751
10421
24842
4592
36100
10622
33226
10697
33278
10672
31795
10442
34204
10472
26660
10609
33312
10840
32337
10549
27040
10486
21166
10609
32537
10562
32638
10652
31557
10392
15171
10381
32815
10587
32828
10794
17308
10637
32640
10544
33833
10592
32384
10367
19274
6125
33277
11112
32813
10489
33138
10697
32314
11033
35058
11119
32625
10444
19403
6045
32983
10705
32841
10592
35218
10490
25820
8334
32850
10662
34239
10622
32958
10552
34808
10730
34353
7029
33578
10394
33720
7971
27006
10449
18747
5845
35564
10686
23977
7604
32264
10663
32908
8817
33061
10935
18517
5882
32856
10674
19319
10557
32848
10568
26426
10657
22524
6755
27254
10733
32454
10615
32888
10532
25608
10605
35521
10694
32153
10632
21084
10437
32108
8394
32735
10642
33492
10662
35055
10486
23973
7676
19740
6540
31749
8392
32758
10477
31800
10545
33071
10729
33229
10599
32721
10479
26715
10478
31447
10526
14451
10501
32134
10945
27018
10602
26369
8398
32886
10524
13993
10479
27444
8077
24137
8119
20275
10733
26250
10547
32790
6831
31818
10542
33437
10387
35141
10524
32996
10324
26707
10912
32821
10432
27995
10368
32522
10637
31998
10654
26950
10561
35208
10901
33697
10607
32688
10862
28331
9193
36434
10628
18390
10359
15549
4461
21889
10521
34848
10357
32367
10685
33066
10547
25652
8907
33750
10547
35301
10427
31643
10440
31296
10654
32785
10344
20176
10602
35133
10617
25780
10634
34309
10519
35348
9297
33096
10612
34975
10564
29115
8802
14021
10569
33319
10434
32777
10830
24493
10908
33136
10833
20707
10680
32502
10326
33416
10604
20698
6007
27630
10694
32552
8676
33058
10997
32600
10286
32326
10550
33159
10501
23217
7093
35021
10517
35842
10597
32442
10586
32449
10961
20168
10500
32863
10968
27170
9021
32507
10642
18633
6026
32580
10556
33662
10504
32905
7406
28294
8876
22084
10819
32817
9894
27628
8830
24582
10995
26772
10690
31611
9016
33111
10499
18408
5986
24276
10670
32657
11063
26252
10659
19295
10577
25923
10552
33096
10506
14937
10569
27908
8662
32218
10534
27690
10567
33119
10423
33369
10577
32540
7075
32455
8934
32472
22043
32708
10671
31996
10397
32382
8831
25650
11188
26455
10918
18641
10614
33063
10750
32389
10422
27094
10517
25150
7860
28089
9098
31991
10578
31564
10713
32739
10852
31054
10722
31825
10564
32392
10565
34303
10474
32730
11073
30020
10745
32107
5844
34554
10847
31949
10507
27557
10459
31683
10586
31996
10918
32958
10474
20848
6007
23256
7648
25713
8085
32464
10526
35181
8390
27871
10489
32867
10624
34790
6437
31515
10547
34575
10564
28362
10599
32645
10516
36512
10667
36078
10667
32427
10580
32236
10444
33309
10479
33404
10549
32960
10552
35948
6104
34439
10975
32512
10599
31642
10479
34685
10569
32118
10411
32657
10827
32672
44147
30210
10652
27948
10620
30551
10559
32592
10416
23357
11050
35374
10462
25876
10589
28250
10592
32650
10526
29654
8517
32302
10903
33469
8740
33464
10569
26956
8904
15383
10429
32051
10486
31327
10394
32043
10657
34015
10699
22406
7078
26595
8854
21671
10427
20369
10504
22191
10617
16969
10452
32147
10482
32462
10653
32605
10614
32660
10507
33136
11026
31499
10562
76420
10932
32563
10604
32141
10747
19378
10616
44096
10569
34507
10509
32262
10527
25585
8370
32475
8456
33038
10587
27794
10584
35401
10441
32565
5445
26577
10747
22255
11010
33149
10843
32994
10584
21803
10597
29979
8512
27564
8696
31110
10434
30640
10912
33048
10371
14787
4467
32226
10825
21438
6032
32322
10358
27134
10845
25568
7998
26800
8907
32116
10552
27775
8707
27091
10842
34060
10597
32748
10688
26220
10552
30774
9910
31143
6866
32281
10433
32014
10627
19405
5934
33267
10617
19394
6014
32199
6169
25695
8406
32936
10632
32572
8908
32806
10619
27304
11123
33426
10592
32580
10697
30865
10481
32883
10592
28109
10682
32465
10940
32881
10885
32424
10910
32212
4675
39710
10589
32527
10933
32728
7163
28200
10438
32374
11156
31645
10474
32680
10709
23344
11022
35457
10905
21143
6887
32063
10532
20007
10496
30281
10845
28149
8860
26693
8828
32613
10557
32793
11096
32382
10522
27068
8806
25579
10491
32893
10494
35371
10853
19985
6438
32853
10616
32822
8029
32515
10552
40433
10484
32497
10612
31801
10605
29908
9884
27029
10504
32649
10715
14550
4464
36388
10399
33001
10412
31805
10599
32362
10734
33261
5647
34033
10634
33669
10526
31139
10507
31565
10677
36083
10592
14777
4457
34159
11023
43263
10559
33817
10877
25531
6349
19670
10464
32785
11166
26507
10802
31665
8955
20056
6246
32822
10616
32119
10512
33359
10679
32780
10444
32827
10594
26918
10529
33387
10680
33148
10734
33116
10925
32515
10778
32648
10589
32873
8573
31525
10740
32349
10815
37245
10932
32279
9109
20971
10737
33635
10447
32733
10552
29827
10943
23729
10605
24875
8240
32663
10501
32166
10950
32527
10902
22344
7159
31913
10755
32770
10469
33196
10437
32098
10719
21518
10547
14363
10411
16979
4555
19370
9118
30974
10484
26930
8121
32021
10214
25597
10758
32510
10441
31880
10251
32612
10444
33031
10516
33119
9016
32297
10677
26934
10459
32737
10376
14273
5607
18630
10610
33445
10692
27225
11131
35338
8186
32101
10554
25134
8136
32525
10697
37180
10647
35680
10639
32041
15599
31744
10955
34537
5229
32951
10511
24416
11150
32595
10459
25412
6885
32648
10436
27961
10629
17776
8203
36010
5578
31996
10805
35708
10426
14965
4380
36293
10542
32955
10722
26671
8721
26692
8441
32039
10519
31813
10362
31753
10740
32840
10407
32427
10629
32752
10448
36001
9829
24655
7833
33572
10689
33543
10642
16999
4584
34485
9868
21987
6999
14221
10564
32958
10628
32613
10875
25708
10759
32871
10484
13526
10745
32237
10469
33447
11121
32133
10559
31753
10399
32945
10890
32565
10862
26038
8292
18136
4574
32068
10701
33216
10659
18698
10713
32547
10609
22403
7026
27744
11143
33550
10597
32272
10757
32367
10647
31225
9955
24257
10574
32398
6095
32968
10687
33812
10529
32520
10384
28223
8852
27620
5608
27860
10629
32730
10356
28006
10771
34902
10589
32668
10812
32697
10470
32083
10517
33146
10336
36795
10634
32432
10867
21986
10532
32781
10845
34206
10592
31472
10546
33674
10963
34890
10547
32001
11070
32948
11174
32121
10444
31708
10680
33278
10359
20732
10840
32662
11116
24351
10969
14276
4465
31936
11082
48778
10797
17536
10451
32866
11211
33509
10952
32404
10938
32342
10677
33046
11178
27922
8738
27860
10339
33189
10664
25923
7584
37155
10943
32567
10700
64117
4493
27163
10434
32833
10644
31745
11021
32715
10742
31983
10514
32139
11000
25583
5976
31457
10564
30215
10002
26875
10387
36206
10981
32272
10539
33947
10988
32878
10530
34555
11499
32522
10507
32207
10697
32409
10537
32607
8106
30062
9943
30722
10975
32688
10526
32968
10534
32048
10406
38585
10480
31432
10579
20956
10526
14561
10551
32683
10474
31876
10522
31991
10477
32507
10647
31966
10609
32603
10414
32645
4477
32954
10401
14244
10973
34863
10514
32523
10582
32702
10511
35595
6073
31703
10495
32535
11068
32103
10592
14683
4538
24702
8051
32103
10722
19396
5997
33352
10592
26928
9041
32567
10605
25972
10579
32001
10586
33101
11105
32319
10632
32442
10694
32122
10454
32882
10865
35291
10454
35368
10579
31991
10529
32946
10599
31695
10542
26928
10785
15126
10608
32731
7072
32198
10628
31627
10635
32326
10329
31691
10482
32517
6857
30369
10589
14192
4425
31823
10457
32863
10993
36389
5809
32317
10585
34494
10364
31681
10519
32001
10650
31686
10469
33160
10555
33259
10432
31840
9865
32893
10903
29923
10608
33362
10898
33905
10928
32685
11027
32422
10442
36348
11027
32685
10845
32642
10517
27314
8404
32247
10326
35847
10474
35146
10461
23675
7823
26961
10900
28396
10576
26551
8352
32685
10602
20407
10494
33497
10559
35819
7300
