61518
19968
58396
20066
33837
11644
34203
11257
41711
20039
61591
20048
40195
20815
61589
20189
36103
12629
60434
20094
57427
20236
42494
20695
58783
20204
59825
19969
37927
20108
57034
20528
61469
12019
42325
13621
61178
20154
58015
44705
59845
20071
46919
16199
26226
20394
60737
47331
57379
20495
26678
9279
41115
12890
61040
20607
43683
20350
60702
20362
28066
20375
58547
20740
32356
18902
62426
20464
57795
20061
57352
20236
60667
20848
33423
11285
44307
15655
56156
13670
59737
16663
25356
20642
60740
20234
57823
9138
48866
19936
60837
13584
52029
20118
58136
20141
60221
20079
43458
20106
61621
19914
45776
20585
59925
20229
61459
20281
61601
20176
58486
20134
59041
20199
58038
11421
57950
20326
52168
20256
24919
8597
60659
19973
62459
20354
32322
20176
26056
8767
44938
20705
57187
20141
61173
20131
61551
20645
61002
20121
58324
21237
39479
13227
38290
20061
44747
15454
43520
14909
61734
20082
61306
20267
27614
9282
44567
20956
62163
20344
61525
20040
52692
20918
33652
11325
61225
20312
61269
14716
60354
14998
69330
20148
57495
20672
56502
10540
61522
20339
54586
17617
58331
20096
42280
12704
39555
16133
58595
19978
57688
13521
61203
13902
41910
20146
61005
19938
61857
20312
43629
14767
60880
11774
58016
20244
60862
20026
62175
20239
61772
20256
38464
13491
61624
21038
58027
20011
57725
20196
46937
15341
58514
20701
62087
16268
56873
20159
63917
20217
60206
20216
49271
19832
58131
20342
34425
15235
62027
20033
41776
20264
57720
21025
58063
19910
40321
20179
58877
20094
64769
21046
60910
11087
57683
19916
45353
14663
59041
20054
59845
20272
63380
20905
61762
19758
58163
20384
57392
21023
71120
19816
58351
20064
58374
20324
60158
20201
61456
20018
58269
19996
34339
10911
59634
20028
62388
20342
60787
19866
60088
20049
38560
20071
58169
21000
57913
20217
61426
20198
31892
20141
52725
21197
25298
8534
61248
20603
42785
14869
35320
17068
63666
20134
60982
20030
42710
20073
52273
21409
58628
20517
57973
14834
59125
20089
50597
21038
57226
20239
57680
20354
57432
20903
55634
18919
61819
20161
58199
20184
47073
20514
61303
17370
61008
20122
39672
20224
26863
15396
61223
15701
47671
15559
60168
19913
48291
20356
60925
20873
57607
20176
58562
20196
58945
19850
58116
20011
59031
20380
51975
20124
39484
20219
61383
20462
57775
20331
49297
16323
32942
15229
48010
17053
88839
20111
59236
19996
51891
19805
62300
20317
58502
20928
47375
15305
25801
20048
61383
20287
47098
21021
58361
16090
61508
20424
61221
8840
58372
19131
59840
20041
37265
11615
62188
19925
60924
20527
51084
16476
59717
13377
59738
19908
58281
19993
36945
11578
60647
21214
58836
20276
50234
20908
57399
20302
58905
21218
57331
20916
58609
20153
58078
11383
49685
14036
60238
17075
51668
17195
47816
16164
43901
20911
58371
20401
61855
20494
58055
11535
59123
20099
61199
20259
45359
15974
61295
20893
48573
17217
58268
19969
56495
20234
41516
20118
58081
20123
61807
20011
35199
16142
58271
10629
57181
20106
52728
20254
65516
21119
58236
20144
50118
16199
60616
9080
61752
19758
49521
21064
55433
20417
45794
14631
61649
20069
60785
20124
25398
20532
58609
20894
56858
11749
60388
20149
42772
15073
37783
13101
37250
12973
57910
16399
60803
20331
57337
20046
58878
20555
51153
20399
61547
20127
45515
15334
33416
20985
47792
16816
58738
20370
58582
20314
59767
19971
57920
20629
54369
19063
56920
19856
62959
20267
56901
17313
57662
20169
58464
20249
42289
21076
59326
20138
58166
14674
58855
15347
61637
20925
57201
20106
61754
20226
61602
11654
36946
20870
57835
20699
58244
15389
58291
20151
53080
16931
52975
16917
58246
20419
61797
20813
61176
20412
59640
20114
43015
20618
57249
13378
66244
20891
61769
20028
47307
20279
54634
15297
60356
20098
61200
20818
58116
20395
58086
20008
61918
20262
44943
19171
52538
20401
62047
20850
49218
21016
51349
17212
60566
20183
32647
20467
60664
20294
35932
19958
35442
20545
58421
20369
59384
20435
57535
20086
61469
19932
63273
20071
60236
20806
44225
14650
35012
20938
58803
11333
60611
25072
49881
17077
60701
20915
61662
20086
61909
55623
61035
19994
58166
20234
51430
17388
58008
19938
61860
20271
59317
20943
56562
19546
62091
20218
61752
21933
59450
20342
53554
20973
46639
21151
61805
20778
58701
20073
58189
14820
58495
20286
61391
20171
62749
20813
57074
20136
61200
20256
58560
20191
51865
20106
58670
20028
35236
11344
58001
20236
58005
19878
61276
20287
58124
20018
59036
21008
58542
20320
59389
8519
61669
20121
46233
16904
57454
20100
39967
17026
33202
13517
63234
19966
56981
20106
57645
20006
62661
10898
57442
20885
61481
20918
68126
20087
42487
14703
61616
20062
58486
20871
57789
19402
50658
16736
61456
8534
62413
20004
60082
20339
59492
20322
58286
20173
60209
15489
43010
13554
58394
20419
47962
15588
58870
20118
57081
15338
51186
17530
56898
20946
58327
20304
26743
20823
57281
20611
61178
20492
58347
20028
49425
20617
57680
21188
57978
20350
63102
20690
39846
20289
59409
21742
58570
21191
39900
13578
62252
21023
58870
20395
59912
20163
62043
20901
62964
20193
60391
20093
35724
11263
58470
21013
58324
19984
56958
19893
56371
20239
58427
20272
59411
22003
60033
19948
57637
20068
61679
17352
60860
20160
60765
19941
58452
20768
46370
20159
47375
16127
61720
20296
47501
19946
59141
15805
48108
16856
57913
20858
62744
14608
61800
14671
61957
20216
38600
13707
60315
19934
48206
20149
39730
13697
56888
20036
61404
20043
60677
20598
40268
11763
61725
20164
57783
20214
61278
20241
58574
19931
31450
20254
59632
20880
58151
20141
57627
20906
58810
20908
58298
19978
58562
19913
61985
20675
59980
20602
46584
16529
59977
20097
58857
20144
59138
21151
24789
8928
60634
19848
58722
20033
44770
19974
57096
21096
61299
20693
61626
20329
59995
20114
35464
11528
27801
16008
61844
20487
57262
20457
58146
20089
58741
16082
58344
20168
47298
19971
58357
19931
62185
20166
61386
20715
58582
20254
59797
20046
61716
20893
60823
20309
58937
20257
58218
20054
59727
20189
45528
20137
62190
20011
56795
19956
46864
21038
61699
19845
58056
20126
60581
20384
61645
20106
60106
19961
60428
20082
58103
19994
57958
15346
40573
20121
59752
20221
56966
19820
52427
16963
33336
20713
48279
20021
58900
44411
57532
20186
61515
20244
61145
21020
50421
20289
58123
20390
57153
20557
60549
20082
58324
20267
58366
20058
47965
16347
58831
13322
60429
20023
47525
20131
46993
19966
58995
20244
59426
20787
37125
16986
58527
19888
60164
19856
61223
16338
58439
11727
61964
11777
57995
20154
62997
21048
59582
14359
60762
20196
61158
19978
139888
16137
57282
11540
58455
20016
34840
19966
53581
20106
58159
20192
35809
11044
58918
20743
52647
16921
61198
20043
57209
15871
57835
20457
61967
20263
57391
18798
42271
15263
58569
16796
58486
20762
58199
20868
60196
20322
28816
11100
61882
20845
58679
19961
60023
21099
62894
20064
59025
20169
62145
20201
58678
13386
62092
20189
26064
8967
33125
20177
63103
20344
53867
18957
61341
19841
61549
20585
60772
20209
61368
20066
60072
20294
59922
20966
62266
20019
38251
20292
34069
11193
54876
18966
58529
18704
57011
20069
61649
21302
59176
20034
59597
20409
57850
20319
58562
20179
59991
8551
61905
20316
56883
20660
58750
20214
61594
20512
61066
29996
57535
20013
58863
20499
54379
17558
57768
20196
58437
13398
57415
20700
46425
16005
58090
20204
25208
8478
61657
19920
59298
17051
61003
15753
58416
20359
49095
20024
61296
15144
61909
20443
57115
20199
57836
15447
58098
20572
59549
19940
61117
14871
55572
18862
58078
20504
52506
20173
60028
20981
58532
20246
48758
16327
58653
20169
60537
20167
62122
20362
59409
20019
59817
21114
61864
19933
58256
20302
61288
20158
61718
19860
62156
16257
58068
20241
61706
20229
57787
20247
58331
19883
68250
20597
57552
20124
58803
20321
51669
16894
59875
20103
60283
21168
50802
16604
50377
20189
58564
20031
62486
20071
60717
20061
58820
20186
56848
20357
57976
20024
56110
20252
59184
21013
58311
15424
39327
20109
59110
19201
58233
19830
59995
20696
61659
20372
58699
21058
58609
20066
58539
19921
53295
20312
61649
20973
61616
20041
58672
15418
62238
20419
58434
15407
47474
19981
45365
20627
40684
13687
61719
20374
63015
20598
45391
21048
52059
13218
62468
21023
61937
20149
61627
20317
59925
20678
57416
20424
62947
20808
59452
19944
58752
21269
42925
14989
57883
20186
42041
13391
49056
17222
57156
13563
60289
20610
57662
21084
32804
10537
48390
15359
58712
20171
59091
20277
61433
19966
62108
20154
58426
19951
60632
17195
57865
21143
60393
21166
63383
20251
61463
20098
52564
20670
59975
20111
61423
20262
58704
21089
61949
20309
61567
20136
57104
20184
58853
20253
59219
20572
59584
20114
58051
20327
52071
17134
61817
19938
61165
20341
56936
19870
32675
19793
59314
8620
63190
20395
58073
20181
58043
20123
61065
19965
58577
20058
58284
12068
61331
20264
58667
20023
61138
20114
61348
20104
56690
20221
59956
11290
57921
20202
45184
15458
57801
19145
58690
20517
57845
19988
51740
16936
69139
20588
45969
15189
63674
15113
61466
19986
34101
11883
63083
15204
58640
20138
57354
20465
57295
21154
57760
20134
58261
13505
50618
19866
57028
20131
60935
20282
58534
20455
57860
20188
63648
20748
57840
16217
61529
20024
58575
20279
58296
20329
59259
21106
25725
8560
61809
20915
56525
19638
61649
26836
61339
16125
58101
21087
58644
20213
60010
20028
55165
20136
57838
20417
49283
17359
57668
20108
65001
20292
61562
20056
57358
20271
57542
20222
47813
19807
58343
20259
59269
20918
57725
20465
58151
19923
58577
19913
61561
19971
58231
20028
61529
21269
59274
15145
59081
20281
59234
15678
62145
20166
60976
20161
34870
8531
48061
15659
45567
15692
49899
17104
60076
20222
61509
20933
60775
20740
58480
20750
38245
20078
58735
16236
57708
14696
62841
21732
58482
15446
58507
15459
60336
19828
58301
20214
50009
17197
56009
19060
58564
20227
51924
17002
61023
14736
58010
20429
58412
20291
56890
14665
42467
20827
62634
20450
51862
16812
57432
13065
60113
19657
61496
19986
44896
32255
59893
20091
61514
20111
59228
15356
61559
20367
58291
20206
57853
20108
62558
20286
32243
11352
61243
20086
61181
20389
62097
20890
58773
20182
60947
19870
58158
15313
58562
20058
57244
20495
59226
20647
58507
12776
52466
16901
61747
19838
58995
20184
61082
20211
60920
20169
49731
17234
36780
20177
59551
11324
60170
20142
47195
20143
50141
16227
60966
20173
61258
20834
56931
20194
72198
20768
58479
20587
57762
20552
50692
20022
59687
20642
57840
20579
58591
20181
62521
20347
33525
20154
47011
17833
58599
21184
58875
20838
56552
20174
62128
20407
60684
20738
50782
20705
57933
20776
58068
20023
58485
19930
61622
20434
59872
20419
59123
19983
34196
11448
58236
20477
57698
20134
95810
29548
58529
20061
45755
20264
69196
20234
57741
47413
44707
15698
58454
20124
58645
20171
50275
21046
58114
20008
57282
20435
62636
15381
60313
19939
58084
20237
33672
20224
88634
17273
47129
15503
61233
20116
49975
17716
52928
16902
61521
17469
61926
11645
57479
14737
57385
19918
58251
20166
56748
20439
57129
19936
57106
19981
59294
20112
59339
20400
49843
16095
67712
20692
57810
16946
58827
20209
57737
20004
58797
20172
62283
20249
62231
13418
60078
20084
51713
16923
61751
20096
61666
20004
57988
20465
59359
21023
58394
20169
58138
20357
58381
16887
57735
20848
44443
20020
57817
20797
61331
20172
59286
20482
61125
20182
57584
20171
54881
20011
58176
27938
60664
18198
58441
8604
59779
20279
61812
20384
69111
54002
61163
20176
58537
16902
58178
19933
108508
19970
58918
20086
48948
20484
60546
20106
59431
20473
57700
20426
49143
16147
61997
15944
61333
19893
60093
20092
59166
20444
57440
20171
60555
14766
42798
14637
50303
13060
58800
20222
60345
14801
49259
20760
62619
20299
59925
21291
59870
19908
61647
11677
59953
11456
61854
20861
58174
20098
58567
20292
59985
20888
40660
20858
61421
20152
61299
20174
60224
20655
47619
20635
107003
20896
58602
20118
56924
18900
58841
15156
52343
20224
58094
20848
61291
20177
58150
13462
56241
11618
60118
20407
59011
21164
62076
21657
59611
20484
48104
20246
58218
21154
57432
20206
55883
20068
34458
20010
60416
20788
57153
20419
57753
12074
57184
20174
60985
16839
58474
19944
58114
11435
58780
20244
58591
20097
61914
20968
49845
20200
39425
20826
61100
20856
59206
17044
61682
20196
60547
20470
41451
19980
57109
20134
47798
20970
47519
20783
62641
20214
25420
20470
44277
15481
49328
16893
62341
20156
61892
20219
58219
11652
50919
20312
25866
8816
63077
21816
58237
20014
59256
20149
48512
17077
58378
20034
61258
21079
61424
20612
58242
8489
26169
8717
72477
20362
44606
20217
57046
19993
60650
20001
54579
19015
59028
19756
60030
16111
41401
13687
58234
20214
44531
15239
59496
20084
60497
20276
58722
19993
36166
11433
59206
20505
61544
20244
59429
20008
58276
14956
62805
21051
49288
20152
58402
20283
35970
11055
61812
20744
49071
17026
60867
20903
57015
20389
58306
20089
48161
19934
32375
20097
54158
19776
62616
20026
61672
10489
50826
28830
58910
20758
58078
20084
47628
16190
59752
21998
36742
11515
58520
20993
59269
19755
59251
20763
59945
19922
56768
19329
38277
20369
58131
20858
60757
20650
49776
20269
60592
20249
41314
20043
58485
19998
58339
20409
61305
21775
59279
21044
40279
12098
58808
20216
49522
16262
57434
20713
57456
20202
58657
20015
61408
12276
45883
15577
48397
20934
54353
20828
58858
20612
61368
20089
37027
11515
52812
48043
49542
17041
58687
20803
60579
13631
60280
12603
59098
20953
58516
20209
61739
20951
57652
20246
53190
17331
60248
24144
55676
19230
62383
20582
58591
11695
46873
16047
58674
19983
61824
20131
61446
20040
28622
21657
56918
20241
60517
9428
55455
20209
43817
15340
51166
20326
52312
17241
50089
16973
58273
19976
49860
8876
58728
19911
89088
20379
58108
19941
57951
20743
58356
20096
61305
12895
59674
20776
61639
20038
60552
20370
43171
13633
35267
11553
59883
19996
56879
20006
60649
20578
62483
20279
36267
20665
62844
21223
46853
16244
57043
15878
56322
20251
60216
20312
60764
20322
62634
20041
57998
10787
62867
20329
46605
20359
58554
20279
63799
16365
59188
19913
53276
8561
58161
20174
38319
20369
58612
20139
27387
20568
56462
20377
33836
15020
90355
19945
59782
20329
59174
20181
57057
20885
60512
20670
57800
20265
61263
11627
58157
20072
61136
13870
59387
20209
55098
20412
61604
20868
57221
11656
27921
8677
61376
20097
58778
20252
57021
20361
47511
16228
57977
19962
59459
10681
58402
20286
58767
11784
48060
16218
61138
48537
47282
20993
62303
20366
59805
20306
58276
20515
61141
19998
56805
18912
58449
20199
48814
20515
58351
13630
62866
19903
32269
11217
26079
19906
59015
20118
57517
20211
58490
20154
52850
17105
50915
17379
57562
21081
45963
20040
57660
20256
48798
20457
61862
20420
34111
10747
60709
20058
57983
20133
62475
20058
57326
8633
62265
20256
61270
20116
56229
21058
62616
20154
61582
20201
58276
18918
40281
20341
58412
20149
58452
20114
28195
8522
37469
20144
59830
20442
57299
21059
60905
20002
38070
20008
58600
20522
62178
20277
34074
21039
59912
20241
61010
20081
59585
20219
94231
20079
58807
20342
58396
20111
49615
17272
52516
15362
36564
11529
33448
15316
61431
20186
57617
13619
57931
11545
59874
13374
62033
19921
57920
20330
47629
24333
58033
20016
58782
20257
61629
20171
27404
20148
62167
20116
62688
20362
60904
19958
48159
15358
61349
19903
62786
20096
60977
19971
49771
20113
59229
21078
31186
20427
26834
21166
59602
20407
34781
20046
57054
20810
63398
23384
58354
19871
60176
20056
61948
10474
61990
11479
60309
21253
53081
20883
57339
19906
49785
12651
58883
20339
25691
20727
26079
20424
24417
20547
58419
11598
58978
20347
38596
20078
44930
10916
58624
20409
40015
13550
58556
20171
60632
20261
60043
19976
47889
20167
61408
11800
57973
13335
59118
20149
58492
20361
58670
17079
56625
20158
58472
10977
56273
20279
58562
20096
28380
8973
48171
20324
62120
20297
61278
20094
48800
20300
57730
20142
56462
19921
59061
20041
62847
20110
56830
15923
60735
20184
56154
52683
35279
11230
62626
20046
48233
21044
48550
16892
59677
20091
36742
20064
59323
19923
59033
15334
58724
20522
61557
20257
61078
20551
60020
20126
42064
20184
24393
20441
46746
16533
56016
16358
49898
16990
57918
21084
61687
19986
55848
19226
39296
13463
61093
20098
61010
75120
58425
16097
59362
11631
58376
14654
57749
20495
59236
19983
58895
20256
25762
8842
61640
20327
49524
16905
58344
13517
59093
20413
33691
11241
35486
11360
59456
20084
59075
20179
53059
17037
49472
30519
58645
20216
58291
20337
58487
20535
25967
8526
57074
13447
62163
19991
58181
13400
57074
19435
58041
20158
61318
20289
57562
20613
61057
20177
62700
20209
58374
16229
34977
19965
60662
11307
58957
20412
37859
12054
61900
20116
59346
20036
58246
11528
83643
16970
47806
17005
60943
20146
36809
13020
57783
12934
48499
17149
59824
20277
40425
14636
58274
20096
32951
15493
61123
20079
61958
20662
34912
11459
59231
20116
60967
15223
37063
13164
89074
20041
47820
20673
57111
20635
62594
20966
59168
15071
41239
13431
32524
11695
24241
20352
60674
20752
46914
20199
57637
20938
58329
19950
58459
20322
42159
13562
60190
20086
60960
20369
58913
11257
56472
20407
56950
20980
57933
20164
58931
15211
88701
20043
48738
20700
46354
17110
59333
11640
58900
20295
58695
19051
59612
20357
59241
20036
48602
15076
60582
20142
58397
19863
49686
20996
59414
20006
60712
20282
47514
14570
59968
16213
57604
20236
39658
30549
41233
15071
56091
20472
59524
14850
50486
20122
47876
20052
58407
20991
58303
20344
56730
16836
58802
20307
59788
20307
26429
8515
61411
20151
59271
12369
61514
19856
35173
19150
36456
20108
60955
20249
58810
20053
61821
20267
35015
12134
61954
20181
59388
19919
56429
10798
60191
20012
60233
20011
60191
16097
60887
20159
46067
20048
61148
20259
57903
20272
55687
19027
57392
11477
58043
20227
39472
20587
56101
20149
56726
20128
58532
10797
58319
15737
56905
20738
60407
20158
57064
20219
60464
20951
42393
20677
32667
11194
52776
20164
57259
20219
49800
17040
48583
17400
56287
20244
60571
15423
60331
20262
52291
20842
51402
18024
27407
20056
35661
20360
26602
8680
60066
20029
58852
20128
60271
21124
52668
17546
59767
20304
49811
19974
58975
19818
35407
11472
63548
22660
43817
14768
58750
20036
60075
20260
61243
20174
60572
19725
56510
20548
49897
21096
59847
20216
28796
20830
25302
20487
24876
20469
36873
20109
57071
20249
59725
19994
71274
20000
47272
16054
58347
31195
33602
20898
59399
20279
59081
20116
58797
20403
53035
20059
34273
20154
60333
15735
35397
20227
72457
21023
48201
21121
57767
20339
28525
19991
35931
11428
58747
20798
58361
20099
27390
8802
60293
20044
47653
20422
59281
20487
57247
20698
37532
11557
99601
16866
48162
17027
59056
20274
58772
20367
41623
15307
57211
20123
58499
20101
59680
21346
56257
20299
60414
20707
56660
20176
55969
20164
61481
20853
62028
14741
58098
18940
59695
19945
36554
11170
62504
20147
62443
27053
58437
20858
60048
20066
50172
20511
58189
19999
57682
20171
58572
20061
58901
14177
58760
11636
59494
20873
40033
20647
54555
18935
58535
26431
33183
11562
60040
19989
34935
19778
61236
20820
62551
12264
61324
11305
52765
17062
62058
20176
61935
20943
58530
20201
48843
28036
60487
19926
60973
14559
57943
11674
46526
16137
58364
20079
47779
17096
56485
20034
48167
19998
56978
12159
61709
19845
59865
20640
60576
20096
43409
20176
57547
20176
49839
20120
110150
20166
59304
20209
25928
19770
35645
11648
43184
14699
59865
20758
57890
20266
58164
20094
49771
17075
57539
20096
62794
20327
58273
20172
59193
20695
58675
20018
56720
20214
61233
20224
59880
20832
37072
11479
58314
41165
58622
20518
57863
20589
34741
11349
48733
17967
53202
19030
51478
16885
55091
21053
59283
20144
56565
20106
60266
20359
61439
20608
41554
28558
58960
20301
60101
10887
62414
20912
52716
20256
42518
14763
58685
20058
58677
20881
60549
20043
58018
19978
58356
20921
57429
20953
57520
20159
36282
20968
44647
15451
61818
10502
59388
20266
60351
20424
58387
20021
61553
20116
56565
20096
49999
21116
34530
11185
44602
15238
59815
20414
49235
19948
56287
20101
55169
20091
49949
20207
32409
20420
52638
20133
56159
20009
58326
20169
31454
10400
58226
19994
36873
19918
60585
20978
60722
20024
60143
20061
26798
8653
57282
20194
60419
20717
59136
20235
47439
12128
57304
48604
45452
15439
32876
20161
57620
12440
56868
20380
35671
19960
60339
20266
61374
21207
58858
20302
59394
20226
56920
20114
61551
20971
57379
20387
58514
19983
59416
20144
58046
20299
61477
20966
58141
20221
62077
20159
56687
20482
45609
19943
62133
20059
58926
20279
58214
16930
47931
19996
58805
20417
49918
19975
56317
20099
59657
20119
61349
21041
56409
19883
58847
20764
51055
16832
57782
20146
59615
20171
58018
20146
60151
11523
61527
20612
48771
16919
59136
20698
58492
20361
58319
20227
56392
20221
58970
19998
58823
20580
61638
19803
61854
20232
60822
20404
58364
20242
58740
20332
58294
20554
41575
13751
56575
20204
58069
10636
38188
20021
58008
16184
57572
11682
56705
20851
99124
16501
60577
15385
43685
20467
61970
20395
42195
20943
45663
20394
61785
20893
60461
20089
57231
20036
25900
20196
39820
20234
58800
20161
58023
20492
31254
10498
32696
10852
64039
21617
41514
20685
60108
20113
60308
20991
60449
20039
45404
20835
48426
20898
57133
19932
58392
20672
58121
19986
57848
20011
31884
20194
48788
16984
27224
8733
38172
20395
60542
20161
60549
21184
49644
20046
48098
19966
39137
13739
63904
16287
49421
21174
61030
19921
24532
20234
60236
20174
59471
20650
58793
20071
55778
20341
61554
20222
58479
20474
42310
15060
60677
20412
45696
15995
58166
15348
59213
20108
61607
21021
60566
20863
48324
16229
57629
20088
58266
20104
68790
20906
57104
20234
26859
8710
56244
20271
57665
20174
39710
13935
25514
20189
59701
11873
56470
20473
55946
11634
59901
20364
64097
20090
48542
20151
58496
20559
60652
20389
26647
20090
56866
9405
50415
20840
57179
20245
56791
20208
60909
21409
45964
20856
33580
20186
59604
20645
61474
20169
56682
20490
60316
21422
35176
20236
59875
20216
61579
20309
56896
19890
42961
20111
63561
20530
28885
20822
57947
19948
25625
8772
63538
20923
29774
21159
58141
20119
61727
20461
45395
20575
58987
10738
61277
20543
62190
20272
39821
13460
59246
20331
59073
20176
41124
18049
45852
20226
57205
20093
58176
20002
58795
20367
73699
20452
58662
20241
58622
20150
55138
19065
58789
20966
61880
20046
37346
15909
55996
20119
62183
20106
61759
10408
60659
20111
59899
20026
64276
21812
70837
20151
57688
20260
47494
20061
65834
21028
60767
20425
56620
20284
45857
15995
44227
20184
56904
20354
58234
20116
32695
11170
59101
20114
62074
21166
61860
20725
62278
20720
34979
13490
58805
20124
39313
13594
56650
20086
58013
20832
60033
21040
57231
20041
51966
18333
57114
20277
57893
19938
60767
20171
64788
20449
34420
11388
51896
17587
58512
20156
63393
20810
63393
21585
59331
17172
42838
20116
55224
19976
56551
20086
59186
20851
37852
20144
61146
20835
55926
20738
61894
20763
57026
20241
58271
19936
55332
18933
49184
11565
59752
20966
56662
21010
60116
50706
57603
11928
55473
20495
61890
20407
71076
20329
27739
8938
26008
8903
58394
21148
56394
20522
62028
21948
61825
20946
58663
20011
44896
15413
49715
17482
57798
20096
37045
11935
57897
20202
62829
20654
25188
20822
54700
18803
59041
10047
57965
20287
60627
17039
56043
21090
61559
12046
60318
20883
56126
20161
58562
20191
58773
20211
62296
25103
50426
15847
60945
17011
60291
20569
52888
19909
57167
18975
58865
20440
58321
20196
58973
20104
49569
13671
68492
20337
60073
20254
59820
15294
62278
20258
50290
20369
55112
21362
33328
20316
48846
17096
38198
21182
33873
20114
62048
19966
58101
20267
59539
20284
58642
20299
60629
20296
57620
20292
56860
20290
48873
20341
53207
20029
57146
20828
58312
20525
58334
20344
60962
11721
61902
20263
49518
20505
60659
20417
54898
20918
58677
15824
37373
20182
60509
11669
58873
20206
46278
20394
62622
19791
24770
8550
60509
20009
61827
20231
56656
20301
59479
20359
52618
19966
60163
20179
56517
20106
56715
19828
60547
20184
24380
8597
56727
20036
58597
19906
24319
20109
58369
13052
57422
20086
56733
20154
63152
20294
58580
20121
61301
21131
58525
19961
49071
20072
59005
20164
52504
16894
58058
20773
27058
20382
57624
21104
59910
16936
57685
20750
57562
20795
58735
20126
44632
20069
26442
8715
57294
20242
58135
20048
60022
20051
58622
20139
55471
18846
36917
20361
58843
20162
60251
20080
49764
20122
58349
20302
49781
16931
59547
11796
57071
20483
58407
20214
58108
20379
59486
8708
58918
16359
42063
20149
58371
21547
56061
20159
56938
19793
