400199
177973
385868
179856
229853
179176
312387
182261
397454
183915
391048
179083
396335
117276
400423
180021
393080
180829
326341
178455
418646
153178
369081
179462
399411
116380
398360
180492
397144
178243
397195
177514
397748
179692
392787
181146
273177
104457
304393
180969
394834
179843
395673
102740
395210
121879
389802
178219
394957
177784
393511
178314
399620
176706
445870
105527
409702
216789
400483
179444
179680
180812
390509
178196
183024
179880
399339
179482
394831
177828
397307
105552
386831
180120
425436
82185
285448
85318
395610
155074
389427
138613
238090
106956
396348
122674
311122
223738
400329
176868
268992
122970
292264
177772
398949
124021
399184
179384
270064
176754
386472
177855
265005
121742
387598
102212
404960
178826
402560
178109
396678
119127
397617
180469
191636
178715
296607
180318
228257
103940
391359
178505
397961
138916
229971
179522
397883
181772
387384
179670
300443
82910
389203
182755
399507
178111
389664
175331
402755
181444
396777
184110
397894
179991
174369
180469
400516
180783
254118
84461
338062
152308
393904
182987
186282
87892
223664
104904
218007
94891
398099
178961
399394
177545
235653
179712
400745
181124
172084
179181
177152
81390
398206
179832
399715
180164
389399
178229
186940
83167
397548
180121
236993
178161
262105
119477
396092
104806
394711
177583
312833
179016
397758
131265
389546
179417
399051
121913
234604
176669
399741
179249
403020
125370
387424
178675
398639
177896
316934
179226
399261
181005
288269
133830
313194
184043
392509
180712
397856
186092
391915
179126
177778
84861
403225
179697
273917
178545
403218
178643
398016
108435
396891
178022
386805
181767
181893
134441
392885
181080
390714
177304
321289
180089
398500
178594
247423
116865
443720
177636
391148
178790
388993
106101
387111
180504
400302
179570
397295
181016
375913
168132
398192
177648
407573
188092
403345
177863
403198
175052
400321
100211
311982
146130
398475
180890
173975
84464
313733
185341
390478
178024
398854
180070
326556
144640
401181
179357
398266
142454
390223
178457
294081
153385
275614
121527
384639
149693
387033
177116
225738
103075
302673
177342
399177
181124
262523
118646
398808
178015
401419
179174
400377
180288
398365
179144
433282
181952
322363
177617
263589
122803
396873
177350
418183
179467
266833
133533
386224
178590
404353
121512
395749
178808
306833
137868
397077
177721
274394
121609
393812
178954
390033
180564
398742
135115
395751
116270
195610
179106
373733
177715
316895
179989
220228
103520
394535
178156
323232
85133
254007
114037
394590
177598
395433
177889
389189
177936
394466
176402
222685
105298
338569
153783
385181
177798
426011
178515
400732
179151
172101
84128
401375
130478
323996
179124
253095
112688
399053
131329
392037
178999
396648
179913
394941
179262
220157
99653
336637
179640
411133
151740
316196
144151
410683
181035
392065
180527
249446
113183
260358
106135
396282
121963
398823
181800
390063
178427
389339
178915
367465
169050
396996
143726
296624
232922
303938
143692
396154
180140
395971
213972
390857
133627
396284
104886
429841
124335
399437
109163
396090
179241
297452
122824
418455
206604
252827
112973
406177
179360
395180
178230
405410
141306
391078
177752
397292
180158
314580
180023
321268
122015
400854
178846
381591
121956
398737
179359
389273
138624
393977
180980
394328
179217
181242
83774
229381
105985
294498
131245
269077
121043
296650
102702
399482
177784
397974
176876
397197
122662
401875
176783
391389
150686
389449
178818
346654
165383
401689
180123
339185
181671
215673
102785
392568
178795
388539
178627
271444
177170
400282
179530
392704
181847
395017
178300
422914
145819
269267
122917
337001
149854
265463
116770
388304
178269
384388
180815
181705
83870
386999
174438
391712
181023
398928
122814
227893
104148
261553
118637
403315
178214
402648
178407
397896
180902
389111
179723
395262
178906
444701
180471
251240
111814
315957
138335
396948
178352
393975
180020
401261
177898
254403
118191
401396
178324
393674
113460
388562
175833
397736
180170
397387
179147
389334
178796
395901
180885
400367
107576
323775
146627
398024
115778
388499
180787
394403
180344
396096
106089
398864
137188
402090
113608
400878
179708
341332
180885
387633
181474
396768
177598
400867
178184
391949
180935
400392
179378
392847
180940
400076
178993
390700
177284
399720
106200
398355
178560
402507
179725
392005
178901
308117
179219
402601
178479
393420
114956
393619
178959
393837
178795
399958
179517
366875
167434
298254
137298
419762
188224
394030
122653
395077
153449
399803
179540
328997
180026
398234
177575
393671
117269
398427
207421
331576
177783
244318
107016
397134
181297
387632
180970
397091
104100
181108
179568
390747
178660
397330
179645
396927
180792
228979
178209
175170
179231
296962
130636
270113
178901
417488
122418
401695
90280
324410
145542
329871
148713
387983
176315
416211
187924
394614
181439
233695
179738
395837
179492
215957
101681
182235
82972
390787
126672
343188
153103
233204
104706
252108
114199
400048
180710
328732
178197
396329
180456
271327
179114
227122
180417
398452
178264
387046
187693
233953
108241
325559
83708
374903
105691
392423
184303
234232
105770
399935
179434
265127
179332
253962
213949
414893
177883
433151
177226
399858
176999
341723
178570
397570
179649
390712
123110
396417
180658
370436
180356
407017
137136
387510
176174
397973
180996
396259
177345
344509
152620
389614
182368
269922
179199
173164
180933
402534
179321
300849
176730
405723
219562
397555
144157
339271
137552
369828
171214
398670
177046
231960
176567
400018
177718
322722
118145
399191
178014
410991
185806
417393
186000
334528
153356
397011
131883
227597
181747
416950
114417
392623
180427
346825
186824
302615
127673
401268
179143
389530
176552
234101
105017
391929
182805
310948
140700
391772
179612
394706
181814
393642
179639
380379
168653
394769
178846
396347
131584
399487
176961
399472
180527
297738
138915
375570
180976
232686
104505
398588
178482
396427
178598
389627
179595
336754
176247
334622
179314
400685
179975
298602
136944
429211
85091
396187
178352
183371
84073
343683
185709
378669
168111
294948
179713
368648
181168
452523
177913
403520
131020
399109
181291
193590
162529
394742
178384
394687
125902
253283
116278
273956
122982
393719
177524
342099
151267
175664
108245
269586
122614
396907
178533
399697
178385
396563
178748
389920
180316
388199
181231
408077
206865
398157
105493
398294
177988
385795
132759
270164
181080
392619
177601
377424
170566
402536
200262
397395
152616
333249
153045
311890
180769
179690
80456
331439
181053
399116
178315
335327
181388
402582
179300
391914
179399
338910
106284
397272
178730
395918
180048
389722
177883
238767
179238
222975
179472
398640
179986
390650
179327
398898
146753
400146
181328
225734
104352
401583
135610
263632
177503
399202
180567
397114
178583
322623
143136
399836
122233
227529
180046
388213
179036
263296
116788
275829
179364
389537
178484
402557
181645
424493
178861
302872
140618
429318
204422
398898
180457
397367
121505
399031
102692
398412
120627
397001
180811
298656
131274
339462
179765
369172
133026
424515
135157
226144
179535
399061
176329
389737
179830
395498
179427
392206
104726
398023
178368
397683
122715
401016
180782
387953
177676
397435
170955
396185
179622
178735
180680
362615
85436
339683
150324
178285
81451
392085
180193
396370
179537
391398
178670
392469
179361
179515
81556
396398
177322
263290
119767
305251
179254
394300
179124
397352
180562
395199
123584
397986
182632
213386
100123
236301
106532
351921
154198
396006
178750
375205
169356
399050
180008
396513
179346
392596
179394
230869
179930
291317
177502
238917
107551
180772
84754
331167
181342
305461
167874
395638
178567
325159
105764
396040
177830
340283
176856
342209
153946
336009
153145
267180
120475
221808
101870
399113
104612
397593
179126
329890
150185
180320
121576
376949
179111
320648
144435
395866
179327
396518
180527
228396
105050
403478
180589
391880
179071
180660
178661
235226
181862
394716
177409
310825
139135
184439
83434
312307
106847
398760
178008
322440
100580
184585
87587
331262
150837
236848
108693
200375
92932
269873
124672
326663
159457
223925
181785
393558
178723
394355
178205
177984
178617
350212
151997
335414
149554
271798
120091
189213
185884
396689
177924
331527
145066
272997
123215
395288
177551
394337
179587
394157
178026
400103
180908
399833
178825
393553
179772
395505
178321
399687
181664
401409
176184
405666
221970
271141
137307
395688
176407
295492
229788
302821
180580
397979
178014
337036
153793
402469
177159
400607
179104
389271
114427
395992
181244
399978
176759
410182
209535
434745
145516
407536
184373
391263
124388
400960
178099
389792
181547
393331
121723
408510
184613
265398
180391
295249
133495
243716
177999
399707
177527
300978
181581
409590
179515
395784
178021
401462
124516
400705
179509
388499
179627
396986
178961
270395
148587
330920
180713
399966
122566
377853
167193
259532
144763
233949
107911
292553
178146
326851
180750
397643
180679
338953
154979
403226
180224
249632
110778
377834
134729
323212
179552
407049
184666
412694
182634
420506
191846
341640
152458
421425
185965
392549
177152
203413
184541
386539
106628
399750
179975
400941
181149
254332
118124
183027
180545
366972
168707
412517
182397
400201
179008
227915
182140
394946
180451
320981
144956
263408
151757
328857
152479
190592
92057
319366
147913
310792
177465
410515
183664
341997
180966
368571
170155
395287
176520
175963
83955
416324
185819
389213
178456
396139
180663
248135
107792
271673
179798
402148
135572
390131
100542
430915
200402
397204
177741
394927
178104
345511
176751
223397
102184
310771
178532
398696
179081
394741
180213
324940
153416
400209
176686
401762
179978
338134
178167
389113
120810
401782
179404
388214
179139
391644
177891
376806
169748
314284
121625
337760
181519
239467
176814
171813
179991
326583
146947
265373
121286
270424
178931
398563
178428
398202
179104
268992
122331
406608
178350
395794
177352
182426
84197
394526
115367
398986
179043
390404
206081
273148
177455
330885
152493
340008
179895
398329
177821
387429
102160
229893
103319
331792
179028
408260
179980
369544
181173
395868
178961
386008
177653
271375
121632
396537
181808
391084
178667
295258
177642
320484
182186
341075
152706
332822
179703
338779
138379
390890
179344
389256
181111
274734
179179
397700
179497
398619
182095
359367
90714
395308
178254
403413
99798
389953
179562
393020
179312
401740
180016
388903
177422
218652
152453
297282
134947
376243
121494
400842
133051
394954
178950
397740
119075
232695
106712
323312
145234
400206
176250
333652
179392
401025
178946
253286
178457
393608
179494
396202
175864
324697
178083
339527
152014
394448
178142
394796
182010
398074
181324
400938
181710
398978
112475
222458
104500
399442
176217
394120
82837
397482
178287
387032
177377
396536
178029
377785
178241
397335
178905
369210
123035
179922
83559
396815
180509
235265
112000
398064
170745
388815
179634
399682
178989
304184
137000
398948
180083
181194
177548
336788
181098
399940
179721
401780
180094
406022
177425
394085
179712
395783
181983
401387
119044
401461
179609
264921
178580
339569
176943
343448
154346
429448
81596
332947
152631
341366
153707
397464
180913
184382
149383
336919
151532
393311
179431
401175
123913
397460
178683
399765
181557
335829
150570
321039
179681
396991
179815
337934
153258
390359
180101
391218
179800
399898
177492
398422
179958
417194
188936
376586
167638
393328
180983
399862
176598
389830
178216
396548
179625
402950
180933
394878
180923
337104
179595
393156
177806
339380
121405
394979
177884
396003
178910
182010
85527
403080
189885
179616
84535
418921
190888
401499
187292
402684
180156
333267
178447
212815
178973
397631
179908
245991
115181
400718
179710
231321
178492
394160
179652
339016
150169
397179
178613
396892
179048
399126
179878
223687
179266
353160
186826
392636
178564
399108
180053
403762
223376
252479
143389
392425
178560
398094
176215
492897
153412
228620
104352
341212
179608
267797
122768
246747
111475
410859
182158
399306
183742
425947
93791
398206
178334
407882
179770
398249
178642
394475
179193
321041
144419
389291
178017
415223
208200
398044
181274
416669
208701
338982
152478
407039
177780
388025
177923
399632
178640
399454
180048
389987
181161
396713
124000
398960
180830
378299
168281
178504
84577
399620
124079
396257
176548
432041
179602
396791
113725
397924
182198
402506
180109
388104
179808
397490
177543
402119
107361
271977
122073
398708
122094
400838
179061
301452
179595
391722
122435
396485
179524
401454
176770
229786
179487
399224
177820
300754
138760
391506
183226
229839
180048
397949
177616
336311
180307
397349
175967
428251
117329
398610
178154
389929
181231
398550
178590
231774
107385
416506
180927
329034
178362
402156
177921
401757
178858
397986
101362
253787
105106
419436
188482
424771
188714
383070
176653
401627
179027
400209
179299
389534
179397
394621
178983
180520
85616
400860
178499
416751
141474
181708
85206
393508
179597
392376
179397
391864
178610
409729
159588
398833
179384
271225
124781
420533
118997
415639
185341
389527
181818
391250
180757
392982
181955
395732
177026
396653
176565
399778
115026
399464
152349
398339
179733
389607
179083
392341
180817
392438
138145
358662
177771
398289
176383
410262
184140
402815
179703
394107
178718
400467
179865
398567
179099
399961
108579
275539
124920
337526
152061
366854
181093
400579
183268
376894
179006
399246
107831
394792
177607
396107
176453
399568
143572
396525
179199
398011
179242
399242
178251
392185
181108
410879
198267
396365
180288
396836
178570
427667
180584
238265
179431
400930
176883
340035
150650
389732
178663
392320
176794
227613
178522
397845
180284
398583
181041
395967
146390
417148
188274
394473
179777
400760
103928
272489
121446
406959
185010
221646
106327
391539
179926
337455
151331
399417
180337
398228
175816
336558
152402
397194
136391
396178
177866
397617
178041
234555
107114
402046
131210
342593
151781
400334
181201
401116
176783
397735
152866
396139
179963
330772
152730
427050
135364
338240
180955
399356
176420
252273
185832
396506
180684
403349
113856
288953
177938
390939
178667
395135
180341
389644
178552
398169
178548
394719
176615
396480
179480
339999
179357
394819
175445
229499
103536
403261
180595
340001
179264
398577
180702
399139
107724
392816
147440
392088
155388
394794
180960
398129
177598
393717
83109
383594
177578
395851
177056
227994
103059
328868
91280
393752
109153
404078
179974
400083
178610
337863
180745
405951
131096
275575
128215
404360
218757
393253
181129
397448
179041
417466
109239
435033
178251
181573
82505
418413
115649
419565
189227
337172
151799
394859
178121
393320
88454
394298
115019
235934
180152
398104
178241
395829
180652
374123
169155
407831
179079
400560
177304
378216
170311
396904
179692
397673
179605
217083
101947
194951
90066
393080
179976
396934
178379
397091
106950
178067
86984
322091
143444
415932
215215
400377
122853
221410
102144
403207
179993
388712
181517
397730
182183
399345
179971
395578
179855
249987
227237
390449
181809
394192
177906
398627
178204
320444
144946
395554
181418
396380
106848
340305
150561
408686
199769
272028
124008
407794
177638
398282
180008
398583
178259
310258
135628
415528
188701
409234
179863
427830
197614
227584
179023
398901
104885
396565
178525
266261
125508
395427
177859
397989
180515
402690
179547
261720
118462
390647
152701
400386
178500
264150
121134
397598
181181
399597
178139
391376
168528
389665
181495
216992
178382
388734
179547
395047
104087
265346
121602
374075
168655
352495
161622
409588
117417
416656
188182
226021
103202
398124
181016
402376
101535
230166
178710
390674
178452
408259
208215
400221
182038
338735
151582
399242
123315
185841
179149
403824
178791
403742
180643
402845
179715
182791
82489
387653
177006
222510
101984
390051
179678
389740
178993
399886
179391
393545
180596
393553
120067
391203
114122
372287
180597
179093
180144
235243
109322
400256
184102
397570
180251
397109
179163
388406
113481
233579
103600
397014
100313
400425
176367
403310
178285
389386
181041
327742
147610
396422
144375
391057
178728
397279
185007
394037
123300
179384
88070
394105
176488
397537
180492
398838
178635
366722
178455
381924
170387
396713
179597
400767
178751
396563
168657
387552
179069
270946
179322
402448
94841
237627
106201
399787
101137
405082
179375
391667
139407
241564
107076
391234
179968
390975
180983
391692
179404
250020
178707
387512
103832
391556
176330
178948
84439
393504
177156
399039
177971
337743
152159
399282
177220
400955
178860
419185
110139
402068
179176
398473
180254
396595
180204
177551
180151
396899
118010
339127
153433
401499
179948
273620
122636
400854
150762
403077
179284
398425
180026
394388
179643
391255
179896
320292
151508
293975
132714
397246
178277
402023
178547
261711
178169
392575
118465
395325
177966
388404
179585
390928
177171
374726
180025
390038
176795
393415
108580
330633
178929
286602
129997
391539
98987
391303
179638
396182
179923
391429
175934
379542
106360
393867
177986
389793
178593
392353
190664
392441
178231
397528
178016
184334
178915
233597
103145
402015
180584
333319
151078
393426
179324
413126
178661
402714
178091
222055
101686
309224
179196
411801
179748
403021
181062
180101
83834
397031
179311
397853
179945
404787
181023
323863
145036
340293
179217
206723
190612
272810
120022
397229
180284
230863
177375
322959
177352
396410
109092
325845
141679
411755
180614
393799
177287
387526
181091
395082
181829
394892
180043
394077
179540
393446
179692
400374
179996
420413
93696
231450
109596
388724
102175
389546
179728
266237
120268
374502
180870
288827
132686
405644
109321
404126
186123
421901
180659
241242
105559
393291
177903
395959
180362
347203
198814
369076
170021
389221
179470
393178
178203
234804
106140
400030
179748
400138
179755
399890
124446
399086
132339
401179
203617
271771
179445
395723
180953
179057
180547
323805
144931
398821
178760
402719
121368
229231
103893
400406
181732
399801
178134
172529
103659
402839
180354
173964
180677
399460
203166
175582
83410
438209
181803
399600
180304
395318
177345
397711
178950
397352
179718
405009
176785
396625
181428
339737
105725
399239
177961
231587
106368
396798
180865
401416
179680
397220
213347
396816
179006
398635
178311
397129
178595
400728
136446
375533
166478
395545
180367
254360
138940
333602
145467
396495
122348
395252
180432
399519
115091
398437
176360
339624
151598
397191
179650
400111
101278
400509
118387
396654
123607
396949
179607
399166
180101
396646
116513
397360
179598
400243
179174
389957
178294
398109
139148
395277
179970
391138
179530
400056
122122
395290
178605
303576
137577
397580
179963
379061
181532
416674
146230
403948
180456
233682
106999
399144
139794
401920
178297
396948
181060
342546
151927
415875
181607
206346
177736
397367
178610
397904
179156
252326
116644
396283
116910
404529
121927
341434
178575
398475
178858
397738
179875
295124
177823
337647
154707
321215
178913
292087
180402
411002
179035
394724
179054
396630
182434
395375
180101
399726
180186
400279
178310
397364
178883
397670
178883
395928
180619
338070
151674
396210
178850
396112
179424
399213
179311
421485
181559
393426
180397
401837
109777
396107
177809
401091
179226
390562
181694
389236
107827
391251
178701
398001
177548
264588
179011
399748
180031
397803
178455
396133
180347
398171
179269
394340
181745
402544
178923
398537
177628
397811
178522
402852
180201
272221
130912
398410
180910
398582
109576
310695
137291
258535
118655
373326
179154
395894
179479
261601
118824
176989
85509
395360
181096
372144
179539
390291
179151
390421
180980
393030
168538
386833
179786
236275
106002
396964
177575
255306
149964
394670
180510
394243
178663
397162
122292
399795
177197
396696
122481
395132
123048
395034
179733
419032
115241
394438
180534
392040
178785
174788
176555
400935
179840
183778
85285
341615
151326
365998
168552
399727
177014
420833
178322
395959
181747
315032
145080
397392
177938
398758
103609
252942
179936
305971
178071
394087
179314
396036
177856
391596
179296
407385
177888
395130
176751
396209
178548
340673
99642
397495
181291
398703
178981
399833
102447
400324
178725
393263
181031
276962
141061
401236
179738
181296
82115
262222
122635
390652
177137
393293
179157
412426
202242
395740
121268
402275
179209
311762
168227
304911
180136
422195
138274
391339
180074
399033
182650
403847
178239
399873
123519
396558
178276
373261
168990
222218
179178
391734
117274
401103
179116
396615
181527
232643
177745
397376
178192
398079
176282
398828
180064
225559
106145
390401
181446
389628
180953
399753
181459
375386
169344
325060
144989
395758
180121
431558
178291
396197
180136
397228
122487
412840
175708
395809
178705
221815
178489
400299
179121
224973
103056
407352
178700
182602
180001
236434
181201
410830
190434
390900
178953
431608
220755
395943
179375
393821
178705
400369
178043
402433
177728
397453
177030
397045
177625
340031
114640
393093
178229
392068
178612
295550
133749
402150
179742
399527
178111
337290
179605
396368
182664
391957
179061
393369
180680
396764
177665
345681
116990
402747
178595
419948
114470
403336
179047
398846
179425
340025
151054
401449
179399
401422
176806
333580
151530
340093
152164
398843
179837
398517
105126
399838
106660
399495
177981
400657
178146
390737
179778
384091
169061
338309
144374
337568
181474
400497
179049
333303
178315
388876
179600
397027
179445
397375
181000
399309
181272
431573
109008
397565
100488
390037
107105
341699
151617
399868
179725
327660
178981
407536
122423
410355
229306
408395
182341
397968
107811
403752
178594
398064
177094
403324
101623
390153
180857
391481
107665
398835
181088
389720
175916
399863
180555
334655
152057
330958
156089
395906
178703
394580
179748
412484
202792
400437
179716
400429
105835
423026
180702
395205
179179
400164
177730
401266
179259
434873
137122
410470
179658
233741
179204
416514
132141
400813
179825
401444
178520
336653
118464
396884
179394
391303
106712
399043
178810
397554
102624
395824
179700
398049
181354
396964
178781
391549
177259
338096
152468
400033
180903
323169
141707
392220
181271
399123
180316
396763
177884
399239
178716
229070
103297
393315
179409
398767
179851
401301
179549
324932
178144
230051
109852
275159
178212
400760
181126
394736
177933
399886
180524
394017
178262
397375
176705
228761
188200
426880
220731
384563
178450
394412
178399
383383
178573
394212
102420
402973
177573
373854
178901
398399
178806
396457
180181
397756
178245
308981
179194
397919
178911
375605
179675
393409
180376
417859
210406
427376
133501
397924
180263
394426
179695
332762
179610
372976
169992
402647
180858
397707
178825
404433
179556
398623
180362
307359
140023
391486
179512
330074
178257
273930
123864
436750
209596
395193
176723
263314
117299
267118
176467
390803
108931
295480
132391
400054
178700
321421
226776
398049
177889
398835
116957
336391
179058
341376
181131
389414
103810
394488
177996
392353
176645
229810
106108
404724
178382
231068
179823
426750
189799
336741
152529
270464
179239
333256
153424
397057
178319
398200
182346
398412
179600
400933
178349
331451
180304
404105
102348
398237
179649
229940
103974
399407
178279
394268
178324
394706
176585
242508
106983
400560
179194
398124
176490
397703
179226
402516
177698
394372
179723
397453
178577
395744
178666
396996
179464
391968
181382
400968
179781
397710
178500
400542
178672
392406
108198
402499
101460
407410
180659
404000
179230
397948
178139
395415
181755
270950
121425
396763
178798
223418
103396
413166
205234
391685
151651
395590
179923
179952
85497
398691
178539
378424
170111
392882
180462
237127
106205
397542
176754
393867
180056
402972
179111
402035
181146
397763
98693
300877
103819
396352
181567
420485
118004
326214
179863
408622
125140
306713
179923
418794
126574
396467
177673
338729
150752
210520
80427
395919
123664
336473
148989
395188
179504
392076
178184
409806
239625
229857
181273
397909
179800
347416
179119
395611
102500
385581
177494
401294
175779
398502
108197
341161
179221
399761
178194
423901
182867
307603
178287
307887
176409
399186
177205
390246
179550
400652
178756
342231
193693
398870
180184
396973
107128
394688
177733
374524
108983
331284
148441
337664
152828
399619
178169
397635
122081
400101
115946
407325
178765
402216
181357
338845
177758
403404
186654
418529
180005
396819
176901
408728
105443
400577
176530
412986
189287
367521
169009
398221
178745
348392
179516
235390
107363
397485
103623
393975
108448
392965
180980
399723
178897
204391
186814
403401
178681
375773
177606
305467
133403
392028
176788
336517
179091
400687
178479
397918
179579
398492
181072
388176
183832
401454
177863
398630
181256
406370
184087
411034
126098
398089
179494
175910
114328
389214
136014
400244
179652
434340
137378
396091
178585
405757
179663
340544
152396
397219
181211
391351
180316
406563
179221
399312
102400
395949
209413
273014
122477
401441
184980
394131
177402
422274
190718
411998
186646
403769
105412
400833
179447
393616
180045
297949
176733
304590
170420
390127
180364
395415
180347
192335
187084
391523
181928
396884
114227
394520
105187
305185
150006
399905
189735
322514
143061
273026
181201
417643
189295
251589
112802
402767
189367
420760
188243
341129
179971
400823
179986
397387
179808
396265
178948
410706
181078
400061
120334
398750
176052
397618
130336
393117
178377
210183
89144
217257
103243
348353
158302
398487
181449
332540
149999
397480
179429
337368
152487
412324
139377
394832
179971
400697
103649
344996
155230
259780
187002
395994
177556
406899
180117
397515
178863
395957
185816
400224
178352
398818
178240
395089
176373
289168
142126
399309
177587
346185
160749
394408
176876
401627
179221
397826
118609
397773
136259
399630
100118
312227
120136
412156
107450
399524
179589
336627
178780
399422
179274
394779
179640
398805
178600
397580
179247
324226
177562
337236
150900
387692
178698
407698
183964
397066
108203
393790
180672
277965
119505
401397
179630
394739
178522
219456
179675
416456
186591
180265
84322
395528
180622
401935
179816
396989
188385
444295
200094
414137
150176
320028
142708
337237
115972
406054
183397
398389
134942
329010
151513
394145
184058
405947
181399
400780
82951
396656
179653
397977
178600
405516
179702
391354
179119
418761
188200
404235
180242
274417
183524
228491
102855
422342
125503
399134
178845
370139
168229
392162
179108
399460
180361
408448
182371
358081
187230
407701
179262
401514
107670
397332
175571
339694
180276
407065
206450
397861
179199
398142
179858
411389
206933
230611
103971
400416
186405
403862
184516
404183
178478
240301
107113
419818
186532
398765
179234
411201
126864
399614
180069
394191
180555
407035
179212
402416
180242
393667
179677
392784
197738
394753
179615
402687
182181
424774
166923
386117
188339
440298
138269
290337
133181
178307
180264
397540
175806
429528
176849
377120
81766
396285
179735
391917
179785
389339
179614
397428
180537
442752
178149
229170
179843
270504
121429
397706
123276
336879
178242
400282
178999
446759
133056
399152
123611
410485
228492
180407
81476
391088
184183
399976
180627
402559
179748
399083
179375
399237
180905
394799
178608
398565
178546
395521
178279
337651
151926
401008
181158
399736
180386
396485
116555
410535
123799
397295
180080
400106
180341
396252
180196
397909
114159
175729
84521
399565
179480
311348
152504
307975
135915
391361
99226
398024
177913
398269
176859
396778
179680
393628
182477
398467
134278
401980
179934
398821
181234
386310
180878
397570
178033
392010
105265
273537
178670
397525
180883
400557
99171
336934
178886
396478
177525
396844
182179
400336
177247
229652
104527
399785
180879
396164
153659
423400
210724
397021
178608
325299
179137
402274
177504
181764
182216
323417
151853
398087
177217
176451
113624
404138
144746
423814
139792
306361
179672
394714
178114
396286
101636
391765
121106
392161
180414
225686
104969
400063
119316
391666
177249
375486
169193
398324
124449
392386
179807
403166
124189
379740
138672
387969
178347
400171
177449
397309
121891
397560
178106
440795
141429
396747
122318
395348
177910
399375
179759
422147
178097
231384
107163
402399
178519
397793
125220
422630
175430
400343
178087
404649
179963
