776071
368789
769356
388028
776878
372355
770256
276946
774608
370980
726386
366175
342199
366846
665933
370071
766171
257984
731342
401991
777021
364493
804056
365527
768977
380436
777465
255887
537614
273676
518938
364361
773255
365984
739210
350499
436164
219810
452655
225486
766989
250513
573709
275312
633496
406754
660395
313918
786317
366927
778773
371092
773197
369320
737710
379999
559754
364330
770286
367755
659273
302698
768605
290535
765776
255766
551975
367664
771588
257573
636395
316145
351324
348473
775570
365924
642854
188560
772455
239277
499600
248320
769549
259035
581954
277519
772505
368039
634120
194968
771390
259119
768991
352288
581650
366906
776105
258702
779470
366932
784614
369536
530461
257887
723807
366732
456200
367967
772666
369980
352277
194806
819769
271859
777362
404055
773318
383006
777277
368889
728190
367443
537599
349900
773493
271278
662911
367358
717794
366792
625541
188092
657448
277296
762871
371773
779852
248947
772456
217230
510633
250789
767695
363937
779803
369202
480620
272139
781035
199654
787160
195872
519383
239749
355382
193535
845270
299042
764347
231505
605123
368945
827024
233680
779284
396919
774285
367569
777272
406125
652097
368155
736814
348584
557083
369549
658578
365028
350117
208176
740060
370042
775746
247398
779640
248936
778480
368236
772774
409302
771506
421731
779972
366857
765024
282004
635441
301580
531070
262479
778316
364050
771969
370005
673974
364537
784872
368055
777479
405084
794659
365346
760862
257037
584758
369987
474139
370166
609377
369488
773826
371580
763557
368268
773651
407781
775330
366346
771954
367391
355297
191836
774360
367243
349640
189840
802534
369576
659608
316446
344155
190601
772603
394821
755473
244915
767910
365499
784724
193286
498430
242790
655366
369320
779394
384216
775560
240857
350628
190324
775507
367169
601643
367692
356761
192455
669723
313210
775365
369769
571999
365682
769326
366707
773103
366281
352087
369675
787996
366975
775570
365010
588295
338056
774646
368198
778297
364443
755082
280962
430989
227444
775873
369493
774866
367576
628803
369723
458511
366847
785940
224609
704644
258199
792930
365810
528681
316615
738434
256437
772002
246617
448581
224434
763801
230782
761967
367155
773285
256645
655192
313617
777783
293139
467691
365401
770489
366649
461529
233332
632672
368150
796183
366421
602960
286743
809085
364124
532973
369202
663958
319243
764099
364622
645813
300062
490284
239575
779101
370350
776994
256133
791725
252836
518175
256638
768547
365570
779748
369128
663132
258099
814775
191135
766583
369219
782424
369579
764377
420087
771777
368512
591400
365760
645681
368107
352078
193040
770573
240901
445976
223116
774878
367867
770279
369125
664686
371236
784356
403232
778612
232529
658926
313260
773691
236861
779381
370170
775455
274518
785814
366514
575656
276057
774588
372693
761952
366832
783019
238421
773799
221560
472664
195060
446342
221998
807821
366303
646308
316254
766232
368749
794343
366937
783754
370886
757745
367649
780566
242884
781824
368644
532014
255524
639481
369298
774311
370701
634572
302362
597404
365066
774686
367884
528687
260979
660544
319122
773578
367882
667942
346498
443322
368744
789610
367898
558847
370443
770972
398493
449146
225086
772841
263673
631167
297908
455196
370540
348941
189730
774999
268104
761999
273728
656892
367678
781740
247109
773113
273592
657060
402932
779594
367087
656492
301098
604295
321097
778299
370824
772804
368673
777800
365155
784163
244096
768860
367564
349497
194035
603212
367220
666879
367882
505341
369175
534905
374582
731208
368275
614852
367626
754727
366351
532580
260209
779724
369596
769817
368684
785698
365303
458992
369809
676685
314642
760867
358179
769647
252082
700163
290676
444025
223300
449104
228072
785030
252173
771914
311776
779151
370152
665077
371428
776680
369767
757076
373808
515409
247684
777698
217669
779195
257161
717176
370458
776898
247480
783223
369368
625258
367957
518809
368950
661785
313899
803232
368397
452588
222702
779658
253365
656902
368712
660746
314918
572825
276481
513844
248246
776064
262232
534291
366905
658657
302135
633050
306106
776986
365890
517960
221149
774205
367782
775891
366507
771716
243578
444289
273593
519520
370686
774167
368663
543856
368952
726368
290765
760114
246345
524378
367833
778983
366045
629689
403822
772829
369706
657456
292321
563459
369579
355819
191061
442310
225414
620065
303315
780953
366844
730808
367770
808635
365664
780499
370170
760388
314331
774646
366998
774991
371297
772150
370019
351507
367281
756567
258289
576337
278187
658995
314842
768417
369621
760669
257564
783345
244996
658570
239994
773824
368501
731302
347811
769216
365880
768021
290042
664913
371339
778893
367799
769456
372227
775425
371904
581170
276695
675962
313524
653663
317922
759338
368318
808183
367559
771198
229475
664178
315897
780419
366656
656079
288985
772208
365660
823886
370147
773302
371001
771681
367720
763548
362688
772618
364125
628724
370190
356475
370919
790703
368015
759807
313632
783634
258048
771854
362224
451401
369744
779216
365463
794256
233398
803930
365927
783369
280746
732286
348480
769845
222618
665245
262126
660079
352752
791086
369265
635233
303906
626622
367015
779238
367150
778668
367852
772200
369538
775372
368974
442084
370980
780249
368546
761814
371836
638469
274646
766660
367005
603305
310154
774468
369433
771767
368263
654047
248391
447863
223769
653583
316404
770280
369416
779938
260199
776352
368305
602831
365434
774633
290651
771213
367919
578012
319072
781108
247210
773874
370696
580495
349812
789575
369082
630254
346549
462017
303143
766126
261108
663869
368664
769340
287514
540568
290644
444973
222307
793512
368075
645024
368716
774763
255596
772258
370794
810014
228627
773207
368867
355043
192742
771166
361508
658887
314669
652211
366467
771238
370183
770034
246786
778858
369333
791818
287113
769529
414358
779682
364890
779149
241475
772212
258084
528545
258671
772746
367058
759343
221263
776969
383700
772473
255221
770859
366582
759754
370408
596668
289928
767141
366762
509565
366236
794874
276913
786791
361369
786015
368877
769512
369069
355665
368425
765695
249347
776733
261813
781618
367919
774884
261541
770258
367947
773731
370039
791951
298804
662249
371591
800066
369193
775775
368320
661394
365803
353312
191685
452199
224411
657853
313102
798596
278469
680121
288999
782777
255968
742256
349741
815516
254297
772971
401580
787277
372561
653353
365710
798517
368102
760784
258631
632030
364287
789725
365920
777462
260410
509719
409979
767347
430215
779926
263042
773318
365624
774859
365532
591382
261751
781434
365584
777144
367676
780111
370944
800779
213047
767960
251056
498328
255565
462669
366975
643589
313743
771453
368874
767903
253824
785182
369223
759702
263657
770522
428075
782120
367710
677813
227662
819030
301843
729359
369769
769589
243116
711418
250765
777839
289152
812146
247117
771338
404673
659571
290061
679432
367376
758105
371618
778311
370466
775749
257232
774182
369794
651450
316919
773884
368062
777326
368361
776883
369137
657197
316186
775681
368772
356149
199201
769802
244965
771335
366898
787257
370210
776034
245881
534971
261014
780351
371208
448146
224583
770160
369405
348695
366389
776049
372478
570280
274650
776287
192837
789427
366862
776304
368940
790580
369301
769346
368222
770957
368742
594758
284169
796553
369363
778359
406661
520003
257031
771929
365547
771265
257095
800453
367178
777760
365735
779191
404372
768568
245570
629075
368969
528111
261511
513721
370764
777315
247031
781020
370882
779853
368539
777234
364006
654864
344601
784065
279036
718709
274041
768066
258064
772633
192651
782977
370032
792064
365684
460521
347364
652428
316693
802109
366564
790951
248015
773558
369911
465145
231126
778679
256841
780892
392054
785338
367601
778379
370639
806441
368930
783258
368553
775380
367586
772475
253534
752997
348739
776706
367947
768692
367737
773966
369119
772123
366429
358184
367579
607926
285626
729618
256577
509043
368146
774367
367168
786811
230415
776861
370566
657231
320193
769264
192479
766094
318187
780036
365511
517609
253489
651082
275416
652453
367271
767519
368038
807391
369368
661249
311713
572551
276192
783484
365579
610010
222865
776863
369270
764488
429150
783493
366564
769324
366066
772523
371771
772503
368430
783940
370826
781912
243816
770288
371117
688380
301025
659660
370258
353438
367830
772824
367814
802587
290146
770450
362553
775047
250091
737401
345204
764522
258359
775142
275355
774992
389772
569558
314613
773290
372447
773285
371295
763287
369233
583301
275355
776398
231696
646655
367754
798263
247443
675169
369514
781404
368649
770852
367202
795567
364932
445010
223647
774558
219452
778116
366166
787274
275733
777823
264034
731852
349977
767587
264509
663485
290317
520219
369248
780792
369832
355119
193161
592640
284277
785441
366764
736535
253591
735205
366158
443686
222440
770294
298003
772055
367992
785516
405258
771363
365707
771711
409041
810087
191239
805948
370671
772524
360853
779414
228796
761902
257190
777006
368879
520542
303293
631915
330612
801313
278725
778492
365677
492382
246290
658055
286465
357583
372550
817597
250342
776204
371165
396538
285878
654911
363479
774147
367336
785305
233574
776437
261155
631282
300590
785348
373322
770548
405731
741643
310966
458303
314715
756131
366932
815742
407236
788460
258834
780863
367930
763787
228229
773240
367156
769460
368673
777204
369681
766863
244852
776475
385961
772356
371503
824507
256083
773522
248193
775215
367541
777322
366523
787593
368687
779542
229835
784666
370014
780689
370704
772211
362324
769940
262206
780417
280598
644167
190974
770699
215653
777891
281117
653713
368877
767527
367737
795600
366110
450352
249353
660679
280274
523585
254883
776520
302520
780299
368619
754723
254624
769911
252809
821950
241550
770592
363680
455912
226142
780812
400404
787358
256427
804911
255134
781061
365584
815436
370360
771679
261465
354760
193643
360177
366028
772225
369529
810458
300204
496155
243647
803034
231434
776572
370428
773601
261332
772385
369849
779788
367123
783882
247050
594980
278151
699259
283341
651241
245753
775312
226806
802973
253780
505571
370178
769245
254131
625992
294578
788893
365730
764240
367468
769567
256450
768947
253558
772417
367251
333735
368476
661548
341156
610409
288493
464689
367138
795190
214895
781461
365844
780055
367614
516155
368891
657701
367940
773856
250538
780895
368033
772804
413511
776878
370934
789166
276499
768644
255604
460782
369726
337699
368145
775720
368323
777748
369454
771651
370194
657632
300911
778259
365226
781659
250214
761039
368110
785167
260870
775620
224007
770467
363625
731163
375101
777981
263403
777204
402025
775445
257254
769193
259661
794930
368192
765963
248701
780684
365755
770745
243248
770478
261831
596036
290909
461241
229319
674502
380005
779439
242870
782672
368999
662557
318483
692130
312421
775973
367977
770248
366765
655960
315049
660817
312988
769687
367399
770566
368626
779637
300419
779314
228163
773538
366631
776256
248630
770919
192064
662818
277070
643914
301104
774929
261737
788655
368002
353111
195570
514624
370806
782316
368251
776952
368837
448515
223926
800447
363614
426928
363718
771488
364995
767489
363284
759042
369032
449626
366164
456619
227341
629993
313053
779608
366316
783857
367787
771581
240893
779294
369037
649410
401472
776901
364940
779678
347621
509751
304898
778590
248754
513260
371766
770709
367826
777302
369351
771351
249284
772418
223416
775873
366641
789124
365762
733333
360147
764470
364765
773248
369573
761987
367752
777098
320318
770541
246890
801124
368207
772310
368366
596196
378394
762946
259904
772770
368185
771278
369902
757429
367638
777585
401304
767344
241851
764241
205342
628727
330202
774318
374234
785383
243140
499517
367950
625785
226140
625285
317068
786563
241434
818502
363730
663564
369681
772819
256883
786049
367579
772197
252554
757820
372853
778148
371843
770221
263986
773553
259338
766273
369169
455761
368598
791169
369563
573111
371061
651658
315665
798727
428799
772664
230643
812196
255756
574074
371531
775703
365614
660200
316316
729022
250682
664020
315942
780557
369611
343365
194750
776206
396088
773792
367486
750542
367912
781624
368879
780381
367271
770669
373778
661041
368621
779299
368683
523549
346483
772789
369290
770205
369418
659641
416506
779547
250743
597988
315233
774781
364882
657355
425552
777184
370791
776948
368666
774565
365036
774801
241888
772203
369556
766634
364931
787826
368556
782436
368560
577296
368689
669052
368931
764195
259390
350382
365839
775380
260447
646315
422625
818001
253523
775749
260296
623837
303382
767851
367085
447270
225393
348852
194058
769386
367661
769333
367620
764396
230784
771812
262749
792292
252702
801291
252699
773531
246384
784538
370929
795792
370047
789633
258448
651675
365895
764172
368875
801089
251007
775523
366421
656461
370779
777745
366218
776070
365717
766101
240124
824645
285468
462185
369182
569737
277222
789495
369894
770882
366098
552185
261615
780606
248915
780531
370908
780146
364314
571122
307988
767780
368985
654971
436554
719171
345416
662540
367529
777198
259799
789284
366376
599960
286794
604357
366980
349252
369974
527312
365419
600509
296874
661292
318185
357258
368940
792034
369686
598759
372032
522070
225454
772512
277632
769293
400897
726772
289971
444432
367792
768938
365920
756963
194219
774918
370037
778208
285269
451978
223397
511022
317765
649365
367265
773672
366344
772718
366847
736052
369829
630425
277594
768116
375342
351434
191064
779139
370250
777249
367676
652443
367060
601818
371883
766108
365787
789247
368316
567682
328879
775232
369270
786243
368378
779292
368807
778199
368508
781216
220292
824651
400334
764839
368180
649650
336967
774137
257913
655270
248261
787694
365704
768837
363638
783346
370904
806283
257281
664781
369486
779652
244324
795659
368105
764044
221565
654342
366399
776049
256201
597663
288814
772445
272245
772474
372551
771597
368668
534118
257928
521417
366357
768739
365018
778845
369679
803790
375144
775511
366486
354717
368120
767427
411577
726618
364632
773628
280989
783303
369814
773937
249625
814542
255637
516859
251228
601905
364634
652349
218253
777616
366687
800049
190387
780012
372176
774471
416348
780607
370791
772247
365903
772157
250917
779008
368909
716143
393293
559170
365662
743002
277455
779314
260916
775276
262569
780957
278696
759784
371761
788911
291296
772797
244612
352769
191178
626788
302824
776317
383924
771486
367999
799443
389724
775280
373365
765863
369656
614029
288248
803121
402576
772621
222035
772984
367624
769169
246958
551705
387496
780056
368413
529596
300528
752202
367077
631299
275805
790393
251808
607474
302890
807764
369405
771926
367566
806446
257145
464935
234201
765708
319787
766519
256183
486053
195159
778650
254378
673911
194967
630185
322637
786160
369362
778715
372307
795825
364268
777124
298684
533106
257451
774733
408816
579897
366000
782885
368027
573646
369892
665446
369162
506170
249178
777783
372084
768544
406200
773801
366933
719782
215629
779953
261663
777986
258082
661999
315868
779868
243489
460463
365790
777813
218026
772598
256764
774979
367987
794962
366795
601617
294498
773356
370225
804201
368476
653393
361352
725255
368005
810826
373648
773300
369045
777465
368090
580390
321923
791602
369756
578816
365737
450092
367326
777976
313780
770767
370340
708770
367078
457369
367933
660770
315874
778465
282499
429275
224622
801387
367985
773356
344241
530602
254837
777790
372383
778532
367348
783343
367399
804121
370065
781037
366636
809776
371274
779467
261023
791822
369380
535370
372358
780504
281541
627252
285036
488450
366826
600536
290849
774197
220627
622998
328116
658714
276793
768350
367720
773864
250991
808471
367574
773691
253603
784366
373246
771230
292154
658201
312699
596013
301105
774596
371866
775856
257498
684946
311431
555005
228721
462340
225843
352538
365712
790547
368970
632680
366469
800948
370927
783371
372513
765716
371122
770463
367095
770098
368313
775904
370047
775512
283592
747617
214751
794327
190042
794875
369624
774435
249040
740554
263061
791063
367241
807604
241417
531958
258896
582415
288225
755210
370170
603677
285215
775866
365519
774079
366985
639498
299387
778257
368624
765409
214887
769792
369315
787011
366701
800109
369902
768389
367721
774312
392727
625424
300596
781724
368100
451240
224514
784103
254828
517835
256504
795907
367591
765401
370119
773650
371097
792542
189939
446991
365565
660579
346263
768115
366875
777835
369643
766750
370955
799199
230474
569147
274005
777931
364127
776064
221409
765344
425197
774595
251812
348232
367531
767718
368819
772501
247577
810425
213679
644503
367844
425799
367568
461312
234670
765039
366484
519548
257393
774390
244964
578280
278286
776397
281155
738042
346624
773242
368463
348935
370495
521655
371621
769895
366115
771965
368677
644674
366008
777833
367714
517084
370651
772358
370403
442897
226303
351711
368694
659169
315343
351908
189525
765304
224823
738618
365148
447201
222029
799811
251449
778597
399165
467636
367389
795055
365877
778322
233271
507300
271750
762400
369218
773611
366780
776011
369644
778627
370971
773853
371106
782278
392886
777114
366276
776610
367321
788395
261511
766111
217819
816269
291234
601174
369539
560108
364830
777535
371011
834919
368656
785027
369378
507148
250935
784195
368712
773751
366088
657288
372315
450462
255655
519417
257868
805238
367211
445977
362276
621130
243434
451863
230250
762278
367476
772103
368789
788811
367614
776532
369528
764271
229138
769740
369516
773326
368067
772073
371029
772216
370832
774273
256276
447440
367068
802995
213301
497317
243697
726718
370323
612362
367120
760380
369484
807764
316667
754870
366958
659311
315647
722675
367198
776220
354296
463915
228461
350647
200009
795669
367579
787576
365669
656077
230746
769757
366073
452987
368198
728148
196164
775583
348592
778737
371425
442599
367905
774548
260434
771148
372132
777487
370177
656880
368621
599698
365369
619295
369608
774728
371636
770020
262553
770927
368348
448248
226207
774157
263140
771168
232124
772007
232164
770270
364973
777871
369165
768599
256669
768653
249086
647708
279054
601287
285157
509288
249827
781396
365499
794920
368601
773420
370515
691026
195702
530085
287363
575137
327668
590552
368426
782396
365830
356126
370714
779715
258882
703357
240528
672896
315735
777309
392388
535246
261055
782734
214274
779480
249950
783200
249631
536156
255689
633853
242930
777705
346553
450271
225994
511129
370343
799378
369132
779225
366243
774515
369042
734130
348876
774753
370989
808306
367368
627966
367285
760692
366198
771102
242288
776099
242020
783541
369927
772035
258719
735085
373044
729276
258349
775202
371452
772445
222695
773010
366855
560440
189921
795666
371710
649608
232781
768580
370936
773798
227578
715265
343907
780288
367025
814983
367278
642265
371974
782664
366210
783725
368418
792008
373455
785293
371122
781060
254330
709820
368473
718055
372778
767362
252622
781814
366790
766407
387840
447944
225352
734993
354067
772185
367266
623714
302205
786751
310963
770238
427358
730397
352133
354535
193319
825987
368351
661525
400311
451960
221894
514979
246877
775455
283447
768817
371611
445389
369273
772757
243944
460536
369142
772904
367839
661583
319201
624790
378427
777791
285414
666245
367594
647448
372209
777313
257752
541032
371676
461405
368939
779449
244242
777119
366725
772470
369064
772830
371745
773128
256293
433336
364619
736067
367873
578958
370618
809561
366046
764731
247074
757101
370012
769344
277115
725310
346187
772047
366619
654125
315923
772872
367125
791858
365790
775919
214644
781399
241969
660703
318919
353915
370431
776645
371540
681585
366827
781626
247643
798471
277390
786032
223074
450702
221828
563199
366098
769361
370044
774036
232720
659357
367396
442485
367616
812840
369824
776875
391802
774808
248366
647778
371826
773045
365461
770809
254426
784479
246486
777395
274960
786684
253015
774287
227685
777448
373768
451119
365141
652772
315941
655562
316537
653564
194607
760275
368799
739760
369223
797185
263101
772052
368113
804274
367409
801460
367085
774453
367050
660972
355974
774262
369230
778738
189815
769208
239988
778119
279655
734210
425321
773325
291866
660860
367005
780509
369596
798317
367701
773768
252459
787368
369867
689461
316597
813072
369365
461705
229764
446225
368822
626950
370466
781982
280657
782764
369266
775580
366401
777681
279517
461828
370960
439966
368559
790274
372948
673027
247333
790944
367539
790348
367651
802306
370400
771388
276970
774470
367240
767998
368107
783395
366619
775390
261849
802630
260442
471016
371816
786980
275038
437613
364732
353402
188952
774498
370355
444721
222421
789896
365126
809624
368025
807444
369954
788009
366524
771110
369025
774768
254827
777462
366842
781534
403887
453127
226961
773498
369308
778730
400059
657794
315552
654019
316639
774460
258364
784830
224649
442596
286535
781153
227347
773420
259857
771398
368691
778966
234048
776725
260518
769130
370310
798065
370030
647578
303297
772929
408879
774899
372445
801367
371049
534352
257279
798967
366606
779424
286062
776751
369303
454127
222707
769847
369398
769364
367649
354534
192262
769125
250284
763353
223180
575484
274951
588696
218515
765387
262660
773631
405591
774242
254826
773308
217727
806509
369024
663362
244417
648693
314164
761122
253954
450028
226001
773042
367666
779649
266015
774212
366176
774436
262113
768158
366291
665014
316256
629808
289042
775092
368198
676316
318301
772632
370035
772130
366777
736328
225486
759689
393295
778935
368879
814520
368421
780717
276497
525745
287788
656347
311156
778950
397606
750758
260622
779216
412705
496925
242038
779835
370288
782191
414888
771987
247169
770038
369120
827019
366775
778599
215687
773826
217094
785666
372656
778514
371531
651580
255923
754790
312674
446706
226179
771138
243363
774533
369641
770572
244459
783305
371360
592312
286467
595405
289677
772605
369906
776256
363614
600817
312603
795286
256175
568761
227826
781973
232645
778605
365000
775710
247594
767956
364214
597162
313613
349214
191139
813337
365356
775227
257991
770519
365483
776676
369270
712867
191626
777224
368020
767634
253278
773610
222409
437252
219361
780669
365620
598133
308104
772310
258787
775570
272802
776928
247486
530230
365807
731897
280832
778141
260269
804251
252553
568799
367356
620712
261064
776841
254467
772486
280870
810808
367842
798677
369280
690369
365677
662278
371182
774574
366947
612149
256352
773741
420064
795844
367589
801166
246292
660810
314607
772395
191764
773482
260724
772363
385339
451491
365737
797370
366717
769528
362994
782158
276984
776954
371690
730406
393785
774443
275332
656079
374371
661767
316561
808433
367538
779905
258948
769499
364539
784280
369205
803061
374247
776803
290929
784098
367393
777535
370495
778019
288833
657373
312884
764016
223270
774638
369496
736412
365464
799114
372999
772100
368165
776172
368401
775265
367040
779009
409791
782524
366504
762894
370641
770937
367890
778084
367419
776736
223649
374220
193883
773275
369836
768617
370874
770050
369042
792954
369654
775879
254556
817127
215443
785820
252594
772471
249162
682345
315569
777903
370957
700425
211734
776851
369841
607666
285392
730571
347810
763294
370009
778732
412810
758947
216741
772047
368694
780142
372876
804279
368916
767637
371570
771624
367313
658084
313950
517239
286019
776768
259327
782366
371215
776502
369551
776776
273697
781955
251262
824625
367045
782396
366984
770459
256676
792837
370044
818131
369538
538013
316062
766256
291046
806428
247859
510808
369240
721848
259376
442813
379687
351866
369580
778722
369654
781079
368476
352655
189024
663899
367689
775555
365589
780264
368342
782198
366517
781421
369291
653308
367694
778509
258264
809776
369315
783954
364860
780512
249120
437820
372235
397081
193165
785799
369574
771839
222369
354384
191815
782040
368734
771391
275246
768557
368231
770436
247173
773172
368448
780777
248736
662797
370338
623573
289428
762443
368091
633404
303734
589040
228320
453406
363750
769306
254431
770285
371761
447694
371768
739741
348815
514215
367509
776362
368191
782419
260783
777922
254403
751268
350610
532853
369125
493685
362474
662126
317502
768875
257530
609379
285398
818669
373615
766038
243645
772882
219187
800605
370330
449331
368398
689566
371427
629852
249282
790196
367963
655579
314221
805895
371433
779144
366749
444746
235599
784032
369260
770421
368330
796651
369047
774831
248490
781401
369686
782293
274149
657827
259045
797440
251379
785212
367438
791415
375613
462106
228142
528476
314741
662905
315631
775612
369672
770022
369070
782243
368386
779795
289110
516173
365912
773586
371871
768694
367188
766369
247321
773599
364642
771819
368092
740599
217989
775135
260436
490327
246749
774581
368758
775127
370644
452968
240170
782970
414279
758170
369368
780957
238029
655665
366694
809110
370483
826485
367877
774673
226556
756001
369857
659026
369478
772624
370202
659014
332384
652495
369230
798548
369801
776047
263356
524663
347669
777665
366973
777663
288075
725533
365868
771629
368072
789573
369125
799926
223493
780401
258045
633942
369072
809656
380183
777600
371065
509962
369671
786645
366290
802361
229432
773904
222995
448494
369460
780261
250544
774632
262006
776999
366699
777495
195780
797673
259378
628880
339094
779294
363674
755444
369982
349468
193957
775673
369317
441989
221006
774631
287403
777745
416308
782107
370728
771328
355749
579760
365855
785391
368662
778204
244885
656982
314654
660680
314454
654291
314012
722829
188620
789722
349249
824066
370152
799984
239955
781925
259648
655376
371583
443945
221236
782403
248746
793682
368395
691440
333384
510312
252089
776675
370262
784704
227934
357560
190779
769110
366664
772847
416807
523424
315066
769353
371631
769343
242893
661214
315117
790562
369293
775179
370979
766730
366936
774271
247931
650274
369767
762267
371746
698097
369523
800435
371412
778755
254295
433134
224010
457016
369959
548205
366707
783337
348258
817224
371924
683102
412188
803219
369203
693277
370678
777986
260548
653566
289779
772008
259081
725585
350442
624338
315708
784692
370617
544686
369870
779777
260756
777931
370778
808030
287483
774435
260727
801986
372650
776364
252840
791133
368446
733411
364898
459655
367160
650123
369458
728622
365807
777457
367594
804469
366790
582934
255760
780383
275742
657808
423522
775498
316263
347411
188454
772714
288180
658524
314947
643523
300218
777777
258081
480342
227844
775262
256677
527621
261122
776996
418203
594767
373417
775372
371573
776760
252650
814405
369877
437321
369333
775576
369741
766181
367406
762856
367268
775343
279233
353359
193375
771697
368524
766465
290662
781291
218132
793581
370372
355813
369232
758331
296926
779191
371518
773748
210695
770852
189032
773645
368122
779965
290024
807950
192283
771000
215457
630938
273329
769446
266755
777786
252867
777190
369628
780757
368390
774273
261983
789515
371535
764227
367601
631311
301647
782704
369691
794130
369023
771720
371786
775262
373067
772965
280979
353561
188826
784143
245759
783487
289108
773549
254739
769655
367057
799323
371976
774135
371380
779980
253633
531062
290650
497205
194378
581988
367807
779507
366358
788523
369794
761768
364831
781180
241353
799139
366737
775640
367885
770581
368328
464249
231542
795366
367277
701339
188244
605562
287472
772380
367403
775776
366573
775422
288884
643633
312707
351331
192428
774709
369771
772075
370974
778317
257823
774433
370556
782231
281574
512523
252400
792256
348301
459800
228571
822568
315134
443069
225667
779900
371228
534834
254947
770521
366346
596621
286060
695992
369065
769865
371352
791502
373407
606800
286569
771343
250507
775454
362728
766183
289987
772010
231713
667733
318092
777401
367045
561520
368592
776943
220690
774490
275141
786032
222075
345302
187613
780908
366892
782685
367463
459042
315244
605175
372132
774282
257854
505607
368972
776245
371057
758105
364630
816482
369683
805449
365136
766073
271262
688015
367236
470794
371996
768920
371202
776447
278867
779437
241224
657662
366550
776823
366754
774545
279248
532957
363875
