8830
882
8791
894
8492
920
8990
887
8655
1102
8841
417
6413
879
5929
451
8750
958
8872
910
8690
756
8887
915
7617
741
8410
867
5963
829
4869
599
6335
909
8755
912
8873
895
8434
842
4905
509
8973
673
8969
887
8672
875
9033
882
8775
882
8913
834
9361
859
8827
899
8876
910
8763
942
8836
867
8650
898
9349
887
8698
932
8700
932
8650
874
8800
840
8210
623
8911
910
8582
761
8858
557
8545
905
4817
486
9003
925
9053
875
9261
919
6036
588
8598
709
8280
890
5598
852
8990
885
8575
864
8956
982
8639
847
7609
920
8618
895
8507
915
8772
887
8715
920
5368
637
8996
969
9394
932
8820
834
8645
872
8850
850
18786
897
8782
930
8605
587
5741
859
8520
917
7688
729
8737
885
8920
646
5899
872
4120
505
5838
671
4294
350
4266
356
6220
865
8704
854
9135
907
8753
918
5350
844
9181
501
7019
870
3958
876
8910
726
8827
915
8706
889
6402
784
8500
897
9053
892
9005
885
8525
927
8868
895
5783
889
9006
972
8673
844
8690
953
8315
909
8755
907
7398
975
8702
864
8519
887
9084
924
8728
900
8507
867
8495
942
8388
852
8928
917
6084
899
9464
910
9186
882
8795
856
5121
520
6702
450
9078
907
8665
862
4509
890
8494
917
8778
899
8777
722
8850
859
4905
864
8755
661
6767
651
8730
885
8542
665
8920
912
9093
875
7709
909
9372
910
8988
1095
8876
706
8517
935
8818
884
8667
852
9079
792
9386
869
6812
359
8993
940
5995
844
7249
882
9261
916
9654
686
8798
945
9036
864
9013
802
6036
613
7615
746
9108
609
5430
872
8918
902
9208
869
9088
907
9171
1140
8774
885
9038
859
5204
912
8650
892
7044
691
8930
918
8801
852
8503
823
8921
889
7543
748
9071
851
8906
915
9068
870
7401
872
5612
869
7404
856
8524
856
9069
904
8660
897
8958
488
8900
872
8543
927
9086
835
8667
919
8549
855
7417
872
6126
597
8757
887
8897
728
8705
877
8923
915
4054
350
8396
919
7234
714
8615
899
6783
924
8158
884
8870
935
8735
856
5952
595
6081
485
8667
856
6900
845
8823
905
8555
956
8575
899
8519
842
9074
907
5752
907
8918
868
8765
914
8777
924
4662
865
8737
872
4919
855
9289
919
5806
944
8667
909
9121
702
8853
872
8841
880
8712
877
9133
932
8727
889
8888
872
7062
862
9041
919
7137
874
8918
872
8903
914
8933
967
5584
917
8931
361
8923
759
9189
920
17720
920
8414
884
8853
929
8856
950
6504
960
8895
880
8532
872
9474
482
7407
718
8647
890
6269
917
8948
872
7365
742
8765
924
8723
896
9058
889
8993
884
7484
861
7103
878
9194
835
8911
902
9099
906
9035
874
6397
870
5336
482
8760
890
5419
885
9000
867
9141
906
9086
869
9050
884
9133
854
8737
916
8648
885
6719
625
9004
865
8843
778
6107
473
8459
907
8678
845
8954
925
8755
874
9324
862
9196
840
8867
999
8770
659
6506
583
8848
894
6844
685
6854
872
8740
869
8975
889
8830
860
8870
571
5369
539
8858
945
8918
868
8936
889
6704
689
8943
890
8852
880
9030
902
9379
927
8818
899
8980
866
9141
890
6787
637
9169
829
5684
585
8332
887
8969
482
9335
876
8765
912
8928
867
7635
768
8958
919
6905
855
8647
867
8770
896
8670
555
8722
902
9246
846
8863
917
8652
902
6099
965
8615
907
5410
640
9164
880
8933
885
8988
855
4384
481
8680
910
9116
872
8645
875
9071
676
9662
887
5171
607
9274
890
8943
880
7393
768
8805
726
8640
912
9064
945
9011
869
7412
755
5302
882
9244
856
9337
913
8870
445
8728
854
8933
872
9111
870
9249
481
6293
595
6451
788
9299
467
9127
687
9396
852
9352
859
6129
672
9462
854
7009
546
6889
517
7285
902
6741
654
8713
440
4914
845
8784
897
8906
845
9669
844
9264
1157
7408
910
9381
934
8785
434
7250
905
9091
900
6223
895
8520
872
9214
377
9138
916
8868
855
8737
890
9482
872
9191
912
5448
593
8974
890
5792
877
9091
448
8841
858
4126
504
8968
796
6689
603
7599
750
9021
870
9078
869
8921
937
9244
937
9559
924
8899
684
8727
927
9269
892
5915
535
8985
733
8738
890
9359
698
9279
642
8066
947
5299
880
8595
902
9229
1181
9003
910
5583
888
5660
892
9116
377
9212
365
8722
850
9000
869
5023
867
5653
528
9030
747
9177
819
9176
862
7514
866
5813
924
9035
925
9039
894
9023
379
9018
900
9407
897
9109
919
7967
905
9079
892
8762
882
9464
870
8918
830
9379
816
8921
902
9557
461
5599
506
9106
908
7414
669
4353
668
6255
855
7128
722
9291
919
8888
528
8938
839
9136
927
9409
697
9622
867
9274
952
9145
907
9013
902
9799
659
9101
865
7768
895
5202
887
9014
900
9384
890
9409
958
5600
907
9168
914
8840
802
9016
840
9058
860
8961
884
9189
440
9041
969
9181
706
5345
864
7283
860
9504
889
8560
760
8938
882
9021
551
9494
942
8953
900
6886
685
9091
933
5433
728
9201
927
9787
875
9075
862
9221
831
8021
776
9559
905
5579
511
5284
654
9066
1042
7993
787
9106
950
9569
900
9135
601
9241
908
9312
890
9431
930
9502
882
7874
753
9172
502
8916
860
9349
882
8840
710
8805
894
5540
912
8926
907
4629
922
5407
917
9642
677
9314
852
9017
952
7917
964
9266
708
6487
580
6904
580
9599
481
5317
527
8983
910
9021
894
7067
847
8925
678
9264
824
9249
886
8980
892
9252
887
5529
868
8961
864
9332
935
8883
884
5377
1170
8913
834
8797
845
9063
962
9201
845
8905
910
7399
734
9401
658
9204
909
4103
359
5134
486
9031
668
6911
619
9579
876
8623
713
9580
932
6872
900
9106
488
8993
880
9031
467
9297
812
9121
670
9065
915
8635
600
9296
680
8953
918
9018
885
9447
849
7579
869
9269
882
9695
399
9008
867
9029
837
8770
884
8903
872
8858
872
5641
894
9241
704
5952
563
9271
864
9121
928
8905
900
8933
912
9168
872
7113
702
9455
895
9223
505
9123
877
7110
874
6141
902
9181
862
8953
864
9271
869
8646
922
7662
749
9505
870
9085
890
9083
887
9036
940
9206
557
8763
880
9158
472
5676
834
7556
932
9028
962
6797
575
7668
870
9237
925
9129
930
9594
984
9036
718
9257
896
9427
863
9136
866
9118
875
9099
840
8805
912
8905
902
8021
707
9188
882
8975
681
9153
1015
9390
857
9051
882
9241
880
8883
857
7626
708
9184
878
9129
740
9021
690
9118
619
6278
686
8823
837
9374
929
9049
889
7150
710
9168
829
9018
917
9319
874
9011
894
8746
879
8833
902
9086
922
9143
912
9233
862
9462
852
9013
894
9116
892
7392
755
9073
879
9402
912
9028
860
7620
732
9059
924
9353
834
9334
850
7557
897
5400
575
7809
872
4000
878
5319
576
9070
969
9194
865
9717
943
5101
458
9057
915
9148
885
8557
887
5477
619
9046
907
9068
902
7824
722
9199
917
9357
852
9426
862
8546
858
4322
892
9319
957
9274
699
9023
733
9174
493
4757
869
8990
933
9562
894
9359
960
7918
739
9381
882
6275
466
6758
654
8008
862
9151
479
4438
834
8865
897
9299
706
7495
654
8995
845
7047
647
9915
812
9171
830
4169
938
9389
818
8901
925
9297
882
8730
821
9231
995
8986
910
4081
689
9000
910
7712
754
8898
927
9031
836
9632
899
8793
862
7828
897
8145
703
9156
638
4450
571
9399
910
8474
917
9485
919
8912
859
11609
983
9068
907
9178
869
9073
870
8955
797
9472
867
5589
924
9006
884
9582
465
8921
859
9131
889
9003
892
9081
864
9043
882
4497
905
9193
854
9151
713
8225
844
9004
10055
7702
756
8957
894
7288
802
9001
906
7762
865
9058
621
9288
849
9083
809
7946
899
9014
972
9096
477
5989
1065
6663
915
7208
879
7963
867
9019
892
5537
917
7351
905
9110
830
6046
897
8901
847
9216
762
9354
977
9159
884
8991
860
7700
882
8237
909
7375
877
9351
920
9457
953
9284
374
9357
896
5967
904
7718
935
7233
673
6319
665
9164
885
8896
897
9316
840
9321
926
8787
892
9134
852
9111
903
7219
829
9010
889
8468
930
9201
882
8998
635
9303
691
6274
535
9369
892
8467
922
9337
895
9251
847
9226
800
9496
897
9266
842
5950
562
9369
551
9389
466
8963
900
8995
857
9620
884
9158
884
9084
716
5642
548
9191
846
9008
909
7834
870
9208
856
7727
678
6647
883
8823
907
8965
900
9265
857
8949
874
4288
716
7970
717
9314
884
4314
364
8998
854
9033
842
8818
852
9051
855
7384
663
7069
694
6802
867
9151
920
8792
858
9041
862
9342
940
9169
890
8273
859
8323
882
9269
927
9510
884
8895
732
7798
732
9347
877
8850
444
9512
922
7662
947
9492
962
7236
711
9018
907
9141
900
8431
681
9286
892
8991
832
9252
902
7493
892
9106
882
7780
862
9041
360
9349
671
8975
872
4203
630
9051
915
9312
825
8858
937
6110
618
9271
850
5332
526
9299
897
8928
912
8783
896
8993
894
8959
912
9452
857
9256
850
7875
779
9642
892
7084
734
9512
897
7293
847
4122
487
8756
935
9077
867
8995
766
8961
904
9560
543
9128
895
9116
879
9449
940
9286
892
5503
934
8745
537
9620
914
8848
894
9125
899
7846
834
9387
504
7447
722
9161
929
9053
890
9289
887
9141
902
8895
638
9169
902
8878
894
5811
673
6684
632
8880
882
9221
907
7284
899
9454
812
7907
553
9331
812
8645
860
9308
952
9023
349
9326
894
9064
859
4361
850
9235
886
9416
892
7254
499
7432
840
9113
927
7704
847
7387
902
9031
815
5595
862
8695
905
9075
882
9111
937
7347
950
7252
681
9306
872
8151
874
3942
877
8981
603
9336
907
9304
391
5736
842
5139
829
8777
865
9101
932
6283
535
9024
900
8629
907
6096
869
8870
890
8981
882
9622
922
8991
885
9081
927
8936
763
9281
920
7451
932
5623
926
9046
852
9151
895
9456
907
9614
920
9076
972
8825
944
9306
872
7756
796
9133
887
7868
806
9081
857
9286
865
7255
892
9033
922
8918
919
8843
720
5405
862
8981
915
6452
910
9051
895
8545
940
8698
900
6886
709
9221
885
9066
894
9347
869
9096
960
9039
854
8872
975
8892
899
8906
860
9124
905
7311
537
9254
920
9251
825
8713
882
9081
828
9188
895
9251
695
19432
872
9128
666
9006
922
9351
570
9221
887
8940
927
9238
862
7369
899
9048
892
9091
870
9356
899
8785
838
9153
751
8933
927
8843
880
9147
842
9025
892
9021
922
9487
889
8946
889
8728
728
8968
908
9058
862
5129
518
9139
712
9224
906
9818
887
8963
647
7445
922
9211
922
9424
621
24921
768
6882
857
9149
857
9359
836
9299
722
8873
867
6699
647
9101
697
5776
529
9187
940
9111
606
8412
858
9207
917
9294
820
6192
892
9780
844
8903
815
8642
942
8902
856
5644
490
7748
686
5832
535
9331
912
9194
870
9497
886
8522
908
8968
850
7387
623
8673
909
4403
877
6064
867
8732
917
8693
858
7048
919
8718
902
9174
893
5378
872
8959
844
9206
977
8650
917
8885
904
9341
875
9304
517
7898
866
8926
829
5563
494
7644
750
7063
932
8693
919
8848
865
9041
922
9595
852
9031
935
6090
601
9181
892
7639
870
8808
854
9211
665
9361
882
5580
9544
7590
756
9249
1055
9231
842
4790
894
7599
774
9016
877
8956
798
8873
905
9565
837
9196
869
8682
904
4295
479
9539
822
7184
880
9585
930
9204
856
9161
872
9321
895
8596
851
9079
895
8848
849
9075
651
5242
930
5165
477
9291
880
9259
952
9035
929
5340
536
9304
467
9426
857
9040
889
9359
910
9136
493
8900
864
9374
897
6228
835
9756
872
7297
829
9377
919
6252
917
4303
925
6295
882
5617
489
9081
852
9118
902
3899
403
9103
870
9213
781
9382
919
9251
952
6841
615
9728
899
9377
992
9307
889
6610
842
9233
842
8011
860
7830
768
9340
1103
9485
917
9299
905
8782
975
9559
910
9061
894
9444
927
8692
847
9228
904
8947
895
9457
680
9244
687
7175
874
9158
857
9469
880
5689
475
9439
902
9592
907
9552
784
9331
885
8943
822
7386
804
8839
825
9229
845
8981
869
9745
960
9502
920
9365
860
7968
746
7533
952
9507
887
7909
862
7233
854
7810
886
9532
910
6559
845
8952
917
9494
836
9740
894
9394
912
9314
924
8938
854
9482
1045
6892
1038
9339
927
4404
391
4312
857
9068
802
6854
832
9128
907
9793
882
9176
840
8851
857
9307
937
6675
945
7114
902
9001
910
8988
935
5811
900
9695
887
9614
900
9338
866
9367
857
8850
821
7727
889
9460
906
8833
799
9549
842
8913
747
9278
856
9452
968
6377
761
9610
876
8943
895
8940
897
9286
892
9116
972
9149
897
9389
728
9501
920
7807
899
8177
726
9086
922
9021
884
5092
829
8975
859
7894
715
9074
886
9106
922
4706
384
8923
791
9222
573
9041
899
9276
900
9124
892
9512
890
7001
899
9377
943
8690
894
8971
907
9226
637
9064
459
7896
884
9524
947
8912
884
5535
860
8647
884
9650
882
8949
933
7575
894
9314
376
9329
398
5409
462
9514
880
9176
717
9133
854
8999
828
8931
892
9603
877
5908
914
9126
658
8930
895
9171
837
9294
925
9131
818
9324
808
8920
884
8127
879
9184
815
9278
839
9564
907
7712
766
7510
907
7332
875
8913
884
9307
849
7369
847
9216
892
8938
852
9056
854
9371
596
8793
900
7339
870
5478
869
9263
869
6411
885
5114
457
9151
897
9282
896
9685
465
9349
852
9105
895
9385
857
9725
623
9805
885
8023
775
9156
866
9146
642
6373
878
9021
882
9184
928
7948
885
8903
915
9469
866
5365
897
9005
877
7561
948
7421
677
9141
645
9211
849
9286
942
7233
875
9299
970
9279
889
9126
794
9173
927
7808
874
7909
937
9244
511
9324
446
9248
471
7100
884
8933
894
7561
837
7964
880
9184
771
9074
645
9024
822
9598
907
9246
884
31452
904
4157
894
8978
701
8930
368
5424
905
4138
902
9191
930
5551
857
9073
849
5532
1007
8388
839
8523
942
5578
1042
9040
899
9424
912
7886
890
4405
501
5388
489
6278
909
9343
857
9251
862
5325
502
7878
726
9480
892
9302
849
9577
865
8879
872
9391
870
9517
867
5618
675
9892
752
9189
867
9474
880
9547
969
9051
874
7938
1016
5549
969
9296
889
9547
900
7870
950
9356
364
9745
877
9477
889
6670
553
9048
905
9547
943
9166
885
9196
870
9264
402
9584
975
8965
829
9169
860
4540
862
9480
865
9372
886
9552
866
9201
847
9456
897
9186
897
6814
852
9376
877
9439
887
9178
867
9247
839
9224
860
9317
877
9166
955
7304
910
9276
691
9243
874
6265
837
9085
834
9284
887
9203
910
7547
862
8848
922
9085
477
8204
720
9121
907
4442
889
7346
913
9800
720
9039
912
9377
882
9530
882
7603
902
8097
752
9226
717
9349
938
7269
659
9432
707
9870
862
9076
930
4360
880
9136
865
8898
859
7714
798
9636
870
9107
837
9394
633
9271
498
9462
865
4683
508
9319
910
9299
878
9377
546
9750
915
6978
862
9101
889
8806
880
9444
656
8951
900
8579
860
9452
887
8723
875
9051
904
7036
902
9347
897
6530
561
9326
902
4269
867
9189
860
9191
872
7854
510
9419
887
4855
579
7962
713
7980
624
9252
892
7286
884
9317
874
6561
625
9361
887
8096
885
7805
810
4351
392
9183
864
8940
920
9782
899
8963
434
8895
625
9412
902
9369
992
7157
859
8991
864
9083
834
9314
849
9191
805
8988
478
9582
822
9129
872
7786
909
9411
907
9197
892
7756
738
9347
932
7554
862
9394
858
7347
875
9510
915
9382
877
6379
910
9745
852
4379
865
6587
819
7247
737
9396
872
9482
872
5420
505
9424
716
9630
887
9351
849
9395
887
9720
940
8167
880
8535
932
9134
1083
9153
857
7139
1012
9204
694
8953
954
9104
832
9284
919
7224
908
9489
862
7216
847
7585
879
7776
718
9246
870
9512
730
9138
912
9187
869
9179
852
7209
957
7547
728
9193
839
9182
890
9349
854
9233
882
6618
571
9043
608
9319
910
8121
764
9019
875
6809
627
9195
668
8987
874
9334
905
4323
483
9359
894
9173
902
9349
907
9562
484
8065
919
9319
807
9206
927
9147
360
9163
875
9078
460
7353
742
4392
854
9697
912
9128
936
9101
865
9124
874
9043
874
8680
897
8963
875
4546
895
8910
887
8267
904
8530
730
4559
932
8984
802
9562
955
9013
902
8951
879
7164
882
8042
872
9154
914
9033
903
6950
874
9470
889
9211
522
7156
865
8790
882
5531
537
9208
874
8931
854
8243
945
8647
858
9547
874
9552
865
9055
960
9211
718
9579
907
7546
493
9399
970
9234
627
6844
661
8983
870
7166
857
9303
907
8803
950
4438
834
9615
839
9236
882
8004
802
9161
852
9088
884
8215
839
8913
652
9301
880
7842
828
7242
855
9193
885
8944
888
6264
586
9293
877
9499
753
6353
576
9512
935
9700
882
4319
877
9101
962
9207
864
7556
887
7304
694
9115
847
9144
829
9259
852
5395
477
7873
744
9041
912
6985
907
9500
907
9401
886
9137
910
9515
917
9243
575
9318
870
8270
854
9164
905
9207
889
7991
850
6712
654
6760
970
9316
489
7795
899
9299
902
9384
916
7287
937
8979
884
9053
849
9550
960
8070
914
9407
925
8973
862
9188
972
7025
892
5477
917
9126
892
8724
907
9331
680
7877
952
9430
875
9146
915
9064
865
8913
854
9516
712
8710
849
9246
884
8389
929
8983
900
8145
867
9043
750
9151
892
9226
900
7539
859
9359
915
9156
862
9156
865
9053
833
9397
907
9258
904
7696
878
8394
702
9043
1000
5434
854
9232
880
8853
704
8227
932
8895
929
6189
910
9333
960
9389
599
8893
649
6791
847
6234
954
9094
889
8724
887
9191
752
9575
829
9056
912
9743
982
9001
697
8804
887
9191
912
8861
867
9274
885
8077
700
9158
614
7691
664
7056
627
9081
875
9532
915
9314
902
9389
882
9043
874
9261
882
9345
603
9211
870
9329
564
8657
864
8953
892
9475
350
9692
897
9050
885
4402
634
9279
865
9171
932
9558
866
7155
829
9364
872
7453
869
8915
900
9206
927
9186
869
9431
900
9482
910
9131
733
8987
484
9341
937
9221
874
9687
937
7645
842
7417
919
8838
894
7852
944
5474
902
7826
895
9194
924
9224
822
9138
880
5764
847
7437
939
8976
877
4387
950
8991
872
9244
860
5651
509
9462
930
8921
842
9219
849
8905
860
7442
872
7856
862
6871
892
9041
862
7835
905
8088
922
9526
885
5553
887
9424
879
9462
900
9827
724
9126
912
9452
882
9171
832
7681
882
9635
854
9194
930
9154
879
5359
855
9905
922
4157
1034
9078
902
7391
757
8685
907
9547
887
6019
907
8604
926
8958
922
9452
917
9259
920
9713
922
3975
887
8008
897
9258
905
9394
895
9414
799
6739
898
5553
510
9489
905
9116
711
6946
677
8874
797
9640
930
9407
904
9010
849
9451
882
9101
892
8906
461
6868
907
9279
937
4584
937
9262
660
7355
661
9512
907
9069
844
9344
865
9407
862
5326
505
8915
917
9121
870
9069
864
9252
568
9103
974
9502
912
6837
831
7743
880
6460
602
9502
900
9252
826
8024
890
9336
988
8983
897
9211
849
9281
878
7534
890
9709
867
9156
860
9406
890
9031
877
9487
837
8138
886
9437
892
4520
917
9312
694
9271
24355
9095
856
9239
918
9587
910
8638
862
9469
751
9163
910
6076
934
9119
832
8019
738
8109
882
9364
920
8945
569
9544
864
9086
962
9113
845
9402
897
9184
912
8943
481
7869
722
8776
930
9251
867
4504
928
9181
837
8823
1095
9665
917
7974
781
9239
872
8038
757
7254
875
9857
882
9359
885
8662
1038
9331
909
9387
875
9241
895
9988
890
9692
922
8608
872
9195
989
7896
713
9299
875
7409
663
8095
895
9059
882
9517
872
9439
880
9414
822
4641
887
7948
760
9602
882
9357
904
7904
772
9268
887
8830
865
9374
933
9141
912
4348
376
6042
879
9349
904
7955
783
9048
888
9374
875
9535
539
9437
902
8896
934
9191
866
5665
882
9618
848
9520
839
9246
872
7279
864
9409
673
9337
877
8069
892
9369
914
4478
852
17917
975
7709
870
9089
742
9139
719
5307
872
32713
904
5676
889
9281
900
5894
858
5656
927
6542
877
9193
892
9161
894
9562
494
9354
960
7686
872
9384
877
8101
804
9284
880
9126
882
9323
886
4225
568
7708
909
8985
899
9059
1000
5179
958
9108
939
8926
900
7846
932
7570
867
5606
932
8913
895
8028
958
9051
862
9289
887
6888
882
9439
1035
8870
867
5619
869
9521
884
9326
897
9004
899
4250
870
9169
857
4347
728
9352
927
9211
787
9549
824
8678
917
9392
905
9229
917
9521
894
9221
380
9404
795
9218
616
9201
842
9380
830
9311
884
8876
862
9169
1005
7884
905
5421
596
7471
927
8438
889
6078
540
7687
874
9076
907
9051
857
7204
862
9111
832
9294
884
9427
938
9146
865
9191
977
8151
897
9602
882
9167
834
9146
875
9269
899
7690
879
4313
895
9450
877
8504
842
9171
892
9301
899
9229
869
8945
860
9407
910
5519
506
9168
964
7936
909
7639
947
9216
839
8773
749
7650
849
9016
927
9605
870
7804
900
9259
963
9173
962
8968
839
8953
852
9099
864
9514
867
9739
738
