9037
912
9026
902
9121
947
6068
942
5029
860
8782
915
9083
922
7508
584
9211
892
8725
723
8822
930
8747
929
4056
357
8674
892
7088
792
5008
484
9404
824
8695
944
7055
887
5626
707
7287
721
5186
884
9029
915
9023
662
9133
676
6381
660
8876
934
8808
937
8703
877
8816
839
5686
917
9263
992
8973
696
8687
874
5850
960
9058
889
9201
972
8725
969
8913
957
9098
892
5079
506
9073
947
8683
865
8720
889
8767
655
3833
412
9076
997
6018
902
8999
945
8770
902
6899
923
9145
954
5981
952
8688
909
9113
905
7278
942
9237
1015
8663
904
8883
711
9619
922
8970
908
5761
969
8833
943
9023
942
9206
890
4048
373
8698
932
9153
955
6746
692
5693
630
9008
928
6871
902
8920
895
9073
952
6041
955
4213
517
8702
898
4341
495
4234
513
7920
715
9491
637
9069
945
6987
890
9146
611
8702
747
7605
882
8605
939
5987
644
8995
915
8951
909
7318
935
8893
855
8856
917
6093
902
7265
730
8823
645
8847
869
6801
917
9191
887
9019
955
5410
832
6791
989
5969
919
7069
930
8730
389
6157
910
8667
932
6712
944
4122
938
8700
859
9199
927
8892
735
5491
876
8878
952
8993
915
5375
912
3908
655
3932
942
5455
847
8883
905
7763
779
6076
899
5104
868
9003
940
8815
887
9009
862
9334
993
8845
932
9415
882
9231
924
5895
933
5021
890
9418
895
8589
752
9229
980
5574
909
6600
885
5363
571
9183
922
6418
902
6715
392
6324
902
9028
925
7195
922
6792
1118
8905
888
6545
952
8727
957
5728
862
9272
902
8854
884
9133
915
8781
916
6486
879
4364
919
6233
932
7066
968
8798
969
8901
910
8674
928
7996
902
9311
889
7337
912
9113
928
8747
932
7223
927
7648
898
9006
675
9246
945
8613
912
8946
1037
9096
910
9129
985
8863
932
8905
892
8966
676
9116
957
9293
879
8640
922
9158
947
9023
993
8559
887
9128
932
8840
904
8728
865
9198
867
6028
902
8916
888
7635
934
8903
940
7969
910
8775
741
6822
720
8807
955
5170
970
6813
870
5283
992
5955
792
7005
910
8973
905
8906
753
6071
656
5766
922
8645
974
9207
932
8596
482
9101
918
8798
940
8956
890
9188
609
8588
910
9028
868
9041
962
8767
934
8537
927
9266
927
32193
493
8570
929
6103
900
8976
972
7036
872
8732
887
6961
917
5187
384
5893
885
4029
376
4407
915
8831
864
8757
907
22089
952
9206
875
8742
617
8926
915
8908
909
9066
867
9297
990
8854
925
8871
682
9061
614
8868
1089
9236
806
9101
930
5292
516
5915
990
7191
700
8923
945
9261
885
5424
674
5252
904
8559
940
9053
909
8037
914
7044
889
6018
870
9238
915
5355
983
5193
868
8988
632
7818
900
8995
940
9043
932
7276
726
6584
924
9061
848
4040
887
9053
928
7355
869
8710
872
7213
798
8930
488
8808
612
5665
923
8762
914
7362
859
7755
787
8803
932
8640
622
8657
934
9033
862
6211
909
9195
741
8936
862
8818
900
9312
902
8775
935
7615
702
5295
950
9051
770
9134
952
6007
897
8394
749
9016
942
9329
914
8818
815
8728
909
8895
937
8635
892
8700
924
8812
892
9029
577
5426
681
9053
897
5274
925
6691
950
8995
943
8946
940
7525
789
6392
895
9269
952
8925
916
7421
932
8350
596
7206
917
5914
902
8902
872
5332
546
8394
385
8447
943
5964
934
8941
920
7287
707
8896
929
9339
900
8951
945
9084
924
8725
912
7341
907
4250
917
25938
508
9188
905
9051
897
9013
703
8800
874
5466
912
8910
942
6024
781
7862
738
8766
882
9359
463
8855
852
8706
909
9123
910
9274
905
6376
900
9399
927
6798
882
8601
972
9053
884
8730
474
8876
934
7534
927
8771
950
9389
867
7061
933
9197
907
9078
880
9013
892
8831
929
8926
867
7788
900
9028
900
6981
915
9073
897
8860
927
9173
935
9414
904
8815
800
9233
652
9083
909
9126
906
4166
463
9362
960
8968
907
8946
1045
6154
852
8873
865
5474
720
9367
957
9023
905
9193
925
9154
862
9010
973
7257
942
9189
917
7600
720
8882
934
7810
936
9179
920
9156
905
9304
937
4313
517
8673
603
9125
782
9629
547
8923
877
8625
1037
8773
876
9313
918
9218
915
9179
928
5482
872
5417
866
6617
1017
6910
667
5298
521
8821
904
9148
847
6178
718
5217
927
5481
520
9289
945
9185
920
9349
810
8895
613
9479
960
6011
870
8281
942
9364
922
9164
1084
7462
935
9572
882
9312
934
9136
723
9314
970
6819
618
9133
912
9456
953
9407
414
9021
902
9578
982
5744
516
9427
937
9276
760
8550
967
6149
597
5288
917
8714
942
9372
950
9224
872
9211
899
9011
947
8908
997
9634
904
6592
794
8848
912
9174
827
9263
902
9306
970
7520
925
6718
945
7157
731
9357
905
5704
880
5903
897
7524
955
9068
917
8988
960
9164
919
5388
879
9163
937
7925
905
9144
487
8976
885
9154
884
9013
920
9050
908
8918
902
9339
980
8999
875
8788
902
9227
920
5008
916
9155
850
9206
893
6760
922
9185
902
8710
928
8948
860
9105
902
7044
880
9118
870
8833
933
9149
644
9366
885
4329
900
9305
894
5396
514
8860
952
7442
938
9187
918
9194
890
9043
988
9292
923
9229
902
9277
928
5606
860
9312
958
8687
652
9302
918
9264
859
9075
912
9021
886
9214
876
9384
1018
7455
979
8714
919
9021
895
9226
808
7632
912
9327
932
6313
877
6978
968
9104
958
8961
898
7879
935
8941
665
9274
862
8865
917
9234
592
8997
897
9045
1095
6471
567
9054
937
7741
932
9371
962
9236
872
8771
964
5668
887
7525
887
4248
932
9181
493
8938
903
7315
832
9454
934
8955
962
9281
973
7720
927
6789
543
9089
935
4570
504
9317
679
9417
944
9076
857
8943
917
8803
875
7030
938
7778
780
7970
965
9159
857
8956
935
9171
830
6184
962
6266
869
9218
879
9056
862
9184
927
5328
905
9217
947
9074
859
8980
932
7776
932
9203
912
9632
965
8991
942
5441
563
8920
877
4425
897
9588
885
9279
900
8878
962
9332
933
9248
907
9086
907
9114
907
9549
865
9038
872
7475
930
9063
750
9144
910
8901
882
6169
885
8853
940
9193
859
9228
754
9241
932
9136
635
8143
762
9402
896
9492
925
8930
905
9447
922
7283
930
7926
724
6810
1098
9231
874
8968
924
9143
918
9108
975
5737
925
8881
937
7153
917
8561
955
9126
875
9648
906
9965
925
9053
932
9562
902
6018
902
9284
946
9371
897
6836
660
8892
583
9291
862
9238
920
5323
936
7784
899
9081
671
9048
680
9266
858
9189
741
9108
917
8848
894
9013
904
4207
1072
9274
1165
9114
943
9444
753
8680
494
9292
899
9148
796
9181
895
9000
904
4650
1118
8999
977
9314
897
8805
1025
7537
1010
8440
597
7119
895
9106
890
7696
713
9450
935
9096
962
5293
879
8833
1085
7409
787
9173
972
5565
909
5433
641
9096
998
9205
849
9214
987
9028
907
5566
962
7885
474
9361
874
9272
874
9247
935
9444
1007
6482
888
8953
1067
4475
391
8870
867
9296
874
8836
830
9236
882
5524
897
4304
897
9276
705
9206
879
3997
967
9286
913
9144
864
7742
925
9193
902
9001
922
9547
959
9126
949
9317
912
9384
500
7789
769
9650
962
9033
900
7742
625
8675
985
8958
978
4115
874
9304
885
8916
915
8790
944
8898
914
9163
955
8780
884
9357
902
6235
606
9164
977
8888
892
4374
889
9289
699
9031
402
9156
407
8359
912
5908
927
7932
943
9088
929
9209
970
9227
832
5531
722
9182
917
4282
909
8981
879
6360
884
9432
932
9196
925
9103
904
7788
937
3965
1145
7492
912
5733
494
9176
915
9264
897
9520
899
45211
908
8328
825
9577
872
9178
1107
9041
917
9157
944
5506
930
9154
671
9138
1093
5431
920
4982
909
8275
847
4466
885
9143
949
7746
515
6958
932
9306
950
9346
982
9141
909
9038
925
9098
922
9016
706
7609
925
9047
954
9421
925
9121
942
7173
887
9867
925
9615
712
9048
924
9100
865
8674
952
9304
862
9519
877
8961
912
9412
929
6946
902
6241
925
9803
862
9096
962
9021
915
7744
777
9179
959
9293
902
9209
854
9163
942
9594
874
9332
837
9100
954
9053
837
6234
905
8234
902
9081
922
9078
842
9421
942
6171
600
9221
879
9249
905
8996
914
9537
889
9296
904
9257
882
9432
967
9407
915
9171
905
9359
1155
4679
907
6824
596
9896
897
9018
899
7869
776
9094
923
9116
932
9604
585
8800
912
7956
874
6584
884
9066
381
9349
914
8943
939
9141
917
9209
937
9323
958
8860
905
9201
756
9154
859
4472
924
9540
900
6315
765
9148
869
9317
922
9336
930
9670
924
7957
927
6369
925
9166
887
6255
940
9059
907
4449
383
8492
920
9287
887
9522
879
9061
902
9113
1007
7515
947
6891
917
9316
954
9123
952
7784
730
8971
915
6868
920
9164
407
7389
787
8985
865
9813
876
9206
919
9383
372
7355
947
9412
593
9457
900
9730
912
9336
925
7192
669
9028
980
9061
889
6493
623
9256
910
9234
958
9129
867
9101
710
9289
955
9266
965
8896
932
9104
902
9225
813
9316
902
9645
879
8941
669
8963
912
7448
884
9249
900
8787
887
9655
943
8771
847
9153
907
9354
940
4909
907
9547
1197
9199
932
9185
894
9199
724
7793
952
8168
1005
8948
977
9145
902
9141
920
9739
1035
9067
909
9329
950
9254
621
9156
922
9249
885
9089
925
9381
915
8075
880
6756
607
9046
887
9535
943
8561
915
7623
929
9417
837
9051
912
9392
919
7735
940
9214
510
8272
942
9406
610
4364
917
7172
660
9574
880
5604
925
9328
873
9582
782
9026
882
9050
924
8625
706
9024
927
9103
906
9221
943
8979
882
9526
958
9104
880
7567
937
9071
872
7290
904
9136
977
7723
615
9183
865
9341
882
9279
892
9161
952
9134
905
9181
922
9224
922
9344
479
9159
844
9299
860
8831
922
5303
907
9364
960
8990
721
9297
895
9837
964
9572
741
9294
905
9254
927
7894
955
9041
902
9223
882
9238
892
9128
954
9381
909
9448
897
7527
678
9284
897
4646
949
8858
514
4379
525
8805
919
9197
882
7399
722
9029
945
9038
942
9153
633
6832
922
8840
953
9422
977
8459
939
7776
920
9166
942
9376
860
8026
847
8745
1027
9424
925
9204
399
8078
762
6835
955
8790
900
8846
920
9013
942
9730
877
9321
876
9345
924
9081
612
9124
939
8999
887
8916
889
9427
899
9384
824
9153
899
9447
950
9313
834
9013
924
5626
936
8986
962
5352
460
9068
934
9016
907
9349
882
7946
877
9098
882
9129
935
8974
930
6296
696
9429
354
9261
876
8993
927
9244
924
9091
909
18180
833
9033
962
9298
959
9209
925
9645
632
9319
947
9366
937
9608
952
5771
907
8933
844
6321
890
8027
755
8815
929
9231
895
9159
598
9564
917
8878
802
8511
514
8988
533
10065
927
8760
904
9046
1075
9359
560
9251
484
6480
615
9176
914
9329
875
9249
907
9221
864
4146
936
8980
892
9221
892
9219
912
8181
889
8612
867
7595
918
9136
380
9014
992
9447
860
9349
729
8988
952
9209
896
9394
922
8215
724
9004
975
5431
852
9594
804
9153
923
9349
932
37091
925
8880
917
9828
982
8858
928
6561
953
9279
904
8995
940
9296
1010
9322
920
9352
917
5497
984
9612
954
6241
880
9487
922
8988
490
9464
934
6664
528
9366
944
8886
917
7651
933
9929
905
9298
874
9469
463
7927
962
9492
962
5520
402
9740
885
9331
902
9166
947
9370
833
9090
1024
9354
872
6816
920
9397
969
5296
1048
8966
955
9379
887
9509
897
9229
970
9642
920
9028
864
9512
782
8519
897
9146
531
9652
909
9219
944
9081
888
6940
895
5224
936
6821
604
9148
925
9384
927
8618
922
5642
942
9374
907
9159
930
4430
997
9274
930
9054
927
9424
940
8923
909
9083
925
8992
840
9259
972
9457
869
9557
890
8753
927
9456
956
8931
690
9184
980
8802
857
9552
625
7731
914
9306
912
9249
930
5989
908
8993
1000
6488
503
9420
882
9788
944
9495
947
9361
962
8271
942
9188
917
9439
945
9416
956
9361
940
7129
892
15152
914
8675
968
9121
932
9131
858
8069
872
9599
907
9263
969
9404
928
9767
922
8961
501
9380
752
9499
935
9281
867
9306
907
9369
982
9339
727
9550
945
9251
928
9164
915
9574
917
9597
904
9667
834
9015
892
9427
685
4675
917
9023
884
9171
943
9201
904
9497
887
9692
942
9319
922
9379
899
8858
978
7560
907
9284
892
9066
857
9321
875
4389
922
9400
958
4967
872
5860
880
9231
905
8924
900
9460
889
9267
919
9479
923
9168
922
8833
880
8225
918
9188
925
8570
809
7356
894
9297
880
9575
938
7474
933
6450
994
8926
997
6021
915
8998
924
7429
697
9229
1183
5613
857
4701
925
9419
949
9319
927
8924
439
9026
1029
9411
887
9056
520
8020
992
9349
904
16577
762
9699
889
8861
920
9083
758
7752
937
9412
955
9187
922
9529
965
9467
907
9394
994
9303
914
5379
572
9399
997
9440
942
8933
698
9532
508
6369
970
9008
890
7010
686
5424
892
9384
922
9697
942
5318
491
9286
922
9535
934
9209
758
9329
897
9349
882
9817
904
5429
985
9585
923
9685
889
9184
962
9291
947
9594
718
9840
938
7095
726
9291
925
9655
909
6197
872
8512
917
9085
925
9143
912
5505
474
9339
912
9079
907
5657
658
9502
895
9499
678
9745
920
9167
738
9429
882
9399
983
9352
937
9485
755
9151
895
9222
917
9594
904
8920
872
9154
915
9234
955
7980
892
9197
980
9339
932
9494
930
9166
862
9336
920
9261
965
6315
892
7860
909
9555
847
9660
919
9460
935
9576
902
9254
847
9356
920
7933
942
9257
922
9211
914
7512
882
9644
932
6775
651
9590
927
9101
875
9371
937
4281
396
5280
929
7918
942
8950
659
9542
909
9139
912
9096
963
9184
1020
9324
900
9211
957
9119
929
9577
1005
9201
869
9026
912
9084
674
9306
922
4499
912
9256
704
4408
924
9279
517
9449
722
9374
884
5759
528
9018
907
5810
957
9111
847
6878
875
9379
856
9502
982
7875
947
6584
640
8721
889
5489
622
7936
917
5754
514
7913
955
4414
925
9679
909
9504
518
9167
862
9299
849
9566
947
9076
925
9367
965
9105
897
9138
695
9289
962
9895
776
8193
904
9752
967
7452
778
9437
892
9128
752
9134
963
7485
854
7943
768
9562
885
9125
944
7895
939
9131
807
9156
837
9231
899
9322
649
5793
925
9098
937
8241
882
9793
747
7894
940
9649
930
9507
887
9216
910
7690
888
9803
952
9367
867
9118
672
9595
872
7770
962
9084
839
9023
959
9627
876
9742
649
9474
942
9242
922
9312
572
8193
917
7670
555
9059
927
9336
1033
9246
890
8923
928
9161
1090
9321
879
5632
970
9512
980
9682
927
9321
870
9607
862
8016
935
9416
925
9153
927
9174
927
8323
925
9435
882
9058
802
9537
936
9529
636
9502
929
9324
929
8973
904
8039
895
9404
958
9178
907
8838
925
7422
930
6302
570
9259
892
9742
902
5152
487
8122
950
9196
907
9617
903
9364
939
8908
950
9371
937
8700
947
9459
935
8069
778
7742
854
9284
922
8793
937
9705
872
9026
903
9161
952
4561
859
9870
909
8985
909
9451
922
9487
915
4340
924
9043
919
5049
548
5548
959
9098
942
9346
924
9456
944
9369
932
8082
651
5567
932
9131
932
9830
889
9153
932
9163
905
9399
1005
9836
899
9510
910
7699
967
9570
983
7439
722
9978
937
9053
965
9575
959
9933
962
9649
607
9228
497
9371
927
9653
919
9219
912
9206
877
9209
952
5493
736
9334
944
9044
877
6568
860
4586
935
9349
890
9459
925
7854
749
6817
640
9301
937
9038
900
9426
918
9445
905
9043
927
9231
957
9438
889
8988
905
9435
892
8924
862
5311
950
7978
890
9041
889
9695
950
9456
836
6701
612
9223
872
7926
772
8963
796
9249
909
9825
957
9228
917
5749
483
6431
962
5668
935
7697
852
9224
899
9191
867
9677
992
8951
912
9181
945
9186
939
7359
944
7168
930
9412
952
9094
778
9630
609
9224
1029
9209
947
9257
910
9334
892
9474
656
8980
892
9454
907
5846
935
9748
866
9542
908
9456
852
9572
918
9502
537
8309
980
9399
912
9427
805
4299
541
9374
890
9347
665
9229
677
6947
387
9489
865
9198
671
8967
957
9129
975
9351
914
8502
904
8794
774
9640
920
9604
947
6106
924
7953
979
5314
907
6094
957
9430
887
9166
862
6891
650
9261
912
9031
975
6134
942
9159
1303
9504
892
6252
932
7118
668
8660
867
7816
757
7034
523
4444
747
8989
887
9381
924
9216
890
7955
833
9157
912
9306
970
9199
939
9255
914
9364
787
9086
889
9126
618
8993
837
9488
962
9519
992
5700
890
9144
908
9023
900
7663
915
9411
651
9568
907
6989
952
9169
919
7914
949
9136
915
9233
924
9016
939
5698
535
8672
890
7587
939
6730
704
9234
879
9143
955
9524
932
9497
880
6840
972
4464
872
8826
912
9457
867
9130
958
7775
888
9313
952
9236
958
9696
908
9664
920
9381
912
9051
900
9407
937
9770
927
7853
877
6984
736
8603
929
7185
707
4074
877
6854
644
9138
926
9439
905
4416
972
7972
939
9107
886
7927
917
9410
944
9381
722
4455
393
9389
957
9369
405
9076
895
9318
882
9100
905
6151
900
8340
963
9234
892
8549
932
9283
1012
9517
920
9291
939
9790
902
9416
927
9008
958
5667
574
8526
944
9120
915
9106
935
9286
919
5758
935
9482
938
9109
925
9301
908
9351
892
4607
384
9244
980
9374
902
9337
889
9447
942
8848
907
7106
885
9450
869
9549
944
5675
952
6367
844
9367
935
8945
877
9394
935
4204
914
9828
919
9362
887
8905
927
9510
912
9178
885
8828
965
9477
904
9197
579
7980
760
9464
741
9354
880
9286
593
9454
942
9700
885
8112
907
9882
905
9096
885
9169
844
9121
899
9479
9857
9149
897
9244
934
9427
875
9421
877
8868
959
7989
967
9499
1010
7923
910
9058
875
9389
925
9173
885
8932
534
9597
912
6329
479
6222
716
9274
924
9086
930
9738
868
9209
853
7832
910
8210
950
9407
985
9434
886
9089
967
9199
965
9129
722
9657
910
8254
872
9555
897
7911
804
9361
894
9131
889
9269
859
6206
900
9106
957
9018
878
7892
747
9406
880
9467
892
9459
980
8098
928
9033
746
9163
924
9138
1008
9710
944
9497
963
9341
880
9374
882
7711
910
6022
547
9460
997
9672
866
9321
910
5612
892
9169
926
9332
844
9096
895
5889
884
5619
918
9717
925
9486
915
9264
908
7118
885
5734
885
7686
937
9002
870
8606
800
9344
904
4294
915
9324
887
9647
957
9787
923
5530
982
9099
899
4492
408
9213
904
9134
602
7706
874
9540
963
9147
912
9202
869
9572
902
7875
950
9725
880
9273
937
8981
947
9815
940
9169
932
9038
934
9431
925
9226
1005
9239
827
8055
789
9432
980
9249
710
9153
658
9226
940
8145
785
9612
877
9376
562
9354
925
9271
935
9179
926
9499
932
9476
868
9243
764
9347
910
5041
1122
9539
942
9637
510
8390
920
6048
518
9299
898
9266
501
6463
925
8019
563
9510
753
9337
915
9372
977
9269
948
9331
684
5865
488
9682
514
9632
890
5222
463
8993
957
5722
935
9394
875
9166
608
5742
892
7840
900
9349
899
9211
867
7898
962
9279
663
9479
776
4523
905
9672
889
7612
919
9409
889
8992
851
9464
897
9352
699
6150
807
9481
1158
9354
894
8023
969
9484
958
9339
932
9607
732
5780
890
9517
954
9233
905
9497
947
9029
985
9284
915
9617
565
8953
935
7494
924
5912
1085
4248
882
8865
905
9187
897
9449
946
7960
967
7262
895
8970
914
9179
975
9169
922
9630
932
7843
933
9239
959
9171
877
9674
922
6916
925
9452
924
9674
965
7989
753
9008
839
6350
617
9061
713
9139
888
7553
937
6174
949
9409
882
7151
937
4499
489
7956
720
8984
919
9552
600
6365
791
9229
877
9531
930
8940
890
9409
840
6581
534
9197
874
9412
900
8313
760
7137
687
9447
879
8860
799
9484
647
9276
902
9632
927
8280
903
9366
874
9464
596
9121
894
4362
361
9309
927
9702
684
6305
547
7932
930
9100
972
9424
912
9454
882
8071
790
9222
933
5392
919
9031
907
6296
732
9066
945
5610
520
5613
902
4309
880
9084
917
9291
872
9663
915
9256
832
6366
937
9044
896
9211
854
8875
862
9344
950
9415
650
8926
594
9341
950
7735
709
7021
491
5488
854
9344
880
9469
894
6137
937
7856
923
9384
515
8754
920
9336
787
7594
910
8229
942
9479
940
8008
865
9085
945
7942
888
4053
915
8856
906
7949
922
4566
952
9116
927
8033
922
9833
914
9452
917
7856
906
9271
906
6365
909
9156
892
9211
920
4619
930
9472
890
9213
886
9599
885
9323
915
9214
912
8016
709
9299
866
6647
927
6301
664
4363
532
9143
870
6849
514
8948
811
7729
880
9199
569
9103
725
9046
914
7058
632
7672
754
7675
959
9663
519
4286
404
7479
695
9684
724
8008
895
9456
816
9444
915
4256
1123
9344
887
5890
472
9376
937
8141
800
7786
813
8038
919
9574
870
8842
892
9462
933
9489
915
9294
834
8244
967
7784
930
9179
897
8984
366
5575
862
8119
962
9169
887
7899
904
9000
952
9542
998
9193
897
9048
927
4376
360
