8785
752
8600
900
5031
538
5939
900
8474
1200
9161
890
8886
915
9011
964
6013
892
8715
869
8803
905
8564
937
4119
389
8635
877
8988
850
5002
562
6328
829
5955
776
8677
862
6637
653
8810
892
8815
476
8738
650
8672
538
8441
922
9003
659
9169
872
5799
865
9005
890
4887
907
8958
934
8760
842
6312
878
8878
1045
6035
842
8807
890
8479
842
8926
980
45953
807
8885
867
8585
493
9186
872
9013
937
8727
874
9323
862
8617
915
8602
852
8342
835
8920
922
8991
870
8507
919
6593
633
8793
889
8865
930
6762
671
8650
902
5914
923
8556
875
9087
862
8447
1037
8760
914
8562
885
8060
894
6942
724
5919
592
3829
905
8957
839
7525
748
8743
849
9064
864
5242
862
7740
889
9191
837
8796
882
8685
902
4237
522
4287
422
4641
494
4234
504
9103
709
8483
760
8780
877
8843
918
8760
945
8622
610
8793
937
9121
857
8602
859
8878
887
9056
917
5109
930
8911
457
8808
985
7463
927
8746
666
8798
849
8773
887
9299
872
5527
1093
8713
842
5326
885
8815
910
7329
9558
8552
874
8843
915
6187
907
9123
886
9053
893
4213
847
8261
870
8838
845
8800
896
7973
842
8640
895
8898
907
8798
847
8745
915
8650
872
6981
907
6680
842
5306
925
7350
868
8810
887
6929
684
8768
909
8928
897
8664
912
7340
664
5398
531
8947
874
8760
888
9126
832
3843
368
8948
905
9021
880
4075
365
8727
862
9023
681
5504
864
7750
892
6208
380
8940
849
8520
571
8960
864
7653
460
9452
892
8620
885
9009
892
5143
1062
8652
855
8810
877
8617
845
9103
955
7495
748
9034
362
8760
864
8277
942
9404
877
6221
878
5994
636
7250
844
8828
858
8587
904
8756
920
5773
852
5176
1145
5960
610
9333
825
8710
925
9429
905
6737
890
9194
862
6858
713
9226
759
5939
563
8677
842
7845
897
9013
862
8627
917
9001
865
8978
864
8772
654
8840
922
8866
842
6203
712
8896
874
9258
904
7466
870
8790
954
8552
915
8682
942
8717
854
6704
912
8856
859
8715
503
8758
897
5268
561
6750
466
9344
682
8883
904
8700
942
6851
698
7553
593
8745
885
9021
895
6197
636
9151
892
8600
831
9184
922
5479
1130
8750
724
4673
541
8788
872
8655
895
8249
816
9452
849
8845
882
9106
960
9384
819
8920
865
7382
720
9008
882
6894
912
17315
677
4120
453
8494
894
7064
867
8935
890
8720
894
9043
768
5416
889
8152
849
5779
895
7343
930
7180
605
8860
905
9098
955
8706
711
8853
897
8961
929
8765
904
6533
647
8773
575
6559
596
9104
750
8838
904
9023
897
8900
676
5413
880
7215
879
9053
914
9183
930
9116
939
9098
912
6379
902
8747
855
7824
892
8785
890
9141
626
9399
980
8998
905
8620
901
9044
955
7080
629
8477
375
4030
877
5327
481
9126
942
5002
745
9253
460
8695
882
6090
594
6760
937
8933
900
8913
626
8876
563
6266
605
5895
630
9068
865
8803
593
7417
895
8750
885
8941
902
8813
937
8617
832
8901
899
9169
924
5183
882
9101
930
7552
746
6877
899
9056
829
5152
945
8692
882
9126
999
5667
532
8703
678
8405
947
16876
681
9084
907
9111
887
9309
902
8687
929
9038
850
8975
915
9214
872
8980
909
8841
925
5408
524
7960
928
6311
887
9078
591
8790
754
9384
924
9212
885
5743
884
3958
865
9364
862
9304
452
8670
930
8900
934
4129
914
8973
957
9036
875
8690
870
8891
621
8916
687
8873
882
5422
478
8918
974
8908
847
6885
661
9049
824
8740
895
9158
862
8903
880
9119
917
7453
890
9189
854
9288
872
9066
912
8966
872
9232
474
9060
934
9643
625
8672
860
8767
889
9349
864
8792
476
9113
850
9420
859
8978
879
8840
920
5032
479
8415
1107
6388
842
8495
862
9492
850
7540
862
8743
895
8965
835
7489
882
9396
861
9013
877
9041
890
8955
857
9000
849
9266
865
9159
850
9054
897
8818
887
9080
759
7515
872
9263
669
7095
932
8995
896
8607
489
8906
909
8768
857
9379
868
9228
857
9334
902
9011
710
9409
919
9113
847
9026
925
8851
895
9028
922
9143
832
8983
892
8828
364
9241
897
9134
872
7554
543
7465
839
9085
862
9144
854
9334
623
8920
837
9011
580
5415
870
7816
810
9113
917
4044
359
9016
889
6509
895
8996
8570
9199
572
7586
872
5226
449
8983
907
9108
889
6923
794
6341
844
9084
892
9623
942
9129
817
9061
930
9269
860
7533
735
8951
899
7805
814
9431
902
8953
860
8968
864
9211
862
9306
924
6185
633
4479
890
8790
899
9133
857
9294
859
6630
830
9334
927
9271
922
8840
929
9006
862
8781
862
9406
832
9058
877
4777
892
9259
568
9362
887
9097
877
9223
877
9053
887
4209
899
9188
907
9580
795
7581
864
9327
854
9181
837
9048
918
6695
907
8973
822
8765
929
7925
934
8833
882
9056
910
9075
660
9700
824
9196
892
8043
872
9374
827
9013
920
7940
837
5324
562
5440
541
9382
878
9277
957
5354
535
8788
930
9647
865
46193
689
9236
917
8991
857
9361
867
9035
889
8850
940
8682
827
9133
917
9031
872
5357
889
8851
905
9322
845
9522
874
8998
856
9061
878
9865
882
8855
905
9108
872
7767
781
9191
656
9735
905
8983
859
8911
897
8853
847
8939
489
8914
932
8898
887
9209
1077
6963
947
9246
896
9058
652
6048
857
9239
604
5519
845
9236
856
7972
747
6349
895
6168
905
9404
893
9323
867
9509
904
6885
895
8803
782
6166
582
9211
920
8947
962
8067
957
9246
888
9192
877
9116
914
9495
880
9187
859
9131
504
8643
908
4458
900
9161
790
9251
1098
9146
383
8973
877
8998
859
9404
900
8988
668
8820
862
9289
917
9037
538
9186
819
8951
882
8726
872
8971
927
9392
914
9249
835
9093
897
8860
840
5698
734
9149
945
9258
894
9191
827
7167
865
9462
914
8830
910
9141
862
6777
685
9161
915
9507
849
9221
842
9226
902
5572
894
7613
872
9175
854
9414
909
9177
894
4152
886
7279
730
9089
899
9203
850
7915
865
9081
897
9201
906
8996
757
9366
900
5956
905
8831
905
9234
902
5354
852
9683
922
7455
766
8971
834
8547
900
9063
739
5405
880
9294
862
7898
917
9257
414
9126
877
9168
908
9086
935
8472
882
9642
882
9309
1102
8991
905
5607
896
9217
937
9637
910
9088
849
7746
757
9061
875
8245
934
7472
766
8821
877
9251
837
5186
892
9091
905
8004
756
9282
862
9128
905
9434
748
9166
855
9259
902
9127
811
6525
872
9011
887
9044
864
7801
739
5143
876
9018
905
9422
870
9480
905
9233
895
5295
889
9188
877
9005
910
8790
680
9131
907
9154
904
7649
907
8720
938
7796
907
7951
813
7063
872
8996
362
9063
937
9356
867
9151
895
7613
922
9755
874
6832
658
8578
872
9266
732
9153
900
9056
857
8570
912
6766
807
7516
734
9590
882
8881
879
9303
915
9324
930
9367
929
7818
884
8975
856
8963
847
9291
857
9146
924
9575
846
8978
890
9045
902
9144
622
9346
1125
9241
874
5400
592
9259
844
8938
897
8961
882
8892
860
9176
937
8983
907
7837
882
9116
937
9191
930
8657
869
8132
940
7879
922
9121
886
5236
489
8881
890
7280
890
9118
939
9058
882
5544
511
8850
739
8493
535
8880
882
7361
894
8821
875
9106
890
8991
892
8838
837
9156
849
6886
942
8679
887
9364
817
5668
909
9301
908
8981
847
5598
887
9224
924
4315
840
9347
880
8842
870
9275
854
9283
894
9006
864
6559
889
9309
879
9164
678
9391
882
8913
920
9115
824
9209
879
9096
829
9697
960
9063
920
9842
812
9281
882
9236
892
9131
912
9366
830
9031
872
7582
829
8850
385
9191
872
6865
654
9148
987
6983
695
9141
709
9675
832
9071
977
9470
912
4528
874
8778
895
9189
873
9226
870
8888
905
9149
723
9083
945
7300
657
9191
857
8946
765
9604
712
9314
935
9341
935
9149
912
8008
894
6515
900
9284
885
9141
932
7168
895
9069
695
9006
904
9050
847
8551
914
9236
851
9261
672
9013
884
9136
944
9743
839
6483
907
9319
1020
9208
852
9472
877
9244
928
9569
922
9111
591
9010
880
8833
915
9417
952
9640
858
9211
927
9462
822
9188
867
9504
895
6074
575
5635
898
8996
867
7422
935
5989
582
5749
859
9110
900
9877
892
8757
889
9304
879
9592
850
9133
842
9121
852
9339
909
9184
1148
9141
844
9074
680
8994
874
9206
905
8958
955
6610
895
9183
581
5060
455
8732
840
9554
867
9284
980
9357
862
9068
917
9362
857
9284
887
18162
869
9602
885
9246
817
7603
685
9071
440
9587
879
9148
909
9831
898
9594
870
9384
872
8314
724
8880
924
9226
897
9361
892
8770
878
9257
872
9282
852
6969
917
9193
915
7127
905
8736
930
7573
702
9009
879
9314
660
6430
885
9304
874
8893
766
9083
902
7504
822
8936
880
9088
895
8855
912
9004
912
8978
665
9119
717
8697
859
8109
691
7684
711
9539
733
9151
880
8653
893
7246
930
8974
878
7675
886
7223
699
8411
730
9134
678
9347
892
8968
580
8016
884
8627
870
8890
882
6169
866
5769
947
9501
888
9366
894
9124
912
9179
872
9071
872
8738
884
9338
880
4388
460
9622
847
4576
917
9342
935
9163
877
9455
930
9233
872
8807
870
9189
785
8799
761
9104
884
8977
579
9524
889
9271
889
9244
905
9537
914
9208
635
8975
855
8905
824
9121
872
8968
862
8241
733
9151
834
9120
603
9409
819
8014
932
9347
910
9256
899
9003
924
9078
944
9241
940
6914
660
9050
904
9625
859
8978
668
8068
940
7112
672
9764
832
9314
982
9306
834
9295
900
9058
895
9093
822
6784
470
9449
839
9214
910
9123
835
9084
869
8720
882
9129
478
5752
832
8973
862
8998
888
9376
872
9081
927
8820
914
9525
924
9041
879
6721
904
8874
897
6229
829
9456
927
9319
664
9257
892
8069
761
7562
870
6566
619
9117
932
9401
935
9224
905
9474
855
9397
892
7257
879
9045
939
9181
887
8785
847
9324
877
9510
869
8855
783
9044
890
9222
877
6610
683
4617
890
8692
1088
4683
870
9035
887
8908
884
5645
476
9281
905
5663
633
8822
905
9496
889
9249
872
8835
930
9204
830
7860
759
7590
767
9131
929
8919
878
9336
877
8901
965
4396
703
5342
535
9181
872
8563
907
9030
880
8883
894
9417
809
9191
910
9447
882
9018
880
9056
967
9179
924
9253
920
9361
621
9171
960
9219
955
9279
854
8898
874
8905
872
5557
1105
9148
835
9019
870
9490
902
9409
905
9792
914
8235
760
8362
917
7721
860
9067
915
9393
872
9259
24087
9272
887
9237
864
8931
860
9352
759
10038
917
8895
869
9609
898
8844
1050
9093
835
7069
905
9181
649
9367
900
9183
519
9311
651
9286
852
7499
882
9597
888
9400
902
6861
939
9417
870
9224
922
9093
923
9540
887
9414
884
8712
842
9204
872
5560
899
9121
922
8948
903
9436
576
6975
947
6791
1042
9249
1002
9069
914
9151
574
8719
870
9090
862
9071
762
9725
866
8820
877
8612
463
8841
929
4489
347
9482
902
9279
890
8830
847
9467
958
8920
902
9259
835
9036
917
9139
842
9364
920
9091
819
9080
912
9397
875
9046
865
4731
857
7532
688
9198
870
9175
870
9843
870
8983
854
8941
837
9442
634
8830
790
9529
647
9266
867
4534
1118
9296
880
6744
607
9387
993
9249
705
9704
854
9223
895
8903
832
8783
880
6089
865
6469
603
9074
930
9509
905
9226
905
9401
877
8960
957
9206
854
9554
978
9349
887
5153
459
9509
456
9679
476
9770
721
9274
726
8817
452
9201
877
6189
887
9329
980
8808
860
9302
676
9226
935
8535
941
7550
865
9507
907
9371
849
9544
857
9063
829
9254
489
9548
865
8911
910
9356
975
9211
892
6304
912
9139
882
9417
918
9672
932
9368
703
8943
887
9033
822
9003
912
9391
859
9296
1117
9331
895
9840
902
9215
915
6274
590
9306
894
5823
845
9284
955
9309
639
9331
890
9472
892
8928
910
6223
575
9532
908
9494
879
9121
940
4326
935
9189
865
7318
636
6754
895
7122
621
8940
912
7768
847
6193
872
7047
653
9156
866
9076
919
9537
860
9399
631
9252
859
9644
844
9246
859
9304
885
9479
887
9331
857
9198
900
9547
875
8651
867
9277
927
5600
895
6665
869
9648
867
9647
897
9271
910
9644
862
7459
700
9223
917
9650
872
9331
958
9144
990
9852
914
7002
618
9381
880
9396
930
7945
868
9384
907
7858
696
9329
866
7416
877
8742
859
8585
391
9109
857
9061
907
8219
852
7082
910
9264
930
9073
934
8953
880
9139
859
9665
890
9465
877
9625
942
7472
920
5663
974
8473
922
8697
857
4492
451
9184
974
4241
910
9331
887
9622
860
9223
942
5703
892
9366
967
8316
616
9312
879
9390
915
9031
917
4873
892
7110
884
7054
693
9006
855
7000
638
6270
822
7664
867
9216
900
8702
925
8713
862
8971
862
9231
909
9000
743
8953
869
9359
494
7378
668
6481
751
5112
854
7237
912
7858
798
6342
722
9567
727
9329
825
9103
899
9231
687
9144
929
9497
934
9664
875
9003
935
9242
852
7864
877
9422
925
8217
949
9542
932
7084
904
8944
854
9807
557
9141
892
9033
905
9070
877
9542
917
9279
934
6736
914
6468
940
8183
889
9625
909
9296
882
7681
882
8971
904
6650
389
7145
839
9336
844
8617
826
8041
718
9429
925
5346
879
9414
929
9183
920
9582
907
7133
830
9168
892
9234
892
9459
902
9895
912
9051
870
9349
849
9384
910
9314
870
9161
898
9156
887
9484
862
9073
879
7755
705
9341
852
9506
829
9151
886
9334
852
9369
955
9630
904
9284
739
4237
360
9401
897
9358
870
9216
882
9226
866
9700
599
7628
910
7554
701
9161
922
9121
877
9271
932
7921
880
9442
862
9154
872
9329
692
8986
817
4531
388
9662
929
8792
864
9471
905
7925
768
9374
939
9059
932
4329
915
8971
847
9338
535
9334
932
9489
847
7361
675
9584
934
9582
622
4505
358
9293
844
9314
875
6961
636
5365
904
9309
872
8848
895
9770
866
9394
650
9369
611
9131
885
9128
892
9213
506
5101
915
5434
967
9407
837
9309
800
6668
947
8092
754
9787
898
6471
830
9322
584
9597
880
8986
930
9312
474
9406
617
9359
892
7455
859
8107
899
8861
817
9223
872
6068
862
9374
809
9448
900
9036
872
8841
857
8420
899
8833
832
8088
890
9055
696
9512
932
8991
907
9439
889
9444
513
9627
864
9469
890
9655
882
9197
884
9166
892
7971
718
7556
902
9435
975
9399
902
9297
899
9329
987
9076
877
9311
890
9114
1000
9214
892
9218
913
9454
905
4946
456
9329
912
9084
914
9381
955
9099
870
9206
762
9246
637
7152
647
7967
770
9121
900
9321
519
9393
858
9184
635
9329
930
8627
884
9415
498
9875
869
9434
935
9206
884
7931
864
4557
832
6528
603
9642
876
9357
917
6913
668
9004
880
8717
905
9091
757
9030
920
9221
902
9219
894
9329
874
9287
924
9252
872
9373
872
9204
819
4812
476
7966
929
8873
847
9517
852
6894
709
8278
910
9231
444
9502
927
9474
886
9109
713
9582
877
7004
887
9400
904
9367
842
6922
811
9382
476
9931
493
9191
882
9231
609
9632
859
4899
370
4390
457
7746
872
5002
538
6882
618
9336
840
9075
721
9449
854
8132
785
8833
917
8705
897
9166
905
9013
894
9356
844
9251
892
8816
852
9119
868
9194
905
7852
720
7856
760
9219
679
9615
879
9369
882
9071
912
9371
920
9282
637
6379
784
9084
887
9449
902
8013
915
9336
965
9089
830
9432
932
9415
924
9195
466
7517
870
4457
897
6894
907
9143
882
8021
726
9419
895
9041
877
7313
869
9269
861
7832
748
4550
364
9100
920
7901
905
9056
567
7716
859
9188
855
9196
927
9697
885
8417
858
9454
909
9071
982
9269
922
7447
859
5959
912
9569
892
9595
912
9364
842
7692
852
5241
855
9248
573
8030
798
9301
870
9397
857
8768
887
9489
884
7966
944
8077
897
9123
894
9196
882
4303
370
9314
900
9088
907
9178
977
9667
658
9249
802
8715
867
5447
945
6253
574
7782
907
8175
717
9239
655
9529
846
9218
872
9426
914
9604
884
8641
909
9299
924
9586
687
8900
722
8823
835
7421
737
9204
934
9324
894
9432
859
9371
932
9435
633
9024
944
9091
867
8973
898
7565
875
8991
847
9778
968
9747
877
8983
877
9254
821
9143
904
9078
791
7600
912
9401
840
9113
558
9417
922
9376
865
9193
880
8973
909
8032
914
7942
652
7776
681
9364
938
6368
556
9233
932
4424
722
7445
932
8948
840
7190
715
9404
849
9066
932
7421
637
4503
374
9362
902
9018
872
9148
887
9579
885
9316
847
9710
889
8025
930
9460
515
8542
899
5105
892
9019
898
8783
922
9243
907
9063
985
9479
717
8040
733
7218
768
8632
859
8969
578
5467
828
9087
908
8963
892
9365
609
9644
879
9018
900
8908
852
9359
907
9108
914
4240
920
9469
720
9169
684
6305
723
9502
474
7189
892
7926
860
9567
897
5339
919
9081
872
9817
952
9569
939
9061
764
9153
900
9480
877
7742
887
5214
850
9401
940
5282
494
7087
802
7950
858
4243
460
9406
904
9460
638
7793
915
8002
934
9116
908
9432
948
7066
1025
9145
889
9064
860
7720
741
5803
860
7617
942
9204
924
9525
909
9494
872
8700
870
6641
867
9001
909
9101
854
33425
886
9392
915
9457
869
9475
889
8858
885
7752
867
9171
897
9159
865
9187
760
9177
809
6765
870
9214
892
4650
960
9469
479
8786
626
4477
366
9379
907
6852
842
8716
859
9555
725
9668
870
9378
905
9108
887
9135
882
9278
917
4884
874
7892
802
5532
917
9286
890
8858
905
9622
887
7549
844
7802
469
8010
917
8926
828
8641
762
9522
744
9173
947
9514
619
5584
849
7282
890
9337
859
8850
799
9723
849
6275
922
9297
877
9133
904
7409
894
9111
865
8014
923
7265
915
9189
910
9304
694
9486
949
9562
927
9316
942
7497
872
9254
915
5414
511
9281
936
9377
850
5380
867
9316
902
8375
752
9802
889
9803
698
9008
847
9134
880
9737
925
8128
884
8903
890
8257
760
8087
965
7974
913
9191
869
9484
888
8191
922
9291
884
8978
947
9358
852
5589
461
7482
932
9427
925
9184
916
9299
902
9424
882
9228
880
9620
922
9369
897
7879
783
9502
868
5684
902
9251
884
9409
945
6124
531
9501
735
9049
882
9128
957
8104
880
7638
902
9116
872
9178
647
9184
899
9076
895
9638
933
9186
852
9123
966
9339
725
7450
998
9166
885
9158
780
9767
905
9703
866
7573
850
8290
732
9496
908
4499
817
9016
892
7106
627
9249
495
8293
770
4401
361
9835
643
5089
875
9397
900
9479
885
9369
884
9289
912
8121
724
9525
865
9426
857
9231
842
9034
913
6893
882
9311
897
9094
910
9282
879
9305
834
9299
882
9590
912
8397
855
8316
909
9504
882
8815
900
9717
845
8995
867
4713
625
8575
786
6106
824
9577
920
8191
801
10732
922
8966
864
9660
526
7699
686
4559
395
9689
730
8424
781
9376
920
9088
869
9742
1068
9128
1125
8373
776
8914
870
9455
852
9520
905
7190
880
8080
711
9564
1070
5191
952
7594
940
9424
864
6811
872
5623
894
9196
825
9406
842
8839
865
9540
917
8185
819
9344
880
9639
930
9447
912
8821
856
9103
849
7606
1025
9276
870
9943
852
8903
849
9472
930
4200
943
9301
578
9527
924
9487
834
8910
865
8970
900
9084
869
6626
917
6665
451
9164
890
9763
970
9279
848
8720
917
9517
887
8968
821
9103
842
4322
922
7612
910
34862
902
9662
892
9394
836
9416
675
9023
894
4171
459
9030
857
8994
942
8587
879
9630
902
9445
937
9620
884
9003
840
9491
955
9465
902
6152
877
7874
852
7874
722
9604
903
9437
860
6909
650
8062
857
9564
970
5499
889
9398
864
5497
852
9422
917
5295
875
9347
842
8110
887
4556
713
4661
859
8948
885
7637
915
5663
877
7924
740
9101
905
9612
484
9106
916
8767
779
7428
912
7746
745
9422
902
9038
867
7241
846
9340
950
8301
870
9298
857
5466
1050
9444
869
6453
510
4269
623
5535
862
9717
912
9073
919
9164
902
7335
862
5878
553
7237
625
9387
920
8858
842
9262
927
8788
867
4536
836
9486
885
4122
849
9071
882
9502
926
9351
829
9395
874
9324
920
7121
641
9364
937
9430
859
9464
678
9181
662
6043
869
8037
897
9614
899
9379
908
6932
895
8688
672
9275
907
9293
918
9183
944
9163
925
9607
885
9293
904
4298
847
9426
859
9314
914
9254
952
9351
837
5835
869
9216
875
9139
912
6488
867
4664
310
8090
945
9555
885
4478
485
9421
845
7642
882
6548
885
9317
917
9350
918
9244
916
9414
395
17878
899
9494
895
9624
922
9237
899
9376
855
8961
671
5365
849
5589
912
9192
515
7878
885
9910
734
9231
885
9174
902
9320
819
9118
585
9266
872
9515
957
9181
828
8892
869
9402
928
9415
879
4425
864
37734
894
9156
948
9584
943
9826
523
9349
954
4358
380
9840
678
5507
489
7759
880
5930
491
9620
882
9410
859
9000
934
7082
952
4374
882
8993
884
9319
670
9412
937
9166
886
7662
904
9093
887
9204
849
7691
970
9216
872
9657
934
8870
834
7852
872
9514
892
9498
966
8058
943
