9334
982
4804
922
9234
1122
6983
886
6296
857
8923
857
8664
942
8529
899
8745
586
9460
842
8502
899
8637
389
8939
857
6106
552
5758
704
7474
896
8752
785
5932
895
8810
882
5838
555
6466
940
8815
872
4975
872
5291
897
8502
692
6739
645
8916
929
5506
862
8976
872
8429
683
8851
882
8845
892
8855
855
5960
857
7259
898
8660
937
6018
912
6905
897
8828
708
8728
942
9038
930
9006
892
8497
875
8991
845
8756
839
8898
866
5998
890
9259
869
9084
910
5774
914
7311
908
8896
942
8722
882
8540
889
8579
690
8978
912
5922
852
7240
725
8775
909
7355
890
8672
915
8933
878
5198
872
9146
872
5838
884
3794
383
8975
688
8639
912
9294
889
8445
809
8803
890
5293
920
8902
944
8835
922
9116
867
4454
514
8852
504
4236
382
4404
539
9194
960
5626
568
8993
879
9311
844
9431
902
8823
865
8765
892
8738
934
22177
380
6759
608
9279
950
9213
872
8750
899
6520
867
9233
982
6383
870
8998
950
8567
865
5486
885
8846
832
5881
929
8998
506
7309
945
9030
623
9099
904
8900
922
9467
914
8903
893
9004
902
9063
864
6591
939
5456
539
8718
888
6415
612
5182
487
8908
847
6112
623
5572
864
9129
467
7421
914
6090
600
9116
561
7495
886
8941
914
9274
897
5934
894
8797
727
9124
882
8993
889
9093
892
5889
564
8640
746
8871
493
9322
515
8600
927
5114
507
12073
920
9184
568
8764
962
8963
872
9001
885
8702
679
8605
902
9179
930
9086
978
5980
892
9076
917
7097
885
8871
942
4384
379
8740
859
9161
892
8525
892
8500
927
8936
932
9181
878
9033
850
9106
860
9381
570
8623
864
9109
673
4152
880
8595
902
6978
709
9103
915
9236
849
8615
852
8930
914
8993
900
9071
860
6615
917
9010
669
8675
885
8750
872
8710
688
6210
938
8883
907
9018
897
8625
885
7511
899
9030
944
9161
974
9130
658
8901
862
8958
902
9432
862
6132
899
9024
868
8796
934
9341
934
8653
859
7656
782
4984
948
8700
919
7443
721
7008
752
7315
870
7732
874
8760
859
6007
910
8861
885
9276
883
5935
596
8530
574
5242
898
9251
924
5900
879
8735
895
9036
848
9116
882
8490
908
8534
887
9168
896
9036
950
5852
852
8978
882
8976
770
8953
922
6350
894
8958
912
9113
947
9241
899
8422
959
9116
877
6727
668
8663
869
8706
974
9116
762
8791
956
8802
943
8868
907
8698
850
9043
980
5167
488
7840
887
7752
753
8657
877
8894
842
9241
930
5814
892
4250
950
5883
890
6849
680
5868
909
5272
506
7357
930
6542
949
8923
882
8835
859
9128
930
9414
930
7955
917
7613
856
8970
899
9151
922
6270
922
9148
877
9113
834
8157
902
8778
488
9319
910
7695
790
6186
600
9208
915
8707
930
8840
867
7702
784
9484
474
8873
948
8717
932
8885
458
6949
705
9216
960
8916
862
8863
897
8878
845
8860
894
5099
947
8635
573
9023
952
8835
574
5206
711
8848
925
5945
914
9179
912
8720
869
8743
935
9608
928
4190
879
8947
819
8938
665
8846
870
8958
919
9003
929
9312
857
6677
499
8915
857
5932
637
9231
902
6181
710
8925
587
9121
936
4404
899
5845
889
8695
857
5040
495
7666
755
8569
887
7146
877
5698
920
9054
898
8966
630
5886
726
8758
920
4259
379
8630
932
9174
855
7732
734
7268
898
5085
468
9040
902
8625
922
8760
922
9006
890
8830
1007
9144
905
8748
926
7282
885
9076
897
8623
905
8717
925
9096
917
7902
774
5911
882
8956
887
7879
929
8940
583
7688
915
9624
942
8918
889
5500
902
8781
862
9161
847
9081
905
9610
1020
9271
663
9016
490
7091
852
8936
632
8825
999
8991
897
6579
910
8988
859
9289
889
5000
895
9236
920
8935
919
8814
865
6370
878
8910
875
9486
882
9516
899
9106
877
7702
874
9063
887
8873
799
9288
892
8500
857
9058
866
8646
897
8609
912
9642
877
7734
889
9003
870
9078
950
9377
857
9730
869
8745
578
8981
900
9011
862
7547
894
8878
882
9001
895
9316
920
8353
952
9168
850
9126
878
8033
960
8650
879
8730
914
9031
892
9278
929
9096
887
9096
869
9054
925
8993
927
6790
660
6824
675
9111
917
9518
915
9148
983
9196
924
8830
877
9068
902
9151
897
9021
895
8738
964
19533
772
5895
463
4160
892
8912
987
5649
890
7607
764
9502
857
5393
916
6092
569
9406
940
9154
882
9419
897
9344
855
7258
907
8880
965
9074
975
9306
892
9295
917
8816
859
9144
932
9318
925
6442
564
8524
1122
9146
877
9155
446
7574
890
8958
887
7596
892
9038
937
9326
908
7986
994
9118
842
8845
892
9184
875
7208
1145
9254
957
9351
882
9189
889
7932
734
8883
887
9141
862
8670
640
9266
894
4209
356
8469
908
9194
935
8830
955
9246
913
7366
730
9176
908
9594
940
9907
964
9208
889
8818
885
9219
942
9045
935
9024
884
8795
925
8945
877
7232
733
5166
832
9071
907
9171
897
7625
928
9264
879
9417
536
9546
896
9395
1113
7401
957
8858
907
9045
906
9570
859
8905
940
4399
932
8227
819
7220
887
8958
897
8695
929
6398
387
9218
890
9081
615
8966
900
5114
922
9234
760
9517
747
9194
945
9181
907
9294
892
9099
935
8895
491
9095
910
8973
772
5278
1098
9652
925
8735
882
9276
894
8968
902
9139
894
9219
904
9466
616
9215
893
9174
705
9146
912
9116
885
8487
875
9174
902
9497
872
9575
950
7175
907
8193
650
5250
875
9323
955
9049
900
8837
900
9161
930
7525
778
6416
882
7629
899
8897
937
9289
494
7692
872
9015
933
9307
849
9204
392
9830
388
8654
852
9276
900
9076
912
9086
947
7403
864
8171
887
8950
880
9168
915
4370
954
9106
897
9311
839
7269
897
9470
890
8665
844
8765
849
8923
948
5621
840
8916
857
6474
590
9262
907
8487
882
9241
920
9427
955
9094
905
8995
938
9279
862
10099
904
9387
917
9274
868
8440
857
9095
935
9500
872
8830
959
4334
852
9049
896
9166
948
9178
925
7923
743
8813
900
9209
915
9337
920
9000
906
5621
900
7318
877
8875
920
5487
912
9060
892
8719
892
9056
912
9159
907
8768
1037
9239
852
4578
894
7611
922
4197
391
5590
905
7674
885
9429
924
9048
862
8807
970
8985
855
8950
1053
8761
884
9128
1007
9550
737
9407
604
9191
892
9081
897
9634
813
9145
922
9023
842
9368
645
9269
887
9332
925
6496
952
5695
895
8983
935
9319
890
9136
905
9274
734
9467
887
8996
968
9757
902
9447
926
9121
870
8612
964
8615
910
7101
939
9256
875
9013
902
5528
877
8840
927
9101
641
9053
907
9251
927
9361
942
9179
498
9134
950
8410
880
7984
932
9309
927
9258
872
7014
599
9181
885
7403
969
9002
842
5090
944
8921
907
9291
879
9079
912
7578
862
9421
645
8631
880
8958
894
9121
905
9412
892
4271
882
9387
872
9099
915
9113
867
9392
910
9056
897
9089
897
9124
903
9191
892
6814
910
8873
877
7658
739
5885
489
6957
852
7108
860
9063
882
8856
970
9282
872
7035
900
8144
877
6234
899
5444
857
8479
887
9186
842
9440
544
9379
864
8693
912
9046
867
9171
768
5442
727
9313
892
9167
945
9286
889
9434
875
5996
523
8917
849
9349
377
7431
898
9138
902
9097
877
5874
965
9241
827
7002
885
6858
636
5766
906
7322
739
8931
895
9552
970
9231
916
8975
950
6384
872
6582
691
9384
902
9106
963
9331
894
9036
510
7847
909
8763
724
9359
942
9033
924
8828
890
8981
887
4108
909
9233
912
9815
945
9560
942
8991
845
9377
864
9456
977
8915
930
9281
727
7900
902
4882
912
9185
912
9031
958
9436
914
9269
925
5520
599
7606
905
9351
844
9387
923
9332
847
8780
905
8941
872
5567
1040
7780
794
9950
876
46737
849
7117
877
7717
945
5569
870
9196
699
9159
924
9156
888
4254
364
9136
917
9030
955
9271
912
8599
902
9314
899
9440
917
9466
960
8837
842
9143
902
6774
857
5523
889
7408
671
8910
964
9196
875
9229
912
8916
879
9331
835
8891
926
9289
867
9949
880
9459
897
9372
920
9576
890
9124
710
7163
900
9023
903
9494
857
9289
852
9151
894
8979
922
9268
884
9163
925
9144
992
5648
677
6444
590
9592
840
9073
894
9559
890
9129
866
9114
959
9815
904
7348
988
9719
940
5830
899
9209
830
9524
957
8261
806
9136
644
9821
962
9564
952
8068
899
4241
890
8986
925
9364
890
8755
915
6336
571
9256
846
9469
935
9088
886
9141
898
7225
927
9244
917
9505
937
9498
885
8914
882
9559
852
9198
708
7602
907
7349
890
9119
925
9387
887
6954
770
9066
927
9526
857
9068
896
9777
947
9542
885
9171
1097
9251
939
9047
877
7389
740
9592
864
9259
869
9457
928
8910
897
9375
877
9209
882
8958
925
9099
932
9121
904
4311
955
6813
577
9181
673
8986
920
9281
862
9316
556
9599
825
7502
900
9154
882
9384
890
9772
908
9480
932
9225
856
9615
904
9251
880
8512
862
9497
887
9885
872
9001
844
7260
643
9159
850
8688
882
8996
822
8810
935
9031
563
9003
839
9439
877
5481
611
9186
895
9044
856
7285
804
8968
860
9201
776
4448
372
4451
887
9121
897
9118
907
9055
894
9314
914
6277
632
8942
882
9184
849
9502
872
8912
887
9732
600
9008
782
9494
872
9319
902
9281
647
9203
920
9325
879
9233
872
9128
718
9115
809
9293
875
8878
852
9134
590
9564
925
8160
850
9344
862
8068
741
9129
844
9203
555
9522
949
8967
736
9390
870
6891
636
9111
902
7833
937
9257
910
9359
929
9439
880
9104
907
9495
962
9276
895
8609
882
10624
898
7989
917
9231
902
9146
907
8920
925
8557
910
7630
907
4692
420
8999
895
9123
930
9259
910
9429
892
9321
671
9266
882
9409
667
9025
939
7667
787
9391
879
9674
892
9602
905
9389
736
9547
926
4512
383
9058
885
9417
902
9529
935
9015
880
9464
947
7180
905
9148
932
9147
633
9258
932
9051
842
9494
884
9187
914
9547
905
10128
640
5668
1090
8857
682
4577
915
9479
834
9437
912
9212
930
9267
889
9088
910
9289
909
9311
529
9249
666
9379
845
9099
920
9099
892
6996
880
8239
927
7234
957
9151
915
9467
942
5778
862
9086
928
9009
907
9276
915
7165
900
8875
739
9086
904
8950
840
9252
914
5585
895
10094
942
9104
879
8883
890
9173
671
8991
868
8637
872
9161
877
8923
872
9502
912
9143
862
9552
922
9055
867
9720
822
9077
553
9274
870
9276
912
9536
819
9381
887
9709
892
9730
799
8690
838
9292
864
4537
383
9432
887
9005
940
9182
894
9537
899
8841
909
9188
882
9509
902
7820
880
9096
882
9604
962
9128
884
7185
899
9124
905
9251
561
9074
885
9362
933
8933
917
9313
847
9256
900
9507
886
9495
889
8991
905
9850
451
9091
940
5338
689
9532
899
9061
877
8935
965
9334
946
9454
862
8890
890
6813
665
9750
877
8749
882
9191
899
8249
880
9148
892
9046
840
9259
704
9302
882
4709
967
9311
902
4751
379
9312
884
9497
895
9116
865
5585
920
5885
927
6923
864
9254
930
9387
917
6643
947
9306
890
8988
872
9091
623
9194
872
9294
890
5650
1080
8995
890
9409
703
8960
958
7295
905
9273
1005
9161
970
8958
658
9206
558
9209
866
9271
476
9181
922
6576
472
9284
968
9401
862
8481
904
9652
920
9126
932
8921
802
4710
894
7796
847
9943
1175
9211
927
9274
688
9603
925
9189
617
8966
915
9317
915
9071
907
9577
880
9301
940
9194
844
9487
877
9442
935
7958
914
8976
1131
9442
720
9505
922
9544
930
9227
869
9245
855
9111
950
9445
845
9807
879
4166
897
9327
882
9479
900
9274
928
9199
927
9514
842
9537
826
9179
874
6602
576
9589
907
5768
875
9582
897
9439
919
9239
687
9482
965
9720
890
9442
728
9554
892
9841
872
9396
882
8883
907
9234
721
9805
914
10504
859
9507
919
4561
391
8976
915
9018
945
9647
924
9061
915
9716
877
9604
894
9103
892
7964
769
9091
950
8921
905
9306
937
9449
764
9562
574
7919
950
9694
653
9518
1002
9407
895
7257
919
9489
865
9361
880
9204
625
9535
879
9028
662
9086
907
9279
912
9800
867
7978
938
9640
835
9467
920
9524
880
9321
935
9800
587
9568
900
9251
892
9431
877
6631
922
5828
862
9309
907
9629
909
9609
997
9028
912
9189
899
9324
937
8888
914
9216
925
9534
904
9354
759
9384
912
9169
885
9114
904
7693
927
4480
877
9257
378
9115
887
5494
972
9365
937
9457
916
7752
621
6278
960
9089
854
9689
905
9221
852
9246
900
7034
671
9500
932
8001
768
8692
668
7810
908
9171
864
9514
912
9439
882
9146
518
9138
927
8918
882
7008
930
9265
869
9154
918
9259
887
9001
828
8085
890
9246
947
7101
682
9178
822
9198
872
4590
922
9277
836
9374
910
9011
833
9123
916
9494
950
9517
1007
9068
845
6510
912
4292
827
9241
927
6689
896
9554
474
8978
904
9551
922
4647
410
9682
907
9462
907
6376
952
8012
864
9454
879
6092
646
9258
912
9366
530
9610
905
7933
722
8163
784
9537
1067
7381
878
9577
844
9186
625
9364
516
7802
904
8151
937
9687
712
9015
929
10075
644
9557
818
8641
910
6099
895
9216
874
8870
877
9434
882
9071
914
5584
909
9622
905
7659
1005
5503
935
9512
849
7485
886
4838
1183
7718
687
8096
897
9469
507
9187
908
9279
910
5726
880
4686
379
7785
877
9412
954
9464
889
8949
515
9286
902
9208
929
6485
632
9321
915
9186
868
9159
882
9286
845
9432
910
8087
736
9793
924
9527
846
9382
892
9429
766
4270
850
9610
918
9703
965
9542
718
9555
867
9401
862
9181
857
5474
859
9291
916
7820
868
9406
905
9457
905
5433
915
9825
927
8125
880
9119
882
7504
698
9382
897
9168
908
5721
938
9484
945
9001
889
8941
912
8235
362
9036
671
7355
721
7576
869
9136
641
9454
840
9163
874
9452
888
9329
367
9311
919
7916
756
9441
643
9153
855
9296
957
7198
894
5662
919
9369
862
9526
929
9101
890
9510
919
8206
531
7126
720
9334
982
9827
915
4461
924
9203
912
9452
530
9485
820
9347
887
5690
627
9355
842
9457
933
9835
1022
9153
609
9746
850
4617
887
7478
928
9279
907
9319
909
9346
481
8963
919
9108
517
9269
925
4549
889
9978
874
9402
925
9081
892
9605
904
9602
1095
9346
902
9191
965
6575
1005
9311
867
4615
874
9810
929
19199
842
9409
872
9692
862
9422
957
7674
866
9654
879
9450
850
5436
869
9101
937
9346
886
9367
890
7619
933
9111
910
9492
872
5355
887
9347
907
9274
707
6407
908
7309
944
9321
860
9801
688
9167
908
9582
919
9163
872
9638
872
5729
546
9364
902
7911
969
9645
833
9549
501
9748
945
9205
910
5383
495
9156
852
7966
882
7945
616
5361
569
9221
908
9327
925
7840
939
7333
502
9206
950
9236
917
9620
890
7774
882
9309
844
8973
872
8962
877
9582
502
9327
882
4756
362
9577
918
5447
469
15389
734
9041
862
7797
896
4180
887
7379
926
9191
940
9219
880
9617
857
9858
892
9206
885
9219
877
9692
877
9063
889
9174
942
6363
682
7483
927
9131
720
9607
877
8896
884
7611
882
5007
535
5846
877
9139
882
9058
1006
9293
904
9465
918
9620
895
9670
904
8985
890
9578
940
9259
935
9479
508
7793
967
9655
507
9257
820
5213
912
5382
520
9590
942
9331
845
9299
1032
7708
877
10139
882
4424
920
9204
887
9898
932
9572
932
9487
874
9241
882
7569
974
7513
473
6581
569
7998
875
7972
888
8571
944
9163
790
9183
849
9402
907
8971
874
9364
872
9048
865
8996
897
9101
917
4037
868
8000
885
9447
892
9497
695
9356
938
4489
382
9454
880
9667
929
9495
870
9545
855
7908
914
9376
882
9242
856
9108
905
7883
678
9466
919
9580
865
9123
902
9234
890
9938
877
6879
930
9464
878
9580
935
9093
701
9610
867
9249
726
8985
922
9319
937
9339
937
4294
940
9076
892
7678
890
9244
948
9031
874
9375
945
9640
872
9363
889
9035
872
9632
900
9419
659
9171
860
9715
870
9437
611
9352
922
9400
932
5366
953
9048
987
7900
715
8806
922
5657
872
9036
924
9620
872
9066
866
7041
894
5624
759
9652
837
6024
860
9126
928
8737
878
8456
926
9384
894
9439
902
9134
929
9231
895
8966
922
9156
922
4653
806
4538
380
9349
937
9660
451
4801
879
9301
876
7915
721
9515
914
5932
736
9049
905
9480
892
7774
658
9602
924
9124
865
9407
852
9078
940
8945
919
4231
886
9148
839
9486
880
9058
890
9607
965
9564
900
9131
818
4723
880
7442
874
7761
902
6054
608
7828
879
9204
862
8847
910
4362
477
8065
942
4443
867
9081
899
7972
1010
9146
888
38623
842
9095
920
9081
944
8995
742
9582
872
6968
949
17969
859
9472
895
9556
887
9151
894
4581
880
9364
920
6454
890
9264
1005
9023
877
9470
762
8998
908
9174
848
9482
944
9404
872
9665
703
7731
882
9266
859
7716
770
9033
927
9692
908
7754
872
6530
640
9592
887
9509
877
4589
928
9650
902
8948
887
9113
922
9163
875
9367
696
9119
947
9065
789
9446
895
8730
882
5318
909
8071
872
7191
885
9181
885
9088
704
7465
917
9214
867
9417
912
9235
832
9357
909
8660
935
8596
898
9259
919
9494
840
9572
860
9279
917
9377
922
9519
962
9311
905
9472
926
9509
872
6957
917
8857
912
9085
877
9314
920
9594
868
9108
967
9499
867
9241
932
8559
461
9146
797
6870
909
7980
879
6717
643
9264
909
5722
915
9219
882
9404
962
8998
884
7830
976
4286
902
9638
884
9885
880
7862
892
8035
884
9186
915
9006
904
9179
864
9416
902
9219
929
8156
728
5471
899
8938
945
9592
923
9480
964
9482
939
9411
899
9492
872
6336
910
9111
718
9119
1015
9329
925
7374
870
9296
909
7702
751
7437
890
7748
710
9121
885
9175
877
9254
959
9203
912
9564
930
9547
900
9288
932
8556
902
9179
886
5655
952
9519
895
9704
796
8082
918
9678
952
9459
913
9154
912
5558
477
9160
937
9338
527
5994
882
9161
925
9555
920
7529
884
9404
940
9079
958
9204
932
8038
860
9828
628
8978
934
9139
898
9602
920
7929
928
7666
852
9267
930
7528
872
9332
920
5869
877
9308
902
5627
872
9303
917
7951
889
8129
519
9289
902
9231
964
7868
748
8618
791
8714
972
5771
492
9131
950
9304
755
10076
972
9516
814
9440
930
9344
892
6116
878
9324
890
7798
913
7434
864
7133
874
9592
907
8988
907
5691
897
9397
875
8769
882
9564
880
9364
537
9364
587
7358
925
8213
764
9264
870
9416
875
9551
890
9368
944
5692
905
9444
950
7681
755
9417
917
9444
892
9266
620
9357
867
6224
892
9657
904
6869
905
9194
864
9334
944
9051
905
9279
784
4568
355
9039
930
9297
849
9181
932
5938
925
9347
960
4842
740
9078
870
9138
897
9767
934
5802
504
9802
772
9235
882
9697
932
9758
718
6349
620
9535
912
9374
832
9905
864
9271
864
5689
889
7731
884
9695
915
9527
830
4886
907
8923
897
9319
932
8063
887
9469
909
4374
381
9284
905
7148
977
9069
909
5729
508
9464
898
8099
867
5856
937
9502
540
9532
900
8116
720
9129
944
9098
1010
9028
668
6479
917
9692
439
7505
905
9514
870
7734
905
9492
892
5729
478
9113
927
9544
902
5569
930
5617
730
4261
970
9402
917
9136
884
4190
734
9634
912
9537
906
9253
928
7218
922
9125
907
9504
869
9604
565
4280
940
7934
749
4127
854
9492
864
9412
872
9582
880
9688
878
4400
1072
7392
674
9247
957
9810
754
9546
940
9233
882
5704
839
8174
910
7469
925
9699
862
9331
947
9302
862
9479
743
9900
958
7972
942
9797
905
5626
904
8019
942
7175
894
9047
857
9098
912
4469
882
7556
904
6667
593
7575
690
4202
942
4520
993
9286
915
9341
927
5977
487
5693
480
8129
894
8938
486
8079
887
9399
952
9624
877
7094
625
8915
912
5795
862
7882
909
9342
827
9284
934
4442
869
9066
890
5753
474
9469
524
5924
682
4451
635
7673
910
7577
935
9301
887
9416
380
9604
569
9336
908
6325
946
9033
890
8998
638
7215
864
9268
396
9271
899
8916
882
8943
869
7938
709
4947
1090
9559
882
7366
909
9104
460
8999
855
9556
675
9236
919
8168
855
9637
852
9509
705
8172
720
9249
897
9168
862
4186
647
9332
887
9297
854
9622
909
7425
907
7990
750
9614
894
9011
872
8067
897
9388
910
9033
959
8993
629
5347
849
9500
859
9306
807
9495
948
4466
472
9662
865
9389
774
4869
445
9375
837
9079
929
9385
957
9649
862
9437
945
8998
929
9214
882
8012
897
5782
890
9470
880
7266
875
7945
802
7754
915
5182
892
5982
614
10494
519
9354
948
7608
867
8214
840
9193
902
8200
874
8165
879
7765
857
9430
862
10086
886
9555
915
8049
580
5389
535
9629
932
9683
872
9116
977
9596
890
9161
877
9370
717
9670
864
7835
897
9053
877
9326
927
7901
790
8083
753
8232
899
9349
920
9392
857
4434
875
9392
859
7309
539
8042
934
9131
877
9193
915
9605
429
5486
885
7980
917
9126
926
8862
862
8910
854
9329
930
8147
900
9331
9758
6721
637
