7304
1055
7407
510
7231
1098
5060
1050
7580
1017
4681
680
7082
997
7609
804
5711
707
7264
1045
7441
1008
7826
1002
7231
1025
7194
1017
7229
743
4260
581
5018
980
7407
1100
5995
812
5995
1015
7179
1065
7201
1060
7096
992
7743
997
5189
658
6984
1003
7169
1055
7096
1032
7983
1037
7259
893
4871
1020
5736
1043
7522
1062
6913
905
7930
1020
7509
1050
7314
534
7555
1088
7477
760
7117
1027
7482
1062
7458
1012
7287
1042
7399
1120
7284
1056
7758
1032
7788
1043
7469
1004
5083
712
5325
1038
5836
999
4683
1045
4952
693
4789
676
7241
1032
5151
1012
5512
711
5499
1009
7003
1015
7495
1053
7277
1010
7349
1052
7452
1048
7171
1028
4934
808
7164
590
7034
1020
7545
973
7232
489
7252
978
5835
1035
7367
882
7279
848
4994
1038
7267
1048
3612
461
5126
563
3701
519
3829
551
7682
870
3683
430
7675
1022
7461
1047
4429
985
7099
1073
7106
1030
6483
882
7142
1047
7317
1033
7492
1020
7359
1025
7564
999
7482
1034
7590
1010
7352
1047
7437
1043
7457
742
7277
1050
7209
667
4630
561
4645
571
7084
964
5295
693
7384
1029
7214
663
7276
1015
4724
641
7693
977
7229
1047
4073
1045
4323
619
7607
1022
5494
1025
7209
1035
7511
1040
7562
1077
7252
1048
7214
1044
7345
977
6423
914
7152
1036
7449
1035
7540
1037
5148
610
7189
969
7515
1035
5810
990
4446
1008
7282
597
4632
1057
7350
1027
7695
1060
7908
1074
7252
972
7628
1088
5813
834
7365
1027
7570
1022
7441
1000
7637
1017
7677
975
7527
775
7860
1005
7354
1105
6049
1033
5222
1005
3228
504
7693
862
7572
977
7513
900
7866
1032
7217
943
3544
421
7680
1107
7555
1128
7164
1052
7400
1070
7717
1057
6495
1035
7532
1075
7746
1152
5933
1045
7656
994
7347
1067
7505
982
7361
882
7336
772
5503
736
7334
874
7264
1009
7550
1037
7342
979
7761
1053
7277
1025
7482
1075
4378
980
7570
1065
6042
1025
7495
1240
7530
1047
4759
917
5778
1022
7272
1027
6951
1017
7463
1017
5674
1004
5290
1085
5939
987
7567
1012
5698
992
7379
1027
7294
1068
7865
1044
6119
1029
7442
1067
3404
1020
4471
984
7495
1060
5238
774
7342
1038
7563
765
5413
1065
7547
733
7445
1003
7914
873
7484
974
7357
1075
4380
1022
7128
994
7212
1047
7139
1015
3231
990
7261
1042
5797
1122
5934
1057
7380
1050
7447
1030
3354
984
7299
1065
7219
1077
3430
1125
7672
1034
7577
1017
7109
503
6193
425
7367
840
6151
837
7194
1015
7786
988
7099
1057
7377
1133
7179
1068
7464
965
7216
1037
7662
1005
7299
1007
7351
638
5861
1036
7492
1019
7374
1070
7505
1052
7705
1058
7580
1065
7389
568
6254
1060
7297
1025
7467
999
7245
1100
5713
754
6193
989
7292
924
7607
1078
7251
1022
5007
812
6171
913
7495
1010
7360
1020
7424
1005
7575
589
7292
1103
7447
999
7577
1002
3550
520
7572
1037
6960
1045
7832
984
7703
965
7345
1067
7760
1025
7512
1048
7327
1095
7572
1035
5919
787
4542
1027
7858
1015
7251
1042
7410
773
7502
1113
6047
1027
4285
569
6185
1000
7598
982
4293
816
5936
833
7577
1040
7527
1025
4977
1017
7603
1060
7841
1048
7577
1027
5358
1032
7700
1012
4415
985
4699
882
5273
607
7457
1020
4528
575
7216
1080
5800
1074
4791
1030
7329
1053
7675
1062
7380
1055
4734
643
7084
968
4580
1017
7432
1097
7840
1092
7622
1010
7582
1067
7079
1223
7514
1043
5582
1012
5950
1082
7776
913
7826
1075
7289
990
7688
438
5733
845
7525
1058
4328
866
7517
1062
7294
1038
7154
1220
6236
828
7485
683
7693
957
4477
530
7547
1040
4471
1060
7762
1024
7460
776
7494
1012
7765
1080
6364
1105
7479
1060
7344
1035
5592
754
6270
994
3236
587
7718
1048
5415
697
7588
1050
7565
1156
7519
1008
4403
990
7552
1068
7825
802
7545
1060
5075
723
7512
1065
7337
1025
7469
1092
7632
801
3632
399
5976
852
7727
1013
6717
865
6391
956
7730
1044
7434
1012
7622
1032
8061
1038
7024
939
7501
1040
7502
982
7612
1035
6374
1043
6805
990
7778
1080
7816
982
7872
1203
7891
823
7469
1075
7725
751
5309
1014
7808
1020
6860
960
7521
1025
7911
1050
5115
624
7543
1110
7808
1077
6179
913
7668
960
7522
1118
7998
1058
5765
807
7392
554
7810
912
8039
1055
7605
1070
8063
1040
7373
1025
7552
1032
7946
1005
5005
643
8016
1057
7639
1020
8102
1000
7520
1022
4669
586
8304
1085
7469
641
5438
1000
6050
721
7696
1027
7497
1098
7392
672
7412
1125
8058
1007
6689
844
6022
1090
8464
1050
7758
589
6400
1070
7768
1030
5016
1008
5350
682
7549
1062
5213
1022
7520
1010
7655
700
7497
1069
7503
1033
7747
1012
7758
982
7949
960
7783
959
7953
967
7650
1007
8181
399
4397
1181
4560
806
7898
1047
7425
1093
7512
1020
7382
790
5008
985
7499
1012
7480
1075
7567
1085
7573
1052
7976
1019
7816
1023
7389
995
5693
1032
7638
998
7663
1142
7635
765
7507
1063
7647
1073
7355
1028
7798
1042
5199
673
7575
720
6067
830
7423
984
7400
1010
6473
676
6622
1006
7770
972
7585
1030
7469
1048
5883
972
3593
440
4354
1018
6487
786
7505
853
7815
1030
7577
1037
6829
1080
7795
1069
7623
1016
7412
1033
7936
1061
5170
654
7527
1027
5099
743
7558
1004
8026
1082
7380
1010
6409
1045
7219
809
7377
1103
4482
1012
8108
1028
7778
1017
7578
1052
7783
1037
7622
838
7627
1015
5156
705
7483
975
7818
962
7728
1010
7524
1067
7625
993
7758
1002
5112
602
7413
1040
7812
1033
7422
681
7468
684
7928
1032
7447
1070
7495
1005
7270
998
7737
1035
7758
1017
5390
1033
7703
1042
4706
1012
7485
1058
6850
1110
7936
1012
6463
1015
7788
990
6623
1045
7517
1043
7491
1090
6718
1069
7530
1010
7523
1055
7531
1010
7500
1065
34435
1055
7557
1042
6482
1055
6351
1070
7557
1070
7609
990
7703
830
7713
1057
7395
1030
6605
836
7290
1033
7762
1009
7525
723
6230
1057
5714
959
7593
1030
7345
1063
7836
1053
5369
960
7345
1050
6423
1162
7642
1025
5646
736
7773
977
7643
1013
5607
1020
7649
675
5531
700
7795
1017
5644
1082
7324
1142
7954
1064
7949
982
8008
962
6386
813
7637
1035
7788
1241
8074
1017
7878
1003
7690
1047
7913
1039
7834
1012
4656
1025
7282
813
7665
1063
7698
1010
7812
1118
7559
1032
7828
993
6964
1148
7427
1007
7499
974
4627
1062
7334
1050
7860
852
4678
609
5580
1027
7531
1000
4793
1040
7295
1022
7306
1048
7520
1050
7365
1035
7592
1045
7577
1015
7442
1014
7124
1015
7828
1047
7474
1030
8154
1090
7552
1005
6281
1136
7643
1092
7732
1095
7434
1055
7815
1027
5788
1015
7561
1092
7635
1044
7693
987
7550
1102
7399
1043
7588
936
8049
1035
7810
1028
7717
1032
7750
1037
7773
1026
7645
1007
7637
1055
7985
1033
7542
1040
7969
1095
7362
1030
7222
1070
7745
984
7129
1015
7305
1008
7758
1100
7662
1007
7532
975
7369
842
6293
1008
7094
1062
7608
1005
8109
1037
3569
809
6340
1035
5813
1003
7836
1078
6988
829
7740
1070
7710
746
7240
1067
7532
1027
7320
1047
15215
1079
7193
1048
6471
1012
6508
1044
7485
1095
3589
1005
7778
1045
7782
1042
7755
1075
7780
1040
3466
1175
8101
1017
7472
995
6503
1090
5471
1022
7301
863
7863
1063
5145
1027
6385
1035
7903
1042
7966
1012
7758
1068
7923
1010
7620
1010
3675
1017
7792
1050
7344
1012
7860
1012
7325
988
7732
1133
7432
995
7693
1055
7803
1042
7652
1042
7492
1045
7981
1107
6313
1035
7665
954
7528
1023
7548
1025
7460
1051
3595
1020
7884
976
5493
709
7692
760
6668
1037
7487
968
7219
990
7707
1068
7804
506
7808
1055
6625
974
8078
1012
8035
1048
7666
995
4867
1010
7512
1058
7635
441
7610
977
7888
1030
8071
599
6918
985
7625
1007
7618
1027
7500
1014
3576
527
3783
458
7339
1010
7866
1042
7993
805
7989
1023
7693
1028
7828
623
6132
1063
7432
1018
7600
969
5105
987
5188
1022
6566
1052
6422
1062
8026
1180
7788
1092
7735
740
7470
930
7720
1025
7848
1050
8091
912
8056
926
7612
587
7592
1050
4814
576
7162
911
7513
932
7715
1065
7695
1027
7625
1125
7487
994
7449
1000
7888
1098
3741
1078
5927
1080
7445
1004
5485
1010
7427
668
6427
858
7708
1097
7748
637
7560
1092
7853
555
7958
1003
7450
1047
5434
541
7582
1013
7488
598
7442
822
6046
1024
5478
1057
7357
1003
4788
1020
7045
1010
5355
719
7925
1052
7517
1042
7668
1023
6342
1103
7712
1030
7073
1078
6244
670
7911
1013
8046
1107
7757
1047
7687
1012
7337
989
7803
750
4618
536
7671
975
6564
827
7761
1037
7597
1018
7793
1027
7628
1008
8194
996
7898
538
5649
671
7424
1040
8177
1009
7312
1075
7643
840
7950
1062
4787
1013
7743
1020
8254
1020
6190
1020
7850
1040
7738
1173
6304
872
7502
1060
7647
1035
5888
1060
5939
1030
8339
1044
7738
1027
7590
1038
7991
960
5765
980
4434
1022
7668
1059
7562
1135
6442
1095
5491
1015
7656
1057
6188
1017
6672
1033
7113
897
6368
1070
7953
1042
7733
1050
3595
1000
6313
970
6988
1088
7557
1002
8024
1070
7855
1047
8129
1003
7843
1069
7748
1000
7710
1145
7624
995
7713
787
7870
983
7683
699
7728
1033
7763
810
7618
1035
7668
1151
4612
578
5731
753
7808
1044
7853
1019
6731
1016
8051
1091
6733
1032
7996
1062
7557
1067
7795
729
4693
882
7780
512
8410
1065
7578
1045
7743
977
7786
1027
6254
1018
8185
982
7532
1038
7893
660
7716
1053
7680
1058
6263
844
7627
578
7545
994
6543
864
7653
1078
7808
657
7630
844
7906
1012
7589
992
7971
1027
7292
1057
7816
1045
7688
982
6618
852
7683
1000
7790
1007
6476
1083
7489
1053
5480
1015
7996
982
7517
1016
7883
1030
7304
1054
8127
980
5361
677
7625
1040
7517
1033
7580
1012
5890
1030
7606
1038
6413
755
6114
1052
6029
720
7593
1004
8219
980
7567
1052
5715
1108
7585
980
6689
1012
7635
1038
7798
1090
5908
1010
7908
907
7602
1035
7695
817
7715
1032
7530
870
7903
1033
7972
1005
7700
1035
7400
1008
4776
1038
7375
1037
4465
1062
4325
962
7667
1033
7335
1038
7891
420
7800
470
7567
1025
7725
1083
7923
1087
7578
1085
7075
869
4921
1022
7876
1032
7892
1033
6288
815
7710
972
8028
1002
7397
978
6151
777
8056
1107
7908
1012
8063
1012
7850
1045
7886
998
7322
984
5740
1080
7688
1062
8239
975
7587
553
7890
1033
8096
986
7908
1030
7999
996
7625
574
7640
919
7040
880
7706
1073
6468
1073
7966
1007
18993
1060
7482
947
7603
1040
5836
1034
7776
1018
7770
1057
7490
950
5425
1007
7498
1030
6373
1004
5603
669
7715
1040
7855
1035
7720
1004
7619
1005
7801
1068
7721
1047
7820
997
5915
1032
7663
999
7920
862
8411
679
7181
820
7726
997
7705
1052
7470
947
6512
1043
4481
498
7628
1062
7795
584
8003
988
7455
1000
7722
1007
7875
1150
4533
1095
7600
577
7981
771
8083
835
7550
753
8074
937
6806
1007
7490
1012
7778
1012
7257
1017
5890
868
7983
1025
4700
1080
6223
1002
7707
655
7998
735
8081
977
7841
1032
7870
980
7530
1022
7716
1113
8157
1015
7681
1095
7843
1025
7945
1042
7457
836
7996
1035
6256
964
7690
992
5893
740
7447
1027
7675
1047
7544
1037
5656
1027
7730
1012
7531
1073
7442
1047
5368
700
4715
1017
7618
1003
7882
1110
4581
970
7460
882
7810
1062
7963
1030
7680
1055
7279
855
7778
1035
5034
601
7716
1033
7602
924
7883
1052
7700
1057
7638
1055
6122
714
7913
1017
4873
977
7745
1025
7006
1032
7612
999
6314
1113
7858
1038
7700
1044
6543
1048
7519
1117
7457
1007
4783
1042
4759
735
7593
1040
4731
1005
7658
1065
7988
1014
7350
895
7191
1010
7527
852
7932
1006
7843
1082
7743
1022
7622
1098
7595
1052
7911
1110
4205
539
7782
1147
7482
1073
6729
1106
7608
1077
7815
1012
8499
564
5597
683
7231
845
7818
1081
7371
987
8228
674
7547
1000
7808
997
7687
858
6478
1100
7528
1037
8567
1069
7665
1005
7760
719
6639
846
7765
1067
6512
1015
7743
1000
6343
1000
6577
742
7936
994
8041
1052
7983
1052
7662
972
7572
1131
7317
1055
4192
611
6417
798
5671
1000
7723
1043
8224
979
7841
1025
7677
9860
7803
1073
8074
1062
7970
1092
7240
1042
8199
992
6573
1071
5373
584
7357
1010
7825
1017
7663
1027
5346
671
7575
1073
8006
1068
6873
944
8024
1046
7996
673
7309
1060
7973
980
5766
1037
7617
1014
8096
1007
8138
1014
7757
1030
7908
1082
8181
990
8159
1083
7398
927
6515
1024
7820
1002
6971
1075
7951
742
7472
1102
7720
1040
7449
869
7578
997
7928
674
7751
1043
7738
932
7944
1018
7833
1090
8305
918
7555
1003
8179
767
7527
1052
7863
1088
7800
940
7630
1032
7667
972
7612
1065
8091
1037
7788
1188
3703
1175
4730
609
7698
1002
8087
1043
8287
540
7978
1007
7753
1043
7894
1050
7695
1080
7292
1057
7703
948
7895
1243
3741
999
7552
1005
6893
954
7873
985
7673
1062
7727
1068
7577
1027
7840
897
7523
996
7567
1045
7710
1017
7923
1117
4923
686
8011
1070
7798
1010
6577
922
7767
1077
7732
1000
7570
1062
7845
975
6108
785
4713
995
7713
917
7565
566
7555
995
8382
957
7555
965
6628
1050
7715
1014
7762
1019
4430
988
8209
1024
5444
1010
7891
1052
7923
886
4894
1054
8048
1067
7768
774
6648
835
7595
1012
7935
526
5476
993
7966
970
7727
994
5340
648
7832
1015
6842
796
8322
1047
7786
963
8067
1047
7971
1047
4433
1050
7710
965
5134
947
7715
1063
7725
795
7958
589
7951
1040
7271
962
7815
987
7801
1093
4684
571
7896
1030
7535
1056
6255
976
5986
865
7831
977
7698
1020
7898
1077
4869
701
7818
1082
7728
1040
7850
1028
7933
1037
7578
1057
5383
990
7889
967
7925
1080
7733
1038
7640
1003
7680
1005
5429
1022
7820
994
7770
608
7978
546
4756
691
6108
891
6908
833
8289
972
6371
1052
6601
1018
7702
720
7832
1023
8151
882
7720
1070
5359
1072
4824
565
7448
982
8026
1020
5773
783
7813
782
6444
511
7542
1058
7520
972
8136
990
8074
1053
8620
1028
8063
1037
6558
992
7543
945
7593
890
7692
1150
8006
1073
7562
1000
7803
1047
5855
1035
7902
1020
7660
1070
3663
1023
7272
901
8083
997
8089
1114
7725
1050
6254
1075
6019
1009
6184
1099
5328
1020
7720
1087
7680
1015
8385
1034
7851
1080
7117
638
7548
980
7465
1017
7958
1062
7896
661
4801
1037
4707
682
6683
1017
8211
1010
7916
1027
7990
1009
7860
595
8036
997
7710
1092
8530
1030
7775
1015
7640
1040
4433
844
7893
1050
7625
1055
7853
975
5979
778
7523
1007
8026
1102
7838
1062
8041
811
7693
1014
3966
544
3929
439
7680
727
6814
1020
8234
1161
5810
1002
8202
1023
7833
1034
7734
995
8209
1046
7528
999
6081
840
6209
1037
7916
994
8026
1035
7976
935
35592
1083
7866
1062
7766
1024
6062
732
6357
808
7728
517
7565
1050
6440
1060
7855
884
7906
1022
7683
1099
3875
1087
6769
1088
7841
1069
7247
1027
7944
662
7851
982
7968
1030
8061
1038
7885
985
8107
847
8005
1004
5619
631
8051
1083
7880
1047
5787
788
7765
1010
6425
1062
6638
597
6900
972
8050
650
7966
1168
7865
1044
5200
985
7881
912
4938
578
8136
556
7823
1022
7881
894
3930
974
7838
1032
8525
1013
5169
1037
7928
591
7494
1000
8074
1064
7763
1037
7976
1025
4498
962
7988
1060
7911
1072
7688
932
7572
977
4882
1032
6635
433
6788
990
4249
932
7950
647
7672
1055
7558
637
7876
1058
7590
1028
7923
972
6504
1075
5354
994
7958
1040
7718
1088
6645
1019
7678
1037
8169
1055
6786
1056
3595
1002
7613
1023
4533
1058
6683
1025
7776
1025
6744
891
7918
1039
7773
987
7662
1117
7921
1230
8046
1023
7848
1060
8052
1025
4708
861
7851
988
6535
862
8191
1276
3880
1003
7976
452
7928
1005
6765
1030
4319
645
7221
1027
7668
992
7610
1050
7758
1045
4913
1022
8272
920
7577
1018
7860
1075
7788
1007
7471
1103
8064
995
8355
802
8077
1068
8026
1162
4710
1019
4605
992
7610
600
4872
592
8224
1038
7971
1037
8189
886
7983
695
7863
974
7933
834
8229
1062
8076
1112
6488
1027
7831
1035
7765
1040
6796
559
7975
782
7701
927
3953
455
5726
1068
7973
1007
7768
932
7776
1040
6375
1020
7999
980
7683
995
8377
985
6438
1067
7998
1034
7838
1078
4735
1017
7883
1155
7507
1005
7562
1000
6087
850
8051
1022
7810
876
7655
731
7725
1072
6507
1055
8193
1135
6771
987
5463
636
6593
941
7718
1067
7841
1050
7981
1020
7786
1072
7961
1095
7807
1038
7911
706
6799
854
6391
1043
7993
1025
6060
1068
6733
1160
8311
957
7946
1043
8251
1006
7944
1020
8203
1037
7905
1090
7939
1045
6196
809
7525
1030
6434
1050
7900
1083
4020
439
7798
818
6385
1032
8011
1093
7844
1018
7465
1037
7781
814
6160
760
8420
992
7682
977
5347
1017
6245
1044
6782
837
7477
1032
8016
776
6423
1030
7979
1115
8317
1023
7252
966
7866
1042
7791
1003
7510
1035
6617
1025
7457
1025
5242
1015
5920
1030
7866
1050
8061
1012
7577
1045
7397
997
7718
1002
7758
1043
6583
564
7636
1050
7693
1025
7580
1065
7393
1032
8141
1055
8176
1015
6212
1025
7680
746
7676
1047
7953
481
3699
449
6199
1010
7715
1068
7786
666
7932
760
7058
899
6095
693
4829
1039
6190
947
8004
1012
6907
847
7596
527
8000
767
7989
1047
7610
997
6341
871
7826
988
6920
1022
8001
1070
6925
980
7818
1003
7741
1042
7928
1017
8043
1077
7488
997
8025
663
8091
1016
7881
1055
7773
1092
7632
1009
5834
983
3471
1040
7727
1018
5674
1019
7716
1087
6480
990
6322
1017
4931
1052
6551
789
7552
1025
5648
703
5865
982
6238
803
4630
1035
6244
1032
7776
763
7908
698
6731
1060
7670
1044
5014
567
7513
1025
7737
1000
7593
1052
7322
1089
7843
1070
8106
1040
29921
1097
7484
1055
7598
1072
7510
899
4867
1048
5089
1000
8282
947
4791
573
6435
1033
7532
1098
7585
1022
7858
1007
8001
1052
7519
1060
5633
704
5923
1090
7964
1108
8036
1045
7750
983
6788
1107
7490
1113
7620
1000
7610
1028
7780
551
5954
992
5520
1007
6588
988
8023
1027
6685
962
6226
1070
7599
621
7978
1047
7695
965
4783
593
7665
537
7269
1010
7633
955
6630
817
7895
1069
5683
659
7460
974
7588
997
7708
1004
7906
917
7658
438
7339
1005
7736
1055
6398
1038
7933
1055
8091
1068
7487
979
7863
1039
8058
1087
7588
962
6338
1035
7325
960
8147
416
7846
1002
7868
992
7911
1005
4545
947
7573
1281
7875
1052
6830
1065
7550
1080
7615
1078
6600
1082
7780
1024
7588
997
7735
1013
6217
1047
7697
1042
6343
982
7778
1023
6669
1050
6440
807
6630
1035
4397
1045
7833
1107
6365
1023
7905
1002
7630
972
6793
1047
6884
1003
7612
559
8056
1000
7678
1015
7855
1025
7934
1033
7439
992
7801
1008
8021
1022
7791
1113
8177
1115
7820
1010
7886
1032
7820
1047
7879
1030
7780
1088
8010
1030
7519
998
5478
1037
6531
706
7884
1035
6862
1020
7627
1172
3678
1101
6658
838
7891
1045
8148
1057
5060
1020
7731
1062
4518
992
7657
832
7818
1034
6200
1050
7916
1030
8276
1035
4814
927
6608
982
6925
1045
4857
1032
6067
1060
7725
995
7735
1014
3600
1040
8079
994
7598
1032
7928
1076
8277
501
7817
1015
7838
967
7951
1010
7801
987
6384
1030
4222
1088
7963
1058
6532
1018
7906
842
5780
1038
7545
1027
7602
1015
7420
1050
7743
1172
7658
1077
5616
666
7537
550
7767
1010
5966
1022
7547
1178
6645
1087
7834
1042
6433
816
5618
1026
7933
997
6371
1035
3938
436
7745
1055
7825
977
7703
1055
8081
1010
7791
1065
7713
1049
5629
760
7025
1008
8269
1078
6441
988
6634
1040
6757
1040
5385
1017
7985
600
8063
1059
7642
1050
4749
550
5655
683
7994
786
6607
1098
6994
814
4921
625
6475
1052
7878
1085
6489
1017
3646
948
7457
1022
8439
1034
7875
1020
7966
1049
7620
1040
7823
1053
7728
1052
6549
1025
6707
1000
7998
520
4618
995
7219
882
7703
1018
7654
987
7883
1095
7351
1068
7444
1020
7798
1055
6591
1032
7888
1045
7848
972
7783
1003
8202
1032
7898
1057
6666
1102
7580
1067
8149
569
4738
1035
7981
834
7891
1092
7925
856
6137
1067
7565
1010
7958
985
8083
1061
6308
1082
7495
1063
7881
1052
5212
1032
7350
1080
7700
1030
3935
1045
4842
586
7886
985
4903
833
3486
485
5232
995
4046
881
6288
1048
6960
1035
7786
670
7617
985
7810
982
6632
1062
7618
1036
7564
1022
7775
628
6764
962
7854
1032
7838
959
8077
1072
7495
1075
7883
1035
7838
987
7737
1027
6119
1002
3439
436
7770
867
7763
1038
8032
865
8058
982
7002
1097
7951
1097
7815
992
8141
1080
7299
1045
3742
398
4659
529
8124
1044
8001
443
3639
1017
6621
995
8011
1060
7959
840
7901
1025
7560
1065
6978
738
7139
1010
7608
1028
5453
997
8006
1105
5570
982
7492
889
8229
562
7390
1090
7811
1045
7722
985
7678
1032
3834
397
7695
1105
7635
559
7670
679
8089
1019
6291
579
8048
1010
5185
756
7630
1045
7970
703
7663
1005
7880
1120
8023
771
6616
826
8001
1002
7737
1002
7999
1039
6485
1040
7029
1016
8083
1110
7599
1085
7858
1062
8116
1017
5953
1025
5996
753
7715
1075
7512
1039
5919
918
7731
1040
6644
985
7831
1068
7923
1013
6998
1063
7660
1030
7870
1015
7858
657
6613
1032
3781
1005
6543
840
7320
576
8010
1042
7264
987
7871
1025
7951
1241
6852
432
8199
1035
7843
1120
7800
1015
6565
1003
7675
1028
7989
1055
7898
1003
7936
994
7693
1020
6626
806
6384
1110
8297
995
7111
820
7427
1045
6793
995
6518
965
7851
900
6601
995
6552
1123
7780
1060
6805
797
6019
845
8261
812
7838
994
7710
987
7920
1038
6294
1063
7978
1028
4789
1063
7783
1002
7615
992
6660
1025
4384
1015
7821
1022
7741
1057
7056
1060
7645
1103
8304
1032
7988
982
3718
1015
7808
1085
7655
1040
7876
1055
8195
1025
8065
1060
7713
1022
7688
731
7723
1062
6050
1198
8199
1035
7865
1078
7498
1060
6022
1063
8053
850
6584
797
7558
1107
7894
979
6445
1024
6891
1040
