7415
1005
7167
992
4986
685
6174
795
4878
1037
5354
714
7425
960
5918
988
7174
1016
7292
979
7400
1000
6198
842
7342
1050
4339
1000
4703
630
7610
974
7530
959
7244
1075
7422
969
7801
787
7192
985
4403
1013
7452
939
7505
975
6015
954
5700
1095
4774
1024
7389
1000
7403
958
7187
568
7582
932
7143
1020
7281
983
7385
1083
7715
1004
7232
511
3989
635
6240
950
29641
977
7285
1037
4542
957
7808
1085
7417
1047
7359
964
7144
915
5002
1015
7289
952
7916
980
7645
680
5156
982
7182
1012
7229
992
7370
770
7477
1010
6743
973
7058
1017
5793
764
5034
706
7289
1000
7257
814
7480
1027
7292
1023
7687
1005
7924
1045
4213
534
4498
990
4349
541
7475
985
7387
547
5108
1005
7490
982
7718
1003
4446
957
7599
753
7574
987
3915
520
6368
645
3948
529
3765
509
4779
1178
7384
995
4898
1015
7469
1040
7332
1023
7836
504
7261
992
4541
534
5450
751
7384
1089
5060
1042
7159
1017
7121
1057
7545
998
7101
987
4410
557
7571
1004
7886
1012
7425
969
5463
1035
7425
1017
7528
1007
7166
1027
7633
989
7505
965
7392
688
6480
1054
7545
614
7199
1138
7405
1015
7623
967
4370
511
7021
922
7177
1032
7162
681
7482
985
6005
962
7402
995
4317
992
5010
693
7693
925
4082
987
7312
990
5342
803
7362
1008
7139
1040
6326
967
3382
1007
7666
676
7196
1010
7287
975
4430
583
7405
1010
5135
664
4891
977
7507
1038
6294
781
7362
1012
8019
962
5080
984
7751
1053
36921
990
5845
731
4810
563
7702
1017
7589
1005
5511
984
7874
420
3624
425
7560
932
7512
1133
7891
997
5939
1000
3692
431
7155
984
7171
544
7655
949
7467
952
7778
1043
4358
988
4441
551
6851
728
7844
1033
7522
974
3641
977
5680
1027
7423
791
6033
804
7439
992
4168
652
7129
982
4991
647
4880
958
7750
1020
7442
947
7577
1007
7196
552
7497
957
7124
912
7342
554
7194
1050
7640
1003
7210
1003
7291
1027
4834
527
7485
1131
6381
850
6409
830
6359
1068
7132
965
7680
967
7051
990
7562
952
7319
1055
6204
1055
7517
988
7455
1005
7377
997
4046
562
5608
661
7344
945
5328
1028
4992
950
7304
984
7457
1032
5306
661
7326
1065
5038
1005
4197
520
7087
965
7500
803
7387
660
7495
1017
7311
1002
5791
974
4450
952
5241
751
7497
1070
7179
969
7762
1018
3575
1045
7315
977
7235
1017
7527
977
4245
685
7549
1032
7297
1015
7342
1020
5982
751
7888
987
7771
972
5889
1027
7838
1085
7284
1022
7582
958
7625
1048
7435
995
5529
871
5792
784
7831
1012
7387
937
7568
950
6231
1090
6149
755
7502
990
7485
967
8089
1053
7462
999
7608
1054
7574
962
7650
929
4510
559
7449
959
7242
995
26706
980
7672
970
6449
1025
7114
1040
5587
734
5118
978
7479
1005
7718
1007
4014
498
3573
892
7148
999
7279
990
7381
1000
7400
789
7680
949
7299
1072
7274
967
7229
1004
5083
1012
7504
1010
4449
1045
7415
1230
7191
990
7732
1000
3303
482
7715
1051
6542
579
3307
413
7295
1017
7096
655
7423
977
8053
570
17671
985
7397
1022
5801
1147
4518
1135
7350
1070
6397
910
4423
958
6233
833
7902
960
7605
1082
7267
1003
7590
506
7677
1052
7547
1085
4496
548
7695
674
7287
624
3494
1030
7605
1032
7437
967
4713
1044
7738
1045
7430
1004
7364
1010
7429
1032
4032
599
4716
984
7327
800
7597
522
5291
650
6660
856
6244
975
3438
982
7427
1173
7595
1045
4341
766
7547
998
7445
1015
7315
1005
5187
664
7432
980
7422
985
7520
987
7815
667
4547
962
7420
1025
7607
746
6526
834
4608
1012
7050
1074
6273
948
4491
972
7936
1000
6645
1013
7710
423
4818
559
7487
980
5076
606
7595
987
7196
1005
7275
969
6698
987
7372
1008
7144
755
7507
982
7498
1028
8058
966
6239
1012
5266
634
7480
400
7377
1060
7702
982
7475
860
6358
784
7505
985
7788
989
8347
972
7675
959
7976
990
6280
868
4384
641
7801
993
7665
1040
7748
957
7387
1002
4811
960
7279
1126
7444
997
7655
988
7976
1067
5433
650
5742
1030
7770
1027
4291
1008
7489
824
7695
637
5602
724
6049
994
7795
990
7807
1042
8041
1062
7509
1016
7527
728
4371
1015
8011
995
7755
1085
7562
995
3552
1003
8401
990
6137
769
7806
972
7615
769
7605
1067
7828
977
7930
952
7856
1022
7532
559
6256
734
5025
1020
7770
1012
5699
615
7269
975
7340
999
7693
1211
7745
1037
7407
1022
5640
664
6092
990
7763
1043
4568
970
7524
1032
3854
988
8154
1025
7599
962
4468
1025
4569
1020
8026
1010
6567
870
8021
1072
7808
962
7896
1002
7748
970
7633
603
7830
1080
5600
793
8068
980
7705
987
7412
944
7505
1010
6379
1043
7598
932
7743
1012
7500
1003
8086
1010
7652
1017
7673
984
7638
1090
6480
846
6378
844
7648
1005
7713
997
7798
488
7748
924
7573
769
7996
1023
7191
1060
7920
992
6575
1037
6046
988
8122
1010
7567
975
7961
1032
7713
1013
5335
963
7770
682
6551
949
8134
1020
8029
989
4566
566
7455
965
7633
500
7190
951
5474
663
8093
998
7675
1058
7520
1118
6634
844
7878
980
7697
965
7507
1005
7758
1098
5487
1060
7588
1032
7796
1040
3575
992
6548
992
7509
988
7860
1025
7742
1013
7219
1037
8442
975
7828
1002
7785
1017
6637
950
6951
1020
6398
1057
7527
985
7981
682
7664
946
7648
692
7665
1020
7329
984
7628
985
7568
982
5768
998
7845
1067
5982
972
7467
1007
7715
996
7527
1030
7617
970
5811
1113
7702
1017
7582
982
7464
1002
7861
967
7773
811
6919
882
7736
952
7767
1032
7725
1025
4571
942
5748
1100
7622
967
5027
965
5758
674
7023
955
5131
977
7790
1065
7633
1145
4136
962
7708
992
7296
1005
5854
965
7280
976
7933
1029
7160
915
5921
740
4411
1020
7432
988
7666
1024
8026
977
7931
677
6264
1012
5826
1042
5879
740
8083
983
5600
696
7457
1013
7836
1036
7765
1052
7940
1022
7567
678
7065
1023
5593
795
7307
998
8195
930
7379
1057
3476
423
8149
1045
6771
959
7930
955
7686
945
7590
937
7640
1032
7409
1002
7921
1035
7798
983
7693
987
7610
977
7297
945
7752
1040
7838
977
6645
1002
6317
1008
7502
1081
4137
562
7585
955
7512
1023
8076
955
4600
926
4800
689
7394
1000
6523
945
7698
978
7780
1043
7838
1140
7525
987
7841
1000
3849
1185
8222
952
7660
987
7806
974
5256
962
7920
1029
4962
995
7399
1027
6491
1070
7821
972
7427
948
7828
862
7120
1052
7415
1058
7886
977
6244
972
7276
969
6684
741
6862
1002
7593
975
7815
1010
5306
1050
7901
1007
7381
947
7337
948
7768
1065
7758
995
6288
810
7693
984
7558
989
7908
1002
4625
580
7693
1013
7648
967
8285
989
7615
558
7382
1020
7242
573
7542
967
7355
992
6579
773
7595
1040
7883
949
7930
838
6715
1050
6412
1038
8126
1032
5717
1049
7539
1040
6457
831
6210
987
7164
1008
7502
963
8239
1110
7485
1027
7615
990
7854
975
7553
1027
7472
985
7495
993
6033
798
6504
1022
6347
962
7685
1020
7545
1105
7497
892
8175
1007
7457
1035
7723
401
7828
967
8219
972
7169
992
7512
802
7568
1063
6358
838
7657
487
4364
871
6526
770
7478
950
7460
964
7727
979
5182
1000
4018
418
6436
1023
7096
968
7856
1028
7505
1033
7621
1033
7651
1042
8038
937
7618
982
7602
1042
7846
1035
7943
950
7798
1037
8119
945
7437
1123
5284
590
7630
982
7861
1027
7855
932
7610
929
6585
995
7352
933
7852
1017
6469
876
6172
975
3737
992
7455
967
7108
972
7582
969
7930
996
7555
501
7666
1050
6739
1014
7720
990
8109
1015
6524
847
5955
1005
4675
678
7620
738
7607
995
7628
1063
3830
1030
7570
985
7570
1048
8194
1013
7954
992
7625
997
6685
982
7713
1015
7820
1020
7851
850
7651
985
7783
797
7385
1057
7714
939
6792
1000
7568
952
7723
994
7613
687
7452
1004
7708
1050
7928
942
7604
985
7788
979
7815
745
7540
992
7745
987
7926
1034
7703
998
7469
1025
5551
572
7515
817
8044
1003
6184
678
7324
965
7058
809
7532
894
7668
1030
8091
996
7733
1017
7883
830
7813
998
7642
904
6242
970
6313
552
8063
967
5445
658
4609
1040
7422
992
7464
559
7665
826
7873
1048
7951
1023
5659
1030
8159
1002
8143
952
5134
930
8264
968
6176
1060
5629
995
6482
1007
7572
1078
8243
937
7632
1060
7553
1014
7795
1003
7595
985
7615
987
7467
1007
7532
1028
4811
511
7600
980
4737
782
7868
1067
5285
979
7654
672
7650
1038
6017
995
7461
1076
7825
1015
7876
995
7888
963
4632
1007
6380
992
7721
992
7788
957
7906
1010
7545
932
7612
967
7921
996
7808
966
7482
1000
7958
930
7592
1035
7637
1010
7362
658
7853
1005
7540
960
7953
765
7820
775
8000
1012
4443
1039
7762
977
7522
1033
7891
985
4727
970
5839
770
6087
975
7562
965
7990
930
4753
558
7866
902
7603
964
7587
1010
7365
970
7051
621
6457
1008
7838
980
7989
1010
8049
960
7763
711
6115
962
5358
647
8080
1030
5620
967
8126
987
7407
755
6621
979
5992
990
7765
808
6298
977
7773
1133
7986
977
7478
1016
8068
999
7875
945
7450
972
7716
1010
7474
1013
7938
1012
8008
972
7751
902
8337
977
7943
1025
7730
1007
7349
999
7826
1005
7642
995
7602
1012
7610
1030
7677
1028
7773
965
6775
918
7499
1023
7577
977
8066
1000
7585
989
5815
672
8106
1030
7652
1002
7808
995
7953
1014
7788
1022
7350
964
7602
1000
7722
980
7899
1030
7600
1007
7876
1013
7572
979
6073
978
7811
994
7810
942
5594
765
7686
927
5192
1034
7981
983
7280
925
6356
433
6261
788
7823
990
7113
1020
7876
982
7538
967
8034
960
7786
776
7832
1055
7886
1007
7612
1032
7895
739
8103
972
7826
978
4506
534
6365
782
7821
1009
7803
1005
7567
1005
7224
767
7452
989
7825
805
6041
782
7649
1042
5889
1005
7433
992
7670
1010
7670
885
7510
1100
7359
987
7620
901
7803
987
4532
645
7454
974
7497
955
7597
1038
7881
992
4454
977
6275
1000
4712
985
7931
1055
7855
1002
7631
989
7643
1017
7515
1020
6154
1012
3693
427
7149
1080
7677
1019
7943
998
7442
965
7926
1018
7234
967
7572
992
7825
986
7745
967
6150
1009
8201
1020
5589
967
7998
1010
7743
682
7685
1047
8091
1093
7457
999
7720
955
8139
969
8154
1004
7442
1012
7635
984
7988
1046
7690
965
7625
1025
7160
967
7825
957
7948
962
7798
1019
7618
949
5269
1005
7760
982
4892
985
7312
985
7589
967
5386
977
7748
995
7429
986
7670
1050
7595
1028
7743
553
7941
1013
6505
778
7377
983
7492
1075
7364
980
7618
965
7993
979
7862
985
8006
1007
7825
1015
7670
1000
8031
1007
5603
962
7670
550
7871
980
8169
942
7610
965
7866
1025
6514
1014
7774
942
7746
985
7811
965
7924
1000
7970
1012
8036
985
7868
576
7311
764
7825
1000
7409
810
7684
977
5906
1012
7349
990
6492
972
7826
968
7958
1007
8088
962
8191
970
7780
1042
7570
909
7404
1033
7870
970
8043
977
7683
1093
7532
987
7743
1024
7902
1047
8038
989
7638
1060
7407
586
7821
960
7956
955
7718
1098
6525
835
7572
978
7693
1000
7670
960
4594
959
8274
947
7810
1078
7387
995
7969
1032
7672
975
7682
820
7863
1020
6246
860
6078
807
8084
1029
7968
1033
7673
940
7728
1100
7688
987
3721
493
7888
982
7668
1008
7806
1077
6585
1040
7570
962
7743
1045
7856
1052
8053
979
7129
992
6417
1023
4508
568
7642
1044
7733
978
7522
988
7828
980
5915
1037
7994
1015
7792
959
8113
1022
7865
1095
6704
852
7625
997
6354
984
7725
1098
7727
1028
7702
1058
7605
985
4689
551
7772
992
7776
979
7518
899
7505
811
8069
967
8043
995
4733
995
6347
987
8059
433
4654
543
7768
998
7906
1027
7398
1032
7891
992
8374
1030
7933
972
7590
932
7960
1003
7428
984
4960
812
7978
1060
7944
932
8023
972
8000
1113
5955
1018
7603
970
8074
989
7688
1045
6709
990
7951
1017
7020
826
7765
1053
7801
1137
7966
927
7538
988
7690
1002
7319
1022
7384
1045
7542
1019
4760
957
8016
988
5848
1017
7429
995
7876
950
7663
782
8123
1055
6852
838
8126
992
7956
959
6187
1070
7672
877
6640
987
5784
1028
8021
1015
7920
942
7925
998
7806
1025
8011
987
7740
957
8354
970
7525
951
7382
968
7803
1022
6301
982
5938
952
8131
1005
7664
1007
7482
1003
8031
982
7786
1030
7976
703
8006
1042
7627
992
7824
967
7254
1040
6094
755
8063
937
7443
967
5690
1002
6240
789
7429
942
8086
1057
7911
1020
8030
1018
8157
965
8016
1010
7715
1025
5290
967
3880
432
8236
1020
7813
912
7983
1043
8163
1073
7836
1030
7623
975
7943
1035
7939
940
7386
983
7831
992
8078
743
7858
954
6473
990
7605
990
4013
791
7480
980
7966
931
8033
1010
7743
987
3801
957
6675
844
7845
977
4702
960
7632
1040
7918
1023
7645
942
8392
1063
5213
790
8111
968
8202
962
6463
972
7505
1024
6420
1018
7522
935
6090
990
6036
772
8034
985
7443
1147
7783
964
31798
953
7961
987
7720
990
7745
1047
7941
972
7955
1027
7906
1053
4746
714
7946
960
7548
1000
6326
1036
8146
792
7919
411
7923
1017
8225
1000
7708
1012
7825
949
7941
932
7856
745
4789
647
8059
979
8429
1039
7935
1027
7738
1008
8078
1010
6902
848
7903
1047
7535
940
7983
985
7908
1043
8132
985
7753
1083
4574
945
8212
880
7971
1040
8164
995
5846
980
8151
537
6856
814
8041
969
7803
1025
6373
1002
4569
535
15349
1012
42094
601
6966
770
6174
785
3999
420
7901
977
8395
1097
7878
1013
4670
964
8041
644
7758
1000
7805
744
7914
992
4792
990
4152
569
4890
558
7868
998
6415
983
6368
763
6360
942
8359
1000
3541
972
7953
1017
7523
977
7926
1225
7928
975
7692
1000
7783
942
7911
952
7919
1055
8073
952
8021
990
7472
982
6838
960
7796
992
5350
648
7487
992
7650
932
7830
1000
7795
969
6169
942
4577
670
7973
647
7728
1027
6430
736
7928
1024
7998
962
6489
1000
7640
989
7683
988
8229
995
5914
631
7871
965
7963
995
7916
965
7675
756
7953
1004
7454
980
7544
1041
7407
1050
7840
896
7778
992
5037
558
8076
950
6467
1023
6957
846
7873
1009
7816
711
8469
965
7731
1030
7738
1002
7968
1042
7910
957
8181
1013
7861
960
6123
939
7908
1038
5108
977
7602
992
7165
1042
6036
728
8193
945
7704
898
8003
402
7833
955
8129
995
7813
979
4697
534
4662
846
6421
989
8086
1103
7530
979
7956
802
7964
1017
8144
1000
3496
950
8026
970
8116
977
3639
974
3574
1082
7913
691
8059
1053
3634
539
7728
1043
8091
993
8133
1050
7603
1010
8021
1185
7858
1020
6060
810
7653
953
7713
1060
8109
1008
7479
1003
7417
646
7923
988
7923
962
6873
992
8031
1014
4008
984
8369
1092
3909
982
4955
1040
7908
930
7910
1000
6887
847
7560
1013
7838
958
7605
1002
7497
670
3612
427
7618
1012
7637
985
7876
962
7693
945
7657
1003
7658
974
6398
998
3762
960
7577
767
7808
945
7575
1003
7903
982
7991
1002
7754
482
7891
957
4560
573
5411
651
8083
973
8003
1107
7903
1038
7683
1030
7708
1063
7988
555
8016
1075
4653
568
7820
1084
7692
1007
6640
1052
7665
1025
4648
965
7863
1017
8024
930
7953
1005
7440
960
7753
555
8043
1072
7989
968
7981
970
7795
1073
3715
414
5245
1053
5187
699
3613
537
7862
628
7848
1010
7745
974
7723
1015
7725
965
8366
1022
6514
1020
6597
997
7964
962
7863
974
7553
511
7562
975
6159
987
7519
1047
7521
972
8158
893
6581
804
4265
624
7741
1017
8555
967
35924
1018
6391
1018
8141
988
4727
620
8087
994
7850
1137
7776
997
7885
970
8294
1003
4868
1050
5167
1029
7991
997
7773
1004
6487
885
6406
798
7238
1066
7693
1012
7778
1022
7753
947
6675
835
7525
742
7985
988
4049
990
7751
1067
4889
1024
7688
988
7102
1010
7208
785
7687
827
7618
997
7598
1059
7906
1000
6415
796
8096
1035
7886
1015
8031
989
7765
1000
7519
987
8098
972
4293
1010
7934
513
7560
984
6501
987
4941
942
7963
1042
7663
1032
7862
985
7617
1092
8159
679
6831
1008
7728
997
7680
995
7565
927
7838
995
7683
982
7469
952
7665
1017
7821
663
7747
1003
4692
992
8098
982
8036
1020
8024
992
4641
647
7921
1015
5854
757
6643
988
7755
1070
5347
680
5773
1088
7375
1020
8222
975
7885
987
6375
983
7880
1050
6843
831
7976
957
7788
970
7740
1002
3876
957
7854
1010
8068
1038
8131
987
7930
808
7294
562
5976
984
8138
962
7748
962
7677
1008
8241
980
6647
1013
4731
1000
7608
1238
7537
1035
4668
575
7858
790
8051
1000
8131
995
7667
1019
7860
660
7841
1002
4634
947
7450
1072
7685
988
8079
1057
6934
1053
7953
1037
7768
1007
7766
1017
6510
780
7763
980
7813
662
7811
1050
7904
1010
6414
1005
6282
999
7610
944
7442
994
7848
1088
7741
965
7853
962
7590
1027
6549
400
7698
1062
7715
554
4004
528
6900
1035
8194
995
6366
980
5523
595
7705
992
7853
969
7838
967
6482
837
7625
965
7870
513
5817
879
7595
755
7012
992
7330
934
7578
990
7943
642
7728
982
7172
987
5288
1010
7822
1013
7974
1017
7892
1005
7665
950
7362
942
6354
1072
8116
1050
7756
972
6966
972
7705
1070
7188
984
7602
982
7513
992
8134
939
5808
716
7908
1077
7563
980
7650
1003
5671
1020
3474
400
6924
875
7562
947
5824
1002
6689
998
7983
1005
7757
1042
7677
1030
7767
1030
7979
744
8107
1002
8069
974
5505
625
7838
995
7876
619
7971
1007
8538
985
7705
535
6725
860
6691
869
7567
1022
8070
978
7801
977
7725
780
6562
957
6280
1048
7477
992
7535
990
7715
994
7774
1018
7898
990
8074
848
5513
998
8172
982
7403
992
7780
983
8319
1004
7752
970
7370
980
7738
1097
7592
972
4862
545
7798
970
8294
722
7803
1019
6464
940
8004
1018
7936
957
7678
989
7750
985
7472
1035
6232
1014
7014
937
7449
1143
7822
667
7502
1002
7841
950
7848
895
7793
718
6657
1007
7132
1005
7630
597
6032
715
7704
1053
7510
957
8052
1040
5690
979
7595
1010
8209
1015
8131
992
7808
1023
7667
1125
8246
994
8136
965
7450
518
7948
812
6347
975
8074
1082
7505
980
7570
1003
6870
1037
8031
766
6522
818
5828
990
7761
970
5800
967
7868
763
7785
987
7998
927
3633
411
7507
1024
3713
1033
6076
1014
7634
979
7848
947
8054
521
8257
1092
7869
1023
7515
544
7723
979
7562
970
7868
1170
7760
1046
7970
992
7989
920
8068
1030
7873
1002
8510
992
7723
562
7552
1043
5472
1035
4424
1017
8392
833
4726
682
6805
1022
7510
1002
7763
658
8151
1060
7936
1045
4318
498
7188
960
7200
936
6146
973
7873
997
4896
953
8014
995
6596
837
3742
1002
6759
1013
8236
997
7700
973
3779
1025
7828
1022
7758
1037
8049
1002
7702
993
7726
1017
8145
989
7587
1032
3656
426
4240
456
7838
1007
6123
816
7923
983
6653
985
7772
816
7668
985
7493
987
8004
964
4072
1035
7816
995
4735
628
7389
741
7603
1112
7796
977
6299
984
6587
985
8083
1018
8249
985
7795
975
7412
676
5816
975
7444
985
7672
977
7320
1032
3477
400
7783
1048
7735
864
6223
1077
5574
1047
6244
972
7908
967
8118
1037
6260
1035
8079
1030
6589
1007
7736
1032
7801
947
7958
992
6373
1002
7760
937
8617
1007
7986
990
7906
992
7615
1035
7983
1017
7763
1044
4495
985
7516
975
6253
994
7943
930
7708
866
7974
646
8003
972
7723
1010
4986
987
7856
509
8020
960
8008
982
7901
957
6930
853
7733
1012
7652
1044
7363
1025
7826
980
6879
1009
7879
526
8076
1045
8054
1007
7662
531
7979
983
8224
985
8039
902
3578
399
8121
1017
7946
982
5587
1028
7776
962
5640
1060
6216
756
7665
1002
7875
1087
7766
995
5017
960
4509
999
6482
984
7482
982
4453
902
6054
998
7658
972
7803
1088
7615
811
7587
992
7735
1060
7324
977
8197
516
7845
1002
7662
993
8039
523
7888
979
8010
1015
7979
828
7864
977
7948
1005
7371
972
7603
1033
8362
1000
7798
953
7060
835
6293
988
6726
819
7786
942
7883
671
7535
965
6529
997
8089
940
6098
995
7547
1032
7775
832
7423
1017
5633
975
7381
1030
7412
997
6468
983
7963
1005
4913
937
8192
940
7923
987
7715
1038
8178
1050
7753
980
4560
1010
7467
954
3573
500
7966
557
7636
1033
6429
792
7853
1249
6989
1013
6756
1024
7522
967
7918
1008
7177
962
7943
558
8103
927
8282
970
4903
507
6701
1043
7736
1192
6082
960
6525
932
6763
952
7522
977
8023
988
4985
998
3364
489
6776
812
7299
964
6617
984
8221
912
7971
1112
7606
1046
5321
725
7459
1012
4676
9121
7610
1063
7738
922
7573
952
7740
779
7833
1018
7746
1055
8354
1092
7374
1027
7625
950
7598
1068
7678
992
7874
1012
7741
990
6923
1022
7542
997
7850
1057
7642
1047
7930
1025
6333
1052
6459
1043
4156
937
7690
933
7846
1000
7554
980
7843
982
7648
960
4759
653
7560
993
7899
1092
7910
1007
8128
1088
7698
965
7057
1027
8021
973
7966
1068
7880
975
6883
804
7675
937
7201
911
7590
1034
6717
967
7628
495
6638
1067
7693
857
7465
1005
7891
992
7610
647
7667
947
7938
972
8006
985
7933
1012
7826
1090
7913
1025
5724
1027
7720
1020
7517
1024
7510
1009
6974
999
8259
970
5267
975
7918
975
7790
960
7306
1046
4851
673
8174
954
7712
1062
7497
938
7908
658
6544
965
8249
999
6727
819
6763
1045
7708
984
8236
943
3713
972
8357
1015
3748
495
6061
1053
8101
1007
7758
994
7320
980
7826
977
7999
978
7861
967
6674
1013
7893
1035
6499
994
7793
1015
7778
997
7755
997
6444
859
7778
1046
7848
962
7417
985
