2572261
748126
2093153
664568
2519374
747190
2445598
785252
2230744
731819
1848739
601070
1984015
420009
1885756
436440
1806409
439285
1837349
429758
1762042
453043
1911106
589490
2029853
461629
1454173
514053
1566031
379996
1777546
457778
1927234
467262
1651015
599473
1734311
420053
2025807
428596
1957301
462549
2044035
493662
1633869
373535
1475304
651513
1637799
428505
1728608
393669
1726365
333106
1822680
430579
1803185
346788
1746449
519121
1598506
404043
1727439
341321
1598412
507174
2147032
413289
1545263
437166
1626142
333955
1332189
362187
1897163
490689
2261270
514587
1720428
446368
1847671
433060
1771906
436773
1736400
412687
1768596
568949
1837332
362614
1371424
443671
1647838
293341
1675890
426309
1819358
292901
1347865
486324
1542272
377685
1445300
505366
1662846
505957
1510325
485904
1630696
435444
1685073
537752
1479621
526259
1735233
472306
1587345
468119
1652465
428719
1448617
431755
1516171
432108
1475762
446039
1496660
477914
1887328
543403
1728617
549423
1881398
674178
1904167
545229
1764958
475775
1833793
414573
1740299
423304
1399794
446869
1392706
399990
1656568
437598
1834896
416155
1560896
487378
1512673
616501
1546547
490811
1911262
465943
1447610
498657
2045697
589077
1501467
695447
1628307
494972
1404572
459452
1518953
443350
1384912
601090
1702362
575062
1749375
414113
1770766
474608
1706651
589750
1696162
430050
1707026
428559
1753981
457547
1579242
439980
1610623
484474
1661059
478246
1825179
462297
1688446
410342
1393047
423156
1634378
454944
1318322
416664
1415301
454086
1413600
342287
1475769
466200
1605144
489954
1605277
408444
2064239
738696
1675397
474538
1655276
446993
1479175
490234
1658647
506505
1552040
507089
1287690
407452
1531857
380976
1660894
536105
1759563
461573
1683357
330780
1444945
504917
2231949
753829
2261442
763932
1665636
421188
1595749
649832
1695023
655944
1682053
475376
1523943
477631
1580582
472363
1822824
502717
1746349
467652
1889654
490916
1559302
597163
1777131
473132
1719038
501809
1682057
549758
1615632
420926
1401760
406944
1372068
531801
1520273
579942
1603047
415456
1730995
412418
1597363
552888
1713212
554325
1660991
434936
1633457
389844
1609281
370086
1714472
396970
1646232
385795
1615974
549863
1950012
451085
1829090
410670
1806204
467955
1800314
414406
1787239
385667
1693006
344055
1721686
445769
1568723
466768
1745864
472684
1550422
333932
1913331
701132
1785440
661701
1859924
413338
1936158
415132
1877774
403588
1817778
479660
1690718
374886
1663194
341263
1966860
456933
1888319
611013
1896916
526178
1897757
343332
1753225
342665
1921898
356631
1767610
324526
1429219
269872
1681196
428856
2038809
532337
1889193
411425
1854167
359021
1683387
369300
1947323
466420
1725050
434252
1852704
690637
1879398
509512
1569740
628481
1873861
513015
2270746
559633
2039518
723162
1659118
427074
1352819
361581
1257926
426623
1575444
402748
1535652
460923
1614078
436594
1570541
406421
1541632
417505
1679104
436708
1695156
400614
1544262
392382
1604364
380745
1608247
359461
1589858
380774
1774960
391168
1754116
405785
1830186
404428
1701041
408230
1789065
550055
1745327
544822
1473569
502147
1438040
446964
1476206
607963
1710498
472186
1556097
595218
1718597
440908
1830165
493894
2197644
694363
2139984
700527
1671547
434907
1393960
458143
1728829
598685
1876685
704701
1725539
499593
1807875
474628
1732503
420857
1843755
420560
1573887
449909
1689114
454903
1705279
428104
1712604
447667
1735753
393041
1451046
442052
1641113
476476
1571899
416712
1968843
711957
1819036
513414
1902040
463052
2023062
734371
1954605
468617
1721332
436611
1866263
400494
1554773
633538
1884301
675241
1830264
611259
1832150
358262
1555384
460665
1649703
622504
1912043
511217
1952618
533273
1936232
437672
1480545
623432
1609509
729867
1888381
626367
1875870
569239
2036604
628473
1764821
455234
1752669
396968
1604771
580283
1775274
452596
1833576
476566
1637809
573566
1713124
629580
1413349
599640
1600985
442378
1568346
418083
1684752
465472
1737130
542450
1730087
449800
1706731
403566
1645168
395243
1762787
330132
1428833
477932
1561467
376823
1456547
533822
1530423
341611
1185248
287916
1582710
396728
1571710
383107
1482331
316630
1248151
358008
1576421
367741
1611171
370263
1732396
376864
1540155
459739
1877267
598973
2039164
701574
1856682
545860
1759103
479421
1894063
394819
2127014
481953
1841019
460252
2158655
414140
1984422
655401
1791503
372183
1524695
326029
1828025
599081
2181441
499039
2004203
469146
2063970
439569
1838582
374026
1758194
378132
1664189
380745
1881699
719924
1868057
380878
1828125
571862
2190830
431188
1963474
730133
2289437
522365
1862675
432632
1951808
408274
2119791
705342
1876341
459331
1811644
675149
1958452
511923
1904618
718887
2184590
640295
1854276
614209
2176490
537940
2112405
760383
1823424
647046
1893295
520944
1984348
642694
2275568
823759
1773048
473897
2165075
667809
2034088
491303
1909772
634145
2023826
589547
1945983
637069
1932981
745419
1818516
453144
1816440
451998
1912371
482611
1970477
486776
2306508
808875
2085978
661182
2000373
564199
1860383
622018
2092125
517955
1995050
686667
1982080
423707
1830204
469599
1956535
539813
2112907
555133
1899823
445732
2072113
689242
1865512
449595
1904910
481175
1929271
657009
2040343
521865
1892857
633195
1864369
475747
1973137
636727
2016772
483171
1943374
770941
2016241
635545
2052850
564532
1998919
632958
1972821
471358
1855822
631866
1969815
490411
1756255
566201
2125609
549074
1942209
756622
2115454
521772
1888188
602495
1751522
415535
1741494
460926
1718369
623419
1631124
555266
1874309
435973
1548863
413698
1777362
460566
2151872
501767
1866942
753718
1788343
560181
1775202
571497
1765565
437926
1660983
415300
1640153
422252
1666545
399237
1735331
381029
1725193
578750
1771753
426537
1757210
456752
1689806
354306
1679395
356701
1511763
315443
1627228
352267
1676948
402611
1726507
398955
1606336
364309
1659030
364524
1757138
389455
1662518
422551
1815766
428799
1759735
501487
1807708
499654
1715806
491021
1756396
466011
1616964
488783
1751865
444602
1812595
524915
1652271
340944
1796947
367150
1737312
468237
1693654
474611
1837610
545388
1752820
622698
1725086
646507
1651014
472279
1824149
459634
1724265
433227
1662754
462596
1886426
469176
1932448
510362
1801504
396818
1706420
519175
1706023
476522
1591239
391857
1718469
440282
1739984
439968
1645483
480266
1822669
487150
1655495
496156
1584303
498727
1647748
603131
1701426
626899
1809640
411563
1657371
446395
1689717
444969
1682827
407574
1648744
395698
1978587
410131
1650225
584310
1592001
432714
1677750
445644
1710496
580150
1641888
604852
1660546
457541
1796223
539148
1640830
368838
1708949
402048
1907580
436348
1600293
608178
1697401
478582
2058393
489202
1985580
732662
1991646
641104
2328093
681122
1927951
427017
1953349
767011
1977084
643952
2111959
489082
1959182
577088
2275358
510130
2084259
664459
1920006
433378
1836038
567290
2077895
503505
2232915
599022
1865485
625203
2143388
555067
1990810
759517
1991042
488358
2280265
548822
1955570
576787
1922441
552874
2168811
685720
1914094
473157
1823793
613725
2155326
739365
1921616
543556
1870772
733868
1958204
480770
1908923
718981
1840129
556189
1927513
712978
2007528
462066
2091024
575242
2045956
640204
2009011
461240
1873980
588225
1809606
602131
1804849
635873
1764028
405381
1677792
321710
1555426
541233
1637633
409762
1698721
582310
1660218
348570
1613785
388484
1897027
458560
1675703
443101
1778130
436022
1842887
633136
1729251
444149
1596498
643575
1754292
676457
1657853
434238
1451934
586925
1642092
388500
1704273
464625
1583712
790127
1501441
367832
1705830
385115
1905423
564176
1805270
358478
1820971
346596
2182342
293235
1361427
347170
1698966
401381
1503942
430925
1904292
464616
1554768
627375
1512959
534671
1984510
580877
1462232
418527
1801810
438831
1927196
458507
1775692
405720
1985217
653374
2015305
637800
1886615
455489
2015606
431550
1545002
361110
1313528
358486
1490981
646106
1764426
623220
1939958
440187
1795314
393848
1813835
379482
1942846
571344
1976758
645983
1851073
394172
1952825
454358
2026774
576110
1997178
385515
1699076
370247
1873066
597340
1728925
524940
1764992
482208
1743348
388298
1608963
503493
1721389
535174
1453560
376559
1173561
596140
1564008
536717
1641885
376461
1552567
348664
1269031
463451
1810656
480377
1689082
462116
1777636
443996
1894256
632247
1842746
628242
1790039
427032
1670599
466101
1697809
427290
1680161
479258
1775168
489062
1779500
525862
1811027
731366
1712378
407697
1754657
432722
1699964
422184
1682843
436702
1757849
384048
1818541
423509
1768637
623733
1803610
435243
1727475
561382
1673104
391690
1742065
448259
1705298
417753
2056308
679129
2046704
646825
1788755
600437
1814798
656622
1852512
481576
1846878
620521
2332428
799052
1907927
626098
1905526
503386
1787495
649937
1771578
427572
1632248
541758
1798351
610854
1565172
508369
1505341
590801
1714708
622707
1490356
398059
1633639
487589
1742103
459630
1550259
617985
1572341
489990
1692836
416990
1783584
409032
1707612
361280
1602897
415746
1510551
411739
1764889
269179
1597975
412994
1701935
428824
1370823
292090
1564295
381535
1491262
333457
1543355
321549
1467974
358252
1690764
392548
1679882
405903
1770513
378521
1705517
365235
1573847
370711
1538817
319174
1328747
334172
1556182
353162
1671549
379670
1475433
353048
1632710
334817
1744067
328007
1672751
329084
1472711
320220
2291328
513076
2245404
723771
1768012
385375
1814390
383785
1777159
377706
1508053
370394
1643867
400814
1877972
455643
1892489
340918
1936037
467294
1888545
570174
1906676
480965
1843281
572046
1883192
461311
1787185
539595
1803309
609756
1777391
463446
1744265
572459
2045390
448723
1841708
439325
1820666
537900
1675163
523008
1862136
375723
1846654
384167
2058559
516268
1599484
346244
1905213
398125
1906594
385484
1957361
418182
1500102
445056
1494096
382499
1943808
425487
1781103
356353
1776542
342578
1562304
343363
1700159
466576
1734506
428006
1773671
434591
1928259
429738
1776497
678371
1491822
531226
1769408
471852
2022267
458860
1512946
399385
1789785
367364
1992732
575640
1739701
366692
1910167
445062
1909504
528180
1755063
470112
1553980
387402
1979679
583229
1931572
452844
1757919
473402
1903104
595501
1802391
419584
1913198
532674
1757256
581126
1712248
439457
1633139
486215
1855819
411455
1844960
446999
1845076
486583
1759619
434326
1930084
368726
1767625
420137
1812081
357758
1672670
369361
1804506
311705
1549904
393871
1802309
287470
1765061
391838
1726733
401414
1813044
425901
1819459
451624
1707579
364285
1766056
451978
1842151
413130
1651036
429918
1685349
404054
1770106
412518
2192143
466038
1830010
427044
1885748
398777
1516385
384569
1916845
423421
2095593
677394
1756589
365733
1571348
307670
1429788
584712
1606807
578598
1625869
326334
1735811
390182
1769327
406081
1688875
556889
1685488
395104
1671125
404979
1687169
494318
1744979
393540
1475126
466440
1739861
406340
1613235
380753
1703939
432494
1513866
348411
1824221
311483
1845020
330343
1485142
293771
1403886
366977
1832312
307074
1794330
274715
1396547
272385
1814479
367200
1846516
262400
1846361
320257
1195021
257616
1349102
478018
1881921
309710
1301588
296767
1783487
303848
1994537
337512
1788291
293997
1617756
539519
1809387
321567
1697756
409928
1760687
364348
1706648
470283
1718496
395133
1638440
522253
1791654
389765
1768309
433827
1702945
591371
1925835
454249
1834532
391827
1745585
438682
1860025
351413
1759246
455034
1754000
449417
1815166
429536
1902024
441720
1826602
560947
1747578
440410
1507416
516127
1692817
413144
1808314
444040
1821940
605638
1834998
454211
1990253
442643
1834490
639271
1992486
646429
1914603
498383
1916425
438870
1774982
579529
2168103
627659
1920223
562994
2153138
479357
1925220
569537
2174937
695563
1983839
662863
1952242
645623
2040520
490697
2050680
674604
1924586
522678
2025094
492871
1945494
664596
2102714
663441
2075808
534060
1996954
647703
2131623
669468
2077060
662857
2452004
626552
1960588
472617
2064530
633447
1952903
621636
2085085
542885
1942809
486068
1808215
432176
1653115
477255
2016331
473571
1917121
613806
2078602
576419
1987016
491221
1916635
649204
2055766
656994
2103486
669358
2066787
675945
1768060
398352
1748387
361935
1678666
430832
1947354
615638
1778386
598697
1857077
402886
1589429
431412
1886406
630005
1790601
513598
1821139
641013
2236669
537661
1912091
433589
1700893
383212
2528799
571494
2459863
870256
1909532
429250
1877888
627047
1716868
365374
1821786
310598
1497448
331204
1568811
354769
1703758
302811
1329474
259344
1553930
587302
1857969
578431
1675939
403866
1664441
384350
1775620
403429
1443224
485944
1800371
367690
1755194
405398
1352360
308076
1684048
363796
1684743
406881
1789475
402643
2111938
363532
1955944
359422
2112512
356050
1984581
417728
1944722
382838
2142062
448535
1910131
646417
2004785
553521
2133973
684462
2266802
603845
2321659
590012
2222159
696219
1944033
697214
1786865
422849
1551536
442607
1595451
402442
1846507
628977
1762136
449629
1852302
434044
1705649
506139
1836989
518732
1828300
459024
1697438
396464
1691810
454107
1865664
422262
1834465
430231
1752448
624900
1723147
416722
1747415
496869
1764571
426316
1741344
437819
1723633
491187
1871712
444220
1856932
432013
1675665
442376
1787709
468185
1785599
452999
1887104
451950
1809240
438686
1790668
503471
1851902
474209
1813385
431584
1664223
353405
1747393
424190
1808721
427287
1848630
554196
1757521
415384
1586038
402916
1743534
534571
2187383
644360
1809018
437508
2151333
518446
2088286
568430
2323034
557243
1881064
456549
2289076
483833
1866776
491483
1998396
696010
2027623
666215
1983832
676489
2129717
657348
1933617
647467
2001512
493550
1835163
475268
1911138
665854
1972882
546400
1913405
430062
1821476
619925
2301717
459614
1720276
338366
2104009
420487
1570852
352408
2110382
497919
1677585
381820
1827310
416084
1641715
449186
1628642
435940
2111524
537582
1960535
454076
1945497
608536
2182334
665552
1936892
605927
2075129
735775
1973190
482604
1944411
701914
1715392
399106
1789608
479972
1985200
649991
1795773
434615
1788071
424569
1730642
452520
1889627
611117
1730857
426411
1870851
638157
2050625
446000
1970733
658177
1852455
478114
1999049
636522
1940811
643516
1887064
644303
1984942
677239
1993274
644882
2043752
649895
1883210
419471
2094831
467048
1880305
642098
2060315
590909
1856207
647902
2044593
531849
1904400
611415
2031380
656592
1954715
653211
2049068
662053
1980374
668802
2044148
646575
1978013
639501
2120648
697503
1915199
648698
1977084
652562
2005634
681653
2005769
655039
2081639
671139
2139581
679822
2004424
682087
1925573
646605
2040474
472599
1945560
444787
1851656
554139
2152513
480273
1848627
474478
1851840
667368
1957290
640571
1930822
653270
2113007
711910
1955036
620503
1929410
648329
2186387
695955
1972869
640426
1838318
473564
1893021
490969
2057063
598710
2153532
682359
1835642
455206
1974490
535084
1967327
496912
2009383
499528
1887789
450035
1925769
445474
1910927
646131
2148196
605571
1969065
475774
1967497
643250
2082227
669065
1969201
592315
2062560
585267
1967427
520511
1776858
423090
1830125
572914
1851989
405921
1926991
598818
